zz,-64.04823868274708,80.95176131725292,1000
nv,-2.820964781186139,42.17903521881386,1000
jr,-18.797582116782234,73.20241788321776,1000
oc,-34.44359227847046,26.55640772152954,1000
vs,-55.30528770613056,24.694712293869443,1000
ve,-88.85345283280063,59.14654716719937,1000
cb,-65.02316172344295,95.97683827655705,1000
fz,-93.57148954702804,52.42851045297197,1000
qq,-60.76106416166254,58.23893583833746,1000
ey,-43.174756951156795,21.82524304884321,1000
gp,-25.986094538891287,75.01390546110872,1000
xc,-68.57798165499871,73.42201834500129,1000
fu,-44.10363587803044,5.896364121969564,1000
kw,-97.57581155272317,5.4241884472768325,1000
jr,-52.49971521135624,6.50028478864376,1000
su,-93.58642578811813,32.41357421188186,1000
zd,-36.894540370767416,62.105459629232584,1000
bo,-91.82331160764352,16.176688392356475,1000
lr,-44.77945776289726,42.22054223710274,1000
pg,-12.601691494339702,3.3983085056602973,1000
ft,-19.416509475459243,32.58349052454076,1000
qi,-76.07575811479238,69.92424188520762,1000
si,-21.363422681860712,18.636577318139288,1000
rg,-46.409517370051645,31.590482629948358,1000
ng,-90.28600029453166,86.71399970546834,1000
so,-30.026930938848448,88.97306906115155,1000
ei,-26.934289860997623,62.06571013900238,1000
fr,-32.33628763615264,64.66371236384737,1000
cr,-86.20955508718092,73.79044491281908,1000
ds,-8.202568097387932,4.797431902612067,1000
bj,0.652872511580281,32.652872511580284,1000
hm,-62.78036037890382,51.21963962109618,1000
zz,-19.73938653568439,39.26061346431561,1000
dq,-94.66982242278436,54.33017757721563,1000
pw,-73.64295007639178,45.357049923608216,1000
kv,-2.895766514263412,57.104233485736586,1000
hb,-85.04492739239434,33.95507260760566,1000
uw,-71.9441662950759,41.05583370492409,1000
ir,-68.02757368891918,98.97242631108082,1000
kx,-4.067987439072551,56.93201256092745,1000
zp,-74.8002319972785,68.1997680027215,1000
in,-8.944498940045863,57.05550105995414,1000
mg,-39.096168302307476,13.903831697692528,1000
ju,-77.10059056780149,25.899409432198517,1000
pe,-85.82629383451687,27.17370616548312,1000
nn,-53.299343007917415,82.70065699208259,1000
ko,-87.84443255955783,56.15556744044216,1000
wt,-40.69794167134121,84.30205832865879,1000
vi,-55.3636005413698,21.6363994586302,1000
go,-11.548934464739169,61.45106553526083,1000
og,-6.418066042570403,81.5819339574296,1000
cw,-70.76921836239077,0.23078163760923176,1000
od,-54.87192058613203,5.128079413867976,1000
cm,-9.223731434263863,29.776268565736135,1000
lr,-6.454336690786641,56.54566330921336,1000
tm,-66.80602976030248,18.193970239697517,1000
bc,-0.36229321654533597,38.63770678345466,1000
hk,-96.05083790617734,10.949162093822666,1000
ci,-61.132938175910695,90.8670618240893,1000
an,-10.163768100534249,30.83623189946575,1000
ha,-75.50825613592201,9.49174386407799,1000
uy,-81.29613257467012,75.70386742532988,1000
rs,-17.667029720791277,11.332970279208725,1000
oe,-80.61018387725524,50.38981612274476,1000
me,-83.84741944826554,1.1525805517344652,1000
re,-89.89838789325044,80.10161210674956,1000
kv,-52.877729213857855,48.122270786142145,1000
nc,-45.33387038260871,0.6661296173912924,1000
vy,-10.257382438973849,61.74261756102615,1000
dl,-22.46898441796718,7.531015582032818,1000
cw,-40.682703091511115,4.317296908488886,1000
yx,-85.1486053250394,54.8513946749606,1000
yd,-29.248088411114242,69.75191158888576,1000
za,-52.348177728441065,59.651822271558935,1000
lt,-51.73658236002996,19.263417639970037,1000
eg,-91.2483161135784,81.7516838864216,1000
zn,-41.28823768024898,74.71176231975102,1000
yv,-7.84775876049741,13.15224123950259,1000
sn,-24.75630171690519,18.24369828309481,1000
rx,-2.2652322136249285,14.734767786375071,1000
vd,-45.671254266308146,78.32874573369186,1000
vy,-1.3457687492729467,67.65423125072705,1000
ux,-91.51824826802923,12.481751731970771,1000
te,-73.85963690886496,39.14036309113504,1000
gc,-69.57964033775951,80.42035966224049,1000
pl,-55.29871714778235,8.701282852217654,1000
tb,-77.3742387914937,13.625761208506306,1000
tz,-10.791686530728734,21.208313469271268,1000
of,-27.71698110180442,34.28301889819558,1000
oz,-49.58808494716253,26.411915052837475,1000
sc,-59.81298280780603,55.18701719219397,1000
dq,-69.29049393026988,47.709506069730125,1000
nh,-36.28571688703503,74.71428311296496,1000
ea,-0.9167027422660605,94.08329725773395,1000
rx,-8.416873193886035,92.58312680611397,1000
zz,-82.51092831280111,36.48907168719889,1000
tn,-56.26644210879245,18.73355789120755,1000
io,-85.37048408620319,26.62951591379681,1000
wa,-50.726834061644304,20.273165938355692,1000
fb,-31.43772056505673,7.562279434943269,1000
dj,-95.90732623272164,4.092673767278356,1000
pa,-38.16998517633611,45.83001482366389,1000
lr,-63.42263021995553,39.57736978004447,1000
gc,-40.26827585625099,75.731724143749,1000
aa,-45.746194311033534,75.25380568896647,1000
nl,-77.21239780269747,25.787602197302533,1000
ec,-33.03599682709162,54.96400317290838,1000
nk,-60.217947711566566,54.782052288433434,1000
iz,-64.63643837352146,32.36356162647854,1000
xs,-81.87568530387034,16.124314696129655,1000
dz,-14.99838916654415,96.00161083345586,1000
ko,-42.62783828799287,3.372161712007125,1000
hd,-0.9890172000128414,98.01098279998716,1000
xg,-45.345683503811685,2.654316496188313,1000
qo,-44.52919872677502,2.470801273224979,1000
wz,-1.6785131434824896,51.32148685651751,1000
jr,-92.75734740368964,35.242652596310364,1000
fu,-71.7298242609471,26.27017573905291,1000
kk,-72.50640141855565,56.49359858144434,1000
wr,-59.38312474046593,31.61687525953407,1000
ko,-52.44587856096875,45.55412143903125,1000
sx,-73.39680671637136,81.60319328362864,1000
cl,-37.1204158513132,14.8795841486868,1000
ey,-16.75290264613892,48.24709735386108,1000
xb,-2.932128218382622,20.067871781617377,1000
lp,-77.80972117591652,61.19027882408348,1000
sq,-20.1286009892913,11.871399010708698,1000
uh,-54.273717632589694,65.7262823674103,1000
it,-46.722040833852716,62.277959166147284,1000
tt,-90.83459653017518,21.165403469824824,1000
tk,-94.48194427439779,33.51805572560222,1000
ak,-77.66274565530102,32.33725434469897,1000
oe,-29.448109294988555,32.551890705011445,1000
yq,-81.74184909290649,90.25815090709351,1000
cx,-24.450130678312597,78.54986932168741,1000
rc,-1.307040149967095,91.6929598500329,1000
mb,-15.505999555355888,28.49400044464411,1000
kp,-26.656532827959172,39.343467172040825,1000
wx,-97.428004601441,41.571995398559,1000
wt,-96.82395427961723,0.17604572038277533,1000
ba,-47.82554917616632,86.17445082383368,1000
lu,-9.298737623159447,14.701262376840553,1000
vi,-41.31421693661759,40.68578306338241,1000
rk,0.6634627232866955,94.6634627232867,1000
bk,0.2283052731476236,75.22830527314763,1000
jl,-44.765450417125734,30.234549582874266,1000
mn,-59.09592961767075,2.904070382329255,1000
qv,-67.48319678316767,68.51680321683233,1000
cd,-20.238013343947546,67.76198665605246,1000
ic,-50.78853141492428,58.21146858507572,1000
ci,-69.3257355626402,50.67426443735979,1000
mz,-49.94388315022563,22.056116849774373,1000
zi,-11.807299613906949,55.19270038609305,1000
ax,-16.09548492813651,44.90451507186349,1000
ck,-4.99163365823517,44.008366341764834,1000
ic,-78.06085235149173,79.93914764850827,1000
dk,-56.366624888378155,48.633375111621845,1000
uz,-77.54590080256169,96.45409919743831,1000
sp,-88.83964599816065,2.160354001839353,1000
kj,-97.50537659888565,58.49462340111435,1000
em,-26.188918502243258,66.81108149775675,1000
ey,-95.07399011430418,27.92600988569582,1000
ur,-84.78979145523114,92.21020854476886,1000
zv,-94.49214426944731,3.5078557305526896,1000
pp,-93.36992717047085,21.63007282952916,1000
nq,-92.00153094336906,72.99846905663094,1000
uk,-66.21563617681474,93.78436382318526,1000
iw,-37.69519204961192,4.3048079503880805,1000
as,-74.12490205277922,16.875097947220777,1000
sf,-1.0224763652931588,55.97752363470684,1000
er,-84.83573801340215,43.16426198659784,1000
iw,-54.86397764663616,24.136022353363842,1000
ac,-89.4935676071733,57.506432392826696,1000
fw,-67.42348625696202,18.57651374303798,1000
yu,-40.56756379953087,64.43243620046913,1000
ge,-47.18218691824435,21.817813081755652,1000
kj,-49.61010532316643,66.38989467683356,1000
hy,-4.085072850840063,18.914927149159936,1000
jp,-49.241137547304426,45.758862452695574,1000
nk,-8.178219244021028,40.82178075597897,1000
ct,-19.65272810407455,6.34727189592545,1000
fw,-12.04687264181844,58.95312735818156,1000
pc,-97.33374861898193,63.66625138101808,1000
yj,-31.36243794011148,4.637562059888521,1000
it,-73.13163322232508,43.86836677767493,1000
ww,-50.324315194319375,71.67568480568062,1000
ja,-70.52435485809201,60.47564514190799,1000
uk,-66.76278657713144,11.237213422868567,1000
oz,-2.858416514877468,66.14158348512254,1000
xo,-7.536705116576744,55.46329488342326,1000
qw,-78.82713838140543,40.17286161859457,1000
hg,-21.234789027003007,16.765210972996993,1000
yx,-4.559263056001629,8.440736943998372,1000
lr,-66.56852040090267,90.43147959909733,1000
ry,-83.31912522215853,43.68087477784147,1000
dk,-43.919605822255015,61.080394177744985,1000
vi,-60.607792491776706,90.3922075082233,1000
zr,-39.867743481484354,62.132256518515646,1000
pj,-19.64609674726166,57.35390325273834,1000
gb,-18.089177955987182,85.91082204401282,1000
yo,-24.89325209279339,77.10674790720661,1000
rt,-80.6884796135937,19.311520386406297,1000
gh,-62.04557027401702,89.95442972598299,1000
lt,-76.6406636937546,60.359336306245396,1000
ex,-86.73648121746314,66.26351878253686,1000
tk,-3.256696771641545,72.74330322835846,1000
kn,-1.1509752390311827,85.84902476096882,1000
zg,-63.40626381681863,70.59373618318136,1000
jx,-53.92999825213738,97.07000174786262,1000
ee,-79.88349511339072,21.11650488660928,1000
yb,0.08850329118175915,28.08850329118176,1000
am,-92.63932497699803,62.36067502300197,1000
jg,-91.06679807443338,3.933201925566618,1000
ie,-82.43802948839115,23.561970511608852,1000
rc,-60.62624716473392,86.37375283526607,1000
vi,-79.0109989528586,41.9890010471414,1000
af,-69.70469492527735,75.29530507472265,1000
yc,-86.21646029568416,4.783539704315849,1000
re,-36.90159669653645,82.09840330346356,1000
fz,-89.30718499665859,64.69281500334141,1000
xd,-37.407836291972906,87.5921637080271,1000
hu,-70.0345363630434,37.9654636369566,1000
pm,-16.057528044810255,29.942471955189745,1000
de,-56.9380336596246,95.0619663403754,1000
tp,-22.06153339890599,38.93846660109401,1000
oo,-0.3099514902811419,24.690048509718856,1000
lz,-9.052279322467616,22.947720677532384,1000
uo,-73.11222365146375,49.88777634853625,1000
bj,-79.6349532662939,64.3650467337061,1000
nj,-49.05960354360289,69.94039645639711,1000
mm,-13.319058169719144,34.68094183028086,1000
wd,-85.29255469916792,47.70744530083208,1000
qx,-46.11407866137315,77.88592133862684,1000
hl,-3.8027133056582287,70.19728669434177,1000
vi,-56.618215286889175,36.381784713110825,1000
es,-55.163989870768575,9.836010129231425,1000
xw,-31.8482277759308,47.151772224069205,1000
xo,-82.81537890466338,88.18462109533662,1000
mb,-96.98604198312155,82.01395801687845,1000
an,-6.738464336499994,70.26153566350001,1000
ba,-91.77508350390174,73.22491649609826,1000
xp,-92.5914412115521,32.408558788447905,1000
zp,-39.51919061839382,16.480809381606182,1000
gc,-54.84474712095509,2.1552528790449097,1000
kk,-17.95436229175158,33.04563770824842,1000
nq,-42.38674689370398,64.61325310629603,1000
wo,-96.95137826375768,85.04862173624232,1000
xk,-78.46900784644828,71.53099215355172,1000
eh,-28.348920432233555,18.651079567766445,1000
vy,-15.032887274728198,48.967112725271804,1000
vx,-55.416321228290556,32.583678771709444,1000
