vo,-41.756421980792354,33.243578019207646,100
th,-22.63558800183372,85.36441199816628,100
xf,-92.98284193804732,60.017158061952685,100
rg,-68.4778116309621,5.522188369037913,100
su,-92.61055965080993,55.38944034919006,100
zs,-41.76032525080289,4.23967474919711,100
sz,-82.25854803120578,10.74145196879422,100
wf,-31.76653483686215,41.23346516313785,100
sb,-75.77936143075772,23.22063856924228,100
lt,-73.74976979490657,52.25023020509343,100
io,-23.510057678381436,34.489942321618564,100
zf,-68.4790311763387,93.5209688236613,100
ky,-79.27542377752289,93.72457622247711,100
bk,-11.282377959842357,87.71762204015764,100
kb,-97.6044210836742,9.395578916325801,100
uf,-1.935238104705665,89.06476189529434,100
kg,-29.85458273296121,60.145417267038795,100
va,-30.834791801497243,53.16520819850276,100
rj,-66.05221330674051,32.94778669325949,100
wo,-59.1793020085953,50.8206979914047,100
xw,-19.901114154947976,23.098885845052024,100
bh,-18.65406721207498,15.345932787925017,100
hh,-67.39845071752359,32.601549282476405,100
du,-63.34038336393131,1.6596166360686926,100
qi,-79.36724418849784,51.63275581150216,100
pr,-45.94944925646578,63.05055074353422,100
yt,-9.524915222162665,92.47508477783734,100
vc,-71.0385890159317,1.961410984068301,100
dh,-7.937219359712426,24.062780640287574,100
vu,-38.68180118021629,58.31819881978371,100
od,-35.30936860207358,7.690631397926413,100
ll,-39.71018165990442,51.28981834009558,100
iu,-17.272354796858718,55.72764520314128,100
lg,-88.11774538388504,23.882254616114967,100
kh,-49.53585281517385,38.46414718482615,100
hj,-31.26819398564729,20.73180601435271,100
yt,-82.71292729996345,89.28707270003655,100
eq,-37.178204571860505,53.821795428139495,100
kx,-92.11877208814393,78.88122791185607,100
ic,-34.964458892422094,81.0355411075779,100
fe,-8.070092053148015,60.92990794685198,100
ns,0.08560695985306155,73.08560695985307,100
ca,-36.70311996430027,42.29688003569973,100
gi,-4.394105499610391,56.60589450038961,100
cy,-55.97764851635067,59.02235148364933,100
uh,-37.60871647513121,68.39128352486878,100
dq,-10.96193655669205,82.03806344330795,100
em,-27.07828023592737,6.9217197640726305,100
cr,-54.863592148502164,67.13640785149784,100
cz,-59.192872132075685,48.807127867924315,100
dv,-36.407486734261305,48.592513265738695,100
mg,-28.85069614596664,42.149303854033356,100
ps,-30.647367117191237,92.35263288280876,100
qd,-82.11095135156819,93.88904864843181,100
ld,0.1537168015241317,62.15371680152413,100
qt,-27.902030152375943,21.097969847624057,100
lh,-93.56903250285916,97.43096749714084,100
uy,-41.81080903525321,30.189190964746796,100
ne,-79.40968075822713,75.59031924177287,100
qs,-68.40982031517787,47.59017968482213,100
zu,0.12986434439060301,6.129864344390603,100
pi,-45.3626045121266,59.6373954878734,100
iu,-58.723003687733566,94.27699631226643,100
la,-6.824174559860828,17.17582544013917,100
eb,-86.89932994334767,78.10067005665233,100
hc,-88.22852216361984,71.77147783638016,100
yi,-66.73734975850795,33.262650241492054,100
yv,-76.06344986812675,36.93655013187325,100
kf,-93.03168627723561,25.96831372276439,100
an,-18.68823374331479,7.311766256685212,100
rr,-80.99849973574472,86.00150026425528,100
hl,-44.902744443295376,90.09725555670462,100
wr,-62.112062019510624,23.887937980489376,100
me,-36.939104711636155,22.060895288363845,100
dy,-93.44987090880252,34.55012909119748,100
dx,-2.3933223319400376,75.60667766805996,100
yv,-61.18648709051997,43.81351290948003,100
cv,-70.45388705587793,34.54611294412207,100
wj,-74.31639038600274,7.683609613997257,100
zh,-19.408868769413676,51.59113123058633,100
xq,-2.4415414718820876,33.55845852811791,100
zf,-37.395141982487516,75.60485801751248,100
ee,-72.42933318393187,13.57066681606813,100
bb,-48.327140725467224,17.672859274532776,100
vo,-69.45319327169288,12.546806728307116,100
zc,-29.678581446348602,92.3214185536514,100
an,-20.01684481725176,35.98315518274824,100
ee,-17.67001772362178,98.32998227637822,100
oa,-65.54176319155343,16.458236808446575,100
xn,-2.7179907140322355,4.2820092859677645,100
pk,-85.67594345971024,22.324056540289753,100
dl,-28.175125157183775,53.82487484281623,100
wp,-37.62301146987893,39.37698853012107,100
uw,-84.11452562954517,22.88547437045483,100
ue,-48.883389388180454,79.11661061181954,100
ze,-52.719707604693326,4.280292395306671,100
tr,-27.416645915422375,76.58335408457762,100
bq,-90.58374143580136,20.416258564198642,100
rw,-34.64292094523564,9.357079054764363,100
pv,-67.2342199036019,78.7657800963981,100
ag,-57.68535280902048,19.31464719097952,100
al,-75.85356364890279,38.1464363510972,100
ra,-16.7435361005277,27.2564638994723,100
mg,-72.4523452654943,15.5476547345057,100
dt,-22.575345589807206,64.4246544101928,100
bj,0.8863377532342281,53.88633775323423,100
me,-77.89807816641797,42.101921833582026,100
ar,-2.013363116651891,18.98663688334811,100
qq,-58.45545743348336,8.54454256651664,100
hd,-31.89142279362336,9.10857720637664,100
ix,-40.081254705287954,37.918745294712046,100
nj,-45.994785877826665,15.005214122173333,100
wu,-7.279773742251035,88.72022625774896,100
th,-34.02473053468116,21.975269465318835,100
bb,-69.80388928060553,82.19611071939447,100
xj,-70.14173879397204,31.858261206027965,100
zh,-70.15038410016945,94.84961589983055,100
vo,-75.40591840607385,6.594081593926146,100
zz,-74.38634190358424,43.613658096415755,100
oa,-53.44903469814653,23.550965301853473,100
xy,-72.18197209636082,95.81802790363918,100
ze,-69.87097886335562,82.12902113664438,100
xj,-28.400983447882098,93.5990165521179,100
pp,-21.841540654098182,84.15845934590182,100
sz,-20.446133500669067,92.55386649933094,100
cd,-4.388250586426687,45.611749413573314,100
gz,-96.89162615616466,94.10837384383534,100
py,-87.23894741831484,35.761052581685156,100
bb,-33.631017439846175,88.36898256015382,100
lf,-67.85510422500684,72.14489577499316,100
qr,-73.40057129984298,92.59942870015702,100
tx,-82.79781026724217,44.20218973275783,100
aa,-12.732613148312005,53.267386851687995,100
hs,-67.37998691824014,54.62001308175987,100
oc,-89.93907317569223,3.0609268243077743,100
kz,-68.23782430145135,65.76217569854865,100
an,-96.54621664799534,90.45378335200466,100
gn,-97.49273199521829,27.507268004781707,100
rr,-44.91644535846765,48.08355464153235,100
ib,-84.40815539100927,74.59184460899073,100
lm,-64.4565298002965,57.5434701997035,100
ye,-31.3331928499817,25.6668071500183,100
to,-49.861337748042004,10.138662251957994,100
ch,-44.75561003874878,35.24438996125122,100
ce,-79.5716485616823,5.428351438317701,100
ig,-4.464992621059604,54.5350073789404,100
oc,-18.208545540833065,40.791454459166935,100
uz,-38.88124775804517,72.11875224195482,100
mj,-51.84107959540998,2.1589204045900177,100
ki,-2.5825532044629007,47.4174467955371,100
bv,-18.063803553142176,16.936196446857824,100
gb,-10.830573767227884,86.16942623277211,100
my,-19.374977270572767,5.625022729427234,100
ml,-84.16656215798648,49.833437842013524,100
uw,-16.664084877292783,7.335915122707217,100
qu,-25.03458431126648,56.96541568873352,100
qh,-55.28975315021874,72.71024684978126,100
qu,-29.321132911271857,56.67886708872815,100
qm,-41.33513899130725,25.664861008692757,100
kj,-33.8049512305485,9.1950487694515,100
mw,-39.83479353867138,98.16520646132862,100
tv,-40.39490182266414,41.60509817733586,100
my,-18.199493595415095,76.80050640458491,100
iu,-88.6454806937331,18.354519306266898,100
kq,-49.43516899046194,4.564831009538059,100
gq,-78.73627412138204,9.263725878617958,100
rl,-86.00915980774298,76.99084019225702,100
ar,-89.55342732262585,98.44657267737415,100
ue,-25.030814798375552,9.969185201624448,100
ce,-82.82445949854178,72.17554050145822,100
se,-82.53598564618406,65.46401435381594,100
kj,0.6995344526302482,83.69953445263025,100
eb,-47.19538124617211,47.80461875382789,100
yh,-70.27597181240017,96.72402818759983,100
nc,-65.4764069145822,81.5235930854178,100
kf,-38.08173639116897,35.91826360883103,100
hz,-6.236890839586609,71.76310916041339,100
db,-97.55403818273774,98.44596181726226,100
gg,-56.40513257723415,91.59486742276586,100
ry,-31.901375210214375,93.09862478978562,100
md,-92.99807000516726,15.001929994832732,100
wq,0.49796228990208724,16.497962289902087,100
yn,-13.13247654956382,35.86752345043618,100
np,-39.44495543523127,80.55504456476874,100
me,-0.7868130842130673,32.213186915786935,100
py,-51.35219057086746,81.64780942913255,100
yw,-47.35405532710023,60.64594467289977,100
cy,-97.59131390834487,63.40868609165513,100
co,-85.43454303832974,58.565456961670264,100
il,-56.52956071375953,45.47043928624047,100
fh,-55.59588991733908,53.40411008266092,100
di,-61.23021422359188,42.76978577640812,100
gu,-30.5639127941611,29.4360872058389,100
xz,-54.916051575770084,33.083948424229916,100
do,-20.024231184820145,51.975768815179855,100
nd,-9.262460603677756,79.73753939632225,100
ng,-87.27869411647586,74.72130588352414,100
cm,-37.87405483299864,11.12594516700136,100
eb,-85.46577438240239,3.534225617597616,100
sz,-13.751135027197009,63.24886497280299,100
wk,-2.7583004200741033,75.24169957992589,100
dl,-84.64721019948013,20.35278980051987,100
lm,-87.76133712517309,2.2386628748269155,100
ad,-6.6741194523725635,25.325880547627435,100
tu,-44.97974012877672,39.02025987122328,100
xr,-90.28827164513935,39.711728354860654,100
ib,-19.763417770281094,2.2365822297189055,100
nu,-25.275845257319823,87.72415474268018,100
gn,-48.85835466636892,39.14164533363108,100
aq,-89.97191650941355,75.02808349058645,100
lh,0.30551311058692365,25.305513110586922,100
ep,-17.38963206097718,0.6103679390228173,100
if,-80.97860128137327,96.02139871862673,100
xk,-73.45219103592326,50.547808964076744,100
jk,-87.2977777655855,93.7022222344145,100
de,-27.259827059881562,65.74017294011844,100
zu,-16.785134031849967,96.21486596815004,100
jf,-61.501427480797375,78.49857251920263,100
qr,-76.59788546503528,49.40211453496472,100
qm,-94.15577253113474,86.84422746886526,100
ze,-49.778498242228025,83.22150175777197,100
tf,-73.26247285682012,94.73752714317988,100
yd,-48.474873380207434,12.525126619792562,100
cn,-54.413772310144715,43.586227689855285,100
jp,-23.602869451953975,72.39713054804602,100
ee,-29.497460008462117,73.50253999153789,100
fm,-68.75379440676092,56.24620559323908,100
bc,-95.6106900977887,50.3893099022113,100
pm,-57.04214508860487,21.95785491139513,100
be,-59.52333648477232,12.47666351522768,100
dq,-14.474103729834006,84.52589627016599,100
ky,-19.189855120140308,12.810144879859694,100
vq,-22.07176932300784,39.928230676992165,100
ve,-33.67401870070141,28.325981299298594,100
xv,-47.668652310738736,24.331347689261264,100
ma,-92.68865406841664,20.311345931583364,100
xa,-49.379225426156566,10.620774573843434,100
mt,-44.91080859523029,15.08919140476971,100
lb,-13.44706793237564,12.55293206762436,100
sg,-29.02444326292878,57.975556737071216,100
ix,-83.4676041779883,85.5323958220117,100
yh,-47.25255837259873,82.74744162740127,100
lq,-53.739774752899514,73.26022524710048,100
tj,-83.1680538057846,94.8319461942154,100
cb,-29.82776339996088,65.17223660003913,100
rr,-0.024480193886635138,39.97551980611337,100
ue,-18.134448560011556,69.86555143998844,100
gz,-58.40018664278847,38.59981335721153,100
uc,-42.69812270718649,6.301877292813508,100
vv,-86.41166194087978,71.58833805912022,100
sj,-47.365488572401276,28.634511427598728,100