fg,-24.85659689015225,60.14340310984775,500
xy,-54.62712882233974,88.37287117766026,500
dm,-59.4060237886176,48.5939762113824,500
ty,-51.720026865722446,7.279973134277554,500
cz,-12.877405751617893,49.12259424838211,500
jw,-47.220017404967045,78.77998259503296,500
gi,-21.85165468167511,64.14834531832489,500
ad,-60.36231615074554,60.63768384925446,500
re,-93.67557963699717,48.32442036300283,500
rn,-43.92474376016783,21.075256239832175,500
ny,-52.532190444225314,77.46780955577469,500
ve,-28.383777971303413,89.61622202869658,500
ql,-80.49034750611231,1.5096524938876865,500
sz,-7.260256069073238,52.739743930926764,500
xg,-27.659255871637008,13.340744128362992,500
bo,-47.496554155619656,95.50344584438035,500
jc,-21.339110842923244,21.660889157076756,500
aq,-28.107735920554926,15.892264079445074,500
zv,-91.49554554267687,69.50445445732313,500
ht,-71.16145422387235,77.83854577612765,500
sx,-68.18666230668617,2.8133376933138265,500
cg,-56.16726846494627,28.832731535053732,500
ns,-75.90674146728543,65.09325853271457,500
pi,-27.606398976335967,81.39360102366403,500
uh,-80.99375798538884,57.00624201461116,500
if,-74.85630399689305,75.14369600310695,500
lq,-93.63336314492824,19.366636855071768,500
hv,-1.8897606672551874,98.11023933274481,500
ur,-33.157118076344304,13.842881923655693,500
uh,-27.966732897383555,15.033267102616445,500
xl,-9.303267243930321,94.69673275606968,500
it,-13.803293094841454,17.196706905158546,500
gx,-71.09828115630054,6.901718843699454,500
kz,-52.796724817498955,64.20327518250105,500
kf,-31.847903633763245,25.152096366236755,500
vc,-82.7318119931857,95.2681880068143,500
iv,-39.75891516679053,47.24108483320947,500
bu,-65.33089713666823,1.6691028633317657,500
bp,-66.81437892478154,3.1856210752184655,500
do,-5.543621295303405,51.4563787046966,500
cn,-94.1467144723811,29.853285527618898,500
yf,-16.184648604696505,68.8153513953035,500
bn,-90.04036120519366,75.95963879480634,500
uz,-22.744107850418402,94.2558921495816,500
rl,-77.58700858983737,78.41299141016263,500
rb,-75.44661745527104,28.553382544728958,500
zq,-52.44190433429636,21.55809566570364,500
jm,-55.040163295717235,60.959836704282765,500
dp,-20.869909154031088,11.130090845968912,500
ia,-54.082299823383806,98.9177001766162,500
nr,-16.320584171727944,8.679415828272056,500
tc,-45.33736315914831,10.662636840851688,500
im,-8.414868453761875,71.58513154623813,500
vn,-60.70545758433766,24.294542415662338,500
eu,-63.13259441217718,28.867405587822823,500
aj,-19.9858954648534,76.0141045351466,500
tg,-83.1589672483156,2.8410327516843976,500
uw,-62.17163179559928,20.82836820440072,500
hg,-52.094770882573535,13.905229117426465,500
kl,-39.233024004205085,12.766975995794919,500
hr,-41.08245983850244,24.91754016149756,500
zu,-28.80746287393538,43.19253712606462,500
xe,-91.23850857865965,24.761491421340356,500
ke,-33.0461993870047,10.9538006129953,500
dk,-93.80464802470047,97.19535197529953,500
uf,-2.570478646720212,7.429521353279788,500
jo,-8.566900209886324,38.43309979011367,500
as,-92.79816690979607,66.20183309020393,500
hf,-60.12747292098132,62.87252707901868,500
dg,-68.38853661140416,41.61146338859583,500
yf,-41.310721565462266,65.68927843453774,500
ad,-89.53771356528169,91.46228643471831,500
at,-71.50080428026592,16.49919571973408,500
xb,-76.13591368191962,38.864086318080375,500
js,-37.51371480832211,38.48628519167789,500
os,-96.7132235191372,8.286776480862802,500
af,-6.589636637238097,50.410363362761906,500
sr,-29.133716462826953,29.866283537173047,500
mo,-54.43025246966633,61.56974753033367,500
ho,-50.47636791733225,30.523632082667753,500
vm,-73.90994977479733,36.09005022520268,500
yo,-11.226348237040906,37.77365176295909,500
mr,-42.677877165248454,58.322122834751546,500
ce,-78.53207965438284,59.46792034561716,500
ki,0.8691288496048205,11.86912884960482,500
yt,-25.165872676341206,53.83412732365879,500
kv,-86.70651029566831,95.29348970433169,500
ac,-49.12455238116285,31.875447618837146,500
gw,-2.823055077032292,61.17694492296771,500
ql,-13.366407468883352,6.633592531116647,500
uy,-32.453374984460815,11.546625015539183,500
tk,-44.694117846790995,10.305882153209005,500
rg,-59.67889927512003,80.32110072487997,500
oc,-63.823876109992945,14.176123890007053,500
je,-97.09527289641173,89.90472710358827,500
hv,-43.35052182113496,78.64947817886504,500
vq,-72.73357609924253,39.26642390075747,500
ri,-39.426803933780896,37.573196066219104,500
te,-71.45623221763952,30.543767782360476,500
du,-52.63484828168319,4.3651517183168105,500
gr,-83.01368273191765,75.98631726808235,500
wy,-87.16783908353102,95.83216091646898,500
zy,-94.86085680385978,83.13914319614022,500
ar,-72.16809201553926,20.831907984460734,500
gu,-49.692551918142975,16.307448081857025,500
jc,-19.629891687886158,7.370108312113843,500
de,-30.809054780437005,15.190945219562993,500
eo,-75.24771252681825,58.752287473181745,500
uf,-87.40901770668135,95.59098229331865,500
fm,-86.82097835958992,26.179021640410088,500
ex,-27.365509093149726,49.634490906850274,500
gd,-20.243154285803126,72.75684571419687,500
oz,-81.60706865477921,2.392931345220785,500
lj,-64.43865856716951,29.561341432830492,500
oo,-51.91791878200353,5.082081217996468,500
he,-66.59809291181567,79.40190708818433,500
fb,-78.14315937878442,80.85684062121558,500
vc,-96.14126539662271,98.85873460337729,500
oj,-47.553567898365095,98.44643210163491,500
im,-48.740144854884086,80.2598551451159,500
bo,-63.263515244002335,66.73648475599767,500
pz,-46.719872946900246,68.28012705309976,500
ov,-42.52280355074693,69.47719644925307,500
ig,-24.19396276933601,17.80603723066399,500
am,-32.0594400784181,28.9405599215819,500
hj,-84.87554474602372,22.124455253976283,500
xu,-9.677945497572859,77.32205450242714,500
mc,-26.75034364910067,53.24965635089933,500
ya,-24.187491118795307,41.81250888120469,500
cy,-22.682400845306038,26.317599154693962,500
dn,-20.22108361281142,53.77891638718858,500
al,-95.37190284210774,29.628097157892256,500
xo,-91.82914455708583,88.17085544291417,500
ls,-16.792618601272146,60.207381398727854,500
xx,-29.927338361061164,18.072661638938836,500
hl,-46.434907036737556,65.56509296326244,500
wg,-67.7167186014607,34.28328139853931,500
qy,-39.86573194828939,2.1342680517106127,500
ob,-88.51762892255908,41.48237107744091,500
lp,-88.72762549793136,72.27237450206864,500
iy,0.9004179090847237,96.90041790908472,500
kc,-29.632053160003174,1.3679468399968275,500
am,-78.93521738923438,4.0647826107656195,500
zo,-19.91619784395422,33.08380215604578,500
ua,-72.72516757266273,39.27483242733728,500
nm,-78.2565593636109,6.743440636389099,500
qa,-57.76241606117628,75.23758393882372,500
yv,-44.095889922988604,10.904110077011394,500
dr,-43.439829440458325,77.56017055954167,500
ln,-47.84316713669236,69.15683286330764,500
wl,-59.13460651176234,75.86539348823766,500
ms,-29.87281218576818,50.127187814231824,500
yp,-38.76545715888767,49.23454284111233,500
jk,-8.420965884352468,76.57903411564753,500
pu,-96.88672155516258,60.11327844483742,500
em,-17.07412395163119,22.92587604836881,500
se,-83.43785102928076,19.56214897071924,500
dx,-73.0045508282726,0.9954491717274042,500
ev,-76.58851613996208,82.41148386003792,500
if,-4.645007976356765,72.35499202364323,500
ia,-36.54006663711799,56.45993336288201,500
sv,-89.02852343352293,39.97147656647706,500
re,-44.753804275163,88.24619572483701,500
vs,-36.67221236124041,60.32778763875959,500
de,-40.67816416065922,20.321835839340775,500
hb,-81.35885883708605,22.64114116291396,500
us,-5.504082880682167,96.49591711931784,500
wn,-55.805010397187466,65.19498960281253,500
js,-54.644907829972205,45.355092170027795,500
ga,-12.037793300193162,54.96220669980684,500
bd,-78.69275839458831,33.3072416054117,500
lm,-27.714761256872357,13.285238743127643,500
bm,-40.631799246956454,43.368200753043546,500
au,-76.66052507316982,4.339474926830172,500
qp,-5.544840628249937,85.45515937175006,500
kv,-52.51309969901002,17.48690030098998,500
am,-86.76395815615359,65.23604184384641,500
kg,-24.357464449449267,7.642535550550733,500
fb,-30.832961461745338,93.16703853825466,500
ry,-61.58587023078323,27.414129769216768,500
qx,-57.034880791335766,85.96511920866423,500
iy,-97.59701540226725,70.40298459773275,500
po,-7.479011478184058,83.52098852181594,500
uc,-15.48833696347628,78.51166303652371,500
bo,-47.82906449681205,27.170935503187952,500
dk,-57.76395242968541,8.236047570314593,500
ym,-92.56565991548571,20.434340084514297,500
mt,-4.325945655751662,50.67405434424834,500
qk,-20.351365882617753,4.6486341173822465,500
pi,-67.76065705694432,16.23934294305567,500
ad,-70.4698603517935,42.5301396482065,500
rp,-42.62622425992689,72.3737757400731,500
ra,-53.38352952893448,54.61647047106552,500
rr,-61.24179495233439,22.758205047665612,500
px,-92.69578453876898,82.30421546123102,500
oy,-37.14312077769401,45.85687922230599,500
tf,-75.7601043347208,91.2398956652792,500
lv,-29.73017398887726,30.26982601112274,500
bj,-4.909934902392871,35.09006509760713,500
sd,-75.05939255447065,23.940607445529345,500
df,-66.92610468547339,67.07389531452661,500
rg,-50.48666075624022,68.51333924375977,500
we,-18.467136205594883,51.53286379440512,500
co,-33.148136957378256,59.851863042621744,500
sd,-61.204991592225554,41.795008407774446,500
sx,-45.73013163861246,38.26986836138754,500
qp,-59.42356661001148,41.57643338998852,500
xy,-38.19684690356087,94.80315309643913,500
cb,-84.0444352034387,9.955564796561303,500
yi,-96.34318001112008,88.65681998887992,500
db,-20.519552936346393,17.480447063653607,500
gr,-3.3770650219453815,33.622934978054616,500
ra,-79.68865898563274,38.31134101436725,500
cd,-91.91600585413552,76.08399414586448,500
ii,-37.32918032939525,20.670819670604754,500
ra,-41.02644266094079,66.97355733905921,500
aj,-46.207395714183505,89.7926042858165,500
hw,-47.606717561653085,26.393282438346915,500
au,-11.53483955841881,44.46516044158119,500
pt,-69.15497436085646,67.84502563914354,500
hj,-91.86987765116415,24.130122348835847,500
rk,-57.348128723640535,82.65187127635947,500
de,-90.84481834123797,5.155181658762029,500
am,-89.6526659560468,65.3473340439532,500
eo,-27.69639037121447,97.30360962878554,500
ww,-94.3359767291671,43.66402327083291,500
uj,-20.004568314640416,40.995431685359584,500
sk,-4.837433448278773,5.162566551721227,500
tg,-73.18175223443266,98.81824776556734,500
ty,-83.2700490504746,52.7299509495254,500
tr,-10.447380814985625,13.552619185014375,500
qd,-52.573439870839,89.42656012916099,500
ms,-36.68977052222823,44.31022947777177,500
uf,-13.30737954388404,37.69262045611596,500
uq,-28.757619319158415,51.242380680841585,500
ga,-76.62294809600981,73.37705190399019,500
ie,-72.89063409690276,91.10936590309724,500
pd,-30.277762498998612,26.722237501001388,500
xc,-47.13402285533226,58.86597714466774,500
uv,-13.271502186977978,89.72849781302202,500
xy,-64.01097827460177,37.98902172539824,500
gq,-87.85622090764754,0.1437790923524539,500
tm,-32.15165403228944,29.848345967710557,500
ry,-43.570927779104515,47.429072220895485,500
vl,-97.89218517659783,6.10781482340216,500
gi,-95.60888397898155,61.391116021018455,500
pt,-2.094246506984506,40.905753493015496,500
cg,-11.663409516341929,3.33659048365807,500
dy,-35.0954315621344,94.9045684378656,500
bn,-47.68944384009228,71.31055615990772,500
oy,-97.57720832421592,0.4227916757840876,500