sk,-57.26290202345283,58.73709797654717,500
uk,-46.36710183617389,95.63289816382611,500
gp,-47.096154878692865,16.90384512130714,500
wd,-92.47556379545242,6.5244362045475786,500
kf,-88.54917396957423,56.450826030425766,500
qy,0.1876737916683051,88.1876737916683,500
ri,-77.85681217961107,16.143187820388928,500
ba,-85.27081931018483,91.72918068981517,500
iz,-60.35139389458189,25.648606105418114,500
js,-50.5552884585181,58.4447115414819,500
dd,-74.99052279735889,67.00947720264111,500
bp,-68.24190716831124,20.758092831688753,500
ih,-94.76443237706108,7.235567622938913,500
gl,-30.574949795602148,66.42505020439785,500
pd,-59.63068929788196,76.36931070211804,500
mo,-47.334492265684794,58.665507734315206,500
iz,-55.354874448128434,41.645125551871566,500
yd,-81.02892163274497,84.97107836725503,500
zc,-93.53814901004414,9.461850989955865,500
nk,-63.09276340321965,1.9072365967803524,500
pb,-80.73467415925545,9.265325840744548,500
va,-56.198591994829336,25.80140800517066,500
nv,-38.80995305904339,21.19004694095661,500
fh,-91.87112865152302,29.128871348476984,500
nl,-96.21019783813045,7.789802161869541,500
kt,-74.33426822844736,19.665731771552643,500
eu,-21.381596266203236,47.61840373379677,500
ge,-82.27738278175136,66.72261721824864,500
vh,-39.879653065634024,67.12034693436598,500
oo,-43.38380343574548,41.61619656425452,500
ml,-39.79511197888029,93.20488802111971,500
zk,-84.7170370090496,78.2829629909504,500
bx,-6.209312783807027,61.79068721619297,500
ow,-60.76646476523201,76.233535234768,500
xo,-10.644695577091763,4.355304422908236,500
hf,-9.14579893764874,78.85420106235127,500
yf,-18.10848969991149,14.891510300088509,500
br,-59.26736878073009,57.73263121926991,500
ym,-63.027992525326304,55.972007474673696,500
yt,-77.11074669277697,51.88925330722303,500
uz,-60.37169022440045,10.628309775599547,500
ll,-49.95715423113524,2.0428457688647566,500
ay,-22.63653740155753,2.36346259844247,500
fq,-8.99298499133322,37.007015008666784,500
au,-32.797261941756425,47.202738058243575,500
ly,-91.3602757955053,57.6397242044947,500
ui,-46.73672323816062,50.26327676183938,500
uz,-77.44396716781031,66.55603283218969,500
zv,-17.46556445593088,72.53443554406913,500
ui,-1.6571532693903723,24.34284673060963,500
zj,-44.08639705580846,6.913602944191542,500
kf,-55.16196820334943,4.8380317966505695,500
vk,-26.820339266612194,12.179660733387806,500
xa,-33.05945802976076,84.94054197023924,500
ac,-57.227678598298006,29.772321401701998,500
dd,-71.49980974264405,33.50019025735595,500
rj,-76.1041754181561,66.8958245818439,500
bm,-31.45076820365604,51.54923179634396,500
lf,-53.940474585889476,93.05952541411052,500
jk,-82.35957020054298,5.640429799457029,500
as,-84.12485257698648,18.87514742301351,500
hg,-95.58727123735575,5.412728762644256,500
dq,-64.34426466091618,86.65573533908382,500
nd,-21.637431018187087,83.36256898181291,500
va,-32.13178727113906,80.86821272886094,500
hw,-44.99977321186376,20.000226788136235,500
lg,-94.82949881125592,13.170501188744083,500
ha,-22.135659078151477,9.864340921848523,500
lb,-59.439772739595526,91.56022726040447,500
ag,-17.426497928480387,36.57350207151961,500
cb,-81.36634661189635,23.63365338810365,500
bk,-60.284407889380674,40.715592110619326,500
cl,-60.97537336478912,15.024626635210875,500
en,-75.72266767015887,87.27733232984113,500
ti,-54.320879353645005,4.679120646354997,500
ad,-84.41946908727645,84.58053091272355,500
bp,-90.512115930312,1.4878840696879903,500
ku,-62.00436492975884,20.995635070241157,500
sx,-45.21988097074827,66.78011902925172,500
jc,-66.25445053259064,46.74554946740937,500
po,-6.673770906404889,16.32622909359511,500
iv,-49.367009962682104,74.6329900373179,500
xz,-5.526604468037156,61.473395531962844,500
lz,-84.93483248279328,94.06516751720672,500
vz,-93.39112956779339,97.60887043220661,500
ys,-84.30440567759128,34.695594322408716,500
yp,-62.94021528679604,90.05978471320395,500
fy,-49.47045154029843,29.529548459701573,500
ia,-46.049046842275615,30.95095315772439,500
ra,-17.033545565121372,0.9664544348786265,500
zm,-51.502759623420225,22.497240376579775,500
om,-66.60655201048748,63.39344798951252,500
hm,-50.68841993560587,54.31158006439413,500
ni,-97.611432550417,11.388567449582993,500
jr,-19.19507628382945,0.8049237161705501,500
an,-38.094334778988696,70.9056652210113,500
yi,-47.15592548895227,3.8440745110477286,500
xc,-42.17480559077095,4.825194409229045,500
uz,-43.77400088561246,44.22599911438754,500
ga,-91.11077150531045,27.889228494689547,500
af,-2.023333587679086,59.97666641232092,500
hn,-7.901815617920833,3.098184382079167,500
lq,-21.772521106921314,77.22747889307868,500
lt,-45.740009496864495,68.2599905031355,500
hn,-9.719438753526724,61.280561246473276,500
gh,-44.895483657282384,15.104516342717613,500
qn,-92.81522662740285,82.18477337259715,500
oi,-16.595421846320512,76.4045781536795,500
au,-56.77578271485877,96.22421728514124,500
eh,-68.29029094323704,96.70970905676296,500
un,-90.83261966534754,36.167380334652464,500
sk,-41.65575922520474,71.34424077479525,500
ge,-94.73176339575015,35.26823660424984,500
ha,-29.00201266317602,58.99798733682398,500
sx,-14.75738530113392,67.24261469886608,500
vt,-60.390698004531295,0.6093019954687071,500
ft,-65.26261591753716,48.73738408246283,500
xa,-45.178002244076616,64.82199775592339,500
db,-69.95402590578588,34.045974094214124,500
oa,-88.39900430275074,57.60099569724926,500
bp,-49.09255562352733,61.90744437647267,500
qk,-1.440047439466524,75.55995256053347,500
lh,-57.08998918371633,47.91001081628367,500
wm,-58.19021071041458,30.809789289585417,500
iq,-46.449494327199396,69.5505056728006,500
aw,-37.105736670962585,4.894263329037413,500
qf,-59.590389544743985,63.409610455256015,500
vh,-71.0558858486845,96.9441141513155,500
sw,-68.52903768499988,1.470962315000119,500
vu,-18.630294774126096,21.369705225873904,500
ux,-23.169454677738155,55.83054532226184,500
yr,-26.968061796844903,60.03193820315509,500
lc,-32.76449606090621,97.23550393909379,500
jx,-19.23235210973047,44.76764789026953,500
hm,-13.597955467153824,93.40204453284618,500
od,-41.517805259169826,45.482194740830174,500
ie,-8.383623209297511,34.61637679070249,500
ar,-17.322698630468302,16.677301369531698,500
mm,-32.20009187136223,36.79990812863777,500
rm,-50.01155891154554,75.98844108845445,500
xx,-91.349883377242,95.650116622758,500
gc,-19.966379718278308,7.033620281721693,500
xd,-7.644351290473877,12.355648709526122,500
vp,-66.8688681132854,63.13113188671459,500
pq,-44.73833679842917,72.26166320157083,500
xg,-62.76367968161017,28.236320318389833,500
ss,-68.69592444215985,10.304075557840155,500
jy,-89.24049264903078,32.75950735096921,500
zc,-22.63835569366753,97.36164430633247,500
zf,-10.948638376160785,8.051361623839215,500
mj,-90.99925112845068,44.00074887154931,500
qp,-23.490797623864747,76.50920237613525,500
sq,-59.272917295723275,56.727082704276725,500
xd,-52.307457839388256,17.692542160611744,500
yr,-78.47727774702298,11.522722252977017,500
te,-90.3938877824291,7.606112217570898,500
xe,-94.29927179036602,73.70072820963398,500
ub,-78.3798377043934,71.6201622956066,500
uz,-96.55805015685159,12.441949843148402,500
ns,-15.060995608297267,77.93900439170274,500
vk,-8.074542489421662,76.92545751057834,500
ot,-31.794573418936956,70.20542658106304,500
ls,-74.85655388128318,84.14344611871682,500
jx,-41.95028757944215,73.04971242055785,500
zn,-65.4007666856149,28.5992333143851,500
si,-33.57907043230987,48.42092956769013,500
np,-74.41014682519943,67.58985317480057,500
fq,-60.444167294098705,3.5558327059012935,500
wa,-6.724161302182424,78.27583869781758,500
rt,-50.23049795563611,60.76950204436389,500
lx,-89.7207575763383,85.2792424236617,500
oy,-4.767757115712086,36.23224288428791,500
go,-63.925651023679656,85.07434897632035,500
fm,-42.3880034227792,80.6119965772208,500
ge,-10.396244413827306,98.6037555861727,500
ei,-15.435768681457096,54.5642313185429,500
ms,-34.20503263452884,87.79496736547117,500
ll,-65.32289438426757,55.67710561573243,500
tg,-86.53269098036361,62.46730901963639,500
ly,-19.830711584246615,8.169288415753384,500
ds,-11.360269395239278,51.63973060476072,500
ci,-97.5807607195876,86.4192392804124,500
nu,-19.467189870530525,52.532810129469475,500
ys,-31.845333998682804,66.1546660013172,500
is,-95.8992078898631,83.1007921101369,500
uy,-45.064601176230966,32.935398823769034,500
vz,-62.96086964698508,22.03913035301492,500
ob,-52.53159787434979,65.4684021256502,500
gv,-87.52496754871707,60.47503245128292,500
cz,-13.020175375771634,7.979824624228366,500
bv,-65.27739434058826,66.72260565941174,500
eg,-91.25585566362632,89.74414433637368,500
mc,-22.095302649060216,50.904697350939784,500
gm,-22.11559494451499,87.884405055485,500
it,-68.88848884809553,9.111511151904473,500
bw,-8.415437707032394,90.5845622929676,500
sq,-58.983684377446544,26.01631562255346,500
ki,-75.57159340061284,4.428406599387162,500
zj,-47.68061378159567,82.31938621840433,500
qw,-86.74801125640467,82.25198874359533,500
wv,-49.83519101503387,88.16480898496613,500
fg,-19.369657014204662,21.630342985795338,500
un,-57.73501505701748,53.26498494298252,500
li,-21.323482736522763,2.676517263477237,500
dr,-14.816653725642157,49.183346274357845,500
ai,0.0071255958108012996,40.0071255958108,500
ai,-9.02969821980414,25.97030178019586,500
mx,-88.67033084287695,44.32966915712306,500
qz,-63.558289074730595,69.4417109252694,500
wq,-8.071341109240961,29.92865889075904,500
tc,-69.6594995154046,42.340500484595395,500
ew,-17.946583775320196,35.05341622467981,500
fy,-52.09789536161949,19.902104638380507,500
yx,-90.34108152159553,75.65891847840447,500
cn,-17.58482977431332,66.41517022568668,500
gs,-60.23102988599698,2.768970114003015,500
eh,-78.71851762204143,70.28148237795857,500
aj,-76.21360571214285,82.78639428785715,500
bl,-10.704185049312102,30.295814950687898,500
om,-21.353030703301485,80.64696929669851,500
gp,-16.47628704364002,47.52371295635998,500
fg,-97.2384170003527,75.7615829996473,500
gq,-43.06035422536212,73.93964577463788,500
du,-83.57100868763287,54.42899131236713,500
qj,-83.57482401124992,12.425175988750084,500
ld,-84.41459233006275,20.58540766993726,500
ng,-67.81246900748157,59.18753099251844,500
el,-44.53671379155505,4.46328620844495,500
rr,-73.56675319223073,89.43324680776927,500
pm,-68.42623079772103,31.573769202278964,500
cz,-74.85716236966448,88.14283763033552,500
aq,-8.116414891950582,59.88358510804942,500
nd,-79.83390031788477,86.16609968211523,500
vl,-8.052581558487487,46.94741844151251,500
ne,0.0687556707022502,92.06875567070225,500
yo,-89.02897562090347,12.971024379096537,500
jm,-56.57720299405487,43.42279700594513,500
qe,-28.33395771232256,7.66604228767744,500
ne,-60.984490197746645,66.01550980225336,500
jv,-93.41622988418625,95.58377011581375,500
ki,-42.81607332930265,86.18392667069736,500
nv,-7.311338505437071,48.68866149456293,500
ao,-81.00539730641127,96.99460269358873,500
we,-36.43592380163596,94.56407619836403,500
mi,-8.198363323004973,65.80163667699503,500
hh,-84.12833793771101,57.87166206228898,500
le,-1.215210319362508,79.78478968063749,500
pl,-4.463511487889306,39.536488512110694,500
nj,-19.87565914765669,1.1243408523433105,500
zo,-95.80814135815012,29.19185864184988,500
ze,-44.55674937883602,37.44325062116398,500