nab,-41.52877137059745,54.47122862940255,1000
jrn,-8.408354454707986,79.59164554529201,1000
vmd,-69.92879762298051,25.071202377019493,1000
xap,-11.50420670758527,53.49579329241473,1000
phl,-11.278608836141713,56.721391163858286,1000
zlj,-10.182207359446,72.817792640554,1000
ocl,-76.48677203368155,58.51322796631845,1000
avj,-88.76409316422797,40.23590683577203,1000
clv,-11.46712174716437,89.53287825283563,1000
ttw,-63.49189559523012,3.5081044047698806,1000
mrb,-50.48969593251119,9.510304067488809,1000
lhh,-7.163671594448566,54.836328405551434,1000
oyn,-21.00051620961286,95.99948379038713,1000
cpf,-31.85491194158865,8.14508805841135,1000
atg,-61.11233956253354,23.887660437466458,1000
mkv,-54.88462522842088,72.11537477157913,1000
xse,-20.925315171855157,37.07468482814485,1000
uyl,-68.03967337837122,68.96032662162878,1000
pen,-84.26014182986792,69.73985817013208,1000
uge,-93.57708835301189,84.42291164698811,1000
djv,-59.40881809872453,19.591181901275473,1000
kit,-78.51874570452007,98.48125429547993,1000
ndl,-97.18912975781959,85.81087024218041,1000
kui,-87.94810847786067,46.05189152213933,1000
sxx,-62.78159427313724,67.21840572686276,1000
qbq,-64.40639961192072,84.59360038807928,1000
bvy,-46.26190661519331,39.73809338480669,1000
jex,-57.63311652037575,72.36688347962425,1000
izw,-3.499212506038189,68.50078749396181,1000
gkw,-67.24415317722705,31.755846822772945,1000
vki,-75.21991435412788,28.78008564587212,1000
uxh,-96.01284314086914,89.98715685913086,1000
uli,-0.8660386336599333,29.133961366340067,1000
pnk,-39.36503512782856,8.63496487217144,1000
hxv,-79.2318091923781,78.7681908076219,1000
apd,-18.654944170832643,85.34505582916736,1000
ubp,-49.060902419942835,48.939097580057165,1000
cxt,-3.4638739899563022,40.536126010043695,1000
ali,-33.76884554720484,85.23115445279515,1000
ypr,-85.95181559600603,11.048184403993975,1000
wjs,-36.186744729461935,90.81325527053806,1000
xwf,-74.21262190478824,53.787378095211764,1000
mvk,-41.95685986873004,72.04314013126995,1000
vrv,-1.6633143319011285,88.33668566809887,1000
bbm,-86.41547348052998,19.58452651947002,1000
ysj,-76.51511983466435,19.48488016533565,1000
iex,-44.7076435703474,45.2923564296526,1000
ahj,-8.585244621865296,93.4147553781347,1000
dwo,-10.7920078642109,12.2079921357891,1000
psd,-24.90422358724724,75.09577641275276,1000
sps,-56.190339551545264,62.809660448454736,1000
rul,-17.053754872284948,21.946245127715052,1000
dqe,-49.33885237602801,15.66114762397199,1000
mqn,-28.811511969643266,5.188488030356733,1000
wez,-9.764827022390499,24.2351729776095,1000
ool,-30.79578706039404,92.20421293960597,1000
reg,-18.334056514719496,44.6659434852805,1000
mtc,-97.61408087907846,36.38591912092154,1000
xxs,-37.715511920390355,87.28448807960964,1000
bdj,-90.0873672245575,5.9126327754425105,1000
syb,-74.63036157843433,52.36963842156567,1000
egd,-26.327665927779833,37.67233407222017,1000
hsu,-72.57703812547689,49.42296187452312,1000
edw,-40.639739651270716,36.360260348729284,1000
hkq,-66.58272123214458,6.417278767855418,1000
upu,-31.06258043941637,20.93741956058363,1000
eut,-13.469875403275612,31.530124596724388,1000
gyh,-92.80006434390963,26.199935656090368,1000
rew,-96.96917233704113,63.03082766295887,1000
xjv,-77.23763776386814,95.76236223613186,1000
ziu,-58.95285525243105,91.04714474756895,1000
mjs,-57.450384116179,73.549615883821,1000
fmd,-3.0028656004590606,51.99713439954094,1000
cxb,-30.7327936202961,60.2672063797039,1000
fvw,-28.229248832134925,96.77075116786507,1000
amd,-38.22619381148301,7.773806188516993,1000
nol,-22.06241290289541,32.93758709710459,1000
vci,-31.23580467244638,70.76419532755362,1000
lzs,-29.401301245509707,22.598698754490293,1000
pca,-71.08234491117193,8.917655088828074,1000
pmk,-51.78792260657842,65.21207739342158,1000
gyc,-33.55052094747368,5.449479052526321,1000
zre,-34.99832457943828,12.001675420561714,1000
sak,-61.82748075089969,42.17251924910031,1000
hdq,-45.49010746872382,98.50989253127618,1000
rbf,-22.383453182368907,9.616546817631095,1000
zop,-66.37688505605514,48.623114943944856,1000
unu,-14.352851630348912,49.64714836965109,1000
wwy,-82.99432111619875,58.00567888380125,1000
nvz,-62.364633050417744,58.635366949582256,1000
uzd,-54.03238554115114,97.96761445884886,1000
mnk,-51.20006629877212,66.79993370122789,1000
itm,-74.51817561841064,55.481824381589355,1000
dlk,-86.55639779553796,36.44360220446203,1000
qby,-5.68733259468531,19.312667405314688,1000
veu,-64.48443170543837,28.515568294561636,1000
nqs,-13.66849055586196,56.33150944413804,1000
abi,-67.35777259462566,73.64222740537434,1000
bqn,-84.8605126956307,63.139487304369304,1000
frn,-4.790088455114505,4.209911544885495,1000
mxx,-4.066809761578391,17.93319023842161,1000
ejp,-31.69616709628628,59.30383290371372,1000
tuu,-13.78829725977448,68.21170274022552,1000
jbp,-67.16728898210147,84.83271101789853,1000
eew,-79.97587528354339,55.02412471645661,1000
lgp,-2.587905010877588,73.41209498912241,1000
gxw,-64.6293322243898,2.3706677756102015,1000
cnq,-39.04230664335318,24.957693356646818,1000
ifs,-42.87967494310795,44.12032505689205,1000
pap,-61.56713493690889,23.432865063091107,1000
yia,-97.78441174969309,13.21558825030691,1000
gmf,-90.35657980771933,6.643420192280673,1000
hyt,-53.948216904441715,78.05178309555828,1000
viz,-42.754545681942226,34.245454318057774,1000
fbv,0.816903060932402,59.816903060932404,1000
xup,-95.79872646594723,50.201273534052774,1000
wwm,-64.47661432127985,59.523385678720146,1000
vwc,-82.35835782333551,97.64164217666449,1000
vgf,-72.99206178090601,83.00793821909399,1000
dzy,-54.455151169396075,85.54484883060393,1000
jxs,-9.372267059701255,7.627732940298745,1000
tjr,-65.25434837660049,62.74565162339952,1000
eoi,-64.0098179024342,44.99018209756581,1000
btw,-35.32443268764116,57.67556731235884,1000
ksk,-62.30445580613099,64.69554419386901,1000
nir,-36.71147772236492,4.288522277635081,1000
tjy,-47.70735381878436,25.292646181215634,1000
bod,-9.363035317764863,87.63696468223513,1000
ros,-54.67479353307572,97.32520646692427,1000
juf,-60.55473670054735,57.44526329945265,1000
mxm,-75.92579875853609,51.07420124146392,1000
vlg,-91.81321333698331,12.186786663016694,1000
bfu,-10.572332079248667,93.42766792075133,1000
vgg,-48.72254072550564,13.27745927449436,1000
adt,-14.890250741687817,53.109749258312185,1000
vmd,-15.533515391501366,32.46648460849863,1000
pjm,-1.331288378645483,3.6687116213545172,1000
vmj,-22.90956252466527,61.09043747533473,1000
jfg,-15.065079050634301,24.9349209493657,1000
skq,-43.214345060835896,26.785654939164107,1000
rry,-44.276770473046454,25.723229526953546,1000
ogo,-35.1579381463103,11.842061853689698,1000
xjr,-94.99000996557474,21.009990034425254,1000
ajl,-26.4403986400817,55.559601359918304,1000
mjj,-0.4857588249729101,24.514241175027088,1000
snn,-66.59181796765687,47.40818203234314,1000
bud,-32.4472848779741,36.5527151220259,1000
urx,-61.88755653331457,43.11244346668543,1000
zkd,-65.3822024945772,59.6177975054228,1000
jdi,-92.18288774702025,48.81711225297975,1000
viy,-47.43921767473693,24.560782325263073,1000
nba,-13.59908104526876,31.40091895473124,1000
uzy,-96.09362512830849,77.90637487169151,1000
wif,-97.93775630929606,1.0622436907039388,1000
vlu,-45.270723503556106,27.729276496443894,1000
ege,-2.38189352867329,72.61810647132671,1000
zxd,-41.13142688815509,81.86857311184491,1000
bvb,-36.84751840884802,32.15248159115198,1000
fow,-49.79017660981154,54.20982339018846,1000
tma,-50.78863316909552,36.21136683090448,1000
uhx,-2.47811198085879,3.52188801914121,1000
qkp,-8.18990571236879,75.81009428763122,1000
azo,-80.67168057556967,58.32831942443033,1000
bss,-97.69950772691803,75.30049227308197,1000
rtk,-52.52212603001948,56.47787396998052,1000
bvc,-3.7918319658969253,86.20816803410308,1000
ghb,-29.50216648397637,59.49783351602363,1000
osz,-75.2277121148325,75.7722878851675,1000
kkw,-51.65642635752057,29.34357364247943,1000
fjg,-15.499839077224781,53.50016092277522,1000
ayt,-53.93183528654809,26.06816471345191,1000
efo,-41.684018491422215,30.31598150857778,1000
tss,-67.97895668717663,85.02104331282337,1000
iqe,-29.386205801053237,7.613794198946764,1000
jtw,-89.81417472428652,53.18582527571348,1000
hko,-37.53398713555764,52.46601286444236,1000
okj,-47.76688110175106,76.23311889824893,1000
khy,-77.0875829541188,59.9124170458812,1000
zaw,-19.59858621522595,33.40141378477405,1000
qhu,-14.174703198281618,10.825296801718382,1000
tpg,-63.23869639877519,5.76130360122481,1000
xsf,-97.77545250682564,23.22454749317435,1000
hdm,-26.434773640880806,39.565226359119194,1000
jsu,-57.568677250845255,63.431322749154745,1000
sxk,-33.726291043117115,45.273708956882885,1000
abe,-0.2180155987333109,57.78198440126669,1000
hpg,-90.03834704568064,70.96165295431936,1000
ldn,-65.4339970458856,5.5660029541144,1000
miv,-43.393076277484305,4.606923722515697,1000
xly,-12.624194671893614,79.37580532810638,1000
epc,-29.294492714335743,89.70550728566425,1000
zil,-59.96105448755432,48.03894551244568,1000
ctk,-76.28132617298874,43.718673827011266,1000
oqj,-75.40522867584896,35.59477132415105,1000
foz,-34.03228342386751,92.96771657613249,1000
chu,-47.87624892658725,37.12375107341275,1000
zan,-4.707834131551635,3.2921658684483646,1000
ltq,-69.00709157613393,77.99290842386607,1000
xnb,-25.419858483171758,28.580141516828242,1000
vhg,-58.57771748274592,27.422282517254082,1000
oqd,-70.84695854772173,61.15304145227827,1000
tbw,-70.98560792036406,9.014392079635947,1000
dey,-83.14575262257556,98.85424737742444,1000
uzy,-32.19442803021531,27.805571969784687,1000
cdj,-12.767047120598363,60.23295287940164,1000
qok,-14.759339800184048,1.2406601998159519,1000
spn,-80.9055404066777,24.094459593322295,1000
jqt,-91.95101945126973,16.048980548730274,1000
qfm,-81.39156011608478,46.608439883915224,1000
wbw,-30.18068537183543,4.81931462816457,1000
qhf,-68.47651789416436,85.52348210583564,1000
ztx,-76.64712881830806,79.35287118169194,1000
lfz,-26.186429259843162,66.81357074015683,1000
xhb,-16.318461153375292,15.68153884662471,1000
snn,-18.887985836054252,44.112014163945744,1000
wyr,-52.630247784307265,73.36975221569273,1000
xbm,-75.5008715172846,0.49912848271540033,1000
lhd,-29.99018634599113,87.00981365400887,1000
tcn,-7.748385232781327,78.25161476721867,1000
ppg,-25.236683911219398,19.763316088780602,1000
jyk,-72.47800702403751,44.52199297596249,1000
ryt,0.14503948076516304,80.14503948076516,1000
xdi,-46.42818790954342,29.571812090456582,1000
xbo,-5.565487919643398,15.434512080356603,1000
kej,-15.914227196317512,55.08577280368249,1000
syc,-71.19408895834533,75.80591104165467,1000
wyh,-48.23141043346587,29.76858956653413,1000
kgm,-88.34670593794785,15.653294062052158,1000
txl,-90.32113501143256,23.67886498856744,1000
xhq,-71.52692081255137,47.47307918744863,1000
xuo,-63.54516727409777,81.45483272590224,1000
niu,-45.87241729461761,5.127582705382391,1000
bud,-91.57652502968836,5.423474970311639,1000
sby,-12.200411462905958,90.79958853709404,1000
rcy,0.6004456451592696,85.60044564515927,1000
rbi,-19.87450716399325,87.12549283600674,1000
liy,-58.1210928634546,97.8789071365454,1000
wwy,-53.04044369608377,5.959556303916233,1000
uey,-79.29030667621939,29.709693323780616,1000
qex,-92.04284760356309,45.95715239643691,1000
gki,-42.87723786086031,34.12276213913969,1000
lzh,-32.51029569017656,44.48970430982344,1000
erw,-31.798237515380855,71.20176248461914,1000
nkx,-75.8355397267187,86.1644602732813,1000
net,-29.023606525888844,61.976393474111156,1000
ueg,-0.6811885104388069,20.31881148956119,1000
ynt,-47.16086857180458,62.83913142819542,1000
eue,-84.90048014679442,1.0995198532055714,1000
okq,-63.444119611261854,35.555880388738146,1000
avf,-86.10717566210343,14.892824337896576,1000
zhx,-12.182741603295812,68.81725839670419,1000
jiw,-21.252335041649218,11.747664958350782,1000
pwf,-65.29267101316947,30.707328986830536,1000
caq,-46.04527044921467,51.95472955078533,1000
qvu,-28.077955169442205,28.922044830557795,1000
lno,-28.27381456735907,53.72618543264093,1000
fwp,-66.31589721553328,30.68410278446672,1000
ajr,-36.01670254159366,68.98329745840634,1000
qjh,-3.9894263173106053,27.010573682689394,1000
acd,-86.18434642745856,69.81565357254144,1000
wgr,-49.814904283114494,37.185095716885506,1000
dad,-83.69881813945285,25.30118186054715,1000
xxr,-17.190934741958444,98.80906525804156,1000
mto,-20.14059795114988,78.85940204885011,1000
smp,-88.88175740918481,56.11824259081519,1000
yhc,-20.09957757299379,62.90042242700621,1000
buq,-51.32845283470002,43.67154716529998,1000
kdx,-87.90173155326133,7.098268446738679,1000
wtf,-71.21271611547351,89.78728388452649,1000
xtm,-30.32800363976935,65.67199636023065,1000
gtl,-97.2500594803089,79.7499405196911,1000
hve,-5.512473995470997,82.487526004529,1000
irw,-25.0678807493401,55.932119250659895,1000
yye,-95.33847278258379,19.661527217416207,1000
hdj,-66.16958313182246,1.8304168681775388,1000
xim,-94.902686542837,67.097313457163,1000
dzo,-88.93361893039037,77.06638106960963,1000
uvi,-63.77217979459732,36.22782020540268,1000
dyl,-75.84131445580765,16.15868554419236,1000
keq,-79.04485891631892,46.955141083681085,1000
ojc,-25.2377131569091,50.7622868430909,1000
qll,-3.2725761212020474,2.7274238787979526,1000
vfz,-77.12755599703661,89.87244400296339,1000
bnj,-83.41553687557307,13.584463124426929,1000
clm,-59.02478870089955,94.97521129910045,1000
cbi,-83.86267419398176,88.13732580601824,1000
zua,-73.50925652135854,51.49074347864147,1000
lkz,-97.07127622475097,72.92872377524903,1000
pfs,-73.59576078767614,57.404239212323866,1000
akk,-29.785859498574176,58.214140501425824,1000
fla,-15.274773683249856,17.725226316750145,1000
frk,-32.59547313547984,19.404526864520154,1000
syw,-65.85777448317582,24.14222551682419,1000
zng,-21.34079380551117,24.65920619448883,1000
sbx,-54.350630123077046,17.649369876922954,1000
xcb,-50.03369584422258,45.96630415577742,1000
xqv,-7.251988538263961,81.74801146173604,1000
afl,0.8972540768708513,65.89725407687085,1000
pjv,-93.30417186614802,18.695828133851972,1000
vbb,-33.56309286095544,86.43690713904456,1000
xjc,-79.20285372217747,52.797146277822534,1000
jif,-8.811025340693737,59.18897465930626,1000
pja,-6.502978904521685,49.49702109547832,1000
trs,-81.41960860243435,49.58039139756565,1000
shs,-77.86308698537158,24.136913014628416,1000
jqv,-74.19448167338528,53.80551832661472,1000
sxr,-87.54071221046762,85.45928778953238,1000
swc,-29.89673435455232,83.10326564544768,1000
tyj,-72.86325123986785,76.13674876013215,1000
qqs,-3.385602197374289,77.61439780262572,1000
uyx,-29.34860257536681,82.65139742463319,1000
teu,-76.51952501865672,91.48047498134328,1000
kva,-93.47672165637644,96.52327834362356,1000
fzl,-19.37703906652855,29.62296093347145,1000
udd,-24.65009924561872,65.34990075438128,1000
exd,-28.563474068828135,61.436525931171865,1000
gvn,-56.92120936723727,90.07879063276273,1000
sqo,-20.40739911329919,65.59260088670081,1000
idd,-4.295277941236652,73.70472205876335,1000
edk,-54.63357749529409,45.36642250470591,1000
otz,-29.711975445527663,54.28802455447234,1000
lzq,-44.49119190212072,22.50880809787928,1000
zay,-94.72829917885774,84.27170082114226,1000
ifp,-2.6341969286193927,26.365803071380608,1000
fij,-37.45661191997115,95.54338808002885,1000
unt,-52.015530191072294,39.984469808927706,1000
axc,-75.55592501440375,49.444074985596245,1000
atl,-33.320289469407705,82.67971053059229,1000
wge,-48.620426397341696,41.379573602658304,1000
hzj,-13.777784989800216,46.22221501019978,1000
fyr,-28.28180425874323,12.71819574125677,1000
mdv,-90.82641339804753,93.17358660195247,1000
tzq,-54.84269382165691,79.15730617834309,1000
psz,-27.15778598887727,27.84221401112273,1000
iib,-32.76711072767316,56.23288927232684,1000
jew,-6.2052887001158386,60.79471129988416,1000
eqg,-16.86602538911653,72.13397461088347,1000
lvn,-48.73515387451141,72.26484612548859,1000
upo,-57.37107802666931,55.62892197333069,1000
ubx,-13.292713852873437,6.707286147126562,1000
rsi,-49.14959687761388,46.85040312238612,1000
kig,-38.79131842344174,40.20868157655826,1000
lhh,-69.65176200852972,7.348237991470288,1000
jpv,-16.392151280302354,16.607848719697646,1000
czh,-40.3505388485371,73.6494611514629,1000
jnt,-93.97970951742165,28.020290482578346,1000
bes,-95.05763424124339,47.9423657587566,1000
aln,-20.038026844944184,40.961973155055816,1000
yoy,-79.88658213852437,53.11341786147562,1000
ijf,-15.22761396679277,61.772386033207226,1000
stm,-40.99084371696432,28.009156283035676,1000
xzt,-70.87505873716161,17.124941262838384,1000
lxg,-48.24273318633128,41.75726681366872,1000
bmb,-6.127977035862194,31.872022964137805,1000
vso,-6.213402407626988,57.78659759237301,1000
vjy,-4.015402527061692,95.9845974729383,1000
vev,-56.88590483584813,12.114095164151868,1000
int,-74.5338652414774,53.4661347585226,1000
dan,-52.665168881333564,43.334831118666436,1000
toq,-84.06263017727115,92.93736982272885,1000
mek,-79.00283931354276,13.997160686457237,1000
brc,-10.159644042390369,3.840355957609631,1000
dmq,-54.64870224018312,61.35129775981688,1000
oay,-79.32837310032998,60.67162689967002,1000
etb,-1.9658731197029438,11.034126880297057,1000
aze,-81.51503970322256,3.4849602967774453,1000
lmy,0.044815177934016126,47.04481517793402,1000
oxq,-77.88467875536281,69.11532124463719,1000
svz,-58.51720078805322,29.482799211946777,1000
ent,-23.82426722281497,43.17573277718503,1000
inv,-1.5791535089504185,86.42084649104959,1000
ipp,-68.67212448368053,91.32787551631947,1000
bhg,-47.43573178616652,64.56426821383347,1000
ssi,-2.47687383451223,67.52312616548777,1000
pjm,-21.841927941017417,68.15807205898258,1000
eul,-51.19405764191839,93.80594235808161,1000
spj,-73.66249618605916,7.337503813940848,1000
cck,-91.52079363416586,9.479206365834148,1000
jlt,-55.17490123249373,35.82509876750627,1000
ukd,-77.97582959712256,9.024170402877447,1000
kgw,-89.27688280628192,40.723117193718075,1000
zma,-60.12094296614554,53.87905703385446,1000
idq,-67.3901624200798,43.60983757992019,1000
jpi,-80.42129923252881,66.57870076747119,1000
ngr,-47.94931727747867,27.05068272252133,1000
adp,-51.45138080713015,25.548619192869847,1000
ieh,-13.152160240167639,46.84783975983236,1000
dsj,-6.7413448235831455,28.258655176416855,1000
kbr,-43.10475782077185,20.895242179228152,1000
ihk,-18.985894671082747,17.014105328917253,1000
fye,-43.241408911830575,57.758591088169425,1000
peg,-10.895401631492378,85.10459836850762,1000
wgo,-66.8241682752347,9.175831724765304,1000
nof,-12.517748754494509,48.48225124550549,1000
xyk,-17.11742922268838,6.88257077731162,1000
xnk,-82.32043199383651,7.679568006163497,1000
ssu,-96.14596590652849,89.85403409347151,1000
zad,-88.81675921561022,3.183240784389788,1000
kuy,-49.82107173225732,40.17892826774268,1000
wzk,-39.73010948781448,4.269890512185521,1000
gch,-67.88082202729146,73.11917797270854,1000
fmf,-4.55234140135188,25.44765859864812,1000
cup,-55.31842584026087,38.68157415973913,1000
too,-67.37499993511875,91.62500006488125,1000
pnl,-32.480377687967845,28.51962231203216,1000
oam,-74.77885331315451,43.221146686845486,1000
pis,-15.622652971836716,29.377347028163282,1000
vhv,-20.196480497678213,93.80351950232179,1000
ibm,-17.94583417297457,62.05416582702543,1000
kdt,-16.844677053977296,3.1553229460227032,1000
rdo,-18.074001687125808,59.92599831287419,1000
bqu,-64.29958231756066,49.70041768243933,1000
puq,-73.82369073040338,10.17630926959662,1000
jyp,-29.877492186883902,51.122507813116094,1000
prn,-66.66308120994495,78.33691879005505,1000
jlj,-97.59377164459923,0.40622835540076974,1000
fla,-33.789955403600544,55.210044596399456,1000
uqi,-34.59791027432675,98.40208972567325,1000
nia,-43.51366679266624,93.48633320733376,1000
bpz,-35.01954887510986,60.98045112489014,1000
mak,-68.90033369654209,29.099666303457905,1000
evl,-70.65624222430615,46.343757775693845,1000
tzq,-13.954673923180346,9.045326076819654,1000
ttj,-49.9543946157702,45.0456053842298,1000
skb,-64.76804017873886,91.23195982126114,1000
iqd,-90.12236383899145,11.877636161008553,1000
kwd,-70.95681678764737,88.04318321235263,1000
gcr,-70.65485375457689,36.3451462454231,1000
sct,-62.705698514106786,81.29430148589321,1000
naf,-39.83095704376197,10.169042956238032,1000
rkj,-58.13593099017618,16.864069009823822,1000
dbg,-59.703730613913066,76.29626938608693,1000
foh,-62.32214271371376,78.67785728628624,1000
fux,-14.800440719627506,20.199559280372494,1000
ets,-64.81684852404695,28.18315147595306,1000
zpd,-68.5309914517176,12.469008548282407,1000
uvo,-33.77993987646713,15.22006012353287,1000
yrl,-12.734626617339456,88.26537338266054,1000
jac,-34.882285241087416,89.11771475891258,1000
nch,-55.71189247359523,55.28810752640477,1000
qcv,-30.73627041524831,67.26372958475169,1000
bpb,-9.980233263258,82.019766736742,1000
dsr,-72.84646128316005,62.15353871683995,1000
msd,-26.8851986967424,48.1148013032576,1000
cbu,-49.323750624845495,79.6762493751545,1000
fov,-40.08473069649949,19.915269303500512,1000
miq,-25.15283970054569,69.84716029945432,1000
upn,-24.714869919775825,78.28513008022418,1000
vtb,-52.5945044774407,26.405495522559296,1000
szu,-95.8516792460419,94.1483207539581,1000
lot,-43.13617281872433,98.86382718127567,1000
jdv,-40.42595600511057,98.57404399488944,1000
pcr,-53.306892886797726,83.69310711320227,1000
woj,-24.38032876434004,68.61967123565996,1000
enf,-10.047887268201025,39.95211273179898,1000
mbw,-0.6321063126150268,89.36789368738498,1000
nsx,-47.93458146813486,2.0654185318651384,1000
bff,-94.08827340366173,48.91172659633827,1000
nno,-93.91587050356785,23.084129496432155,1000
kjp,-18.52427197023693,90.47572802976306,1000
ivl,-24.39053816054448,86.60946183945552,1000
ypr,-40.83091994433966,64.16908005566033,1000
cga,-82.90567017263584,86.09432982736416,1000
hcb,-8.80830039680971,22.19169960319029,1000
bjl,-39.41264985736965,70.58735014263036,1000
ama,-38.817633606920026,78.18236639307997,1000
bsf,-65.00040153276196,58.999598467238044,1000
lol,-3.0028011628604236,57.99719883713958,1000
yqv,-77.81643605076513,94.18356394923487,1000
nku,-41.75689022204948,51.24310977795052,1000
cuy,-40.98569952799151,21.014300472008493,1000
fky,-92.48818530210904,31.511814697890955,1000
dyj,-64.59536468128394,11.404635318716062,1000
kpy,-2.8866394413779237,84.11336055862208,1000
hch,-59.33694865028169,62.66305134971831,1000
usp,-97.68126322507716,70.31873677492284,1000
ilt,-21.24882051387439,84.75117948612561,1000
ian,-77.33222957780445,25.667770422195552,1000
van,-17.056284786960703,58.9437152130393,1000
rvy,-46.885024550067996,84.114975449932,1000
vqr,-36.66671234602963,16.33328765397037,1000
avv,-41.62689123366273,95.37310876633727,1000
aki,-47.899780603778204,13.100219396221794,1000
gdz,-17.54989347532204,80.45010652467796,1000
sxm,-13.968994470266406,17.031005529733594,1000
vwc,-91.64157525837904,14.35842474162097,1000
fvb,-31.36686046547607,12.633139534523933,1000
xeu,-29.55447148458698,20.44552851541302,1000
kxf,-32.73604896372265,12.263951036277348,1000
ksx,-49.86776269634689,2.1322373036531115,1000
jhl,-71.95312818809025,18.04687181190976,1000
tcj,-13.926180185253902,33.073819814746095,1000
rud,-20.423590113450633,25.576409886549367,1000
bsq,-37.14666930509652,4.853330694903475,1000
qxn,-82.59560701261832,10.404392987381682,1000
mpg,-25.868546990830154,13.131453009169846,1000
rgp,-2.150022310240702,72.8499776897593,1000
hpe,-19.682484322787747,73.31751567721226,1000
ylj,-36.85706703934352,10.142932960656479,1000
ucl,-71.52492586645455,65.47507413354545,1000
xpp,-35.51872757754147,36.48127242245853,1000
