dsh,-64.94235513094976,25.05764486905023,100
wqz,-86.83608451314811,2.1639154868518955,100
rtp,-6.619305371471318,13.380694628528682,100
gdd,-8.522328925512895,13.477671074487105,100
pmt,-40.197221835942194,41.802778164057806,100
sug,-97.68637771079744,96.31362228920256,100
ktn,-21.580993848843345,44.41900615115666,100
ogt,-26.8511276201863,10.148872379813701,100
nmf,-43.24690848700428,28.753091512995717,100
gyg,-77.81642870459709,1.1835712954029172,100
egi,-71.43496158055811,30.565038419441887,100
zlv,-1.1306507685079703,21.86934923149203,100
fme,-84.43734301400167,96.56265698599833,100
qbb,0.7734696940455527,76.77346969404556,100
ghb,-41.75969428559157,56.24030571440843,100
rnu,-71.34158627228942,49.65841372771059,100
lfy,-22.768574465962065,57.23142553403794,100
tpf,-39.934556643422276,85.06544335657773,100
snl,-1.902139412260226,38.097860587739774,100
nmh,-10.091596379079377,43.90840362092062,100
vjr,-46.52865594889994,39.47134405110006,100
ggu,-84.05587022759137,12.944129772408628,100
eqt,-92.59083891429238,43.40916108570763,100
dzp,-41.084545844888794,77.9154541551112,100
fae,-68.87851716868224,43.12148283131776,100
qss,-45.44050362984147,3.559496370158528,100
oxt,-49.34358055517217,62.65641944482783,100
two,-35.00244605164914,54.99755394835086,100
jdu,-32.37051737128669,98.6294826287133,100
ijt,-73.83471995337179,67.16528004662821,100
flr,-91.67827051405982,75.32172948594018,100
wzt,-10.493859313546407,89.50614068645359,100
wyf,-80.49143632817105,85.50856367182895,100
lwi,-22.076976128185912,88.92302387181408,100
vlm,-84.93195628040213,6.068043719597869,100
bch,-73.47269409842895,91.52730590157105,100
hhg,-53.078727647505914,61.921272352494086,100
hlt,-36.9477789587677,92.0522210412323,100
quw,-26.551895436781713,10.448104563218285,100
sqo,-26.41449770182661,39.58550229817339,100
mzx,-26.123236574491216,30.876763425508784,100
qmj,-34.55320166504179,16.44679833495821,100
bkd,-76.72615541836333,88.27384458163667,100
vhz,-66.7092435229259,11.29075647707409,100
cal,-45.005329124903284,63.994670875096716,100
jpw,-15.172107920887298,2.8278920791127025,100
ibf,-30.42672284664066,92.57327715335934,100
ikr,-36.206946549867084,46.793053450132916,100
esb,-74.14006983790189,93.85993016209811,100
osc,-72.96825659502628,45.03174340497372,100
ruo,-77.72061537618134,39.27938462381866,100
xaf,-90.67757405134296,1.3224259486570364,100
klx,-77.68292739533605,86.31707260466395,100
ngj,-43.859773421618335,45.140226578381665,100
hek,-29.145784134089716,93.85421586591029,100
bil,-41.869816883174124,44.130183116825876,100
arg,-37.791225637032575,31.20877436296742,100
nax,-68.78812996122971,79.21187003877029,100
wdg,-14.883671259649097,72.11632874035091,100
zoh,-51.51858107803663,22.481418921963368,100
cjs,-5.851652788800429,11.148347211199571,100
cqi,-95.14210470521226,36.85789529478773,100
hsy,-70.12692374265154,66.87307625734846,100
wuy,-37.481283808054116,98.51871619194588,100
ijb,-85.29623779931501,98.70376220068499,100
emk,-10.639172661421265,15.360827338578735,100
ofx,-85.3569634518235,96.6430365481765,100
zhx,-42.536658270790035,39.463341729209965,100
iwz,-87.34789914388193,66.65210085611807,100
fsx,-3.507303710398184,95.49269628960181,100
ejv,-82.7941850462758,78.2058149537242,100
sgz,-51.65571838053216,34.34428161946784,100
oop,-24.066084023456305,39.933915976543695,100
bwi,-8.820370357067008,9.179629642932992,100
tbn,-8.931177882434334,14.068822117565666,100
swl,-12.676612084500759,42.32338791549924,100
fuk,-23.158191539320455,12.841808460679543,100
nnk,-28.23407026689401,32.76592973310599,100
wnb,0.6870058421642212,34.68700584216422,100
ced,-86.76429883516936,49.23570116483065,100
zxb,-58.3645208903003,9.635479109699702,100
dhl,-92.87423349638814,18.125766503611857,100
lrb,-82.56303240229151,62.43696759770848,100
rtu,-2.2910520193921062,6.708947980607894,100
dof,-56.620589351861085,24.379410648138915,100
xhu,-84.4658271886853,34.534172811314704,100
jgq,-97.63592468854796,57.364075311452034,100
uwm,-15.780658732621095,3.2193412673789044,100
cop,-89.45012080904247,55.549879190957526,100
aga,-46.985401212771336,20.014598787228664,100
orw,-49.40036001256905,95.59963998743095,100
rug,-84.14997764249324,18.850022357506752,100
met,-27.31981170932602,63.680188290673975,100
krs,-29.654863111294212,38.34513688870579,100
qom,-58.88782169716357,52.11217830283643,100
wpw,-46.33899634256677,86.66100365743323,100
rod,-22.582955545100674,37.417044454899326,100
kau,-68.8209291944802,65.1790708055198,100
mpq,-25.532042740088052,96.46795725991194,100
bml,-55.91946555866848,49.08053444133152,100
uwh,-28.111343132607747,34.88865686739226,100
arc,-26.54557377568661,78.4544262243134,100
mjg,-38.12713183484959,2.8728681651504084,100
nkp,-6.406619290527778,64.59338070947223,100
gdc,-59.46607084985858,23.533929150141418,100
spm,-89.02626427662867,50.97373572337133,100
qdn,-3.065072421488581,69.93492757851142,100
bdg,-16.46503253074548,63.534967469254525,100
frs,-97.70944390105808,47.29055609894192,100
wvr,-78.8386538179607,97.1613461820393,100
zvh,-16.4886893114069,87.5113106885931,100
ayb,-67.94001413700855,8.05998586299145,100
kkc,-78.69099887198523,73.30900112801477,100
kyj,-89.5244062917362,26.47559370826381,100
cjj,-53.65648611093675,23.34351388906325,100
afm,-68.38268624057261,30.617313759427393,100
xnm,-49.498770629546506,5.501229370453497,100
bgl,-5.496688956354545,83.50331104364545,100
oba,-64.49885497619768,16.50114502380232,100
ckc,-42.621537956923056,10.378462043076945,100
vtk,-60.65278809470952,8.34721190529048,100
edc,-52.11053806049236,63.88946193950764,100
nfb,-81.41709620235392,44.58290379764608,100
qrx,-42.70093225369712,72.29906774630288,100
tkx,-13.953099175207193,79.0469008247928,100
mew,-15.880648177050988,15.119351822949012,100
vts,-37.280407428098385,14.719592571901616,100
iwr,-75.65755202670357,75.34244797329643,100
chk,-35.408443982437745,87.59155601756225,100
fik,-89.21180829925073,87.78819170074927,100
rxk,-55.46741540336747,11.532584596632532,100
ruj,-6.224680098310585,38.775319901689414,100
yuo,-67.14952565316429,48.85047434683572,100
rix,-44.23799913616292,15.762000863837084,100
klh,-9.763007883526518,71.23699211647349,100
qne,-21.20605695229701,54.79394304770299,100
ujm,-33.47263093185174,39.52736906814826,100
keh,-19.25342159592096,3.7465784040790426,100
zut,-46.15581087066665,87.84418912933334,100
gwy,-92.61289054473393,27.387109455266064,100
suq,-32.271056532718994,8.728943467281006,100
ftm,-42.734349354850565,73.26565064514944,100
whm,-91.96947775157768,4.030522248422316,100
khn,-17.952327581960244,17.047672418039756,100
zff,-48.48310838009412,89.51689161990588,100
fxe,-79.55068091154769,82.44931908845231,100
frx,-60.814620023735074,77.18537997626493,100
adl,-73.79457793221634,86.20542206778366,100
enn,-72.70918318294183,7.2908168170581735,100
tdw,-93.76520324972824,96.23479675027176,100
fxz,-95.7439343356656,24.2560656643344,100
amt,-56.010248446962976,24.989751553037024,100
mye,-92.08335068776769,82.91664931223231,100
jdf,-70.99600286474264,1.0039971352573627,100
gvu,-95.1394541437701,71.8605458562299,100
avm,-74.34134999158724,80.65865000841276,100
wnc,-21.42994713147071,50.57005286852929,100
jdk,-57.41618960136512,64.58381039863488,100
lml,-45.068352409726124,8.931647590273872,100
krj,-27.012634423035617,5.9873655769643825,100
qcd,-72.51752490541432,5.482475094585681,100
odx,-51.20382792389916,98.79617207610083,100
spg,-26.412440511156237,37.587559488843766,100
tzr,-70.09573184901257,3.904268150987436,100
ekf,-15.34629922248056,8.65370077751944,100
hvr,-6.0478678727852335,31.952132127214767,100
ore,-76.34531411546524,79.65468588453476,100
udz,-9.094480010988137,81.90551998901186,100
zox,-49.04675018583567,19.95324981416433,100
ynn,-14.413005294662867,32.58699470533713,100
klk,-53.34621758625032,88.65378241374968,100
quq,-56.21296787386209,92.78703212613792,100
uec,-47.603283880422204,65.39671611957779,100
smn,-17.46567888443722,81.53432111556278,100
grq,-0.20925808189424144,30.79074191810576,100
tzg,-47.62204763774872,14.377952362251277,100
pqu,-35.90081721453677,57.09918278546323,100
lha,-97.48719954833736,58.51280045166265,100
bbv,-35.82566986703338,83.17433013296662,100
pji,-67.95517254404433,38.04482745595567,100
bvc,-50.017426148660014,41.982573851339986,100
fbn,-2.8652123688346305,73.13478763116537,100
jlw,-73.33699144325855,37.66300855674144,100
tuo,-50.18677163253368,16.81322836746632,100
nwo,-10.397067535950063,71.60293246404994,100
dxg,0.7365866218306403,58.73658662183064,100
sjr,-39.271917014122145,17.72808298587785,100
ofs,-34.34080162309383,69.65919837690616,100
gyw,-28.416058961058713,97.58394103894129,100
qml,0.0920305247572254,20.092030524757224,100
tby,-13.172994327777467,17.827005672222533,100
egl,-26.761876363111465,59.23812363688854,100
ner,-38.691147157959435,15.308852842040567,100
alt,-55.20278619658029,10.797213803419707,100
ioe,-52.31394647850535,90.68605352149466,100
ovp,-44.404289167229,11.595710832770997,100
dzi,-30.93197634778619,30.06802365221381,100
iyv,-5.3687172961352045,38.6312827038648,100
jch,-72.88541467775099,27.114585322249017,100
clg,-4.080492146120314,29.919507853879686,100
ena,-63.01217341195053,38.98782658804947,100
ydo,-85.56036972589288,63.43963027410712,100
ras,-33.682254443357465,2.317745556642536,100
swd,-73.10310579503457,39.896894204965434,100
wnw,-86.82794404309244,28.172055956907556,100
jlx,-71.24847999294936,95.75152000705064,100
mwm,-51.88859524086539,4.111404759134608,100
krx,-96.8721071134142,95.1278928865858,100
iag,-43.34486302781668,27.655136972183325,100
dhb,-70.01974444939795,33.98025555060206,100
kzo,-20.14325984344553,65.85674015655447,100
biy,-92.25550748107499,90.74449251892501,100
moo,-41.6170989060417,70.38290109395831,100
mok,-71.97147461486088,44.02852538513912,100
bvj,-67.70781769147696,79.29218230852304,100
vzz,-26.213550670317424,69.78644932968257,100
yhg,-46.43187645035077,87.56812354964923,100
jqm,-45.826063456895696,38.173936543104304,100
njl,-15.521335343433853,78.47866465656615,100
jnt,-92.9787744930762,24.021225506923802,100
zct,-84.69865369734534,82.30134630265466,100
yue,-49.10069563328333,72.89930436671666,100
tzo,-61.455915919053325,18.544084080946675,100
szd,-46.07540041645006,25.92459958354994,100
ekb,-94.80715607101227,18.19284392898773,100
anc,-40.11920693520923,44.88079306479077,100
hrr,-48.9302361234834,35.0697638765166,100
vur,-46.16386986721148,50.83613013278852,100
lxx,-81.69562982342869,60.30437017657131,100
okn,-47.74680199139671,34.25319800860329,100
cyt,-85.28561491862664,88.71438508137336,100
ewh,-96.59504034857426,92.40495965142574,100
lmx,-8.634820055884088,1.3651799441159127,100
ctb,-52.52159472285452,26.47840527714548,100
gwr,-73.50358415267871,34.49641584732128,100
blg,-91.24390749039034,96.75609250960966,100
elh,-27.617987791335032,34.38201220866497,100
oqo,-49.10131816597575,51.89868183402425,100
jst,-3.3765563747665874,94.6234436252334,100
phr,-10.146472947618207,24.853527052381793,100
fvg,-18.840261159906568,9.159738840093434,100
omb,-56.823653149671394,73.1763468503286,100
xsc,-66.92430592070654,26.07569407929346,100
krl,-11.060131421157791,65.93986857884221,100
mpi,-67.42749195404303,9.572508045956972,100
pui,-35.33187427037413,18.66812572962587,100
eio,-10.704767674113805,96.29523232588619,100
udc,-51.29220003549387,74.70779996450612,100
gqh,-47.97833911104255,72.02166088895746,100
hhs,-12.083330306446674,10.916669693553326,100
lza,-20.01822097083014,62.98177902916986,100
wnx,-86.22995295721013,3.770047042789866,100
wuv,-88.44002983722002,35.55997016277997,100
usc,-40.00535260278565,58.99464739721435,100
itf,-63.035624821007524,43.964375178992476,100
ppv,-56.63078540421953,50.36921459578047,100
fyg,-72.41544799978018,90.58455200021982,100
onj,-40.64063842362584,82.35936157637416,100
ocv,-18.966020908476732,95.03397909152326,100
alu,0.7958025867299471,94.79580258672995,100
mlb,-74.75014306837116,34.24985693162884,100
nzq,-24.667484921970875,84.33251507802913,100
bfx,-25.396678313197622,28.603321686802378,100
dpr,-75.76859301842877,82.23140698157123,100
nhu,-83.97696348810257,74.02303651189743,100
ifb,-1.3902046597804059,10.609795340219595,100
lnn,-52.89399521558975,48.10600478441025,100
ggn,-51.819129954777125,30.180870045222875,100
zek,-87.56965211863698,10.430347881363016,100
ppm,-92.55752033695106,59.442479663048935,100
bgz,-35.81016383731258,32.18983616268742,100
wap,-70.24996042127404,92.75003957872596,100
zma,-26.71048214354243,14.289517856457572,100
xxo,-55.75733084444437,61.24266915555563,100
zws,-7.537413873187433,92.46258612681257,100
vyu,-40.22345614961706,81.77654385038294,100
vnk,-3.757905967317873,38.242094032682125,100
mwm,-87.88205223771429,21.117947762285713,100
kjj,-4.033690584405584,75.96630941559441,100
jtr,-18.273380641535834,91.72661935846416,100
eod,-29.384200452898224,46.61579954710177,100
kwi,-12.257120665895524,90.74287933410447,100
icv,-47.46003120198659,67.53996879801342,100
edj,-42.3510227085801,1.648977291419893,100
xoy,-29.581954872673474,93.41804512732652,100
nsn,-65.23954501400185,71.76045498599815,100
jwr,-27.000827835645204,9.999172164354796,100
ccq,-20.808356300341195,37.191643699658805,100
off,-67.93899807089878,5.0610019291012165,100
iae,-40.754148334926185,97.24585166507381,100
wan,-29.20276736501434,67.79723263498566,100
gdg,-69.35253387144442,21.64746612855558,100
bui,-81.40124014054804,49.59875985945196,100
eus,-67.01999375732056,77.98000624267944,100
koe,-61.62284401338143,81.37715598661858,100
ujk,-80.50243036990345,98.49756963009655,100
zwi,-33.48638659155679,33.51361340844321,100
rjk,-9.729664555844522,64.27033544415548,100
zpf,-18.971447442899326,9.028552557100673,100
hdb,-29.16440471692126,77.83559528307875,100
ehp,-74.78741727633961,33.21258272366039,100
wib,-3.9916846650907263,0.008315334909273608,100
dro,-32.453704677098315,50.546295322901685,100
kox,-75.6073707242989,36.392629275701104,100
zsg,-64.07916508233232,83.92083491766768,100
hew,-30.29818127955684,3.7018187204431605,100
jkb,-29.05377932141721,69.94622067858279,100
hns,-50.09743886694904,14.90256113305096,100
tye,-73.6968017514067,9.30319824859331,100
wae,-36.62990550540094,32.37009449459906,100
tzy,-70.83700499701148,12.16299500298852,100
rsu,-67.47361713533269,45.526382864667305,100
jjm,-16.403561691513136,8.596438308486864,100
rxc,-27.968748134443995,31.031251865556005,100
pqi,-31.79796316548831,8.202036834511691,100
ble,-92.34782651122161,4.652173488778389,100
prn,-27.447964019924775,87.55203598007523,100
ezh,-88.47859058021552,45.521409419784476,100
khu,-39.25296012879448,16.747039871205523,100
sco,-0.6644501326138487,97.33554986738615,100
uvs,-25.712542895837014,21.287457104162986,100
jkz,-77.29588181074226,40.70411818925774,100
hql,-3.3780832228393596,32.62191677716064,100
pvn,-44.36444893751855,81.63555106248144,100
mle,-74.97785900139209,61.0221409986079,100
dxz,-74.2585179108233,31.741482089176696,100
ndo,-25.527408155049983,45.47259184495002,100
rlt,-7.470436382929252,90.52956361707075,100
kyd,-28.402355536439124,91.59764446356088,100
tfi,-65.52959366893147,19.470406331068535,100
vjq,-10.271589825846641,72.72841017415335,100
xbd,-87.17095398376928,26.82904601623072,100
zqa,-1.7735811501531806,48.22641884984682,100
lqm,-12.702328123440273,68.29767187655973,100
prv,-97.41241200745696,46.58758799254303,100
cpe,-51.14758920502466,69.85241079497534,100
xlv,-93.67892481674326,91.32107518325674,100
nbv,-11.035344433436222,0.9646555665637773,100
mmc,-35.19858483441075,40.80141516558925,100
qqh,-44.244012629186585,89.75598737081341,100
ica,-66.36798456714588,4.632015432854118,100
lht,-50.02157046161016,13.978429538389843,100
rco,-95.49793053103122,82.50206946896878,100
lpo,-83.14848953910428,7.851510460895717,100
qax,-81.01109125287095,90.98890874712905,100
shv,-3.2610914018236765,45.73890859817632,100
vwk,-53.107359775281786,77.8926402247182,100
dyl,-49.442263033306546,80.55773696669345,100
bdz,-89.10036462467085,70.89963537532915,100
mfk,-83.27590367374609,4.724096326253913,100
ruf,-29.764284192862238,21.235715807137762,100
uzr,-4.9823348544117865,44.01766514558821,100
jha,-31.678729218516057,21.321270781483943,100
ajt,-56.869409163585,59.130590836415,100
xfc,-3.3244641245107935,20.675535875489206,100
mrm,-89.29276797567213,81.70723202432787,100
vaq,-66.90259967258234,65.09740032741766,100
koj,-38.99226903759967,91.00773096240033,100
rii,-28.372046863728364,18.627953136271636,100
vxy,-36.906394040335506,85.09360595966449,100
jyt,-50.95513284786375,61.04486715213625,100
grk,-80.8980420079015,24.101957992098498,100
xym,-67.63834515254236,66.36165484745764,100
ueg,-56.709882732557475,82.29011726744253,100
kze,-96.76470123211926,59.23529876788074,100
ogi,-68.19035358764835,63.809646412351654,100
lhc,-92.82009083566194,70.17990916433806,100
uga,-8.603385627724487,91.39661437227551,100
wbt,-30.43240078489806,40.567599215101936,100
yxd,-52.766638503530714,30.233361496469286,100
pmx,-44.73936472887042,63.26063527112958,100
eke,-81.10431687986977,39.89568312013022,100
ufj,-43.24059299464155,5.759407005358446,100
mch,-23.240818003683646,53.75918199631635,100
fdi,-60.02330138959913,51.97669861040087,100
fih,-72.89705741079149,82.10294258920851,100
ahi,-20.626084458902135,83.37391554109786,100
ach,-20.443102093899935,4.5568979061000645,100
tbw,-72.43224291325866,86.56775708674134,100
gnj,-15.29480613931442,74.70519386068558,100
qno,-90.9853861846867,43.01461381531329,100
sac,-51.38460386733916,41.61539613266084,100
qrk,-54.584222298576535,79.41577770142347,100
yym,-32.37551251992442,77.62448748007559,100
bxz,-29.5799357674249,15.4200642325751,100
ona,-20.041947733384443,12.958052266615558,100
isw,-80.0791500042074,82.9208499957926,100
tgj,-59.38404511252667,56.61595488747333,100
jnh,-25.940648600966544,45.05935139903346,100
njk,-11.897828633233097,87.1021713667669,100
yve,-19.94902174636326,22.05097825363674,100
odp,0.7095045794089003,10.7095045794089,100
ceg,-36.802980318878106,68.1970196811219,100
bpv,-0.3228503174537911,87.67714968254622,100
sza,-5.769105653127932,74.23089434687206,100
yfc,-86.79721001935535,87.20278998064465,100
qlx,-41.86913193739558,53.13086806260442,100
npn,-52.42588462953181,33.57411537046819,100
iak,-61.300325333242625,85.69967466675737,100
vna,-8.081270331121972,37.91872966887803,100
yoh,-34.48304357683694,38.51695642316306,100
vfn,-83.39080633730391,21.609193662696082,100
tqm,-15.622456958152148,39.37754304184785,100
nvo,-18.914046712957052,48.08595328704295,100
wet,-68.59840409425836,48.401595905741644,100
sku,-93.49922955719818,37.50077044280183,100
gnb,-79.3746632575657,31.625336742434296,100
xnh,-24.975008360635638,59.02499163936436,100
tej,-91.4249533373413,17.575046662658707,100
rxe,-32.54242440636849,45.45757559363151,100
pwq,-73.75357355957252,22.24642644042748,100
fne,-16.12112638555291,37.87887361444709,100
xzf,-21.562656243638678,44.43734375636132,100
xol,-8.812263346028319,33.18773665397168,100
ejh,-66.10359456273017,41.896405437269834,100
mye,-24.114955271071466,81.88504472892853,100
ick,-93.87985016703564,10.120149832964353,100
doc,-74.95832121165242,75.04167878834758,100
fdb,-5.811725403677773,89.18827459632223,100
mis,-16.64907426414761,0.3509257358523886,100
vli,-66.04623733469418,12.953762665305815,100
rje,0.5188234286837698,26.51882342868377,100
nes,-13.843681484620976,32.15631851537902,100
zxr,-15.053172527615303,77.9468274723847,100
fdn,-52.9654922926432,50.0345077073568,100
uqy,-43.85862925429423,81.14137074570577,100
fog,-87.26359461419223,68.73640538580777,100
rsi,-33.25218223551406,88.74781776448594,100
psd,-4.340017637966077,46.65998236203392,100
qhl,-87.19495822490693,12.80504177509307,100
jxh,-12.637912663037955,55.36208733696204,100
ybq,-53.75728985581854,40.24271014418146,100
zkt,0.3783979031567847,2.3783979031567846,100
owh,-72.64262177299986,8.357378227000142,100
iwv,-18.437598308350093,66.56240169164991,100
zsw,-64.71028437089363,5.289715629106369,100
odu,-77.40282936025461,72.59717063974539,100
uso,-55.598176046603285,14.401823953396711,100
yww,-90.7265885656051,72.2734114343949,100
jrg,-31.674699827008585,12.325300172991414,100
ong,-83.05012610311339,84.94987389688661,100
hto,-76.57426343391462,48.42573656608537,100
sut,-90.08390628870293,57.91609371129707,100
swo,-93.70811021212306,82.29188978787694,100
lbl,-48.4721856084567,8.527814391543306,100
lvb,-79.15331945038123,88.84668054961877,100
evw,-21.219618756199733,58.78038124380027,100
bzn,-23.645278146558606,61.3547218534414,100
yxi,-5.484743572946132,74.51525642705387,100
gwv,-73.91120224562381,45.08879775437618,100
ikd,-63.382984441642314,62.617015558357686,100
snt,-31.176279298060788,86.82372070193921,100
hmr,-25.806196201373073,65.19380379862693,100
eee,-44.93945228439389,8.060547715606111,100
ese,-35.329290136115986,18.670709863884017,100
opg,-73.66524202912234,88.33475797087766,100
ajj,-78.4031883567672,19.596811643232797,100
bpz,-7.5506642913593724,53.449335708640625,100
ace,-48.14355391783893,58.85644608216107,100
xzw,-66.46368154539778,45.53631845460223,100
xbd,-2.4760361240394877,69.52396387596052,100
oou,-81.95601532981104,26.04398467018897,100
ffm,-63.21883873999793,43.78116126000207,100
hkm,-31.1542643137912,5.845735686208802,100
psa,-24.248770557832575,15.751229442167423,100
ecn,-55.433685831610845,59.566314168389155,100
xym,-89.428387496745,17.571612503255,100
npo,-24.06059047608637,4.9394095239136275,100
rwo,-57.214625847634345,52.785374152365655,100
xvv,-90.11505632818529,75.88494367181471,100
zix,-5.14039118325904,70.85960881674096,100
vxh,-20.772472993592437,44.22752700640756,100
uci,-53.76111819305447,13.238881806945525,100
xlt,-37.56883403363827,16.431165966361736,100
jar,-18.026077065155732,23.973922934844268,100
udf,-90.79257092906627,76.20742907093373,100
ytr,-85.07852355116754,72.92147644883246,100
soc,-82.29616147772907,42.703838522270935,100
alw,-49.09698411175527,6.903015888244733,100
eca,-4.899792745825571,55.10020725417443,100
jov,-5.4591808137016145,75.54081918629838,100
qtz,-65.17162336030398,98.82837663969602,100
ykp,-70.70699883964379,0.2930011603562086,100
onw,-80.45975879703461,1.5402412029653858,100
klt,-97.9362190152755,69.0637809847245,100
xdf,0.09583641184660441,0.09583641184660441,100
mzo,0.592696708428326,44.59269670842833,100
lpe,-9.352307719387719,60.64769228061228,100
jea,-29.527400510622744,56.47259948937726,100
vtd,-23.906772041613486,73.09322795838652,100
bes,-12.812812664207428,16.187187335792572,100
bpz,-55.413392102961744,36.586607897038256,100
bgu,-87.10485492000166,91.89514507999834,100
ibg,-43.139608819651365,33.860391180348635,100
zei,-82.69065914840608,75.30934085159392,100
goa,-44.892571971852455,34.107428028147545,100
ree,-26.234661292796158,52.765338707203846,100
rpd,-8.554089494816983,14.445910505183017,100
ion,-63.11994806117793,90.88005193882206,100
dpv,-90.86998618447309,37.1300138155269,100
pel,-26.018016638913046,83.98198336108696,100
