izq,-17.955009079463164,74.04499092053683,25
ayg,-92.68537355963694,35.31462644036305,25
dyx,-82.04308668799221,17.956913312007778,25
gqd,-86.96861943946294,98.03138056053706,25
rio,-70.18266308564255,89.81733691435745,25
tgz,-77.47890201168286,71.52109798831714,25
lji,-39.89586355523918,66.10413644476081,25
toc,-25.860073326442006,82.139926673558,25
dvy,-26.249171173795833,27.750828826204167,25
fvg,-26.522686613976127,64.47731338602388,25
qxo,-66.57200218391093,17.427997816089075,25
pgw,-7.311975226165615,27.688024773834385,25
exc,-29.862301295959735,98.13769870404026,25
boh,-66.67112481030304,74.32887518969696,25
uep,-47.759618531631446,5.240381468368551,25
tyb,-38.62338877519261,42.37661122480739,25
xzn,-87.04717149077341,49.9528285092266,25
yvr,-82.4621165715269,70.5378834284731,25
tpi,-14.600227608110433,0.3997723918895659,25
yft,-73.13182480999197,55.86817519000803,25
bpm,-10.753890784364108,49.24610921563589,25
vfw,-83.01365753665873,44.98634246334127,25
aku,-10.979737033405755,77.02026296659425,25
lgs,-7.807528557891814,3.192471442108186,25
rjj,-83.4425643316047,42.5574356683953,25
xww,-25.162472290128793,65.83752770987121,25
xlz,-0.008745809827886863,90.99125419017211,25
fuu,-41.262326556882606,49.737673443117394,25
jup,-70.21466951696247,39.78533048303752,25
cjx,-23.305447491468986,95.69455250853102,25
dbt,-60.84279937817064,89.15720062182936,25
bvg,-66.53530466438043,22.464695335619563,25
ydl,-75.57732206683748,76.42267793316252,25
jae,-55.86944673307974,43.13055326692026,25
aju,-67.09825888580077,75.90174111419923,25
bcz,-69.22694766102886,15.773052338971148,25
ych,-18.860149229736475,67.13985077026352,25
nfk,-57.77597810315919,33.22402189684081,25
kwl,-67.92822356045176,34.071776439548245,25
rqn,-7.734384794926177,78.26561520507383,25
zco,-64.76140997243974,49.23859002756027,25
dkk,-59.229036282114755,50.770963717885245,25
lev,-28.286723190453085,57.71327680954691,25
yqx,-2.9075868484833216,87.09241315151668,25
olr,-38.012302610312325,71.98769738968767,25
jmm,-35.76670291851022,75.23329708148978,25
mpu,-11.979718044903928,64.02028195509607,25
hmb,-14.517415759924736,57.48258424007526,25
mmd,-12.31851678092967,15.68148321907033,25
cfo,-19.840640898406473,65.15935910159352,25
dbd,-34.9058213747721,82.0941786252279,25
kyl,-29.187578769855513,42.81242123014449,25
efy,-5.630540029438558,1.3694599705614414,25
xjq,-52.013005224803386,78.9869947751966,25
xcc,-84.09154559985028,66.90845440014972,25
haf,-16.959623560230536,37.04037643976946,25
xsh,-56.67676364740644,10.32323635259356,25
qih,-49.56510540880569,98.43489459119431,25
uwx,-13.502198867803564,38.497801132196436,25
xwi,-45.91450857073655,10.085491429263447,25
jeg,-55.192208728485184,60.807791271514816,25
dta,-82.98246287034782,47.01753712965218,25
vsp,-0.6962934373520117,24.30370656264799,25
lsm,-47.151938958313295,87.8480610416867,25
ype,-77.57488140090994,89.42511859909006,25
ufs,-10.55163769551143,79.44836230448857,25
epx,-94.1861192703827,82.8138807296173,25
vqk,-56.30632931194107,53.69367068805893,25
tnr,-71.53881303248122,58.461186967518785,25
vnd,-15.309231809175285,90.69076819082471,25
jqz,-58.69581209317004,75.30418790682997,25
vco,-48.08942311847864,67.91057688152137,25
ank,-61.63305772994997,59.36694227005003,25
frg,-11.533026950532845,75.46697304946716,25
lds,-22.890142723817988,51.10985727618201,25
lcs,-19.173107733371207,86.82689226662879,25
mmq,-31.009988873113787,7.990011126886213,25
cao,-4.86541136605471,95.13458863394528,25
lsh,-13.930435069254651,39.06956493074535,25
xhn,-85.52880795923662,92.47119204076338,25
lhv,-81.25564720650502,30.744352793494986,25
psi,-25.169358005648007,4.830641994351994,25
mzt,-19.999798627017924,69.00020137298208,25
rtf,-61.710801720576676,54.289198279423324,25
qti,-96.48922157195541,85.51077842804459,25
utx,-69.14547495403009,44.85452504596991,25
gxr,-42.4548621842502,13.545137815749795,25
gha,-55.48799800552294,56.51200199447706,25
xyw,-64.79329113158313,73.20670886841687,25
bte,-6.536906523587305,29.463093476412695,25
ehg,-4.818079960065065,23.181920039934937,25
vfz,-49.24754041190221,5.752459588097791,25
kxn,-6.829023670580799,83.1709763294192,25
mwb,-85.07836822359668,70.92163177640332,25
afs,-6.155133657069134,52.844866342930864,25
pdt,-25.28452762650814,24.71547237349186,25
jgg,-10.30929150703353,95.69070849296646,25
prw,-45.13242715071179,3.867572849288207,25
xfw,-2.977297958430071,87.02270204156993,25
rxx,-72.35521263312003,67.64478736687997,25
dee,-39.806846507642945,2.1931534923570535,25
wbo,-30.041698819180997,97.958301180819,25
gfi,-3.8622297315308938,63.137770268469104,25
qea,-89.58841415550637,81.41158584449363,25
top,-79.86849862259504,71.13150137740496,25
jdg,-82.29471258994393,48.70528741005608,25
jcl,-6.474861921095826,70.52513807890418,25
eet,-9.50358590075381,85.4964140992462,25
ufp,-76.84196098708652,36.15803901291348,25
vvx,-47.31168603371612,57.68831396628388,25
thl,-91.31171802473416,17.688281975265845,25
ysn,-43.07260073760875,25.927399262391248,25
usq,-34.00975306779289,61.99024693220711,25
jor,-87.79747537783035,94.20252462216965,25
nbb,-54.96524230267482,62.03475769732518,25
ywy,-10.967842371203878,70.03215762879613,25
psf,-1.0208885338559295,71.97911146614408,25
fgo,-27.26888452976154,31.73111547023846,25
qsl,-59.0300460818601,70.9699539181399,25
tga,-38.15468285107499,72.84531714892502,25
jiy,-38.9047435420072,52.0952564579928,25
ksg,-30.34443989093093,6.655560109069071,25
orj,-95.60744748519741,9.392552514802592,25
oss,-26.057027367070233,64.94297263292977,25
dsh,-82.01420842123258,63.98579157876742,25
hme,-74.18641481555953,14.81358518444047,25
pas,-72.26198099114353,51.738019008856476,25
cxi,-53.21655068356718,84.78344931643282,25
zhp,-80.20093147418774,58.79906852581226,25
bmp,-23.95480378246791,94.0451962175321,25
tul,-23.440909518649157,12.559090481350845,25
hty,-96.49463203501506,52.505367964984934,25
dlt,-91.59740791894211,41.4025920810579,25
jzk,-79.55494673140228,38.44505326859772,25
kma,-95.21014606054912,72.78985393945088,25
qyu,-63.45351076883192,71.54648923116808,25
dan,-3.010255297696497,8.989744702303502,25
poz,-43.449284069798075,91.55071593020192,25
exw,-40.141587519295975,59.858412480704025,25
grp,-41.221296741844725,95.77870325815528,25
obe,-25.094515483761885,98.90548451623812,25
tsf,-82.9438398263343,0.056160173665709356,25
doe,-88.22030393132952,94.77969606867048,25
hro,-20.795220270488493,78.2047797295115,25
aam,-8.26473546160489,92.73526453839511,25
qtb,-9.732554576856282,51.26744542314372,25
fan,-18.545751586677312,68.45424841332269,25
zqv,-64.28369263373258,12.71630736626742,25
nzv,-62.1691361063392,78.8308638936608,25
tzk,-49.64561756960396,21.354382430396043,25
dct,-60.025298473285176,97.97470152671482,25
qul,-71.03867633680754,59.96132366319245,25
omp,-34.5499628447191,39.4500371552809,25
qoa,-15.20823717311981,81.79176282688019,25
uey,-86.72453957249796,28.275460427502047,25
zbk,-45.17380296672459,77.82619703327542,25
fzq,-45.1810581643711,73.8189418356289,25
jse,-42.1931442284735,58.8068557715265,25
amn,-24.286676341265192,49.71332365873481,25
mmo,-83.88367298908328,84.11632701091672,25
nwu,-18.877255514877376,82.12274448512262,25
hqg,-90.94353346443009,15.05646653556991,25
zgb,-57.171088990113105,68.8289110098869,25
fai,-35.310713379716624,97.68928662028337,25
uqv,-63.54497684950277,82.45502315049723,25
kxc,-51.68511331084803,27.31488668915197,25
dwj,-59.785145391957414,10.214854608042588,25
vsq,-95.21346555453037,74.78653444546963,25
kut,-82.63243611765002,45.36756388234999,25
avy,-22.03243448686989,32.96756551313011,25
sci,-17.7177732815253,80.2822267184747,25
udj,-9.55636841128336,18.443631588716638,25
hsq,-50.821503931123026,0.17849606887697778,25
qny,0.8783844756676963,14.878384475667696,25
mnj,-39.45908421861486,97.54091578138514,25
vht,-1.6240711445371632,30.37592885546284,25
laf,-38.84423000359001,17.155769996409987,25
lkr,-17.121227615885484,3.8787723841145145,25
qzm,-50.51331326301651,71.48668673698349,25
jnm,-81.13619214488365,16.863807855116345,25
gnh,-17.456214861366906,79.5437851386331,25
jin,-47.20648453988405,0.7935154601159471,25
vnv,-11.928720360242998,5.071279639757002,25
fmv,-48.21008803370154,31.78991196629846,25
awi,-39.72422715163398,88.27577284836602,25
zpp,-86.81560108495104,3.1843989150489542,25
vco,-18.23695408541977,85.76304591458023,25
kby,-24.699169345873692,9.300830654126308,25
brk,-49.051370810229926,47.948629189770074,25
rev,-18.619607478850497,77.3803925211495,25
jhn,-30.151720258642392,83.8482797413576,25
ipi,-77.090239875211,24.909760124789,25
eup,-26.91828141939901,7.081718580600992,25
byn,-38.060386835983124,75.93961316401688,25
lvg,-0.02888200100970406,48.971117998990294,25
epc,-22.460779477916702,19.539220522083298,25
yqg,-25.570716966574125,43.429283033425875,25
rwz,-75.75158482709296,68.24841517290704,25
pbg,-52.32574082417151,54.67425917582849,25
nxq,-81.73640071167962,53.26359928832038,25
lcv,-96.91402153162983,58.08597846837018,25
ysv,-71.44217214560994,51.55782785439005,25
yeg,-91.7508956977274,43.249104302272606,25
azq,-3.6503993483279458,30.349600651672056,25
lvi,-63.42777434799979,9.572225652000217,25
pnq,-48.20417453095335,14.795825469046651,25
pcz,-65.82868080655602,24.171319193443974,25
oqp,-8.103538662270928,8.896461337729072,25
wld,-40.8986893028803,75.1013106971197,25
ghr,-28.942513754684843,79.05748624531516,25
tqy,-6.256076866485523,30.74392313351448,25
zol,-62.35090793374191,95.64909206625809,25
qns,-0.19336548889508776,91.80663451110492,25
dnr,-59.74789413215639,37.25210586784361,25
cfp,-34.62656478994947,92.37343521005053,25
gdw,-72.61918195025947,44.38081804974053,25
wwl,-30.968294237698892,78.0317057623011,25
olu,-5.011574916715677,17.988425083284323,25
bkc,-39.25313291015429,44.74686708984571,25
uit,-94.68582722216517,74.31417277783483,25
ipd,-35.540764645076784,14.459235354923214,25
awz,-32.31081179921984,48.68918820078016,25
jlp,-15.55140918221906,21.44859081778094,25
pcw,-25.793845452817838,48.206154547182166,25
nuh,-68.5660044059755,52.433995594024495,25
hnh,-59.407364270006575,54.592635729993425,25
niz,-54.12318609022378,22.876813909776217,25
dia,-78.52477773063343,92.47522226936657,25
csr,-51.69825568616252,65.30174431383747,25
oxr,-10.504262071826503,72.4957379281735,25
diq,-19.50471609086682,80.49528390913318,25
gti,-94.8180398732352,35.18196012676481,25
pwv,-79.45965568503416,91.54034431496584,25
fvn,-40.81364745084278,92.18635254915722,25
abo,-35.992442781138436,57.007557218861564,25
ezc,-8.51495778879078,91.48504221120922,25
mpq,-31.88469754908018,48.11530245091982,25
cdj,-59.07929225396237,52.92070774603763,25
onp,-26.052907291564868,87.94709270843514,25
upl,-93.50106119804686,8.498938801953141,25
kjq,-26.05791052195126,61.942089478048736,25
brn,-9.733408485215163,34.266591514784835,25
tor,-72.0854748928661,48.91452510713389,25
hvp,-36.638260870540584,38.361739129459416,25
tfo,-19.086359867522905,46.9136401324771,25
bvw,-62.770876360900154,80.22912363909984,25
vrf,-89.24642551766019,61.753574482339815,25
cxh,-53.208104218980296,63.791895781019704,25
diq,-31.49648769770335,47.50351230229665,25
pli,-69.95831863593477,22.041681364065234,25
iqp,-15.731743875904641,82.26825612409536,25
crq,-47.994109503054176,32.005890496945824,25
jhc,-79.20674891277106,86.79325108722894,25
cnf,-61.04384801620305,88.95615198379694,25
zum,-76.3234160460918,36.67658395390821,25
jjj,-19.845593885377177,79.15440611462282,25
hbg,-72.96422414416513,83.03577585583487,25
gtk,-87.72081030460915,40.27918969539085,25
zws,-10.517663897411547,72.48233610258845,25
mwf,-16.615498301366994,97.384501698633,25
pef,-78.84776547173186,1.152234528268143,25
qhn,-86.29525957273178,64.70474042726822,25
axa,-19.08138233768356,93.91861766231644,25
dkn,-89.04631392111612,77.95368607888388,25
eaa,-5.690317716038333,47.30968228396167,25
byb,-44.77760865407033,51.22239134592967,25
eir,-69.05365682235279,26.946343177647208,25
rom,-82.75599844486747,94.24400155513253,25
jhy,-73.31545057991025,42.684549420089745,25
vll,-66.11085048348286,48.88914951651714,25
fca,-78.62710356854394,31.372896431456063,25
ugl,-11.068297611898663,25.931702388101336,25
jhg,-4.453733608417852,26.546266391582147,25
caa,-49.66090457588341,3.339095424116593,25
qxr,-20.69892814120262,12.301071858797377,25
sjf,-43.9266470611358,87.0733529388642,25
qea,-73.86227701437302,60.137722985626986,25
vij,-8.067791399962127,85.93220860003787,25
mlb,-7.698496736428492,82.3015032635715,25
jjn,-62.681380951489764,73.31861904851024,25
saz,-75.45983136475321,71.54016863524679,25
ymx,-18.256937060799505,55.74306293920049,25
vjx,-55.914363834233974,32.085636165766026,25
imp,0.5927599733518883,60.59275997335189,25
wbv,-73.13493498055621,27.865065019443794,25
rxb,-8.581350755470384,54.41864924452962,25
ocy,-41.9677435334204,13.032256466579598,25
xbj,-37.87905621374805,39.12094378625195,25
efw,-72.81273410669502,93.18726589330498,25
day,-86.75149582992793,88.24850417007207,25
cvn,-72.81441409439354,81.18558590560646,25
dwz,-62.658988731988444,67.34101126801156,25
ldu,-43.44404013684442,25.555959863155582,25
vdc,-68.54918367042129,32.45081632957871,25
iun,-43.40262089314717,11.597379106852825,25
ttx,-31.46431524561161,24.53568475438839,25
gxs,-48.444640830538326,69.55535916946167,25
thh,-89.86195331673913,34.13804668326087,25
glr,-23.182873442853996,75.817126557146,25
gac,-80.21007465152793,68.78992534847207,25
akh,-52.799865833000524,16.200134166999476,25
pdx,-30.600050652366964,12.399949347633035,25
bnj,-58.21489848495658,32.78510151504342,25
lpx,-90.66351026376954,57.336489736230455,25
cff,-47.86411593613577,25.135884063864232,25
plq,-89.697284726304,16.302715273695988,25
jon,-56.89358981126161,78.1064101887384,25
usj,-75.2829302627681,42.717069737231895,25
eno,-61.177922977740884,66.82207702225912,25
teg,-36.338467228558144,54.661532771441856,25
ook,-14.853287915345492,54.14671208465451,25
sbp,-39.377838672059795,95.6221613279402,25
aer,-46.78290624844689,84.21709375155311,25
bfg,-71.23213305340644,54.767866946593564,25
pjc,-58.67387833060942,96.32612166939057,25
wga,-0.5757610295097967,4.424238970490204,25
lye,-80.89370158315275,49.10629841684725,25
qij,-59.680285663720106,89.31971433627989,25
den,-95.26605324985782,50.733946750142174,25
abn,-63.439444595348526,61.560555404651474,25
lkz,-67.91875235450865,79.08124764549135,25
hsi,-12.944383970206243,69.05561602979375,25
uzv,-40.227932182518025,42.772067817481975,25
dcs,-26.689581977039555,89.31041802296045,25
odx,-46.59104389216354,89.40895610783646,25
uuh,-65.4322131563336,72.5677868436664,25
tef,-28.122582360953423,61.87741763904658,25
byw,-88.68965626233295,71.31034373766705,25
exe,-42.20732380954935,5.792676190450647,25
gom,-21.85730297482907,11.14269702517093,25
evv,-35.52810436718884,97.47189563281117,25
uea,-88.8144879936328,94.1855120063672,25
rji,-55.891094659261356,66.10890534073864,25
hgd,-70.66055747008653,91.33944252991347,25
vgi,0.49578995146676197,28.49578995146676,25
blb,-50.01013753262028,73.98986246737972,25
nlq,-14.735512043818588,12.264487956181412,25
vpf,-11.422841482859063,96.57715851714093,25
iav,-3.0788531066026392,4.921146893397361,25
vwi,-58.425137155177666,81.57486284482233,25
jqm,-93.96581463331226,39.03418536668773,25
ygw,-89.05755273729753,0.942447262702472,25
hfb,-52.62062919711316,70.37937080288684,25
efp,-12.78935220365887,36.21064779634113,25
eqe,-44.18755838017627,78.81244161982373,25
iwt,-15.124600391389452,44.87539960861055,25
aik,0.26871261433952753,3.2687126143395275,25
ugq,-0.04291798844581829,18.95708201155418,25
mny,-23.61472410337501,86.38527589662499,25
dys,-92.07105300594844,0.9289469940515507,25
dny,-3.6934290925228996,35.3065709074771,25
ied,-26.565643646134756,68.43435635386524,25
asp,-23.220453354620066,8.779546645379936,25
zww,-89.49041641086431,79.50958358913569,25
qvx,-64.70722289873238,48.29277710126762,25
wmn,-70.82515809674219,77.17484190325781,25
ngt,-34.23855688407828,90.76144311592172,25
uww,-93.05333658405756,71.94666341594244,25
qxv,-84.62695037724957,82.37304962275043,25
hra,-13.31719723640834,48.68280276359166,25
jee,-68.17244935267746,72.82755064732254,25
eut,-26.724358217371922,96.27564178262807,25
uae,-23.14074523765771,3.859254762342288,25
hzu,-91.34391106015747,20.65608893984253,25
sio,-16.623754966569376,45.37624503343062,25
xkd,-6.37526180041201,1.6247381995879904,25
chl,-90.27304080666752,2.7269591933324775,25
wfp,-28.42770922712573,8.57229077287427,25
qcq,-14.409571651127093,11.590428348872907,25
pqt,-66.12174248783067,71.87825751216933,25
pss,-30.43695644875232,57.56304355124768,25
xaa,-76.08050694631416,62.91949305368584,25
vbx,-36.600987464156795,53.399012535843205,25
alb,-90.67290254986868,10.327097450131317,25
sbg,-68.36231352833126,1.6376864716687427,25
tyx,-62.83927341065271,13.16072658934729,25
inb,-52.824239104424684,74.17576089557532,25
evz,-83.97838023755769,88.02161976244231,25
tpi,-39.52782794764744,2.472172052352563,25
gly,-15.736757967743596,48.2632420322564,25
acq,-79.30553263775934,6.694467362240659,25
dzp,-29.127669195909803,70.8723308040902,25
fdv,-66.57514304316923,17.424856956830762,25
ngh,-32.79213754409827,64.20786245590173,25
dsg,-65.99949310766503,57.00050689233496,25
ffx,-36.528149344455635,5.471850655544362,25
hlk,-33.632902239531575,29.367097760468425,25
qiz,-15.644982981483157,91.35501701851685,25
ykc,-64.65485222908185,34.34514777091815,25
hdw,-52.957650284705366,67.04234971529463,25
tmi,-10.111768285868347,13.888231714131653,25
rzb,-20.22176523186404,88.77823476813596,25
kag,-58.364756352087106,49.635243647912894,25
yhh,-86.30895226619383,54.691047733806165,25
wpy,-78.89358505085058,39.10641494914942,25
xli,-85.74477724878622,12.255222751213779,25
bqv,-36.69603081567455,75.30396918432545,25
xsf,-61.97614769986082,47.02385230013918,25
ejl,-4.822939653804629,47.17706034619537,25
gux,-83.45211053702654,12.547889462973455,25
wbh,-30.281355603034154,22.718644396965846,25
mmv,-27.21351587760185,90.78648412239815,25
mvi,-95.85930443705622,90.14069556294378,25
hyr,-43.89309969523283,66.10690030476718,25
fsf,-93.2386474915925,87.7613525084075,25
awn,-23.541025759802558,1.4589742401974426,25
ynk,-55.8783609858517,53.1216390141483,25
wst,-10.779604894906491,41.22039510509351,25
lmk,-84.69759230664503,46.30240769335497,25
vkb,-78.26727330315506,67.73272669684494,25
xxv,-28.223932715755172,42.77606728424483,25
eas,-60.06063512485198,74.93936487514803,25
ulx,-25.106824242921565,70.89317575707844,25
qsu,-4.58690907387764,21.413090926122358,25
hti,-74.5376002115899,81.4623997884101,25
bos,-85.10524793078483,97.89475206921517,25
ecu,-53.5792159492536,62.4207840507464,25
wuv,-12.751174509365155,24.248825490634843,25
yvy,-55.291172096337334,54.708827903662666,25
wnw,-53.83988242577572,4.160117574224281,25
nup,-57.26118787098652,95.73881212901348,25
qsa,-47.938265860277475,73.06173413972252,25
sqk,-56.33077164389714,97.66922835610286,25
ade,-32.83964762974843,46.16035237025157,25
omh,-72.489146960235,59.51085303976499,25
jlc,-70.62949902798358,86.37050097201642,25
gnp,-69.10177757335983,47.898222426640174,25
jll,-90.46361162185644,5.536388378143555,25
scs,-53.97231612737561,13.027683872624387,25
und,-46.2645400638076,6.735459936192401,25
pdq,-59.73484730279371,32.26515269720629,25
ewh,-65.84261993643052,78.15738006356948,25
omz,-23.457480523720818,11.542519476279182,25
pdk,-33.22039295513976,27.779607044860246,25
nbv,-86.19856125971991,28.80143874028009,25
zkz,-18.484710451096262,49.51528954890374,25
tsg,-61.702432986084986,45.297567013915014,25
hra,-63.14223532751825,56.85776467248175,25
wfq,-60.23465526329136,42.76534473670864,25
adv,-33.67198136418228,32.32801863581772,25
ujv,-32.97663626837307,71.02336373162693,25
bmp,-40.41061366366298,36.58938633633702,25
dfn,-18.191401404128616,22.808598595871384,25
dvr,-30.09056760344556,12.90943239655444,25
nqb,-20.850371388216075,73.14962861178392,25
eaz,-35.44261151914007,72.55738848085993,25
vtd,-4.065853323547877,79.93414667645212,25
djg,-97.88876686745017,35.111233132549835,25
qve,-86.62222577764274,5.37777422235726,25
npn,-1.5997623221681336,62.40023767783187,25
zwr,-43.082129650622086,88.91787034937792,25
cwa,-3.8919431085298353,96.10805689147017,25
wzv,-78.78011531073089,8.219884689269104,25
hmu,-15.672243684368446,98.32775631563155,25
hbo,-67.9801391353726,32.0198608646274,25
isp,-96.42053346443903,53.57946653556096,25
lfv,-21.228472030725484,30.771527969274516,25
pfq,-44.92888826640174,96.07111173359826,25
cqq,-33.18716574321865,5.8128342567813505,25
jny,-42.40137573965479,97.5986242603452,25
osp,-78.87586727957488,85.12413272042512,25
bhh,-57.59603822114615,96.40396177885384,25
hsu,-79.14361949077433,28.856380509225676,25
roc,-23.266302388726583,0.733697611273417,25
vrk,-6.144663537300629,72.85533646269937,25
xwr,-84.4763557868453,35.5236442131547,25
jtt,-25.137758007490667,7.862241992509334,25
zdi,-24.343551332174002,71.656448667826,25
ips,-64.1469555026675,13.853044497332501,25
zfk,-55.93193071923727,60.06806928076273,25
akl,-42.478666116222286,6.521333883777714,25
azw,-11.621152376594676,72.37884762340532,25
fju,-6.420330159171973,26.57966984082803,25
whu,-62.79820709495514,10.201792905044861,25
jpd,-49.03279238461465,2.96720761538535,25
bow,-74.9559344405699,7.044065559430096,25
ptx,-5.751842191336408,49.24815780866359,25
rkf,-46.34788399401634,80.65211600598366,25
ghp,-21.383424111468553,32.61657588853144,25
fdq,-90.85703995940723,30.142960040592765,25
zwf,-5.709551365025052,19.290448634974947,25
vdf,-36.50046249458684,69.49953750541316,25
vcp,-52.03796560851213,79.96203439148786,25
jpw,-73.54153291609963,48.45846708390037,25
kww,-22.757364119213705,97.2426358807863,25
rob,-21.99266853871235,52.00733146128765,25
lnb,-58.02912854729152,26.970871452708476,25
sxs,-82.95380902810359,14.046190971896415,25
eta,-28.107139303700528,80.89286069629948,25
jav,-36.97226047606583,53.02773952393417,25
mbm,-59.81811515064169,67.18188484935831,25
fwr,-85.55382499939043,78.44617500060957,25
cuo,-60.23171591613773,20.768284083862273,25
nqm,-78.95563661685213,7.044363383147875,25
jja,-9.003838496996897,7.996161503003103,25
bre,-25.33374418075668,52.666255819243325,25
jcl,-40.33003863961317,45.66996136038683,25
oxs,-75.67768800716509,41.32231199283491,25
lza,-30.935682196644052,23.064317803355948,25
weo,-51.067177071666784,17.932822928333213,25
nky,-54.383878824741814,96.61612117525819,25
