sgs,-96.64458863934178,81.35541136065822,25
mog,-60.34086064924697,50.65913935075303,25
owu,-18.252000249397422,53.74799975060258,25
ddh,-80.90940330776988,98.09059669223012,25
pzn,-71.11134064200161,59.888659357998385,25
lzr,-12.851457652236386,65.14854234776361,25
vnd,-46.4958215919377,24.5041784080623,25
ukp,-85.39365139921247,77.60634860078753,25
bhu,-20.86783275987898,2.132167240121022,25
lxj,-12.99211682007115,65.00788317992885,25
fte,-26.059632585826165,53.940367414173835,25
yne,-19.105712994537523,79.89428700546247,25
lkt,-18.764097371739012,17.235902628260988,25
sdu,-75.89840661013217,77.10159338986783,25
xpi,-42.02208266984041,9.977917330159594,25
tvh,-92.97129801169187,79.02870198830813,25
ibu,-61.52896369637545,10.471036303624553,25
edm,-38.651183374947365,41.348816625052635,25
adf,-44.10571831095319,65.8942816890468,25
uno,-6.529924575552302,92.4700754244477,25
tan,-18.79294169701299,41.20705830298701,25
kjm,-39.040205508851635,18.959794491148365,25
rxa,-78.88382342830823,59.11617657169177,25
wmu,-62.8150131495205,12.184986850479495,25
ovq,-32.93000034710807,4.069999652891933,25
ewf,-2.7350458191145055,75.2649541808855,25
dry,-95.03556672498216,39.96443327501784,25
znn,-2.1011902317651057,57.8988097682349,25
azp,-96.0856626578858,36.91433734211419,25
cnm,-47.04326948578375,32.95673051421625,25
dad,-45.10145798132017,21.898542018679827,25
iwf,-44.18629416159309,15.81370583840691,25
anf,-20.607919487950735,63.39208051204926,25
uxy,-57.25070929349493,34.74929070650507,25
hfz,-97.59052905498575,6.409470945014254,25
eeo,-84.58275416358131,66.41724583641869,25
jzt,-83.46512692248432,96.53487307751568,25
sor,-91.76539743922201,97.23460256077799,25
rfj,-93.34693679431416,57.65306320568584,25
bgb,-85.62584145241277,46.374158547587236,25
qli,-67.00618217704962,89.99381782295038,25
vlz,-86.35350083950367,50.64649916049633,25
mcs,-71.40451549942232,70.59548450057768,25
xsg,-91.67212744198473,73.32787255801527,25
iaf,-3.9075074133420067,82.092492586658,25
vxm,-73.5671732829261,70.4328267170739,25
klk,-29.94186724594934,38.05813275405066,25
yni,-77.02653277224599,27.973467227754014,25
bvr,-83.97679551756868,70.02320448243132,25
bvq,-78.23431176165504,9.765688238344968,25
ckp,-61.96266351426117,63.03733648573883,25
dgu,-78.43024949883498,33.56975050116502,25
ugg,-66.67262247244865,62.32737752755135,25
fqh,-74.7887567629967,89.2112432370033,25
zmn,-60.42763465442409,23.57236534557591,25
kzu,-27.237994937771358,64.76200506222864,25
jnc,-49.8826606475395,47.1173393524605,25
aun,-60.71262369592503,4.287376304074968,25
irz,-0.7830694257189768,75.21693057428102,25
qgs,-29.740557801450606,79.2594421985494,25
wye,-19.14660231778156,32.853397682218436,25
krk,-28.530573475025363,60.46942652497464,25
oas,-42.27559957298512,81.72440042701488,25
rhv,-75.21015785351842,7.7898421464815755,25
bgq,-47.9000327321791,19.099967267820904,25
mqr,-83.60260469981608,20.397395300183923,25
shu,-93.52451911504195,57.475480884958046,25
nbt,-67.57943157405238,23.42056842594763,25
zzk,-9.149987636095254,72.85001236390474,25
ecu,-43.29829256637375,60.70170743362625,25
sdq,-86.32243377349336,24.67756622650664,25
fmo,-1.143956209070268,13.856043790929732,25
lbd,-84.64189004095059,62.35810995904941,25
qrq,-57.10483863298266,8.89516136701734,25
hoq,-29.107470845914317,50.89252915408568,25
wyx,-53.84488044746681,59.15511955253319,25
lve,-4.3133385422308645,3.6866614577691355,25
jus,-26.948563366808003,89.051436633192,25
fgo,-64.60415406148965,57.39584593851034,25
isa,-14.395080062075342,64.60491993792466,25
ewa,-12.341704963081904,44.6582950369181,25
elm,-32.42223932559166,43.57776067440834,25
cer,-88.13879403725484,6.86120596274516,25
cvk,-92.74205380647881,90.25794619352119,25
yml,-85.91495708495287,95.08504291504713,25
wav,-97.38828217044598,83.61171782955402,25
fsk,-86.41517214141652,64.58482785858348,25
voq,-16.585911426355583,46.41408857364442,25
fov,-72.0850883562517,71.9149116437483,25
mpo,-82.88036169036413,65.11963830963587,25
rah,-44.701703290203206,48.298296709796794,25
pgq,-75.89421661799052,71.10578338200948,25
wxh,-8.105193176042944,4.894806823957057,25
bgm,-5.237075719034482,54.76292428096552,25
zgg,-46.32940313196181,6.6705968680381895,25
dvj,-22.261858069861137,39.73814193013886,25
ggv,-62.17611077387545,88.82388922612455,25
tey,-11.538088493595927,27.46191150640407,25
loi,-64.47424243900447,13.525757560995523,25
abi,-93.0952654395807,67.9047345604193,25
oiy,-37.35589652246049,42.64410347753951,25
wnf,-28.732468809770374,70.26753119022963,25
rys,-80.13092937507191,71.86907062492809,25
iqs,-13.443434564035739,81.55656543596426,25
dio,-87.86390385129343,26.136096148706578,25
jvk,-48.58095708299332,92.41904291700668,25
gul,-19.951266552089066,50.048733447910934,25
wmr,-87.20539574249484,75.79460425750516,25
mwu,-93.11759669713967,53.882403302860325,25
bjl,-68.1241343309421,9.875865669057902,25
wvf,-27.670821972119914,45.32917802788008,25
rea,-20.06873130096917,26.93126869903083,25
xtu,-56.79625106283225,95.20374893716776,25
wxv,-14.434998708467333,11.565001291532667,25
ldo,-31.513517514903715,65.48648248509629,25
mwz,-69.99741373219305,97.00258626780695,25
dvh,-46.17671101426077,95.82328898573924,25
swy,-20.37142886425062,75.62857113574938,25
okd,-17.405889564859862,28.594110435140138,25
vdb,-37.18117137813433,54.81882862186567,25
xdg,-12.7544545248519,82.2455454751481,25
aud,-1.4458036828994416,44.55419631710056,25
ddu,-42.21569769897631,44.78430230102369,25
xbg,-51.86855358741765,73.13144641258235,25
efv,-48.7519799032467,83.24802009675331,25
rgh,-76.68931626866102,61.31068373133898,25
xde,-81.27827937475796,32.72172062524204,25
quj,-10.294155715503909,3.7058442844960915,25
hvr,-92.84770240012892,42.15229759987107,25
dts,-21.27001600366827,92.72998399633173,25
nst,-83.68046706280084,10.319532937199149,25
shw,-12.453786963772874,85.54621303622713,25
tto,-59.98452622604725,96.01547377395275,25
qgf,-64.64321038822334,40.356789611776655,25
yrb,-31.258808672101768,3.741191327898231,25
tgz,-27.466614524239667,96.53338547576033,25
rir,-94.59316101447192,86.40683898552808,25
clj,-14.201945958133688,82.79805404186631,25
dxl,-64.13832509738563,24.861674902614364,25
dke,-50.141432026369465,57.858567973630535,25
oko,-32.31916718693045,11.68083281306955,25
vfi,-2.1055557153303206,87.89444428466967,25
wbb,-2.1633885139240165,20.836611486075984,25
aee,-91.18146646637716,93.81853353362284,25
vlc,-47.64773415762627,91.35226584237374,25
juk,-14.559023464204925,94.44097653579507,25
ukp,-19.957881041758995,44.042118958241005,25
erk,-82.58049812258143,10.419501877418574,25
spj,-49.49168049395746,53.50831950604254,25
nnp,-44.540186064533714,96.45981393546629,25
ksx,-37.833032621018,7.166967378982002,25
hqf,-55.52327115580433,29.476728844195666,25
sgy,-47.344380574124216,17.65561942587578,25
fru,-85.37929697926309,95.62070302073691,25
kah,-72.45047296732847,54.549527032671534,25
pmq,-26.354158814240268,84.64584118575974,25
djp,-18.265448685328117,89.73455131467189,25
ssl,-49.94517409738754,6.054825902612455,25
pmp,-65.45710351978043,91.54289648021957,25
whq,-0.07298940149074584,60.927010598509256,25
rkl,-88.99316173528632,91.00683826471368,25
uag,-54.706260857392614,51.293739142607386,25
vji,-20.46757678811064,73.53242321188935,25
qhi,-83.36363144538461,94.63636855461539,25
fwg,-18.37962202518998,77.62037797481001,25
ahv,-39.58093058023675,80.41906941976325,25
ncl,-96.33144859844175,22.66855140155825,25
hkp,-46.10749272135143,70.89250727864858,25
pol,-63.49914036958492,73.50085963041508,25
ash,-5.334013808748079,19.66598619125192,25
yyj,-53.58167676416406,82.41832323583594,25
kbs,-18.67002931918325,78.32997068081674,25
jfd,-76.37893147240307,20.62106852759693,25
xdf,-21.099797407591954,97.90020259240805,25
svq,-69.58630077385023,71.41369922614977,25
qpq,-60.173914177872284,59.826085822127716,25
vwf,-67.10452323224665,90.89547676775335,25
lvw,-58.94656263981153,87.05343736018847,25
esg,-18.12447012211017,21.87552987788983,25
bbb,-92.9868575870805,20.013142412919503,25
ukf,-88.29534338558769,68.70465661441231,25
jmq,-42.10967989177566,70.89032010822433,25
plh,-65.7938007732333,27.206199226766707,25
juo,-0.7955088211169251,31.204491178883075,25
ehz,-75.42477593850113,21.575224061498872,25
edy,-18.712855159944798,97.2871448400552,25
rdq,-59.42904140714562,61.57095859285438,25
jcv,-86.12952332126656,30.87047667873344,25
wcr,-61.1967508895503,88.8032491104497,25
hpv,-11.083519050118118,15.916480949881882,25
rei,-53.321361699921944,36.678638300078056,25
jqz,-20.563535127257808,23.436464872742192,25
sdz,-94.2888500577633,45.71114994223671,25
zql,-90.02583348639024,28.974166513609763,25
wcf,-40.70149701176971,86.29850298823028,25
oil,-71.91905096392634,29.080949036073665,25
zrt,-40.485820525585595,2.5141794744144033,25
zwt,-56.067041106776855,96.93295889322314,25
phi,-77.60981832792397,27.39018167207603,25
fsw,-5.92241009653082,90.07758990346917,25
ggj,-23.643572987856817,31.356427012143183,25
xkc,-30.757759179538404,74.24224082046159,25
shp,-25.870488088708242,56.12951191129176,25
ikf,-6.67673388697191,37.32326611302809,25
ehm,-49.81646392161983,67.18353607838017,25
oex,-78.83299137202846,64.16700862797154,25
vkk,-17.20109923944942,63.79890076055058,25
qmx,-60.68604227641524,24.313957723584757,25
jrj,-96.14306837162619,39.85693162837382,25
rmc,-82.40988976232038,85.59011023767962,25
ggu,-94.32701872250321,0.672981277496782,25
oqw,-66.01103781254614,92.98896218745386,25
ufm,-6.2823159075772805,97.71768409242272,25
fff,-77.07113378452,40.92886621548001,25
rqj,-73.63562610640008,97.36437389359992,25
vfl,-19.64993452689712,86.35006547310289,25
lyf,-55.084394976282425,15.915605023717575,25
xkn,-19.169005841975125,73.83099415802488,25
bsb,-28.766188990629644,20.233811009370356,25
yti,-73.1397229737589,65.8602770262411,25
cex,-3.451053564056056,98.54894643594395,25
sdd,-48.994285805854815,90.00571419414518,25
tfo,-47.119787519894416,73.88021248010558,25
pxk,-5.533986297223105,72.46601370277689,25
vak,-58.469929932707146,90.53007006729285,25
qfx,-96.85566509951863,37.14433490048137,25
czr,-34.14815767883812,5.851842321161883,25
aji,-10.56862770196511,31.43137229803489,25
ivs,-45.316038452302706,30.683961547697297,25
wbw,-23.102076623783887,64.89792337621611,25
xsj,-71.54020751929811,79.45979248070189,25
pfz,-0.8358795602728586,17.164120439727142,25
lwq,-63.14346622001986,12.85653377998014,25
vvh,-93.33528892267779,88.66471107732221,25
rck,-15.77834270731075,82.22165729268924,25
aam,-38.795918919803576,51.204081080196424,25
jkk,-55.378527386696085,69.62147261330391,25
eus,-95.36358583242422,57.63641416757578,25
bys,-26.4722046977198,21.5277953022802,25
cyy,-84.64927949016568,57.350720509834325,25
vgx,-85.09517796584979,11.904822034150211,25
oek,-67.82794683740521,98.17205316259479,25
dxo,-0.4524915391411465,27.547508460858854,25
xqq,-20.196149737314744,20.803850262685256,25
kdw,-81.99425734788,81.00574265212,25
lui,-1.8587534292405707,24.141246570759428,25
xrk,-93.71216270593845,74.28783729406155,25
ahh,-2.4267133098639517,11.57328669013605,25
stw,-72.3873355174584,67.6126644825416,25
iuf,-8.974457664681923,93.02554233531808,25
mwz,-14.30978740843774,90.69021259156226,25
ypz,-29.412864390646007,73.587135609354,25
biy,-52.620480331611596,98.3795196683884,25
sld,-27.83872503041653,18.16127496958347,25
xce,-31.607291341790646,95.39270865820936,25
lmn,-88.3783819628587,31.6216180371413,25
juz,-39.06568982989485,73.93431017010515,25
qnv,-55.37699493314536,2.623005066854636,25
lih,-44.6821177590062,7.317882240993796,25
kwy,-26.234425156438594,7.765574843561407,25
hps,-28.32104144720826,28.67895855279174,25
hoo,-74.35485874456859,61.645141255431405,25
dpp,-21.3567300617258,86.6432699382742,25
uyc,-30.15451314052757,80.84548685947243,25
bsk,-28.464183018461274,0.5358169815387277,25
lqo,-66.31153886314502,43.68846113685498,25
nyh,-6.858100601784757,62.141899398215244,25
jhk,-17.384076602997652,29.615923397002348,25
vgx,-77.61205579655375,66.38794420344625,25
gmi,-92.95989882538632,29.04010117461368,25
azm,-0.8042178123539667,74.19578218764603,25
unz,-88.96659130766272,91.03340869233728,25
llr,-0.36265597242014036,26.63734402757986,25
wjo,-16.70703370973149,49.29296629026851,25
thm,-55.24546195278941,68.75453804721059,25
zgi,-36.74357916520756,75.25642083479245,25
mbb,-41.703878638842525,43.296121361157475,25
fmn,-2.002051862334374,41.997948137665624,25
los,-10.537884759608783,69.46211524039121,25
zni,-53.16122670399355,1.8387732960064476,25
lth,-64.15562066594713,63.84437933405287,25
vqp,-13.023490898334057,77.97650910166594,25
jxf,-4.9914611383136815,55.00853886168632,25
afl,-12.271366982496,15.728633017504,25
nlu,-8.419091713604585,84.58090828639541,25
tgl,-62.93461378318632,97.06538621681368,25
xea,-84.27576105224878,0.724238947751217,25
nhn,-67.66801486604295,16.33198513395704,25
icx,-21.392208676018146,46.60779132398186,25
ndr,-67.84551720802892,5.154482791971082,25
evy,-18.9864421915714,17.0135578084286,25
kth,-64.50554922330004,25.494450776699956,25
ssa,-17.548419840309865,87.45158015969014,25
ipf,-37.913436612380444,38.086563387619556,25
xgf,-57.84218738162428,74.15781261837573,25
tgs,-28.03363885311862,82.96636114688138,25
bku,-16.66388983988105,6.336110160118949,25
liv,-64.96761658766454,70.03238341233546,25
tjw,-58.77847722716924,28.22152277283076,25
dno,-94.65760192003799,83.34239807996201,25
tkg,-56.32845770630226,32.67154229369774,25
ybm,-54.22536577241191,64.77463422758808,25
duh,-30.13688554186847,24.86311445813153,25
kmi,-83.34569656322427,7.654303436775738,25
aui,-36.209091221154516,19.790908778845488,25
upv,-97.82392176269046,67.17607823730954,25
tsq,-51.49716018151752,5.50283981848248,25
rgl,-89.82960271247032,93.17039728752968,25
jxq,-55.65074393486414,47.34925606513586,25
wlc,-45.15170859626329,7.848291403736711,25
jvc,-46.88171290827394,84.11828709172606,25
hex,-3.5131657005840817,31.486834299415918,25
rij,-55.5815452341402,92.41845476585979,25
zyo,-56.57900497799113,98.42099502200887,25
qta,-70.9769545736643,32.0230454263357,25
hwa,-63.28037501230742,92.71962498769258,25
igc,-48.758840953123766,89.24115904687623,25
kra,-86.65474497819133,86.34525502180867,25
mge,0.3359665740079769,50.335966574007976,25
kbb,-30.716938496575242,86.28306150342476,25
vva,-91.33536612004843,34.66463387995157,25
kar,-29.017107966518537,14.982892033481464,25
jrm,-82.43326496242253,93.56673503757747,25
ucl,-86.5233147731854,43.47668522681459,25
ydy,-11.85924511241989,38.14075488758011,25
qty,-39.45092108092738,45.54907891907262,25
owh,-7.055819697601914,14.944180302398086,25
vvf,-21.82897017344334,26.17102982655666,25
ltk,-25.005850818954784,78.99414918104522,25
ogt,-22.09621431508901,67.90378568491099,25
dyo,-29.821332495101995,79.178667504898,25
hgf,-49.23829203951562,38.76170796048438,25
pht,-42.09484963601836,3.90515036398164,25
snb,-94.83826573804174,73.16173426195826,25
cvu,-71.74751787465874,77.25248212534126,25
gwz,-30.8374834083682,20.1625165916318,25
ipz,-44.99975320157316,42.00024679842684,25
iif,-73.30861326140175,5.691386738598252,25
gzt,-30.200595495147553,26.799404504852447,25
dbf,-54.79463246149965,53.20536753850035,25
jfo,-76.36792506777071,62.63207493222929,25
ckx,-72.63335959609554,77.36664040390446,25
vyo,-93.77978744563495,85.22021255436505,25
bvm,-2.4760558742124346,69.52394412578757,25
sjw,-82.81292765181611,38.18707234818389,25
rxi,-11.809613656055294,21.190386343944706,25
shi,-11.244297964137278,7.755702035862723,25
eqp,-54.6004941052694,79.39950589473061,25
ytc,-40.74249870945019,82.25750129054981,25
znt,-17.32738817037881,20.67261182962119,25
vwu,-61.197115700276726,75.80288429972327,25
tcf,-36.32257280874141,16.677427191258587,25
moc,-92.29418018299029,88.70581981700971,25
wsl,-66.29530600655147,87.70469399344853,25
zvk,-87.21021017038433,6.7897898296156765,25
qoi,-81.93831228227685,13.06168771772315,25
kgy,-44.74271903915694,90.25728096084306,25
nsd,-48.249113858402026,30.75088614159797,25
bdo,-38.039909334123394,93.9600906658766,25
fmh,-87.74174427346544,74.25825572653456,25
has,-41.0394654714213,79.96053452857869,25
mfc,-9.216374569402706,37.78362543059729,25
mwl,-93.56734613306396,2.4326538669360427,25
jij,-33.503049135691164,19.496950864308836,25
elb,-38.51733399046237,88.48266600953762,25
zji,-57.14172141319594,57.85827858680406,25
jyr,-11.286383326529668,88.71361667347033,25
yev,-31.53614379797237,78.46385620202763,25
uoo,-11.05211623845251,90.94788376154749,25
ghr,-18.73653764023365,81.26346235976635,25
dsh,-3.4591264245804205,10.54087357541958,25
mdy,-97.13017740893952,69.86982259106048,25
vyv,-21.649664761311953,2.350335238688046,25
kbv,-84.00957218530718,61.99042781469283,25
vid,-5.367681021135032,93.63231897886497,25
yfk,-65.4817566844062,79.5182433155938,25
cji,-45.159790571730355,80.84020942826965,25
sdi,-96.67800118626008,36.321998813739924,25
voj,-73.0438682437157,51.956131756284286,25
sdp,-44.61994376280068,47.38005623719932,25
hzr,-24.78636133322176,45.21363866677824,25
rqy,-4.3766494508367355,37.62335054916326,25
jff,-0.34227962385186417,80.65772037614813,25
xzq,-92.30374742513642,5.696252574863571,25
spx,-3.8235941599217345,37.17640584007827,25
bnu,-43.206801237184,88.79319876281599,25
fyj,-77.46104798291833,22.538952017081662,25
xiv,-51.013687860663254,33.986312139336746,25
ard,-44.40574235665006,27.59425764334994,25
efv,-56.84545813838946,21.15454186161054,25
ddi,-51.46854500007656,22.531454999923437,25
sax,-96.61565565365304,85.38434434634696,25
tfy,-78.0689459846249,53.931054015375096,25
bbm,-33.696138829822445,92.30386117017756,25
yuv,-4.477058420555092,58.52294157944491,25
zps,-75.46313475040232,48.53686524959769,25
vhw,-34.266774387065624,86.73322561293438,25
hsf,-6.618935679423135,78.38106432057687,25
btq,-42.15284339318675,52.84715660681325,25
mtp,-2.8795707105501847,73.12042928944982,25
otp,-24.824648442384127,16.175351557615873,25
unm,-95.77733645350791,97.22266354649209,25
bcc,-7.821378410226088,71.17862158977391,25
swq,-26.940467863444916,97.05953213655508,25
yux,-75.05674073675667,79.94325926324333,25
snt,-53.8768339224505,45.1231660775495,25
ncy,-73.38062065856565,41.619379341434346,25
cjq,-80.45528088853372,28.54471911146627,25
mti,-16.057745580722198,0.9422544192778032,25
aga,-26.80765962962974,79.19234037037026,25
oix,-40.8671908382872,23.132809161712796,25
svb,-73.04799594443335,26.95200405556665,25
eke,-70.9342298136613,38.0657701863387,25
hnz,-43.51407047915919,76.48592952084081,25
kew,-6.968222267479145,42.03177773252086,25
yxs,-32.89328201483631,30.10671798516369,25
fnp,-93.86237756150845,79.13762243849155,25
ojz,-82.47468575516406,12.52531424483594,25
tso,-90.52196365598553,67.47803634401447,25
lzj,-54.929600720599936,48.070399279400064,25
gnd,-46.571446000276765,30.42855399972324,25
uzz,-47.01530386961855,35.98469613038145,25
lwk,-87.54479880408624,91.45520119591376,25
hvb,-88.40509736705106,65.59490263294894,25
ljh,-88.44856421591872,85.55143578408128,25
smu,-89.53158974975825,44.468410250241746,25
byq,-86.71841726446083,62.28158273553917,25
ijc,-11.635915161983466,14.364084838016534,25
joz,-28.470314849576827,1.5296851504231737,25
vge,-95.95152924963764,46.048470750362355,25
msp,-63.25346268197449,56.74653731802551,25
xiy,-65.77493065294651,73.22506934705349,25
vnn,-63.660466391331894,86.3395336086681,25
hff,-28.727192971804563,39.27280702819544,25
mgg,-96.45132304857448,35.54867695142551,25
jfd,-79.76899374618037,97.23100625381963,25
che,-54.693223648683144,50.306776351316856,25
ilg,-64.83368135863795,85.16631864136205,25
dwy,-18.547092686875562,42.452907313124435,25
nwi,-20.066566205171043,61.93343379482896,25
rvf,-90.60042958909156,78.39957041090844,25
ord,-20.621737431592685,4.378262568407315,25
amk,-14.180582095790166,6.819417904209834,25
bga,-52.04954761768,48.95045238232,25
blm,-55.401845740535016,73.59815425946499,25
yfa,-50.44831502754714,68.55168497245286,25
lub,-82.57646453030964,34.42353546969036,25
zlr,-6.1441382657575705,10.85586173424243,25
qkj,-62.07682449715773,76.92317550284227,25
bej,-26.74023607565327,1.2597639243467285,25
ybl,-2.9186124437295775,53.08138755627042,25
avw,-29.486487028344218,32.51351297165578,25
lzj,-10.366738275418868,31.633261724581132,25
kin,-20.588413066895303,90.4115869331047,25
gii,-46.86593030259622,16.134069697403778,25
gxt,-34.97972645656086,72.02027354343913,25
xtt,-63.45613802092946,75.54386197907054,25
gyz,-62.12799634069315,93.87200365930686,25
wxb,-39.21736082727905,46.78263917272095,25
ibz,-23.33923168194823,65.66076831805177,25
pmf,-64.15772659468479,35.842273405315204,25
mzc,-70.55212743907947,8.44787256092053,25
hba,-88.16669070710333,35.83330929289667,25
hpv,-76.1019693216175,61.898030678382504,25
iew,-39.67430769623202,90.32569230376798,25
mvc,-11.117990242321564,40.88200975767844,25
dsw,-29.47178521794527,44.52821478205473,25
ryv,-95.6137903943972,29.386209605602804,25
bfx,-93.56130419514972,11.43869580485028,25
vyu,-77.16683521252052,96.83316478747948,25
hxj,-56.66808709494047,83.33191290505953,25
jss,-86.20418338878702,25.795816611212988,25
nan,-73.33477647359385,91.66522352640615,25
phq,-12.642195830435872,86.35780416956413,25
hpv,-62.38713183488096,53.61286816511904,25
jmt,-20.375149851329027,2.624850148670974,25
lbn,-37.19547304766904,88.80452695233096,25
qmj,-9.98997484281816,9.01002515718184,25
igw,-39.57253257456436,43.42746742543564,25
zzd,-74.14621666697138,15.853783333028618,25
rtm,-16.80913849138842,28.19086150861158,25
fzp,-1.0876805004056838,96.91231949959432,25
ibh,-34.87578351165278,77.12421648834723,25
eev,-50.72551839979299,7.274481600207008,25
inj,-33.62416951326387,5.375830486736127,25
upz,-54.68865593915256,83.31134406084743,25
edb,-0.31820349526145897,84.68179650473854,25
xyq,-58.362021916758046,84.63797808324196,25
son,-31.096322725698208,10.903677274301792,25
zsv,-19.072068538776772,40.92793146122323,25
hby,-64.05563778350844,41.944362216491555,25
mxs,-86.39112852559215,16.608871474407845,25
xxk,-53.64122305134212,74.35877694865788,25
pnh,-22.668196424673365,68.33180357532663,25
kjn,-64.9042066635482,7.095793336451802,25
pgg,-92.19460531238828,40.805394687611724,25
ylq,-17.110727710243808,54.88927228975619,25
vmf,-73.0826774805809,20.917322519419105,25
pgc,-81.71981544464798,55.280184555352015,25
zcc,-40.08451859070648,87.91548140929352,25
nqb,-91.68512223667787,93.31487776332213,25
