wmg,0.9457082869556099,71.94570828695561,25
dij,-26.6835322452993,18.3164677547007,25
voq,-72.46519742965867,60.53480257034132,25
uex,-11.41288163400047,63.58711836599953,25
yui,-24.55054216036451,23.44945783963549,25
pdx,-62.21827854143127,21.781721458568736,25
wmi,-3.5715309790650065,78.428469020935,25
bmo,-13.432966841375073,52.56703315862492,25
dxd,-74.70690072731514,69.29309927268486,25
gnf,0.37426026178528815,12.374260261785288,25
bgc,-33.69002139378335,55.30997860621665,25
ujb,-60.15291249458403,80.84708750541597,25
hss,-30.55734693570039,91.4426530642996,25
sta,-51.94836346657553,79.05163653342447,25
ybl,-16.214778457849505,49.785221542150495,25
ojy,-44.98906369519021,54.01093630480979,25
vov,-57.49623191060513,98.50376808939487,25
rnu,-73.21828806528154,18.781711934718462,25
icf,-79.10812683332367,56.891873166676326,25
oti,-17.792334132502095,37.2076658674979,25
van,-67.783351430243,98.216648569757,25
pjj,-95.89003076440602,30.10996923559398,25
apn,-23.607497080404578,0.39250291959542094,25
kzf,-72.15039796741297,57.84960203258702,25
zer,-12.210443476422974,70.78955652357703,25
zrs,-57.53898163333737,31.461018366662625,25
lae,-51.67791875116299,61.32208124883701,25
xxl,-90.51624760875393,9.483752391246066,25
uhb,-49.08479761965684,83.91520238034316,25
mfm,-18.824000026374776,61.175999973625224,25
axb,0.8324681270258304,28.83246812702583,25
nnu,-23.10052443166738,77.89947556833262,25
tvi,-27.256748348053854,78.74325165194615,25
tag,-21.930082906533926,54.069917093466074,25
zlh,-60.415256487579306,48.584743512420694,25
vqg,-14.03837162272707,36.96162837727293,25
dqw,-46.343778677879136,4.65622132212086,25
yep,-70.73331350461282,18.266686495387173,25
gew,-38.91968247763592,64.08031752236408,25
gli,-48.78152555593188,83.21847444406812,25
ghb,-7.9428979216135644,12.057102078386436,25
hcn,-25.758640733857472,17.241359266142528,25
erj,-54.364190215814745,18.635809784185255,25
bap,-34.38233916323994,69.61766083676007,25
dkd,-46.82957010370438,56.17042989629562,25
kml,-65.39990063060225,64.60009936939775,25
rro,-8.191046609951515,40.80895339004849,25
dfo,-95.09021322852044,12.909786771479562,25
jzw,-66.77427233372727,74.22572766627273,25
fau,-79.49040887227405,48.50959112772596,25
psl,-9.159621867263704,82.84037813273629,25
gum,-64.14402743407136,89.85597256592864,25
mxd,-10.932120480870113,47.06787951912989,25
yve,-26.569059519589448,62.43094048041055,25
eap,-1.0735713598085188,6.926428640191482,25
nmy,-64.12027747430176,84.87972252569824,25
eba,-71.51237429318557,19.487625706814427,25
cgg,-96.9567917807353,64.0432082192647,25
qki,-96.82388988484492,6.17611011515508,25
tut,-32.295136668902664,74.70486333109733,25
qwq,-39.910349092212044,35.089650907787956,25
ksv,-50.32048938551263,9.679510614487372,25
xww,-36.10583516726447,67.89416483273553,25
sqk,-86.46711066941528,3.5328893305847293,25
phi,0.6876959498017003,92.68769594980171,25
ggq,-87.19449298408675,14.805507015913246,25
tck,-2.980262320350106,23.019737679649893,25
vvh,-35.953425273159915,33.046574726840085,25
kfj,-49.00281824676455,31.99718175323545,25
mwq,-90.89786504181937,11.102134958180624,25
lgt,-8.596612477727513,0.40338752227248675,25
rsa,-76.64084242638728,76.35915757361272,25
dju,-52.730484812055316,8.269515187944686,25
xsx,-17.784425153164467,44.21557484683553,25
ilr,-62.644597274969904,7.3554027250301,25
zdy,-62.77922973357508,44.22077026642492,25
yqd,-78.38470325710057,72.61529674289943,25
luf,-50.284960080421584,32.715039919578416,25
moc,-94.39604508768014,42.603954912319864,25
sfm,-79.43790277327629,40.562097226723715,25
hik,-68.3790276402986,45.6209723597014,25
oxw,-49.982076461603405,65.01792353839659,25
zvo,-25.668928008920595,31.331071991079405,25
poc,-75.1205239049876,40.8794760950124,25
xbb,-55.36506867408003,86.63493132591996,25
pgt,-50.94068301276666,70.05931698723333,25
lcr,-80.65350186433909,14.346498135660914,25
cus,-50.173513882688226,29.82648611731177,25
jqr,-92.19273927574955,66.80726072425045,25
wlj,-52.83710135945092,19.162898640549077,25
wry,-8.18772065858205,57.81227934141795,25
rtm,-7.925357210924301,36.074642789075696,25
laf,-8.381789899635288,48.61821010036471,25
jcn,-28.192014599119588,17.807985400880412,25
mft,-69.6892224989631,86.3107775010369,25
kyu,-29.924888901844408,30.075111098155592,25
mbc,-45.00210841715004,4.9978915828499595,25
qve,-58.57422186728363,15.425778132716367,25
amn,-8.785041173244107,8.214958826755893,25
tyj,-62.99784402711009,18.002155972889906,25
yws,-29.430677805827848,63.56932219417215,25
avu,-94.49124049331576,58.50875950668425,25
nxj,-17.173621639787566,59.82637836021243,25
ody,-96.60786856217337,10.392131437826633,25
guj,-97.86588521876955,79.13411478123045,25
jwa,-44.874181897443634,5.1258181025563685,25
cdi,-77.45921763104334,9.54078236895665,25
ihi,-37.57802684933073,72.42197315066926,25
mxf,-37.73485793700321,55.26514206299679,25
wkc,-70.26953343021772,88.73046656978228,25
vjc,-21.91030366340565,61.08969633659435,25
nir,-50.831850709690244,49.168149290309756,25
naf,-17.044049324274038,97.95595067572596,25
vdw,-84.97386852447774,20.026131475522263,25
wbv,-84.72645188397371,39.2735481160263,25
zvl,-96.67410807223689,20.325891927763116,25
ake,-68.86087472451517,5.139125275484832,25
heo,-73.48472368080722,71.51527631919278,25
lkr,-38.70315372065218,39.29684627934782,25
xcy,-0.5047123899824774,18.495287610017524,25
qeu,-32.86980914217108,84.13019085782892,25
eir,-36.02739175995669,4.9726082400433045,25
iof,-92.56555541524251,29.434444584757493,25
dii,-81.9672279424442,55.032772057555796,25
zfx,-97.77115250733593,61.22884749266408,25
pem,-12.166777004211939,40.83322299578806,25
api,-12.051758674333428,60.94824132566657,25
fkl,-87.33810854483845,15.661891455161555,25
tbs,-66.01217206846479,69.98782793153521,25
jqj,-25.159482568848095,59.8405174311519,25
vzf,-62.10582848900548,78.89417151099451,25
vyy,-55.21517134756728,76.78482865243272,25
dcf,-1.9808427768002381,45.01915722319976,25
opf,-2.8642317054155395,11.13576829458446,25
yfh,-0.4158067124700565,51.58419328752994,25
buv,-20.067112543486335,48.93288745651367,25
poh,-51.804182916559625,94.19581708344037,25
def,-43.569666319739945,81.43033368026006,25
fxl,-41.28029876909513,15.719701230904866,25
bep,-18.386888480438863,15.613111519561137,25
nzx,-7.949100442670304,36.0508995573297,25
yep,-29.542542348289967,37.45745765171004,25
kqi,-16.66881683780662,61.33118316219338,25
siq,-49.79510731608623,28.20489268391377,25
lbl,-15.590381880805664,67.40961811919433,25
vqk,-90.20270876656309,77.79729123343691,25
ugd,-50.68316725461359,23.316832745386403,25
bfe,-37.81980289580976,37.18019710419024,25
cxp,-72.65976722530756,8.340232774692435,25
mcd,-57.52706782588994,9.472932174110065,25
kci,-80.24712683221944,2.7528731677805602,25
mqt,-62.03409063870607,56.96590936129393,25
iob,-46.17317736885259,43.82682263114741,25
ntr,-63.6568244857756,55.3431755142244,25
gbe,-5.095592157997313,58.90440784200269,25
hcc,-23.343966984895644,59.656033015104356,25
vuf,-70.31899970430237,2.6810002956976344,25
xic,-25.069227052092227,35.930772947907776,25
scb,-57.0191690833445,95.9808309166555,25
vin,-97.86427246712785,14.135727532872156,25
kig,-94.52428400628612,94.47571599371388,25
nzu,-37.95248733058489,56.04751266941511,25
kqo,-49.25839984870889,40.74160015129111,25
urw,-72.23886126869911,82.76113873130089,25
meg,-93.94336532043448,83.05663467956552,25
qoj,-76.18062555329196,62.819374446708046,25
mkh,-12.584604208338279,14.415395791661721,25
fmo,-45.823013487028106,4.176986512971891,25
wya,-16.61863112262569,67.38136887737431,25
dpu,-63.50118949779268,0.4988105022073215,25
fka,-42.723961550288585,43.276038449711415,25
vwa,-89.5326438980669,9.467356101933113,25
gth,-27.85114720033515,43.14885279966485,25
eeq,-89.78596676642117,16.214033233578835,25
hvg,-64.06376808076037,52.93623191923963,25
gqw,-9.697019024835749,18.30298097516425,25
ahb,-75.1334256652704,7.8665743347295995,25
gaj,-53.48511406899585,14.51488593100415,25
ckx,-3.528395081060344,28.471604918939654,25
wsz,-79.29047078939945,3.7095292106005564,25
txp,-18.355474232524227,5.6445257674757725,25
oee,-63.74233953703356,60.25766046296644,25
cjp,-69.32775484574127,44.672245154258725,25
vxm,-74.93368985154878,92.06631014845122,25
blf,-95.70657317788793,40.29342682211207,25
mmd,-10.229089707035913,57.77091029296409,25
jfp,-49.23416844684788,73.76583155315211,25
fmm,-88.30242434026123,71.69757565973877,25
kgl,-83.38791189174633,49.61208810825368,25
urd,-48.556810467938554,90.44318953206145,25
wae,-56.278042775770174,6.721957224229823,25
urq,-4.432392291000886,32.56760770899911,25
dpe,-48.83889931002922,51.16110068997078,25
xte,-14.847831841813555,62.15216815818644,25
hsr,-68.6214278058637,59.3785721941363,25
vts,-41.391022606064304,41.608977393935696,25
kec,-83.25819046060892,90.74180953939108,25
pud,-47.74872798258158,61.25127201741842,25
plq,-45.16869567640648,9.83130432359352,25
wnr,-83.63023586730968,2.369764132690322,25
fjs,-21.8237909190711,22.1762090809289,25
jgk,-9.577546794930907,50.4224532050691,25
jip,-41.192802601776776,18.80719739822322,25
jcp,-33.59551788590806,36.40448211409194,25
gdn,-41.577813391303245,52.422186608696755,25
var,-17.07631905451919,24.92368094548081,25
ikq,-80.73490113030437,2.265098869695628,25
pjv,-79.69654700223471,56.3034529977653,25
kzw,-74.64601591002405,62.353984089975945,25
usl,-80.75275379744498,20.24724620255501,25
yac,-88.13502922312878,31.86497077687122,25
jtn,-72.18930849176644,65.81069150823356,25
bcj,-11.99862700766814,62.00137299233186,25
qud,-0.7484707708941624,78.25152922910584,25
lap,-34.63355644922816,90.36644355077185,25
azz,-9.300416186060271,1.6995838139397281,25
dvg,-2.0621384292321685,26.937861570767833,25
rei,-58.20887876104537,6.7911212389546325,25
mck,-42.50061956875821,16.499380431241786,25
efz,-51.310348716924686,31.689651283075314,25
ero,-71.57437595492435,38.42562404507565,25
sfv,-3.3554344237982114,66.64456557620179,25
zyj,-89.91110612975645,28.088893870243556,25
roc,-35.36943062783007,10.630569372169933,25
kai,-87.79277569749404,89.20722430250596,25
muh,-33.97491980319282,76.02508019680718,25
luo,-77.36473448120624,18.63526551879375,25
msb,-67.55818548885465,75.44181451114535,25
faj,0.7583785709316101,15.75837857093161,25
trm,-24.475401055585685,82.52459894441431,25
kdq,-46.10828401515914,30.891715984840854,25
oth,-34.46727528106454,43.53272471893546,25
ghy,-10.0532881495568,57.9467118504432,25
zwx,-59.839613810236166,77.16038618976384,25
rar,-26.991135008323848,4.008864991676151,25
gqp,-49.442427953394116,38.557572046605884,25
kgs,-28.633919635853488,65.36608036414651,25
nmf,-46.95491932372002,84.04508067627998,25
are,-69.21328001576721,67.78671998423279,25
ucs,-16.485570595201697,80.5144294047983,25
oii,-30.67378016434146,10.326219835658542,25
lob,-38.58430934152375,32.41569065847625,25
ibs,-56.57072522093717,45.42927477906283,25
uxw,-76.23990277458466,0.7600972254153404,25
rvw,-53.21650998453441,58.78349001546559,25
mzf,-46.961390538302346,38.038609461697654,25
cgr,-5.364076845154006,76.635923154846,25
vdz,-11.312970836063752,98.68702916393624,25
mkn,-72.77564198282805,44.22435801717195,25
csp,-78.40713505609051,35.59286494390948,25
oii,-72.20786878014371,95.79213121985629,25
hsk,-82.12197108525658,64.87802891474342,25
qfk,-39.845023970097714,63.154976029902286,25
rip,-66.20363997955015,76.79636002044985,25
yau,-95.95214185248886,8.047858147511139,25
bad,-53.103976141481006,53.896023858518994,25
hxr,-44.65431759577736,78.34568240422264,25
qvo,-96.09714102718277,35.90285897281723,25
mup,-30.085818603495397,38.9141813965046,25
bmj,-53.49988079304314,96.50011920695685,25
rda,-59.06331804325387,57.93668195674613,25
kos,-35.38581718778972,58.61418281221028,25
qcf,-75.8427155936083,15.157284406391689,25
hvr,-68.28861247957818,86.71138752042182,25
gsl,-59.075324964907715,55.924675035092285,25
ogg,-22.15607589904535,17.84392410095465,25
vrj,-10.255352525212105,87.7446474747879,25
yzp,-60.18145589006887,25.81854410993113,25
ukt,-21.661996760261644,13.338003239738356,25
eya,-1.666611767747527,86.33338823225247,25
vzi,-15.297203389492706,33.70279661050729,25
ugx,-76.64939427721322,82.35060572278678,25
dav,-90.92960814962841,34.07039185037159,25
bkq,-62.999413402097936,77.00058659790207,25
ewp,-79.27348552622726,22.72651447377273,25
nhm,-21.79614414634138,21.20385585365862,25
ubd,-2.534739246541384,46.465260753458615,25
rxe,-5.5648669087355005,3.4351330912645,25
xts,-10.361437156386247,31.638562843613755,25
dop,-84.86510800335199,38.13489199664801,25
xoi,-21.03774883302286,97.96225116697714,25
mnw,-52.17726770083245,15.822732299167548,25
inu,-54.314158992442295,62.685841007557705,25
tvv,-73.67682681910325,30.32317318089674,25
fdo,-11.85420071249004,78.14579928750996,25
jhw,-8.190939052520022,61.80906094747998,25
nql,-51.35898582757898,14.641014172421023,25
pra,-86.96243988824085,89.03756011175915,25
oie,-89.89168768929574,75.10831231070426,25
gwm,-8.277887226948456,96.72211277305155,25
csh,-18.954419166812436,92.04558083318757,25
ble,-36.80976608948878,95.19023391051121,25
iee,-77.54991813430307,38.45008186569694,25
brn,-71.56676157031606,17.433238429683943,25
dof,-11.877767113818118,25.12223288618188,25
vlb,-30.580705900024725,25.419294099975275,25
lmz,-10.905237173276564,1.0947628267234353,25
tyl,-42.24217355373728,78.75782644626271,25
kuj,-6.403226114871551,29.59677388512845,25
izv,-69.49305003256399,14.506949967436018,25
ifl,-54.24283379462686,52.75716620537314,25
mvf,-32.697561001338855,82.30243899866115,25
hqd,-41.556349136401536,18.443650863598467,25
nqr,-93.16071812301176,85.83928187698824,25
ojo,-70.77881937460974,44.22118062539026,25
rat,-27.900871111289938,15.099128888710062,25
xby,-61.09161428694956,54.90838571305044,25
zwp,-18.214710683817863,19.785289316182137,25
fhq,-29.510773162346947,18.489226837653053,25
dav,-58.25330971358083,48.74669028641917,25
ktb,-30.389407434008724,46.610592565991276,25
zyo,-18.1739906151006,5.8260093848993995,25
dlf,-39.51770937729828,26.48229062270172,25
vfk,-2.554322535600121,2.445677464399879,25
bsk,-77.40459288191882,27.595407118081184,25
wrx,-59.08492511269576,90.91507488730424,25
ttq,-34.3354115486735,80.6645884513265,25
aem,-70.65577793563925,35.34422206436075,25
eac,-37.441405586823244,61.558594413176756,25
wei,-41.47289041337115,53.52710958662885,25
bzk,-50.69954672808498,95.30045327191502,25
flz,-31.235144490061117,24.764855509938883,25
veg,-85.65215502616097,74.34784497383903,25
fau,-63.19834493673102,66.80165506326898,25
uok,-25.013822867613957,25.986177132386043,25
skc,-73.87860804381805,66.12139195618195,25
kgz,-68.03350472878638,3.9664952712136166,25
cqy,-2.900138158603594,10.099861841396406,25
hev,-23.01045854482345,71.98954145517655,25
smh,-74.54277274490175,6.457227255098247,25
ybb,-10.108378730283833,79.89162126971617,25
nxi,-70.52965823737627,26.470341762623733,25
ppc,-58.951151572895505,66.04884842710449,25
qaz,-65.72284658832058,49.27715341167942,25
ueu,-87.50540935084197,41.494590649158035,25
mjp,-42.21959106412379,20.78040893587621,25
fdn,-60.93386663102582,49.06613336897418,25
qkg,-5.208652804592411,44.79134719540759,25
obb,-77.36634816275762,11.63365183724239,25
fiq,-93.91594945521739,59.08405054478262,25
asa,-50.93079291260729,18.069207087392712,25
otx,-55.52955703836766,43.47044296163234,25
jsx,-61.886735933494904,32.113264066505096,25
wdk,-3.607388015609696,35.39261198439031,25
fzq,-82.52933296313661,34.47066703686339,25
onj,-79.61264416019928,6.387355839800725,25
uhs,-0.9436337111188617,41.05636628888114,25
oim,-16.475550737090597,34.5244492629094,25
ezw,-45.53549377802837,75.46450622197163,25
okw,-34.43481880275754,28.565181197242456,25
ubc,-97.22449328435944,31.775506715640564,25
izw,-25.698348916503384,42.301651083496616,25
rul,-37.78775889597174,18.21224110402826,25
vcc,-85.12061638915603,40.87938361084397,25
cub,-84.48536036619606,71.51463963380394,25
wvz,-17.244366327175243,14.755633672824757,25
lfx,-48.169116065407586,46.830883934592414,25
lar,-13.860507043005546,38.13949295699445,25
ryg,-78.0908936773396,63.909106322660406,25
kae,-39.23227378921435,37.76772621078565,25
ang,-12.558463235459113,84.44153676454088,25
sci,-19.204367366648547,93.79563263335146,25
pga,-9.545525688856682,80.45447431114331,25
gdv,-4.348757822880143,98.65124217711985,25
mto,-96.53724936261186,66.46275063738814,25
ldn,-35.30583174468379,20.694168255316203,25
qtd,-19.044222166906653,81.95577783309335,25
qfr,-68.08079517778914,29.919204822210858,25
mzf,-97.8756832809102,20.124316719089805,25
tcb,-46.584365185363644,29.415634814636356,25
mja,-37.37934501838806,50.62065498161194,25
jqu,-19.84563255723308,8.154367442766917,25
wsy,-94.85148960679503,26.14851039320497,25
oje,-33.4278330187531,91.5721669812469,25
yho,-4.666020175624622,77.33397982437538,25
sfd,-8.989033505000522,51.01096649499948,25
wgw,-66.5605636878222,48.439436312177804,25
fdi,-84.15517651914132,61.84482348085868,25
zyw,-29.51153281274364,19.48846718725636,25
xxv,-27.0430916249515,27.9569083750485,25
bsi,-75.45414444496099,34.545855555039005,25
dcf,-4.241439495468469,59.75856050453153,25
eca,-74.89499916769516,22.105000832304835,25
pgp,-14.583312844475762,45.41668715552424,25
owk,-69.68687736498303,83.31312263501697,25
dgz,-0.7155358174095963,23.284464182590405,25
tpe,-7.833043211273822,23.16695678872618,25
llq,-11.854805489271598,9.145194510728402,25
mvr,-65.64578760096563,46.35421239903436,25
hxi,-83.36843535952184,95.63156464047816,25
qep,-28.581710815219594,43.418289184780406,25
fwe,-43.133466412122125,15.866533587877873,25
djj,-92.63151670101193,52.368483298988075,25
zhw,-73.26398927450718,36.73601072549282,25
ixz,-55.91158806317973,55.08841193682027,25
lqc,-31.936617639105354,33.06338236089465,25
sjc,-75.03376579883616,23.966234201163836,25
sty,-65.63399366172999,3.3660063382700103,25
sfo,-85.04586010137392,28.95413989862608,25
zys,-40.03741989320939,48.96258010679061,25
bgv,-56.81965357887894,26.180346421121058,25
bvw,-49.886938815602086,52.113061184397914,25
huo,-43.971130908772686,55.028869091227314,25
pts,-28.520431827048004,49.47956817295199,25
ukp,-61.45649858603593,20.543501413964076,25
kze,-44.9675921599327,53.0324078400673,25
bbk,-59.484055500284086,85.51594449971591,25
lkt,-26.317429371322266,96.68257062867774,25
nzd,-66.62560106928741,81.37439893071259,25
avq,-80.47987185729353,52.52012814270647,25
atl,-78.14220104896032,9.857798951039682,25
hwy,-54.85618850571654,51.14381149428346,25
ndm,-24.001607697510735,35.998392302489265,25
aze,-74.26585293994904,79.73414706005096,25
jrn,-89.423523970738,15.576476029262,25
msn,-97.97739116546026,70.02260883453974,25
whn,-93.05490439268348,50.94509560731652,25
uud,-78.03047483523265,69.96952516476735,25
idx,-77.94421666352387,15.055783336476125,25
nnb,-25.189143788899024,1.8108562111009756,25
nbs,-37.91088917229663,6.089110827703372,25
okt,-82.9543181948413,49.045681805158694,25
uqr,-42.63161261425246,12.36838738574754,25
zzx,-41.41343443550627,43.58656556449373,25
vue,-65.75444044564873,28.245559554351267,25
efm,-17.65259360123745,28.34740639876255,25
dng,-18.68978748036122,91.31021251963878,25
wno,-21.557907173523258,73.44209282647674,25
ipc,-97.16962657189073,41.83037342810927,25
zoq,-19.614723399179375,9.385276600820623,25
fha,-9.811621759557488,44.18837824044251,25
qlx,-70.36832934747655,37.63167065252345,25
llb,-44.6245402630686,96.3754597369314,25
pfj,-59.76416234405051,97.23583765594948,25
xfl,-41.63941273180719,19.360587268192813,25
lcw,-2.359519306400269,6.640480693599731,25
vxm,-38.04121290762166,67.95878709237833,25
tno,-12.026278099840582,15.973721900159418,25
pia,-84.30913616152766,49.690863838472346,25
xas,-54.555260022350595,84.4447399776494,25
crk,-14.442634641590562,96.55736535840944,25
exf,-31.092369739803807,26.907630260196193,25
zmq,-1.070827150347248,29.92917284965275,25
ndb,-85.80269960539826,32.19730039460173,25
qdf,-79.22718077622166,23.772819223778335,25
cmk,-0.7128815730030851,70.28711842699691,25
dnh,-44.250289301270826,19.749710698729174,25
bgk,-41.03920539054236,16.960794609457643,25
elx,-9.729229932543898,56.2707700674561,25
qrl,-89.5406441389708,49.459355861029195,25
zje,-66.25083959134629,70.74916040865371,25
naj,-88.64570724295828,65.35429275704172,25
rfw,-73.45046972058496,88.54953027941504,25
ohv,-79.03476731684152,27.96523268315848,25
fvz,-50.35365054312792,90.64634945687209,25
pex,-94.18561884535275,55.81438115464725,25
eje,-66.69190500515631,0.30809499484368363,25
yta,-30.922529916677227,46.07747008332277,25
iws,-90.00877849029898,40.99122150970103,25
hef,0.25990022793163625,67.25990022793164,25
wnp,-31.560874997432723,26.439125002567277,25
ttu,-61.267412644289294,66.7325873557107,25
qek,-57.168955624357906,73.8310443756421,25
tee,-52.72045804677321,19.27954195322679,25
htu,-25.78251912330321,39.21748087669679,25
fwr,-31.564690366643198,68.43530963335681,25
ybn,-76.27095370185464,74.72904629814536,25
eut,-1.8815289411974496,19.11847105880255,25
wqu,-56.31572682171145,2.684273178288546,25
shj,-81.44082825161124,58.55917174838877,25
ndj,-93.75059106620321,94.24940893379679,25
asj,-71.93422209469591,4.065777905304092,25
ovg,-79.68095800435957,72.31904199564043,25
ncx,-26.61630484366663,39.383695156333374,25
zyu,-65.89237067308278,54.10762932691722,25
gzj,-14.90613808098283,64.09386191901717,25
stz,-65.53773212133419,48.46226787866581,25
gxp,-54.07492580313777,69.92507419686223,25
grl,-48.76827341983554,15.231726580164466,25
zkc,-45.61955757821679,30.380442421783204,25
pph,-10.030528189440972,26.96947181055903,25
mda,-43.579350274962785,4.420649725037216,25
jyw,-53.49513325351373,14.504866746486272,25
fbu,-10.081919363957287,61.91808063604272,25
pab,-12.909327340099036,65.09067265990096,25
ktm,-30.265615207810193,41.73438479218981,25
ubl,-93.62157823480962,11.378421765190375,25
lfj,-79.07108701076446,96.92891298923554,25
kgk,-97.89179577683981,43.10820422316018,25
vzn,-22.059150330104707,93.94084966989529,25
wqr,-35.13038606463448,97.86961393536552,25
waq,-43.02781986063837,49.97218013936163,25
jzq,-59.90560396771661,17.094396032283388,25
tjp,-7.842946771427615,97.15705322857238,25
asn,-58.039025985589376,82.96097401441062,25
exv,-26.350910353526245,53.649089646473755,25
ykl,-47.17809385921083,89.82190614078917,25
qxr,-77.96445336146184,52.03554663853817,25
eij,-29.043072307815407,36.95692769218459,25
lyr,-56.24690958147672,54.75309041852328,25
gbq,-16.088042448996525,0.9119575510034748,25
