ilf,-83.36059353769758,48.639406462302425,1000
pdh,-68.2068317850906,94.7931682149094,1000
jic,-5.145963050689524,96.85403694931048,1000
okw,-90.6769368949672,9.323063105032796,1000
fyl,-95.70765925335203,72.29234074664797,1000
qkt,-42.506226991606106,15.493773008393894,1000
yym,-75.82055533481105,89.17944466518895,1000
nol,-3.658539863146591,96.34146013685341,1000
bqp,-61.740412751783985,33.259587248216015,1000
tzf,-78.7152989608337,34.28470103916629,1000
puk,-69.82250226821338,89.17749773178662,1000
udi,-96.2370158283015,7.7629841716985,1000
iil,-78.24709528139037,64.75290471860963,1000
adv,-32.29893102355713,47.70106897644287,1000
ytz,-27.01515256338874,3.9848474366112616,1000
xoo,-16.73216658828579,42.26783341171421,1000
ehj,-97.33354828032041,29.666451719679586,1000
jcv,-9.362129590816094,25.637870409183904,1000
fbq,-28.141837810374255,81.85816218962574,1000
xlm,-48.95305807624094,15.046941923759057,1000
mpr,-59.18801210133481,61.81198789866519,1000
tco,-1.4529446487844664,13.547055351215533,1000
lkg,-55.16861290213107,44.83138709786893,1000
bmi,-60.69425320519618,64.30574679480382,1000
bvt,-68.21810994537238,0.7818900546276263,1000
fbp,-46.54904168916555,12.450958310834448,1000
zqp,-38.161331745716616,89.83866825428338,1000
kai,-55.266527751506146,95.73347224849385,1000
glf,-46.85312730749963,73.14687269250037,1000
diu,-91.34601720915671,26.653982790843294,1000
nev,-4.922477233669972,2.077522766330028,1000
pjo,-16.89128422362136,20.10871577637864,1000
vzl,-88.52861006658173,38.47138993341827,1000
zzz,-30.387753021147443,23.612246978852557,1000
cwd,-44.10169360900692,65.89830639099308,1000
foe,-70.2121173959928,53.787882604007194,1000
uvw,-71.08137952750305,75.91862047249695,1000
hci,-75.6781236211078,41.321876378892206,1000
gkv,-18.48024398199146,73.51975601800854,1000
wiu,-79.73771232420773,62.262287675792265,1000
ele,-96.38300253286194,28.616997467138066,1000
exc,-36.275366839197126,72.72463316080288,1000
heh,-87.99762966522293,78.00237033477707,1000
ygw,-88.41866419543949,3.581335804560506,1000
azf,-43.01639957768473,56.98360042231527,1000
eik,-1.1647845578524483,72.83521544214756,1000
ttp,-73.94887767933359,47.05112232066641,1000
jio,-90.22807264125474,52.77192735874526,1000
lud,-87.35225983735535,34.64774016264465,1000
yig,0.6257313448215855,6.6257313448215855,1000
tpn,-88.94936720791108,77.05063279208892,1000
qql,-64.98721143956713,74.01278856043287,1000
bae,-38.153116522413406,51.846883477586594,1000
ocn,-16.354502866279706,53.6454971337203,1000
ney,-97.47733679761367,29.52266320238633,1000
enf,-43.2446435202498,26.755356479750198,1000
fyt,-87.28957300148906,3.710426998510938,1000
nzy,-17.910446542806177,14.089553457193823,1000
unp,-77.9388178533388,69.0611821466612,1000
tun,-78.77240636681634,88.22759363318366,1000
kme,-7.151891329242973,28.848108670757025,1000
zmq,-7.96027930003988,97.03972069996011,1000
qxm,-97.8429829871209,95.1570170128791,1000
mlp,-75.85210572796431,30.14789427203569,1000
fbt,-64.01556843543011,74.98443156456989,1000
bow,-14.547963984907652,54.45203601509235,1000
tvt,-92.56605394946891,48.4339460505311,1000
yzb,-3.24154548653849,36.75845451346151,1000
smy,-91.31102454022589,95.68897545977411,1000
gcb,-0.10108255460748805,60.89891744539251,1000
whs,-33.916327437283236,27.08367256271676,1000
nld,-5.843632460370858,80.15636753962914,1000
tau,-91.99165067467774,33.008349325322264,1000
nrk,-83.66871543366628,98.33128456633372,1000
rgm,-31.165731860856283,13.834268139143717,1000
ycv,-64.9800985745087,66.0199014254913,1000
vvn,-42.468247388198144,88.53175261180186,1000
avw,-1.9891804117564154,21.010819588243585,1000
muv,-81.2306465311244,95.7693534688756,1000
ecj,-81.98142055642302,20.018579443576986,1000
kpm,-17.632862770865167,65.36713722913484,1000
ydv,-48.90189155663962,7.09810844336038,1000
swd,-52.30259914389866,58.69740085610134,1000
ela,-3.6756118970299645,35.32438810297003,1000
una,-13.1393327023373,39.8606672976627,1000
mjf,-13.521375462945207,87.4786245370548,1000
hiq,-45.4403384411541,69.5596615588459,1000
idf,-77.79309028282778,24.206909717172223,1000
nil,-73.05650545576594,86.94349454423406,1000
dgv,-41.234654530987015,18.76534546901299,1000
pqq,-37.879604745947596,83.1203952540524,1000
yev,-35.223329894037995,89.776670105962,1000
vrb,-4.905822400018751,91.09417759998125,1000
byi,-29.366190889869056,10.633809110130944,1000
lse,-84.57301237552457,67.42698762447543,1000
alq,-75.2830618110266,29.7169381889734,1000
iln,-93.22743281024006,45.77256718975995,1000
zan,-75.78096083884178,75.21903916115822,1000
bvd,-18.33883986211666,38.661160137883336,1000
stq,-0.29089195776396426,0.7091080422360357,1000
wsz,-57.241176252757086,70.75882374724291,1000
ylx,-10.998231491466038,68.00176850853396,1000
tcn,-35.409359591509066,19.590640408490938,1000
obr,-40.57315867500202,83.42684132499798,1000
iea,-88.04430958923926,48.95569041076073,1000
pez,-58.921337308632665,26.078662691367335,1000
ssp,-53.22234085112149,98.77765914887851,1000
jhc,-36.26044091371615,95.73955908628385,1000
kak,-35.63548593438323,76.36451406561676,1000
mny,-96.12119679901667,96.87880320098333,1000
qev,-85.9063358318725,92.0936641681275,1000
vqn,-46.127205676370515,86.87279432362948,1000
nva,-37.90069095559846,19.099309044401533,1000
enr,-40.45927158085643,26.540728419143573,1000
jek,-30.282849452198086,79.71715054780191,1000
rjr,-2.3554351523050565,77.64456484769494,1000
rvw,-83.57197260940386,50.42802739059614,1000
sel,-1.987804945353441,43.01219505464656,1000
xss,-56.75116241838315,9.248837581616845,1000
aqi,-21.745931671456894,61.254068328543106,1000
lms,-27.9243531235801,28.0756468764199,1000
lhw,-78.79475391462385,32.205246085376146,1000
rwg,-69.52701410505045,30.472985894949545,1000
xbs,-32.74606741080845,69.25393258919155,1000
zmu,-63.3482144684681,23.6517855315319,1000
pil,-78.77008772937243,59.229912270627565,1000
rmy,-81.69600620677915,48.303993793220855,1000
bgx,-60.77258189854188,32.22741810145812,1000
qtz,0.5226586040734028,29.522658604073403,1000
xki,-69.03682124871214,66.96317875128786,1000
kvk,-2.355660105246447,74.64433989475356,1000
cbr,-95.82590577680251,64.17409422319749,1000
was,-27.818402364531828,97.18159763546817,1000
zgz,-50.54213908312148,94.45786091687852,1000
vix,-16.013517161839676,72.98648283816033,1000
rmp,-92.19221333725571,18.80778666274429,1000
oac,-24.202038463047227,20.797961536952773,1000
agi,-86.63650863364613,85.36349136635387,1000
ath,-80.32508145402748,1.6749185459725222,1000
pas,-55.05426538107937,44.94573461892063,1000
pva,-28.02647881519234,75.97352118480765,1000
gog,-19.228101948799047,79.77189805120095,1000
wqv,-8.092853280213912,83.90714671978608,1000
fcm,-77.14917118542513,12.85082881457487,1000
acp,-80.51989373949993,47.48010626050007,1000
okd,-44.54324620447061,11.456753795529387,1000
ixi,-20.758482602008876,95.24151739799112,1000
pgf,-5.419635859002475,23.580364140997524,1000
sjn,-22.005675117361417,6.994324882638584,1000
oax,-28.597745471946272,22.402254528053728,1000
otp,-15.858082239762311,22.14191776023769,1000
pyg,-42.219892335339274,25.780107664660726,1000
qkv,-7.989000697962171,20.01099930203783,1000
pnm,-59.794683739259774,94.20531626074022,1000
hvk,-95.952827715755,92.047172284245,1000
vbi,-43.20297006298719,11.79702993701281,1000
eoz,-2.6641410122245963,77.33585898777541,1000
ktc,-80.01111039391797,54.988889606082026,1000
qzz,-21.68152347989149,68.3184765201085,1000
rky,-9.914358863861011,66.08564113613899,1000
ytx,-86.34391279107969,65.65608720892031,1000
pqf,-51.75437301360812,45.24562698639188,1000
xna,-75.15423676696557,58.845763233034425,1000
yid,-55.75550423723055,93.24449576276946,1000
ijd,-22.368174235363465,95.63182576463653,1000
vgc,-15.062859446064676,45.93714055393532,1000
get,-85.22463783758366,15.775362162416343,1000
wnn,-35.22275028098074,17.777249719019256,1000
tmc,-48.00732633108776,65.99267366891223,1000
trk,-43.281267648427075,33.718732351572925,1000
hma,-45.14320996922827,45.85679003077173,1000
qnl,-49.799259267271296,68.2007407327287,1000
num,-32.04210877832779,27.957891221672213,1000
pjo,-23.072826988004657,2.9271730119953423,1000
usi,-22.678698440319874,31.321301559680126,1000
ogb,-65.54690493482221,97.45309506517779,1000
pgj,-43.5035611249206,88.49643887507939,1000
rxf,-90.62232185273118,16.37767814726883,1000
mgn,-16.188677600664793,52.811322399335204,1000
ksd,-56.31873366097148,53.68126633902852,1000
uqq,-51.89067472785539,68.1093252721446,1000
vss,-3.963941451604372,26.03605854839563,1000
lhh,-6.338213380379322,88.66178661962067,1000
umf,-46.939503881643255,14.060496118356747,1000
lrd,-36.34622454389803,80.65377545610197,1000
hkg,0.08436527193822574,32.084365271938225,1000
zuu,-15.293892526993567,75.70610747300644,1000
ufi,-59.978652044252044,93.02134795574796,1000
qvv,-96.48469180218483,32.51530819781518,1000
jyy,-92.78921423738304,16.210785762616972,1000
rhx,-36.41645445557287,69.58354554442714,1000
lic,-33.003027409235195,0.9969725907648036,1000
ooo,-30.798281678780175,91.20171832121983,1000
lvs,-24.940710474950677,96.05928952504932,1000
gfz,-0.5132181262550902,61.48678187374491,1000
szk,-93.65471304693817,52.34528695306183,1000
btk,-28.342912868699297,18.657087131300703,1000
hay,-29.414485342191707,9.585514657808291,1000
toj,-48.74360589396261,34.25639410603739,1000
hfi,-4.043044307188417,86.95695569281158,1000
cpp,-11.911501819999934,64.08849818000006,1000
esc,-18.73507910951347,52.26492089048653,1000
skx,-42.00380719837239,54.99619280162761,1000
yvl,-40.32076260387181,21.67923739612819,1000
xdb,-8.64584218650233,70.35415781349766,1000
rcr,-72.80546203448417,49.19453796551584,1000
fnk,-6.768636555190707,64.23136344480929,1000
mdg,-40.8690607018293,12.1309392981707,1000
pxh,-28.114617248801547,11.885382751198451,1000
gdi,-35.87795920007763,10.122040799922365,1000
wku,-75.77938206746101,38.22061793253899,1000
ykz,-32.65592135459224,47.34407864540776,1000
rbx,-59.57719701905514,18.422802980944855,1000
kti,-17.979049231804172,14.020950768195828,1000
qgi,-90.28610715385848,13.713892846141514,1000
htk,-39.99135173109168,6.008648268908315,1000
kgi,-15.430884021874538,8.569115978125462,1000
oju,-69.76984687064659,12.230153129353406,1000
lxt,-75.25398427762447,49.746015722375525,1000
wbh,-35.37669946054119,65.62330053945881,1000
wtb,-32.63624110285369,13.363758897146315,1000
bhd,-33.43300430506041,38.56699569493959,1000
xzq,-31.13138230639348,3.8686176936065197,1000
hlx,-9.506349637605144,33.49365036239485,1000
apx,-48.44125287351392,0.55874712648608,1000
enc,-37.092794832108176,87.90720516789182,1000
bxy,-87.45831539353273,80.54168460646727,1000
sdg,-84.56511757751505,34.43488242248495,1000
mcd,-56.61262156589448,31.387378434105518,1000
ywj,-86.99448069301894,55.00551930698106,1000
geg,-63.8135523662577,86.18644763374229,1000
lvg,-49.84055013560084,83.15944986439915,1000
ulo,-61.11552947475408,61.88447052524592,1000
efm,-95.28565934710376,11.714340652896245,1000
sbi,-8.509222977283272,34.49077702271673,1000
jip,-78.23152706486306,88.76847293513694,1000
hzj,-8.64402213654352,39.35597786345648,1000
hjb,-84.78333182894421,54.21666817105579,1000
gbw,-5.037251306210327,26.962748693789674,1000
gcf,-2.711928207743843,76.28807179225616,1000
dfh,-42.64991575809977,96.35008424190022,1000
nhw,-96.08793661252919,62.91206338747081,1000
vzj,-69.21518654997675,39.78481345002325,1000
cqu,-59.59729782543766,97.40270217456234,1000
wht,-51.93275018684218,1.0672498131578205,1000
kkc,-48.28237237368859,22.71762762631141,1000
umc,-13.34430191846877,28.65569808153123,1000
pyj,-17.86612704721261,95.13387295278739,1000
agf,-91.65011031878453,42.34988968121547,1000
fit,-12.936702344644859,68.06329765535514,1000
mgl,-75.04013933462171,62.95986066537828,1000
