wzp,-86.38164879451966,91.61835120548034,1000
ptl,-51.78295247703415,3.2170475229658493,1000
jgt,-72.59975239977392,7.400247600226077,1000
crx,-53.67294088315851,8.327059116841491,1000
kyk,-3.7711376682964013,69.2288623317036,1000
tsq,-82.18358227947449,7.816417720525506,1000
cpm,-24.962286111024472,10.037713888975526,1000
dzu,-35.05763371022092,40.94236628977908,1000
dzo,-49.96793858620684,27.03206141379316,1000
huj,-11.679369444473805,82.3206305555262,1000
xcq,-8.885500928262525,76.11449907173747,1000
tbz,-48.32342168871699,43.67657831128301,1000
fio,-51.10360854483837,83.89639145516162,1000
gqf,-0.6087679828376027,14.391232017162398,1000
tra,-36.32084868214405,7.6791513178559505,1000
sgi,-44.62352327907674,17.376476720923257,1000
igj,-16.80178410025913,10.19821589974087,1000
lyq,-30.275572604114142,20.724427395885858,1000
gfx,-30.357586475055577,10.642413524944422,1000
asf,-52.0042588609266,68.9957411390734,1000
grr,-78.7103622312831,94.2896377687169,1000
zfm,-63.79751418330978,31.20248581669022,1000
bzp,-37.389712767319736,66.61028723268026,1000
mwb,-59.078155731659464,42.921844268340536,1000
nyg,-21.437183801526288,75.56281619847371,1000
fut,-93.31481083204444,42.685189167955556,1000
nvb,-49.62040827250387,83.37959172749612,1000
wue,-88.04675304206357,61.95324695793642,1000
gnw,-11.80634976845832,7.193650231541681,1000
msm,-72.23010060100093,57.76989939899907,1000
fhq,-21.096048715176266,88.90395128482373,1000
own,-71.3287089603946,0.6712910396054005,1000
nwm,-0.34738927908049866,51.652610720919505,1000
lhi,-39.041110704967785,45.958889295032215,1000
dgd,-80.5912154108944,44.408784589105586,1000
jcy,-26.160242305635094,4.839757694364906,1000
ryy,-20.747451006517142,63.252548993482854,1000
spf,-78.00075393253039,13.999246067469617,1000
ucs,-78.5346072792705,97.4653927207295,1000
kpu,-79.16296749256396,36.83703250743603,1000
bdi,-34.11389864860132,45.88610135139868,1000
dcx,-22.35529417949055,89.64470582050944,1000
cex,-37.33619943084415,30.663800569155853,1000
yku,-52.87532769377208,74.12467230622792,1000
fqm,-48.46389253717768,90.53610746282232,1000
itw,-66.08018616885799,24.919813831142015,1000
kpv,-2.8526867362957358,1.1473132637042642,1000
yus,-78.43180076865201,19.568199231347997,1000
kdz,-39.73344928704442,67.26655071295558,1000
rnp,-48.6103947399664,2.389605260033597,1000
ets,-20.42811627257341,25.57188372742659,1000
tyg,-22.567778344056876,68.43222165594312,1000
kyd,-41.902804344251,13.097195655748997,1000
rai,-81.48843666892094,48.51156333107906,1000
nss,-95.21473026821513,75.78526973178487,1000
yme,-71.3762992708634,31.623700729136598,1000
wxd,-35.72914344665533,29.27085655334467,1000
ppg,-73.3512581537441,96.6487418462559,1000
yeh,-69.84676907629431,26.153230923705696,1000
jtd,-48.639057995547724,14.360942004452273,1000
dhb,-39.7310965378362,46.2689034621638,1000
fjr,-73.09638884614654,46.90361115385346,1000
siv,-6.419144623017265,67.58085537698274,1000
oez,-64.49877702604812,78.50122297395188,1000
hzd,-7.616364261806938,76.38363573819306,1000
lnq,-11.66857534753173,68.33142465246827,1000
nyc,-89.86078271147055,84.13921728852945,1000
trz,-71.28822639155504,77.71177360844496,1000
qgj,-4.807604195025203,84.1923958049748,1000
itx,-53.76198659383017,21.238013406169827,1000
hyi,-90.19533533517541,46.804664664824585,1000
edn,-23.471173021125658,37.52882697887434,1000
pke,-15.118333607797384,72.88166639220262,1000
vkd,-38.4085896103614,6.591410389638595,1000
vwx,-53.48406272638138,20.51593727361862,1000
fhh,-39.2750088999174,85.7249911000826,1000
tfg,-96.60565956871147,38.39434043128852,1000
owu,-66.43628344384175,13.563716556158253,1000
flq,-44.8453816329242,84.1546183670758,1000
dbw,-51.511907551070536,11.488092448929464,1000
gec,-49.495150861314514,83.50484913868549,1000
ind,-51.21237752744091,67.7876224725591,1000
cwe,-42.15715109662686,83.84284890337314,1000
tgb,-84.65006554581564,38.34993445418436,1000
znt,-45.355220274384145,39.644779725615855,1000
wys,-18.38509785615102,87.61490214384898,1000
nyf,-65.89365260838609,65.10634739161391,1000
svq,-21.914510847506463,54.08548915249354,1000
rzo,-62.47138619948162,72.52861380051837,1000
ajp,-23.623959917707584,40.37604008229242,1000
lzb,-37.06718109951952,47.93281890048048,1000
odo,-34.668049711972984,11.331950288027015,1000
hyb,-18.170328013475427,32.82967198652457,1000
kmg,-30.783679464082606,66.21632053591739,1000
aqf,-18.6026474921198,89.3973525078802,1000
gbl,-62.03069295263762,79.96930704736238,1000
roy,-29.666364697255997,84.333635302744,1000
ekc,-25.28277355045769,59.71722644954231,1000
idq,-84.76321565710218,2.2367843428978222,1000
daw,-89.30442079942537,51.69557920057463,1000
xct,-92.44284426586759,32.557155734132415,1000
hqw,-24.671673573419785,91.32832642658022,1000
kuv,-32.07665016280225,31.923349837197744,1000
uoa,-5.982216243975879,64.01778375602412,1000
fdg,-73.95694211515185,65.04305788484815,1000
fyj,-83.8038155049154,67.1961844950846,1000
rde,-84.42672505187852,35.57327494812148,1000
bbn,-13.575040652135971,71.42495934786403,1000
mjm,-38.28581294978204,40.71418705021796,1000
pni,-54.27220957844125,34.72779042155875,1000
aiu,-12.967669621640393,53.0323303783596,1000
fod,-15.609864079123899,69.3901359208761,1000
cty,-66.85078540131374,29.149214598686253,1000
twd,-76.23642517541396,2.763574824586042,1000
ctz,-6.659761430527965,4.340238569472035,1000
zkq,-38.214089076074636,58.785910923925364,1000
aki,-78.69499155183009,69.30500844816991,1000
okk,-18.456443235782405,81.5435567642176,1000
gen,-24.960903420817495,65.0390965791825,1000
tfy,-36.3211041603726,91.6788958396274,1000
jjf,-38.53624836007833,35.46375163992167,1000
iwv,-28.79554478498331,29.20445521501669,1000
fiu,0.8167838532498689,94.81678385324987,1000
fal,-95.45836659198105,77.54163340801895,1000
tof,-7.458571668295111,14.54142833170489,1000
wcu,-51.37334557575253,98.62665442424746,1000
gbp,-67.46927886346415,71.53072113653585,1000
yeq,-12.404449119034513,89.59555088096549,1000
kfb,-53.31179741835821,87.68820258164179,1000
xvx,-53.987659863229105,24.012340136770895,1000
bsh,-50.0821423964188,67.9178576035812,1000
nuk,-51.80726348615329,88.19273651384671,1000
foi,-67.99895880459275,43.001041195407254,1000
ihi,-66.67202150373754,18.32797849626246,1000
gze,-46.30101458706571,13.698985412934293,1000
efj,-84.23310498002178,84.76689501997822,1000
rax,-18.48700330155422,78.51299669844578,1000
nku,-43.32860813077931,97.67139186922068,1000
rrx,-4.668232853397336,84.33176714660266,1000
yjn,-18.32659765660376,43.67340234339624,1000
gsp,-51.82116362833814,6.17883637166186,1000
adq,-97.30589328059236,28.694106719407642,1000
zys,-24.0210418717366,76.9789581282634,1000
ycf,-79.8708056050055,25.1291943949945,1000
sgj,-20.456014667945055,29.543985332054945,1000
zbh,-84.68354904639166,23.31645095360834,1000
iab,-85.76923884269857,28.23076115730143,1000
bwz,-95.15215139524356,50.84784860475643,1000
dwa,-34.9579519315812,62.0420480684188,1000
hon,-8.348268585179925,1.6517314148200748,1000
qus,-21.84835351365767,75.15164648634233,1000
dcu,-71.11218994306446,39.88781005693553,1000
xsu,-4.044601755955246,32.95539824404475,1000
ivv,-27.180176369968667,73.81982363003134,1000
rly,-61.62740477826873,90.37259522173127,1000
cgw,-66.0022643429044,97.9977356570956,1000
qob,-85.02975687075381,13.97024312924619,1000
fdb,-74.62787636904089,22.372123630959113,1000
fqo,-62.04911208838236,33.95088791161764,1000
xcx,-45.794136687308054,74.20586331269195,1000
fun,-87.46002884438572,26.53997115561428,1000
lnu,-73.7539101650922,34.24608983490781,1000
dhm,-89.04165669472985,46.95834330527015,1000
tpv,-4.852419402827708,11.147580597172292,1000
zts,-75.8672372869193,3.1327627130806897,1000
kld,-12.341598723100484,0.658401276899517,1000
rsv,-92.49244752963203,79.50755247036797,1000
xzs,-31.76011366942587,6.239886330574132,1000
stc,-0.16323853358756635,79.83676146641244,1000
qnw,-54.13789815987061,36.86210184012939,1000
ixx,-61.39319429972537,54.60680570027463,1000
pgt,-68.20375492772656,85.79624507227344,1000
tif,-8.949027620019429,5.050972379980571,1000
ali,-50.4209357095355,19.5790642904645,1000
utq,-5.59547302776781,26.40452697223219,1000
lsz,-20.151849962258993,52.84815003774101,1000
gfo,-93.89827861293247,7.101721387067523,1000
pyn,-17.763139531921755,70.23686046807825,1000
ivy,-14.144254803130126,91.85574519686988,1000
inh,-22.844252136047636,75.15574786395236,1000
nla,-39.095403037078185,80.90459696292181,1000
xdr,-47.09349769476585,70.90650230523416,1000
uag,-71.42193545689842,32.57806454310158,1000
qhb,-68.08175783717715,10.91824216282285,1000
rcd,-80.33379018008976,61.66620981991023,1000
cey,-51.78165233944219,96.21834766055781,1000
ntc,-47.761039768285,64.238960231715,1000
kbw,-54.96424900490712,76.03575099509288,1000
soi,-58.501504049573015,36.498495950426985,1000
wfg,-88.11514539120543,94.88485460879457,1000
smi,-12.5612135749283,35.438786425071704,1000
mwy,-42.82325560354972,45.17674439645028,1000
sql,-51.77935822101055,54.22064177898945,1000
lfu,-48.58246241759067,69.41753758240932,1000
iwg,-92.52050141108248,50.479498588917515,1000
toj,-5.364620001052479,84.63537999894753,1000
smq,-75.9320926488873,33.067907351112694,1000
qrh,-27.487389335012086,14.512610664987914,1000
bcl,-97.02948027821068,47.970519721789316,1000
yab,-87.35988077269165,75.64011922730835,1000
kdq,-42.272982153195606,66.72701784680439,1000
kme,-31.482096445971546,68.51790355402845,1000
duz,-7.703268050599925,13.296731949400076,1000
zge,-51.82879902910318,51.17120097089682,1000
lhy,-37.74566718836167,42.25433281163833,1000
goi,-90.87779991971065,19.122200080289343,1000
nzi,-92.16051736250894,40.83948263749106,1000
xmj,-82.5008307791721,55.4991692208279,1000
fpq,-64.12162527476342,68.87837472523658,1000
ait,-87.79942379015294,44.20057620984705,1000
cyh,-65.33420288358391,3.665797116416093,1000
soa,-1.8226359008726218,53.17736409912738,1000
byd,-52.854095902946696,81.1459040970533,1000
qgu,-64.88958474066908,18.110415259330924,1000
rhz,-70.73177261187767,20.26822738812233,1000
vdb,-25.873154965654145,51.126845034345855,1000
opd,-50.24338559947497,15.756614400525033,1000
acy,-64.79553235809698,96.20446764190302,1000
rpl,-8.270646473993878,76.72935352600612,1000
xwu,-54.807190992744744,62.192809007255256,1000
edt,-69.73987078678327,79.26012921321673,1000
pqi,-20.361982787355956,59.638017212644044,1000
izu,-44.082503201130756,64.91749679886925,1000
oso,-87.05579973605556,74.94420026394444,1000
cyg,-77.18450530992429,75.81549469007571,1000
tzc,-15.23854526430395,50.76145473569605,1000
kfs,-97.23155598790576,22.76844401209424,1000
iqb,-37.06271345965778,24.937286540342225,1000
vhz,-53.54551015522894,70.45448984477106,1000
qml,-54.39956886908235,19.600431130917652,1000
azu,-62.57181341967671,66.42818658032328,1000
atf,-3.564450764579817,88.43554923542018,1000
ifk,-31.21352548697647,36.786474513023535,1000
ltd,-5.790243884156764,89.20975611584323,1000
rye,-69.87056122090836,46.129438779091636,1000
iwk,-60.06198221225997,7.938017787740031,1000
gtw,-73.64699803007558,92.35300196992442,1000
khx,-87.68796702342138,53.31203297657862,1000
qsb,-47.668591561556845,87.33140843844316,1000
aih,-27.865426059384898,87.1345739406151,1000
jfv,-76.15256382380332,43.84743617619669,1000
qow,-22.15348951226509,22.84651048773491,1000
rob,-44.0989172531885,52.9010827468115,1000
mog,-91.75939696894025,10.24060303105975,1000
nxs,-18.149335652401987,82.85066434759801,1000
eqt,-30.240570389451534,32.759429610548466,1000
ong,-7.990860307122583,37.00913969287742,1000
eas,-56.58310407452314,32.41689592547686,1000
css,-96.16844625973842,58.831553740261576,1000
oug,-86.04632654958021,46.953673450419785,1000
bnk,-68.27892854274256,68.72107145725744,1000
