xex,-41.82818470212958,16.17181529787042,1000
fhe,-20.566726047349196,14.433273952650804,1000
obm,-47.09440209705687,55.90559790294313,1000
pax,-43.46471174287705,92.53528825712294,1000
aec,-87.79062810704349,16.20937189295652,1000
kkl,-69.60525469608542,18.39474530391458,1000
ktg,-33.39920551896476,48.60079448103524,1000
akz,-60.723748459698164,12.276251540301834,1000
udt,-65.24741005096415,55.752589949035844,1000
yjd,-39.73598298960956,55.26401701039044,1000
thm,-13.358148915870622,48.64185108412938,1000
iqt,-40.22645511145291,59.77354488854709,1000
vhe,-22.52133299614866,12.478667003851339,1000
oww,-80.82510619718512,46.174893802814886,1000
cfn,-61.22410071720164,56.77589928279836,1000
aod,-4.556432854467119,88.44356714553288,1000
wro,-57.67686548827287,96.32313451172713,1000
jgi,-29.580071134753904,49.41992886524609,1000
kzh,-52.35935997684687,46.64064002315313,1000
hmc,-28.9724001121011,48.0275998878989,1000
isb,-13.25214292421942,72.74785707578059,1000
nyu,-44.136065530223725,34.863934469776275,1000
qdj,-84.1201736164554,35.8798263835446,1000
hyq,-36.342647532261296,4.6573524677387015,1000
qoa,-8.050803296619147,96.94919670338085,1000
gio,-86.4091180412979,13.590881958702093,1000
vtj,-7.298994782559668,93.70100521744033,1000
zqc,-8.91394655289907,59.08605344710093,1000
vxe,-26.92896479020356,87.07103520979643,1000
baz,-21.383047563007782,3.616952436992217,1000
dqq,-10.344783698393933,42.65521630160607,1000
kgb,-22.710038809017938,46.28996119098206,1000
sgs,-58.399653997217115,70.60034600278289,1000
whg,-77.215989337695,17.784010662304993,1000
fql,-84.95612597482489,83.04387402517511,1000
nlv,-73.94329783146108,46.05670216853892,1000
myk,-97.09202296227008,71.90797703772992,1000
fbx,-66.58372456761542,5.4162754323845785,1000
vci,-28.265044842616945,92.73495515738306,1000
kuq,-62.3230631240354,38.6769368759646,1000
gwm,-38.11205276454966,76.88794723545034,1000
xvz,-5.638202967773799,26.361797032226203,1000
ege,-97.80486981967972,92.19513018032028,1000
rys,-59.998315763257,7.001684236743005,1000
fot,-3.730311417994029,34.26968858200597,1000
nqr,-56.63570621401542,16.364293785984575,1000
jvs,-74.19497235762398,13.805027642376013,1000
syf,-46.51981844770124,75.48018155229876,1000
zca,-92.12269722463999,67.87730277536001,1000
qyz,-97.01375628351107,44.986243716488936,1000
hvn,-12.522543344215043,87.47745665578496,1000
ohl,-50.836309613592825,56.163690386407175,1000
mhx,-76.71576079196711,23.28423920803288,1000
jmq,-43.949483366280816,90.05051663371918,1000
gkn,-69.00412909884427,82.99587090115573,1000
vki,-8.4600944200028,75.5399055799972,1000
chj,-40.962401362464504,21.037598637535496,1000
kmf,-24.120698234342413,97.87930176565759,1000
may,-47.047177174315266,17.952822825684734,1000
nyg,-10.964513481953455,18.035486518046547,1000
zvh,-27.58550258024735,87.41449741975265,1000
bog,-96.67170484167842,77.32829515832158,1000
zfu,-65.26220042503739,84.73779957496261,1000
mwo,-14.457200231611944,84.54279976838805,1000
clg,-71.24265549990739,0.7573445000926168,1000
vwi,-11.396325831661196,57.603674168338806,1000
uzb,-31.039922413190897,12.960077586809103,1000
ink,-32.173595282538315,27.82640471746168,1000
nci,-96.6899207594639,39.3100792405361,1000
byo,-90.06275174753917,78.93724825246083,1000
otn,-56.742144406677724,42.257855593322276,1000
dpv,-36.91780130322612,7.082198696773879,1000
nbd,-42.33685713561241,45.66314286438759,1000
iwm,-64.78714530586196,97.21285469413804,1000
qah,-56.75017692058334,82.24982307941666,1000
tti,-42.94376191532085,43.05623808467915,1000
noq,-3.2549358221447515,57.74506417785525,1000
qri,-78.52035607609919,84.47964392390081,1000
gfr,-49.22245647246682,39.77754352753318,1000
rtj,-90.40835940610815,31.591640593891846,1000
cdl,-68.70758695457347,46.29241304542652,1000
mpu,-48.36178440606919,82.63821559393081,1000
akd,-85.44313584280263,81.55686415719737,1000
kgg,-0.41108952069715976,39.58891047930284,1000
pva,-68.58227428156243,82.41772571843757,1000
dea,-29.68360005492867,87.31639994507132,1000
bqk,-17.906621376840526,70.09337862315948,1000
ewz,-82.9502325389865,4.049767461013506,1000
eha,-87.80102167494883,26.19897832505117,1000
xbg,-68.6027048671254,87.3972951328746,1000
zoj,-78.29624377077829,73.70375622922171,1000
bmw,-25.47076482066381,62.52923517933619,1000
ohx,-79.82774566028074,73.17225433971926,1000
ffb,-1.0941099635885947,36.90589003641141,1000
lyp,-43.04770656050427,75.95229343949573,1000
uak,-43.07982697370538,51.92017302629462,1000
oqm,-37.49440293479342,10.50559706520658,1000
wgm,-50.552357005760705,98.4476429942393,1000
rvt,-2.6386183860117254,0.36138161398827473,1000
iyd,-60.78521628121166,83.21478371878834,1000
mzu,-68.0791789089213,96.9208210910787,1000
uom,-3.2030827944042812,54.79691720559572,1000
ukc,-29.547979608652827,21.452020391347173,1000
paa,-55.697466277331046,83.30253372266895,1000
qhi,-10.67448527537292,64.32551472462708,1000
lja,-26.041779567746556,63.95822043225344,1000
hon,-26.103852217745494,82.8961477822545,1000
dxg,-70.87636962737506,64.12363037262494,1000
cag,-76.7466417925573,69.2533582074427,1000
hop,-45.897234404009524,67.10276559599048,1000
qbi,-10.29827739989636,15.70172260010364,1000
phr,-93.66097171580091,76.33902828419909,1000
kss,-86.85474019219399,90.14525980780601,1000
urb,-3.881917267938072,42.11808273206193,1000
fcp,-54.99056629903392,34.00943370096608,1000
xaz,-2.2977049808814827,35.702295019118516,1000
nzu,-83.73696067320506,71.26303932679494,1000
ddf,-82.71755787513025,98.28244212486975,1000
zvv,-1.618644377507303,89.38135562249269,1000
bpz,-47.49021560251994,48.50978439748006,1000
mzl,-48.00472178405464,98.99527821594536,1000
rwe,-55.62665920701117,92.37334079298883,1000
lqc,-63.54186563642555,82.45813436357444,1000
xvi,-42.66935456422905,97.33064543577095,1000
zdw,-17.066544423121442,97.93345557687856,1000
pqs,-14.633894031912467,1.366105968087532,1000
tlq,-76.86740981998119,32.13259018001881,1000
hiu,-67.84085631339057,34.15914368660942,1000
xff,-27.448419107592436,76.55158089240757,1000
alz,-86.07417549054291,69.92582450945709,1000
vhb,-6.259128633885196,86.7408713661148,1000
val,-36.35177017520392,79.64822982479608,1000
mkq,-91.27628650642697,38.72371349357303,1000
eco,-50.785424167436624,79.21457583256338,1000
uan,-82.69730134263104,17.30269865736896,1000
vol,-2.3524529352300148,37.64754706476999,1000
wkk,-37.9669023122071,91.0330976877929,1000
waw,-53.09909947530595,21.900900524694055,1000
npa,-90.67291584012499,57.32708415987501,1000
pda,-20.584906971472446,6.415093028527555,1000
rmk,-55.24995110809766,7.750048891902338,1000
ree,-49.82008674910244,22.179913250897563,1000
lku,-59.574084724209236,8.425915275790766,1000
bwd,-7.780081563240122,39.219918436759876,1000
vmn,-25.340874074469944,13.659125925530054,1000
dpx,-41.24300277837149,51.75699722162851,1000
giq,-90.33660854921389,42.66339145078611,1000
syd,-27.06670602325163,93.93329397674837,1000
wxo,-21.372123709008253,30.627876290991747,1000
rxz,-97.3130827035374,91.6869172964626,1000
qnm,-96.63256686850131,97.36743313149869,1000
dfd,-10.990395786440763,16.009604213559236,1000
pwv,-95.30363214631524,94.69636785368476,1000
kdv,-51.77129711619334,54.22870288380666,1000
saw,-32.01529263796817,98.98470736203183,1000
cuv,-72.30357521893167,31.696424781068334,1000
tru,-18.327565666398066,30.672434333601934,1000
gej,-46.504910845198935,19.495089154801068,1000
egy,-9.238401049059375,65.76159895094062,1000
qur,-12.890656409033843,98.10934359096616,1000
tyn,-51.99847012010552,85.00152987989448,1000
kwy,-20.307721473351464,44.692278526648536,1000
ajx,-70.91913315813056,10.080866841869438,1000
utj,-39.6720290953709,91.3279709046291,1000
pvg,-6.803216365631604,92.1967836343684,1000
nmu,-54.26554610753847,54.73445389246153,1000
szh,-68.50017895541576,94.49982104458424,1000
ouk,-68.97198538215011,84.02801461784989,1000
vcy,-16.226280935716474,26.773719064283526,1000
hzq,-21.134450953385933,7.865549046614068,1000
sra,-80.8647177808949,79.1352822191051,1000
oes,-71.2122854909385,58.787714509061495,1000
hqc,-7.489846989847316,6.510153010152684,1000
fzu,-49.08513589004016,34.91486410995984,1000
mkj,-1.8297348551009214,13.170265144899078,1000
auk,-97.03465783668558,70.96534216331442,1000
hql,-84.82641942929796,16.173580570702043,1000
mzb,-44.69495207605121,70.30504792394879,1000
yur,-49.25492832275193,2.7450716772480686,1000
fjx,-56.071926589516465,78.92807341048353,1000
clx,-41.10895002845276,32.89104997154724,1000
rko,-30.83613972485209,55.16386027514791,1000
txw,-40.48045297992741,50.51954702007259,1000
oyx,-24.904963206867762,84.09503679313224,1000
egm,-85.45146868070191,2.5485313192980907,1000
tgq,-59.415019901924374,17.584980098075626,1000
txy,-3.4379639892620055,31.562036010737994,1000
neg,-22.351967817192673,80.64803218280733,1000
nnf,-65.49179184427757,97.50820815572243,1000
utw,-42.87240169818437,24.12759830181563,1000
mul,-12.024476109613357,78.97552389038664,1000
bib,-76.23212931620469,57.76787068379531,1000
fpm,-60.62875361143425,80.37124638856575,1000
vfe,-15.533661916039982,56.46633808396002,1000
eql,-46.42608932726664,70.57391067273336,1000
tzu,-8.141660488091343,16.858339511908657,1000
nuc,-54.47831286199827,18.521687138001727,1000
qlp,-54.58834352137644,80.41165647862356,1000
whh,-14.6112955658968,43.3887044341032,1000
cdf,-39.754447425740125,82.24555257425988,1000
qkr,-1.1426555088959092,30.85734449110409,1000
xgf,-54.76791256446302,76.23208743553698,1000
zwu,-6.426411019268581,49.573588980731415,1000
jiq,-32.42618454546982,55.57381545453018,1000
jin,-97.39624953286632,18.60375046713368,1000
eax,-38.89722741473905,53.10277258526095,1000
ilt,-17.301393638668824,74.69860636133117,1000
cud,-42.57123187565498,89.42876812434503,1000
lca,-25.55550452034542,7.44449547965458,1000
owu,-50.58494056739049,91.41505943260951,1000
tdc,-67.12791048631327,36.87208951368673,1000
lib,-15.270201802120864,83.72979819787913,1000
nwh,-87.2727740963487,18.727225903651302,1000
dsk,-28.588287918172195,54.4117120818278,1000
dpn,-61.01341270182872,52.98658729817128,1000
opf,-10.262807767288509,15.737192232711491,1000
pjl,-11.500249454012396,78.49975054598761,1000
wml,0.4245351011284074,74.42453510112841,1000
eoq,-73.11740832499238,72.88259167500762,1000
has,-63.7856922399754,59.2143077600246,1000
hbd,-94.41941668202321,20.58058331797679,1000
nse,-41.515322697646795,93.4846773023532,1000
tmu,-84.09741867025207,12.902581329747933,1000
snd,-43.206647614328425,42.793352385671575,1000
pmo,-54.23933866266832,18.76066133733168,1000
scr,-24.309472687602934,66.69052731239707,1000
dfe,-87.07495860182996,65.92504139817004,1000
taf,-10.935933130004635,80.06406686999536,1000
xuu,-68.19807815238657,7.801921847613428,1000
nal,-63.79209431008707,70.20790568991292,1000
psv,-86.25413770703156,69.74586229296844,1000
dvb,-76.21554697280588,12.78445302719412,1000
kzg,-90.15531908512918,40.84468091487082,1000
ftu,-94.79471139229011,19.20528860770989,1000
dow,-51.51593521408181,28.484064785918193,1000
rdr,-13.976554056420275,1.0234459435797252,1000
qmo,-20.370442114951054,96.62955788504894,1000
ifv,-97.40733911295807,56.59266088704193,1000
txq,-15.99392851197049,6.0060714880295105,1000
klp,-95.85330462501913,4.1466953749808715,1000
dhx,-6.407908572390531,80.59209142760947,1000
vru,-30.15652263310641,96.8434773668936,1000
ofk,-51.05639779198997,57.94360220801003,1000
nvf,-59.9860834720503,68.0139165279497,1000
jef,-89.20120962986826,47.79879037013174,1000
flc,-62.45887417455752,92.54112582544248,1000
sxl,-2.8581062980801915,26.14189370191981,1000
uar,-49.446850076971536,55.553149923028464,1000
hsc,-55.69209501316286,5.307904986837139,1000
ucu,-11.82233989476375,37.17766010523625,1000
uwy,-69.20585283213333,6.794147167866674,1000
