fca,-4.327257608111685,8.672742391888315,1000
bdl,-96.26302803601166,48.73697196398834,1000
zml,-3.9668831579514814,63.03311684204852,1000
jje,-91.02825792016098,67.97174207983902,1000
oai,-29.024935043638052,71.97506495636195,1000
tru,-20.223808682522296,2.7761913174777026,1000
cnx,-69.50226774015626,84.49773225984374,1000
uiw,-79.30867660213248,50.69132339786753,1000
kqe,-8.033961664259706,6.966038335740293,1000
iot,-75.6492297795256,47.3507702204744,1000
vbk,-22.215889751738512,29.784110248261488,1000
aqp,-88.03820209132974,93.96179790867026,1000
dfu,-7.140666111984809,1.8593338880151906,1000
qga,-19.98686461686949,74.0131353831305,1000
els,-43.37370541133982,57.62629458866018,1000
vgc,-36.306336410993886,91.69366358900612,1000
pgz,-38.256374444771005,7.743625555228994,1000
qhl,-14.697651602041846,47.302348397958156,1000
wrg,-87.37360928616468,84.62639071383532,1000
wpc,-18.563303765073968,26.436696234926032,1000
nqr,-28.95553405690435,76.04446594309564,1000
dfp,-23.37586288768985,91.62413711231015,1000
jmg,-74.38975131489047,37.610248685109525,1000
xdk,-95.03653787046899,59.96346212953101,1000
prg,-7.334321897169646,66.66567810283036,1000
qoo,-95.51400411682418,87.48599588317582,1000
dvc,-3.907066597136434,58.092933402863565,1000
hej,-71.741157073976,9.258842926024004,1000
stf,-2.7050352943807945,79.29496470561921,1000
rtl,-80.20599152750701,19.794008472492997,1000
dou,-13.75423534634496,84.24576465365504,1000
rqs,-73.38107402434493,79.61892597565507,1000
jxm,-33.479902161819695,55.520097838180305,1000
cfo,-83.91670546082467,85.08329453917533,1000
jxf,-57.82893860137521,55.17106139862479,1000
ycp,-82.96796407240485,89.03203592759515,1000
kbn,-69.11540625938535,50.884593740614655,1000
qcu,-71.39742459608637,47.60257540391364,1000
ewd,-3.5393741667058163,50.46062583329418,1000
edm,-25.025904452557057,92.97409554744294,1000
dyg,-69.85416391751248,79.14583608248752,1000
nmc,-88.87759279779107,2.1224072022089318,1000
bys,-55.73488981274229,77.2651101872577,1000
gjc,-34.29654544805918,6.703454551940825,1000
dcy,-35.26494972085889,29.73505027914111,1000
gqt,-89.53113478446477,25.468865215535235,1000
nie,-34.78826724954452,36.21173275045548,1000
iiu,-70.57710999344782,45.42289000655218,1000
tro,-43.41069936207025,64.58930063792975,1000
ass,-52.569683899004794,46.430316100995206,1000
chm,-92.23482811072347,5.765171889276526,1000
pxz,-77.10362076988817,86.89637923011183,1000
iwq,-59.066098415281694,94.9339015847183,1000
wfc,-6.782670814532574,46.21732918546743,1000
dem,-31.117745510659805,59.88225448934019,1000
dzd,-71.59410374458206,70.40589625541794,1000
acw,-28.539801744080776,84.46019825591922,1000
avr,-34.01472717507116,61.98527282492884,1000
ltx,-4.338178067383996,26.661821932616004,1000
joy,-12.976877185316015,57.02312281468399,1000
lyx,-88.5737470016725,64.4262529983275,1000
lwv,-11.695953623854226,60.30404637614578,1000
rkl,-14.146085856561438,1.853914143438562,1000
azh,-76.9042074846603,59.09579251533969,1000
ads,-88.88783833742455,30.11216166257544,1000
awd,-22.026096231341736,18.973903768658264,1000
mpr,-40.74564933136199,34.25435066863801,1000
kda,-36.45100958754932,38.54899041245068,1000
qxh,-61.26739304986965,20.732606950130346,1000
oiw,-76.46240954862361,57.537590451376396,1000
yxc,-82.64133301818312,77.35866698181688,1000
zlw,-28.166366018021535,40.833633981978465,1000
szo,-64.53457689361956,98.46542310638044,1000
aar,-60.408522427534066,93.59147757246593,1000
cpa,-78.49746968318522,82.50253031681478,1000
akn,-76.61203454372566,87.38796545627434,1000
srd,-18.699809217209733,22.300190782790267,1000
qpd,-9.340396522739216,24.659603477260784,1000
ujq,-67.13621393882455,49.86378606117545,1000
qur,-33.60702755616737,21.392972443832633,1000
guk,-7.632701420526115,28.367298579473886,1000
tvt,-91.73656903279496,53.26343096720503,1000
ypt,-32.62299671712713,21.37700328287287,1000
tpi,-38.811968816605315,10.188031183394685,1000
sgc,-58.783721633523434,92.21627836647657,1000
dnb,-44.731170276320654,6.268829723679348,1000
ijn,-52.00262299731639,3.997377002683614,1000
pzp,-74.0480634326648,59.951936567335196,1000
ncn,-92.73947887885213,84.26052112114787,1000
utn,-83.13255743022908,19.86744256977091,1000
ysa,-50.9881131561696,91.0118868438304,1000
ikc,-5.842092531427788,38.15790746857221,1000
zlq,-3.680137857674655,38.31986214232534,1000
kgu,-36.36201253151861,31.63798746848139,1000
vji,-83.62617741000233,98.37382258999767,1000
gza,-39.77046190352754,64.22953809647247,1000
zpe,-38.64441509612419,70.35558490387581,1000
vph,-32.07404651191278,15.925953488087217,1000
rlp,-50.06985754434245,17.930142455657553,1000
qrj,-88.1714590546853,68.8285409453147,1000
jzl,-40.92108122306358,77.07891877693642,1000
yte,-54.227808099555446,3.772191900444551,1000
rpc,-23.082565175502708,14.91743482449729,1000
kby,-95.56091332365949,20.4390866763405,1000
jul,-89.30659298779148,92.69340701220852,1000
wqd,-7.606083497761998,39.393916502238,1000
gpe,-52.99476020325866,86.00523979674135,1000
egx,-81.57110273731945,84.42889726268055,1000
prs,-11.926240285162361,20.07375971483764,1000
esi,-37.40900360376664,40.59099639623336,1000
jux,-66.78023622854927,19.219763771450733,1000
niv,-60.94971651844794,50.05028348155206,1000
irr,-22.72891843484269,93.27108156515732,1000
riw,-48.51908871886015,74.48091128113985,1000
gfn,-71.42658172282458,51.57341827717541,1000
iat,-55.14146937689412,82.85853062310588,1000
rpz,-86.96001409285108,56.03998590714891,1000
uin,-45.424724336512675,98.57527566348733,1000
oul,-92.69920229850693,65.30079770149307,1000
rex,-62.62977270802478,24.37022729197522,1000
yst,-17.2757182350865,3.7242817649135005,1000
yap,-45.46990697591772,19.530093024082277,1000
exq,-31.042468588416035,23.957531411583965,1000
fuf,-44.59691384933381,81.4030861506662,1000
yos,-75.96700608734018,28.032993912659826,1000
wwf,-58.82572247005306,3.1742775299469415,1000
hxt,-12.629453450207766,73.37054654979224,1000
cju,-52.947492048279535,70.05250795172046,1000
eoo,0.5843562431361009,7.584356243136101,1000
fwy,-40.83480175149092,48.16519824850908,1000
fwk,-17.422307962975466,23.577692037024534,1000
uuv,-70.10399910813472,72.89600089186528,1000
lir,-39.126241038028645,67.87375896197136,1000
bel,-57.76679777460676,34.23320222539324,1000
asy,-19.904644904780724,96.09535509521928,1000
etq,-74.15456891948276,98.84543108051724,1000
ujm,-37.50546102412614,86.49453897587385,1000
jlg,-10.764716170470166,78.23528382952983,1000
sni,-76.10883900023097,20.891160999769028,1000
asc,-34.98715962062633,40.01284037937367,1000
kda,-40.37484813064116,11.625151869358838,1000
yks,-42.14149164285398,79.85850835714602,1000
fbb,-78.58623925010109,1.4137607498989169,1000
fgt,-47.958956648451846,93.04104335154815,1000
iea,-82.44167917856164,73.55832082143836,1000
hnv,-61.276262853728504,72.72373714627149,1000
sxd,-84.35479937115234,93.64520062884766,1000
zex,-65.66389743217995,49.33610256782004,1000
sal,-17.459365459633663,28.540634540366337,1000
bsq,-54.58855156718812,69.41144843281188,1000
jie,-10.432732333364253,94.56726766663574,1000
wsj,-94.85512529936562,61.14487470063437,1000
qgp,-3.06974076971456,53.930259230285436,1000
zdh,-88.47995394904804,53.520046050951954,1000
wzu,-52.72402313633977,35.27597686366023,1000
uoh,-89.74337165653023,35.25662834346977,1000
zsp,-47.90567620234547,81.09432379765452,1000
dvq,-68.38949194744114,22.61050805255886,1000
wvs,-64.52696728114631,71.47303271885369,1000
kzr,-35.97443469216913,57.02556530783087,1000
qax,-70.63745697238346,82.36254302761654,1000
jfd,-77.77229947068986,3.227700529310141,1000
udh,-81.31244087088665,94.68755912911335,1000
bdj,-17.16987283053234,80.83012716946766,1000
vai,-19.566644216568655,90.43335578343135,1000
ped,-52.323251850080666,69.67674814991933,1000
lxm,-95.21187288608712,1.7881271139128763,1000
rym,-74.31319097718249,77.68680902281751,1000
neu,-82.77344713142936,62.226552868570636,1000
eup,-59.51388290715311,59.48611709284689,1000
jfn,-40.93928129132127,59.06071870867873,1000
cbc,-73.47292437970853,82.52707562029147,1000
fdm,-45.038150023708276,26.961849976291724,1000
gse,-1.9523645002911545,41.047635499708846,1000
wmz,-97.46793609010712,55.53206390989289,1000
sfe,-37.63364682492794,47.36635317507206,1000
lgx,-2.998825451068952,79.00117454893105,1000
lab,-87.87838794177073,72.12161205822927,1000
qoy,-75.82093926079483,80.17906073920517,1000
tig,-79.57585252540086,6.424147474599135,1000
cop,-27.68973472995797,41.31026527004203,1000
pqb,-97.83107982603016,97.16892017396984,1000
xsb,-46.43365235130943,67.56634764869057,1000
lrq,-67.01508632236519,89.98491367763481,1000
hnx,-42.29867190406296,26.701328095937047,1000
xgm,-16.36202626899998,26.63797373100002,1000
whz,-64.48743805181941,66.51256194818059,1000
ldj,-23.346874727136196,65.6531252728638,1000
qtz,-72.72966155953485,97.27033844046515,1000
cof,-27.894738855358,34.105261144642,1000
cgv,-81.405505728448,76.594494271552,1000
yvj,-13.868336609949884,96.13166339005012,1000
iyy,-6.305431497298234,61.69456850270176,1000
bwd,-67.11289459899174,85.88710540100826,1000
asa,-49.67039662835039,17.32960337164961,1000
zdj,-36.17958973243298,37.82041026756702,1000
kjg,-90.62779523685523,4.372204763144764,1000
bda,-3.1672218721581484,51.83277812784185,1000
frx,-18.78458698216165,87.21541301783834,1000
shy,-32.47569748217807,19.524302517821926,1000
lsf,-27.327273022486928,49.67272697751307,1000
yoo,-41.54007708867982,89.45992291132018,1000
klm,-81.04375371916639,62.95624628083361,1000
zzr,-48.57672049267178,73.42327950732822,1000
ape,-43.034977084466114,14.965022915533883,1000
owk,-23.929965452311937,62.07003454768807,1000
pih,-43.28490934309575,22.715090656904255,1000
hnv,-14.539261224155894,90.4607387758441,1000
nrw,-13.372760486783704,63.627239513216296,1000
uem,-42.821469291742396,43.178530708257604,1000
fmc,-74.61454030688688,72.38545969311312,1000
rot,-18.868183264729954,26.131816735270046,1000
llv,-49.30574778631228,60.69425221368772,1000
fob,-79.55454882371554,28.445451176284468,1000
dli,-9.563354313345949,31.43664568665405,1000
nct,-83.90854324002595,63.091456759974044,1000
emg,-85.71499257382727,38.28500742617273,1000
ejc,-23.159639320412083,8.840360679587915,1000
jjh,-28.757293181346537,43.24270681865347,1000
khz,-40.028870385500845,26.97112961449915,1000
syq,-0.7302551415082044,11.269744858491796,1000
fht,-54.09168748222793,9.908312517772066,1000
qgf,-44.394957641514175,76.60504235848582,1000
skn,-54.317155609360505,40.682844390639495,1000
acr,-4.326515842375328,45.67348415762467,1000
xcy,-15.895482670243425,87.10451732975658,1000
mef,-20.132923188405442,11.867076811594556,1000
qwm,-36.05697605213278,85.94302394786722,1000
wth,-3.800005854396398,49.199994145603604,1000
qhj,-36.21266171421262,27.787338285787374,1000
psr,-82.68532944122391,89.31467055877609,1000
bwy,-40.18337655210122,83.81662344789878,1000
vtf,-79.23569742127732,26.76430257872267,1000
mlq,0.06839493663893104,80.06839493663892,1000
pvb,-46.58876906757879,45.41123093242121,1000
yxh,-96.71956273579639,90.28043726420361,1000
cwq,-27.423121410549943,50.576878589450054,1000
mpb,-76.5558324419413,28.444167558058698,1000
xbs,-56.64315680734791,89.3568431926521,1000
rgp,-94.3836393452685,46.61636065473149,1000
xya,-53.280305878657515,68.71969412134249,1000
szw,-14.864396338364031,71.13560366163597,1000
pdj,-48.27159100200792,20.728408997992073,1000
prj,-3.6828505056856433,43.31714949431436,1000
dbx,-54.942815230702635,5.0571847692973675,1000
qjr,-52.35878818951132,53.64121181048868,1000
isk,-42.0365942859785,83.96340571402149,1000
wce,-59.396511328176935,6.603488671823065,1000
izd,-54.696835081338456,37.303164918661544,1000
gge,-12.537095901929824,83.46290409807018,1000
voc,-53.621316702778536,86.37868329722146,1000
