aog,-10.534929542430737,3.465070457569263,1000
fgg,-72.13757888322873,26.862421116771273,1000
uwh,-47.94923519478152,53.05076480521848,1000
nzt,-0.9008900155852853,71.09910998441471,1000
zza,-31.655842020340533,79.34415797965947,1000
bwz,-47.276655475093335,43.723344524906665,1000
dss,-11.347812228328973,14.652187771671027,1000
pqx,-17.22754471214693,67.77245528785308,1000
nol,-70.27696574853381,61.723034251466196,1000
dzc,-25.296010635734596,68.70398936426541,1000
mmq,-13.692562914631473,14.307437085368527,1000
emw,-53.16024094420163,22.839759055798368,1000
umw,-7.099814150017836,3.900185849982164,1000
uxb,-28.1626874296053,92.8373125703947,1000
jnc,-92.25597109945862,33.74402890054138,1000
hqs,-97.77327433111076,23.226725668889245,1000
osq,-28.936792593946606,17.063207406053394,1000
jlw,-58.824840913552734,7.17515908644727,1000
gxm,-77.81501604721504,94.18498395278496,1000
xrh,-71.5313955281714,2.4686044718286007,1000
pcy,-69.68356850234626,71.31643149765374,1000
kky,-74.61688474683632,75.38311525316368,1000
lhc,-2.8599728711246164,61.14002712887538,1000
der,-67.67111542067717,64.32888457932283,1000
hvf,-72.53666725871541,93.46333274128459,1000
nta,-65.45616067536274,11.543839324637265,1000
qnu,-43.390723775401966,74.60927622459803,1000
cmy,-10.741739049918722,33.25826095008128,1000
uhn,-50.016261952353226,70.98373804764678,1000
trt,-72.04878806571523,35.951211934284764,1000
dil,-20.775522592549088,56.22447740745091,1000
ndy,-61.229169051706165,37.770830948293835,1000
cuu,-58.11395300537867,58.88604699462133,1000
ewo,-25.68128349331056,74.31871650668944,1000
kpq,-65.55302571579183,20.446974284208167,1000
hiw,-94.90836453966703,33.09163546033296,1000
xae,-69.7239980451114,39.276001954888606,1000
dps,-24.547346198825785,2.452653801174214,1000
aql,-78.43458000331053,3.5654199966894757,1000
zgl,-54.13817914864388,4.861820851356122,1000
irg,-69.90266812483515,96.09733187516485,1000
rfi,-44.85574213369805,8.144257866301947,1000
xst,-53.05927671531589,3.9407232846841076,1000
xwn,-45.77658845416559,29.223411545834406,1000
aqm,-94.18768479075771,67.81231520924229,1000
fpa,-83.41784508471636,15.582154915283644,1000
sqk,-55.26804832528824,53.73195167471176,1000
veb,-66.97863431281966,69.02136568718034,1000
yjv,-1.563861901548699,79.4361380984513,1000
wyd,-8.506865032342084,39.493134967657916,1000
apq,-36.41461533123767,21.58538466876233,1000
pjd,-59.8671162396326,51.1328837603674,1000
ods,-9.504251331940592,94.4957486680594,1000
bsf,-67.19222844200429,80.80777155799571,1000
emr,-27.22383070320975,87.77616929679024,1000
ucg,-36.22959755297462,95.77040244702538,1000
oaz,-85.62200176777411,71.37799823222589,1000
vth,-30.885060444321194,55.1149395556788,1000
qed,-40.98175301967742,26.018246980322576,1000
hon,-41.88352720692394,88.11647279307607,1000
nyw,-22.97787963180128,44.02212036819872,1000
okj,-93.34522248143192,15.654777518568078,1000
ovi,-94.56059502960433,12.439404970395676,1000
mpo,-89.17625631912135,61.82374368087866,1000
bvo,-76.89558830336233,67.10441169663767,1000
lkg,-68.06635409860398,21.933645901396016,1000
bcx,-40.722587485399664,10.277412514600337,1000
lvu,-34.16920005556985,17.830799944430147,1000
qdt,-72.52747711205673,13.472522887943272,1000
kdv,-38.18647178922749,45.81352821077251,1000
kwo,-0.4492703640002358,41.550729635999765,1000
lfd,-65.63345552836445,34.36654447163555,1000
zkp,-49.716636234174,4.283363765826005,1000
dkw,-9.200198865848359,39.79980113415164,1000
var,0.2296493997640835,47.229649399764085,1000
uzg,-22.581144034730677,69.41885596526932,1000
mhw,-42.18528968776084,51.81471031223916,1000
pei,-52.0323654946597,49.9676345053403,1000
gbl,-90.34018869118687,67.65981130881313,1000
oed,-31.478773934213123,41.52122606578688,1000
wfp,-24.943902955771485,24.056097044228515,1000
fur,-62.88017980212778,12.11982019787222,1000
vzw,-17.786803847647104,71.2131961523529,1000
txr,-7.463958346512865,56.53604165348713,1000
vlg,-3.1580632850240766,78.84193671497593,1000
ujy,-23.280062285465842,13.719937714534158,1000
tcl,-86.24045222044126,12.759547779558742,1000
qob,-8.45659391566407,90.54340608433593,1000
kvo,-13.172792597704927,71.82720740229507,1000
olm,-54.41457929613801,58.58542070386199,1000
qkt,-96.64626020359357,66.35373979640643,1000
dlj,-58.2348103001721,88.7651896998279,1000
hkn,-4.95042253783397,42.04957746216603,1000
mmb,-49.74182820132964,9.25817179867036,1000
xbk,-48.34184717935397,54.65815282064603,1000
axw,-13.178597628898643,5.821402371101358,1000
zki,-25.25237788057301,77.74762211942699,1000
lsj,-92.36045832977716,37.63954167022283,1000
bge,-60.899792240459746,95.10020775954025,1000
awu,-57.44863589040817,48.55136410959183,1000
tvm,-63.866529439099494,50.133470560900506,1000
sly,-46.339752445912346,12.660247554087656,1000
qyx,-27.968010997057522,60.03198900294248,1000
yfc,-20.409666979519084,62.59033302048092,1000
cga,-81.00642285870191,40.99357714129809,1000
ill,-39.56933913960559,73.43066086039441,1000
nwc,-61.61278821677184,70.38721178322815,1000
qie,-56.70078574134771,11.299214258652292,1000
wup,-68.21091284662843,49.78908715337157,1000
tcm,-89.02017191148654,56.97982808851345,1000
ono,-29.85306074457216,53.14693925542784,1000
pyf,-5.368145975177127,98.63185402482287,1000
wmu,-80.5316997026539,64.4683002973461,1000
izk,-89.13101717996103,19.86898282003897,1000
rtz,-25.929588874295927,61.07041112570407,1000
zby,-71.85195758520541,44.14804241479459,1000
lho,-69.03138535196834,95.96861464803166,1000
whe,-34.49568749489976,31.50431250510024,1000
tgk,-95.1678431120803,1.8321568879196968,1000
gfd,-57.35068950465639,47.64931049534361,1000
hgr,-49.61338160753325,82.38661839246676,1000
vro,-61.286578453055675,63.713421546944325,1000
bxx,-37.27692452324007,60.72307547675993,1000
kxx,-39.46361458206628,82.53638541793373,1000
obd,-25.21901464660765,77.78098535339235,1000
pwr,-25.063334168131615,84.93666583186838,1000
qsj,-78.25616777884528,3.7438322211547126,1000
mfh,-16.07375564187097,12.926244358129031,1000
gku,-20.933927247672774,49.06607275232722,1000
dfs,-51.123943953252144,41.876056046747856,1000
jng,-66.57369157461466,95.42630842538534,1000
mss,-76.56352106070987,30.436478939290122,1000
gne,-22.783346625424073,8.216653374575928,1000
brj,-52.406864771494845,3.593135228505152,1000
eig,-53.03210175157514,6.967898248424856,1000
cok,-5.990082764285038,39.00991723571496,1000
frd,-72.2815914588778,94.7184085411222,1000
qen,-80.67982842302143,49.320171576978574,1000
wlk,-80.94740620717955,81.05259379282045,1000
ctc,-33.4051827004778,8.594817299522198,1000
tli,-17.519006858886893,84.4809931411131,1000
idj,-60.35151156530188,93.64848843469812,1000
imc,-64.18435009067804,3.815649909321961,1000
tuy,-20.57632029130025,23.42367970869975,1000
hrg,-89.06755548273638,86.93244451726362,1000
uzp,-6.587733715014093,89.4122662849859,1000
kqb,-55.93450890514861,82.06549109485138,1000
evc,-38.970224115916125,9.029775884083872,1000
rjj,-45.21690192719193,82.78309807280807,1000
hmn,-36.892909712484965,32.107090287515035,1000
ubi,-79.1322209529621,7.867779047037902,1000
ywh,-21.2121899476282,55.787810052371796,1000
ase,-48.874113736232346,88.12588626376765,1000
aky,-13.834623575072783,62.16537642492722,1000
khf,-65.81782309495642,74.18217690504358,1000
fco,-54.04388698819194,5.956113011808059,1000
jmm,-28.75962005192727,16.24037994807273,1000
ena,-69.13220499060395,67.86779500939605,1000
gan,-10.975157055295279,6.024842944704722,1000
dkf,-34.9687485977974,5.031251402202599,1000
rea,-28.882526940499382,81.11747305950063,1000
pud,-95.62773382438147,98.37226617561853,1000
rkc,-40.69577376538142,67.30422623461858,1000
soy,-48.421011854848565,24.57898814515143,1000
mzy,-63.584563072674314,72.41543692732569,1000
ziz,-84.96871386441231,30.031286135587695,1000
swi,-0.5682417070363595,94.43175829296364,1000
slm,-80.09966923139778,28.90033076860221,1000
bvy,-94.00063543943143,81.99936456056857,1000
hqz,-60.45044096471029,42.54955903528971,1000
nlm,-7.0792977845645115,28.92070221543549,1000
jpo,-30.011819697838355,45.988180302161645,1000
goh,-95.8744856422984,29.125514357701608,1000
ukn,-81.32580957139449,42.67419042860552,1000
umy,-14.779688192299597,60.220311807700405,1000
xgq,-26.543528682322137,44.45647131767786,1000
ont,-84.58888283812696,31.411117161873037,1000
yqq,-43.012818599809194,17.987181400190803,1000
tod,-51.39748745314464,16.602512546855355,1000
exn,-35.9692462137025,57.0307537862975,1000
vcf,-26.22522550697725,56.77477449302275,1000
dde,-39.395889777220575,21.60411022277943,1000
ljb,-67.43620470791156,72.56379529208844,1000
lyo,-27.848176383578583,69.15182361642142,1000
pvg,-63.592805640580586,48.407194359419414,1000
ehh,-96.11717024053615,70.88282975946385,1000
xei,-72.30407626682992,19.695923733170076,1000
nwy,-9.638922534545761,27.361077465454237,1000
qtn,-78.84192935715612,20.158070642843878,1000
apu,-23.59473241475146,3.40526758524854,1000
ukl,-2.7188572587224327,22.281142741277566,1000
ova,-75.52684595632722,11.473154043672775,1000
kso,-2.4905245525728006,23.5094754474272,1000
lea,-24.812472109795024,54.187527890204976,1000
dmv,-70.4660518080135,74.5339481919865,1000
prd,-58.66528138576494,33.33471861423506,1000
ups,-64.78291808078568,15.217081919214326,1000
xjz,-92.40964615696502,37.590353843034976,1000
gvt,-85.73798390665597,19.262016093344034,1000
nyy,-33.15415839411738,6.845841605882617,1000
drs,-97.34497015839302,81.65502984160698,1000
ipb,-8.3115657732786,4.6884342267214,1000
stx,-29.578230676251255,54.42176932374875,1000
dwq,-93.73627012589353,40.263729874106474,1000
qtf,-59.857380405735874,48.142619594264126,1000
tjf,-65.43700360050761,34.562996399492384,1000
djn,-71.94449014908116,20.055509850918835,1000
rgi,-11.36144651978262,29.63855348021738,1000
cqk,-57.12709735047108,55.87290264952892,1000
fsi,-72.96833805935091,33.03166194064908,1000
mgi,-71.51354358942031,36.48645641057969,1000
wuz,-67.84201050935896,83.15798949064104,1000
fbd,-29.50831364018529,17.49168635981471,1000
jyc,-3.502066652032722,81.49793334796728,1000
syi,-53.784471853402806,58.215528146597194,1000
phe,-33.063926840076775,47.936073159923225,1000
nwn,-34.80878389689316,85.19121610310684,1000
sxo,-92.34817124199084,57.65182875800916,1000
pea,-84.99330579254912,63.006694207450884,1000
rof,-8.57601677232534,19.42398322767466,1000
awl,-85.56792495315153,26.43207504684847,1000
mpi,-19.28684505357089,2.71315494642911,1000
fek,-88.42392797562668,68.57607202437332,1000
rue,-58.86398435706449,17.136015642935508,1000
tsl,-81.32326581848923,33.676734181510774,1000
hxf,-55.033477188842866,52.966522811157134,1000
fkm,-77.15966976245271,26.840330237547295,1000
rhz,-31.727804180478945,16.272195819521055,1000
hch,-7.17823206988002,69.82176793011998,1000
tdx,-58.21524092593518,97.78475907406482,1000
djy,-22.85720515763131,42.142794842368694,1000
jnk,-62.476415922158914,91.52358407784108,1000
txy,-73.35828976822454,96.64171023177546,1000
fnj,-79.07160944968203,28.928390550317964,1000
ihd,-70.7154614489654,60.2845385510346,1000
fce,-63.76599145341805,33.23400854658195,1000
cgm,-26.72806259942193,56.271937400578075,1000
sym,-94.57406306282512,40.42593693717488,1000
ttc,-4.031513379697676,79.96848662030233,1000
yvd,-40.875415544567986,58.124584455432014,1000
lfs,-67.78105525440549,87.21894474559451,1000
dwa,-88.20920415955241,5.790795840447581,1000
bpd,-89.6488297519427,82.3511702480573,1000
gtt,-89.55853594779941,28.441464052200594,1000
pjd,-20.304249337157483,62.695750662842514,1000
vao,-51.94029765356331,46.05970234643669,1000
yqp,-38.391366054079015,72.60863394592099,1000
ldi,-88.1797228035537,39.8202771964463,1000
hoe,-38.475768080400776,90.52423191959922,1000
tiv,-29.410264535870514,66.58973546412949,1000
fvz,-58.54130205458998,47.45869794541002,1000
