pbu,-70.73697450694718,35.263025493052815,1000
fqc,-36.835476065945294,91.16452393405471,1000
bdt,-97.0179864021883,2.9820135978116946,1000
dji,-84.23715174781375,95.76284825218625,1000
vqe,-55.65926542314913,54.34073457685087,1000
gil,-39.00948107206924,2.990518927930758,1000
lkm,-75.12787652739856,79.87212347260144,1000
hkf,-15.915918370383842,21.084081629616158,1000
zuq,-12.802594386581944,51.197405613418056,1000
csj,-93.55781086064293,23.442189139357065,1000
plf,-49.103110108690565,53.896889891309435,1000
nmu,-13.947982871126476,79.05201712887353,1000
evx,-90.38384044485963,94.61615955514037,1000
isc,-9.760952938289712,26.239047061710288,1000
voi,-87.50410311561855,50.495896884381445,1000
gee,-56.095723079549785,17.90427692045021,1000
klg,-58.64375822668721,89.35624177331279,1000
ofe,-75.309250005267,7.690749994733002,1000
wle,-83.58996149078871,42.4100385092113,1000
vtk,-50.148819708609764,79.85118029139024,1000
teh,-45.73979962270632,47.26020037729368,1000
eew,-22.970804201878067,51.02919579812193,1000
eoy,-58.04859020352336,84.95140979647664,1000
svu,-73.7604629500094,90.2395370499906,1000
weg,-8.035851654547685,22.964148345452315,1000
ojq,-74.95366948694341,21.046330513056596,1000
qnk,-6.841281679256471,45.15871832074353,1000
rnq,-2.0331900299296017,36.9668099700704,1000
kjs,-67.63901903969797,46.36098096030203,1000
tla,-51.49278369180539,51.50721630819461,1000
bof,-25.486011916016082,39.51398808398392,1000
svp,-25.192760941717424,61.807239058282576,1000
phb,-60.581041251128646,9.418958748871354,1000
uvb,-44.329485885938325,12.670514114061676,1000
pqg,-73.16855310250948,49.83144689749053,1000
vbe,-46.98934598843733,98.01065401156268,1000
dcw,-29.193627990745032,23.806372009254968,1000
gsk,-71.64129887089888,82.35870112910112,1000
stz,-30.21713622834374,37.78286377165626,1000
qhs,-33.840546722604905,43.159453277395095,1000
sjg,-19.60960852904952,73.39039147095048,1000
xym,-61.62253681095314,75.37746318904685,1000
mba,-21.110117762544515,32.88988223745549,1000
dim,-6.8273209897178875,61.17267901028211,1000
bet,-78.7597606216042,94.2402393783958,1000
pac,-37.70942404799074,52.29057595200926,1000
ird,-40.49464122742485,54.50535877257515,1000
viw,-7.819836640993335,21.180163359006663,1000
aep,-35.23375298039342,23.76624701960658,1000
qfz,-13.169378907659759,84.83062109234024,1000
ujv,-52.20509742120302,12.794902578796979,1000
kba,-57.73482436803587,89.26517563196413,1000
voh,-37.39447171866462,4.6055282813353795,1000
nds,-86.79789316840092,13.20210683159908,1000
tlz,-54.39809784980077,46.60190215019923,1000
pij,-11.200490970869325,90.79950902913068,1000
pyu,-16.682827373775314,54.31717262622468,1000
yks,-35.12559837924057,17.874401620759432,1000
uke,-45.914544944325776,72.08545505567423,1000
hou,-6.867818706153639,49.13218129384636,1000
scm,-9.062538335673832,79.93746166432616,1000
kpo,-68.04649687970267,27.95350312029733,1000
ukt,-85.61095987371633,87.38904012628367,1000
ygm,-17.71131532870597,60.28868467129403,1000
zoc,-65.91969126189984,79.08030873810016,1000
nsh,-13.10971964278184,5.89028035721816,1000
lie,-64.66519660419883,0.334803395801173,1000
hvo,-28.809716475247235,74.19028352475276,1000
rnk,-20.68492412895784,3.3150758710421613,1000
ajg,-81.9454968124799,40.0545031875201,1000
hup,-49.27941469007024,65.72058530992976,1000
lzc,-25.26261625335281,31.73738374664719,1000
lbt,-52.09497617346915,82.90502382653085,1000
nky,-55.5116485899349,45.4883514100651,1000
wat,-26.143430576292545,69.85656942370746,1000
wol,-1.079985905153697,66.92001409484631,1000
zij,-84.77784795908298,83.22215204091702,1000
hhq,-76.05284906674609,29.9471509332539,1000
odv,-0.30436355733419285,95.6956364426658,1000
xej,-25.0916433841599,59.9083566158401,1000
zct,-73.22897362770964,10.771026372290365,1000
zgo,-80.21997029137276,80.78002970862724,1000
ppp,-29.703188625788695,79.2968113742113,1000
vcz,-35.39366860376449,95.6063313962355,1000
ogr,-59.36294645924825,69.63705354075175,1000
klv,-48.08673511725833,73.91326488274167,1000
nmd,-79.8359494119357,76.1640505880643,1000
tdm,-6.42021985743134,75.57978014256867,1000
ajt,-55.1130892586137,31.886910741386306,1000
xrr,-72.30117162922258,19.69882837077742,1000
ulp,-64.06237048110106,68.93762951889894,1000
jxg,-13.020774673049116,46.97922532695088,1000
fny,-68.02952750545262,30.970472494547373,1000
nmf,-55.349666147782436,73.65033385221757,1000
eth,-96.12645584772491,54.87354415227508,1000
ysv,-51.835148366603974,20.164851633396026,1000
sgv,-31.798961937873777,68.20103806212622,1000
tka,-62.23203100666666,95.76796899333334,1000
igi,-30.523181333137796,80.4768186668622,1000
wzs,-79.67772512688637,4.322274873113625,1000
gyu,-35.21174409639841,41.78825590360159,1000
lwn,-20.377158975823196,18.622841024176804,1000
zqe,-60.19354729212471,64.8064527078753,1000
vop,-27.490163761842098,29.509836238157902,1000
dte,-48.66520271953285,50.33479728046715,1000
hzi,-42.20710217026102,23.792897829738987,1000
kwd,-6.597564147915376,21.402435852084622,1000
foy,-6.936645991082241,4.063354008917759,1000
orw,-94.13160021524747,49.868399784752526,1000
jtd,-60.89971249611487,67.10028750388513,1000
pfi,-23.66425732669247,25.33574267330753,1000
fcu,-80.90562346538212,37.094376534617886,1000
hir,-9.429267905462623,32.57073209453738,1000
rgh,-54.25031517751924,7.749684822480761,1000
zzi,-19.557292345654282,61.44270765434572,1000
oug,-29.96240189689333,43.037598103106674,1000
esk,-11.99802902061865,82.00197097938135,1000
crf,-8.761898391589254,93.23810160841074,1000
eat,-4.269291809841768,65.73070819015823,1000
oyk,-7.445492984991145,72.55450701500885,1000
tlc,-13.397632285611296,26.602367714388702,1000
ilb,-92.58060822444405,72.41939177555595,1000
mws,-48.63262032355433,19.367379676445676,1000
dus,-62.689929713012525,21.310070286987475,1000
gug,-36.01529352287213,97.98470647712787,1000
ldf,-91.8693196008593,34.1306803991407,1000
lfu,-35.23228489302824,82.76771510697176,1000
xrs,-38.48149891589965,66.51850108410035,1000
dzq,-3.812639357857231,74.18736064214276,1000
ypp,-71.74164714277637,15.258352857223633,1000
nia,-24.203580180100687,29.796419819899313,1000
okq,-8.610137479494263,61.38986252050574,1000
yjo,0.03437792553998009,13.03437792553998,1000
gcy,-54.56627986723845,65.43372013276155,1000
ihs,-19.797185175378214,77.20281482462178,1000
odu,-75.09878980121536,60.90121019878464,1000
dbt,-66.69393523307481,82.30606476692519,1000
ofa,-40.982331853964816,85.01766814603519,1000
qhu,-14.505951159059919,33.49404884094008,1000
ope,-26.213934373073517,16.786065626926483,1000
vax,-11.952300482315215,69.04769951768479,1000
dgs,-56.176850101369745,51.823149898630255,1000
wiz,-17.349968393283195,67.65003160671681,1000
xbt,-51.31458353059634,56.68541646940366,1000
krm,-37.43827393511587,23.561726064884127,1000
ttv,-27.52845204784063,43.47154795215937,1000
sev,-13.770782560403408,82.2292174395966,1000
jdq,-13.735884255267301,78.2641157447327,1000
rkl,-7.8064841930363995,56.1935158069636,1000
bla,-59.72379518157693,57.27620481842307,1000
eda,-97.4476148288875,1.552385171112503,1000
lew,-82.78057818843736,8.219421811562636,1000
may,-38.38292917321555,57.61707082678445,1000
iuw,-88.39762857741196,6.602371422588032,1000
juh,-32.63500092973635,73.36499907026365,1000
lqe,-22.35528682872049,91.6447131712795,1000
ssl,-26.317399786307362,53.68260021369264,1000
tia,-11.563754330507507,96.4362456694925,1000
fun,-61.0671297131375,91.9328702868625,1000
ilw,-25.854052936262367,43.14594706373764,1000
wxv,-76.92897133508627,22.071028664913722,1000
hoj,-79.86687781633756,95.13312218366244,1000
rgf,-93.52977292085795,19.470227079142056,1000
rzn,-43.04825456892417,87.95174543107582,1000
grh,-95.70797432011621,92.29202567988379,1000
jag,-54.50994847810185,42.49005152189815,1000
hmc,-82.4030587063059,62.5969412936941,1000
nlh,-43.9817661899136,66.0182338100864,1000
xch,-31.184954186193345,36.815045813806655,1000
xdu,-13.722204221417428,37.27779577858257,1000
fqf,-19.703380144701676,45.296619855298324,1000
dqj,-36.777231414678276,59.222768585321724,1000
aca,-45.36120845611245,21.63879154388755,1000
aye,-87.59089775577881,67.40910224422119,1000
jlg,-89.4997112257971,56.50028877420289,1000
jop,-27.37612113708449,10.623878862915513,1000
cfl,-37.731029837422405,25.268970162577595,1000
bnc,-76.67694210257228,95.32305789742772,1000
hgz,-36.907580609442526,52.092419390557474,1000
bho,-49.946000721344184,54.053999278655816,1000
oec,-34.16301790896191,71.8369820910381,1000
gwr,-47.73066540005681,92.26933459994319,1000
tdg,-61.664037222213395,0.3359627777866081,1000
gye,-1.4528048507877476,32.54719514921225,1000
nqf,-92.91209723767108,78.08790276232892,1000
cxt,-84.85114776980929,86.14885223019071,1000
adz,-19.309505224914325,81.69049477508567,1000
tju,-34.843352041721346,83.15664795827865,1000
xla,-1.6269744981891114,72.37302550181089,1000
yec,-83.42543181315307,46.57456818684693,1000
muk,-59.99308166320836,25.006918336791646,1000
swv,-18.393650317380892,77.60634968261911,1000
mea,-3.647543764482898,25.352456235517103,1000
ptp,-17.53133270453754,22.46866729546246,1000
yvo,-52.19805829725648,61.80194170274352,1000
zsj,-81.0990840598242,58.900915940175814,1000
lqu,-54.18168597070247,17.818314029297536,1000
yvz,-15.889575037732481,17.11042496226752,1000
kjg,-87.2384993338764,93.7615006661236,1000
nlo,-15.615104917258188,3.384895082741812,1000
xjv,-63.25851448322216,71.74148551677784,1000
pzx,-30.33952027659858,44.660479723401416,1000
huc,-56.23429338102475,97.76570661897524,1000
xgj,-5.285410264808422,21.714589735191577,1000
mhm,-58.54860941348827,2.451390586511727,1000
eas,-22.93813656097055,62.06186343902945,1000
bqv,-6.568532722412553,45.431467277587444,1000
ydq,-31.152986389882706,84.8470136101173,1000
abf,-17.58870377843653,41.41129622156347,1000
rfc,-11.332534413156871,94.66746558684314,1000
swf,-52.4385298840823,40.5614701159177,1000
fpe,-93.81254712588262,30.187452874117383,1000
dks,-57.890585829454864,12.109414170545136,1000
yds,-48.78909035772014,36.21090964227986,1000
akp,-17.82251462775722,70.17748537224278,1000
hly,-78.8829955217571,51.11700447824291,1000
mfw,-86.58449244910334,86.41550755089666,1000
yhg,-76.12779099498036,33.87220900501964,1000
zhh,-79.74993619174207,54.25006380825794,1000
fzf,0.47451109789961043,69.47451109789961,1000
vqv,-48.652755935030385,80.34724406496962,1000
zly,-75.0033722321433,32.9966277678567,1000
yxr,-89.96015255142424,14.039847448575756,1000
otb,-88.88488375454556,90.11511624545444,1000
phr,-26.714955897833384,92.28504410216661,1000
evi,-49.853492113016166,72.14650788698383,1000
aze,-14.417664459013524,16.582335540986477,1000
dvv,-97.76000661312571,79.23999338687429,1000
bam,-71.22023440245579,16.77976559754421,1000
ajo,-85.35644491901883,37.64355508098118,1000
jog,-82.98821697808266,9.01178302191734,1000
gua,-15.967516824342992,46.032483175657006,1000
dhr,-84.21883392495985,44.78116607504014,1000
vie,-52.742811958465616,57.257188041534384,1000
ybd,-0.18158308041868365,95.81841691958131,1000
bju,-12.438229543134964,66.56177045686503,1000
oxf,-0.7017789284145197,31.29822107158548,1000
tpu,-30.810619980272673,82.18938001972732,1000
ngw,-17.21835493183254,28.78164506816746,1000
tej,-29.881907907659315,12.118092092340683,1000
tmq,-20.105846289469504,61.894153710530496,1000
lkk,-92.2548744093361,28.745125590663903,1000
emt,-72.8115451265931,64.1884548734069,1000
zvt,-9.596893731682217,82.40310626831779,1000
bev,-75.68026253930043,51.31973746069957,1000
lpo,-93.12461337894314,6.875386621056862,1000
qiz,-78.21210176128604,1.787898238713963,1000
uam,-93.59139879814123,71.40860120185877,1000
txw,-66.36349491340384,26.636505086596156,1000
jww,-85.82664163502314,44.17335836497686,1000
bwx,-38.909304991958436,13.090695008041568,1000
