ham,-72.55891380406247,30.44108619593753,1000
dks,-13.980244627891452,32.01975537210855,1000
ger,-40.05506729770035,52.94493270229965,1000
vve,-71.2635916805161,58.73640831948389,1000
zhd,-40.10224574718294,66.89775425281705,1000
lnx,-47.651301817898045,28.348698182101955,1000
pyz,-16.360532497035997,92.63946750296401,1000
ssq,-35.83032626372318,44.16967373627682,1000
dxz,-71.27046971232534,64.72953028767466,1000
nvj,-28.211071961794204,36.788928038205796,1000
mly,-30.89610437882033,74.10389562117967,1000
ksh,-22.258188774995173,11.741811225004827,1000
ylz,-50.67404586184107,39.32595413815893,1000
sfi,-61.6936611420829,88.3063388579171,1000
goh,-57.09184272655478,74.90815727344523,1000
dbq,-29.029766364027665,48.970233635972335,1000
ooq,-61.25659697616179,4.743403023838211,1000
xgl,-56.776379703708294,57.223620296291706,1000
vzc,-88.01155295891083,47.98844704108917,1000
nht,-33.57466636631214,24.425333633687863,1000
goq,-31.971510179155924,15.028489820844076,1000
mdo,-65.93787831295582,55.06212168704418,1000
wuf,-55.095825765173345,32.904174234826655,1000
zzs,-45.04401693412523,27.955983065874765,1000
jah,0.2031607472548579,26.20316074725486,1000
zho,-73.02133098172337,64.97866901827663,1000
env,-29.36431767527141,97.63568232472859,1000
haf,-79.2997011373771,75.7002988626229,1000
dcx,-90.5763733754737,14.423626624526307,1000
jmb,-29.652583165873377,48.347416834126626,1000
mcg,-52.910383871102304,30.089616128897696,1000
gxt,-19.387897980962276,61.61210201903772,1000
fgt,-5.078964291662964,95.92103570833703,1000
irg,-49.650594247280324,38.349405752719676,1000
cqh,-72.91341740289553,63.086582597104474,1000
lqq,-92.95511211925125,61.04488788074874,1000
zjo,-64.77114629929133,22.228853700708676,1000
ate,-21.23361824742471,55.766381752575285,1000
crd,-93.81751289787712,89.18248710212288,1000
nrj,-69.41877200397741,84.58122799602259,1000
xyl,-65.80896621739389,43.19103378260611,1000
adi,-86.62601816339745,29.373981836602557,1000
ait,-43.822782469981696,49.177217530018304,1000
ttr,-34.33527492478478,17.664725075215223,1000
jns,-4.013063450817784,29.986936549182218,1000
ycm,-6.710408286447814,14.289591713552186,1000
epb,-43.37566316242088,83.62433683757912,1000
kws,-52.485903858237165,98.51409614176283,1000
zwj,-11.633062823409524,10.366937176590476,1000
twm,-32.23233943311773,63.76766056688227,1000
wyp,-97.56603517296352,57.433964827036476,1000
yym,-59.66780702382125,69.33219297617876,1000
jfu,-95.92435210331939,30.075647896680604,1000
lwr,-49.46199940816448,7.538000591835521,1000
lgt,-80.88066543793597,5.119334562064027,1000
lqd,-18.512989068464353,32.48701093153564,1000
but,-68.67027962335905,40.32972037664095,1000
rcz,-14.795463687106551,63.20453631289345,1000
cdi,-36.83625845827157,17.163741541728427,1000
gfs,-19.64976420402664,89.35023579597336,1000
pxg,-63.23079433963673,7.769205660363269,1000
yne,-2.808886669388869,74.19111333061113,1000
xou,-73.71370196240952,22.286298037590484,1000
fsi,-68.34014629740551,78.65985370259449,1000
nzo,-21.393049737025922,80.60695026297408,1000
gcf,-2.129711795345186,47.87028820465481,1000
iel,-66.73255448671058,9.267445513289413,1000
mcv,-1.1680562207712986,64.8319437792287,1000
mlq,-43.84634510210273,46.15365489789727,1000
fmf,-58.793306736968944,45.206693263031056,1000
eyr,-6.634505579825631,77.36549442017437,1000
ztf,-5.405545196914012,39.59445480308599,1000
pjs,-86.53721708691626,96.46278291308374,1000
psv,-83.12706631266373,9.872933687336273,1000
nir,-84.01877685091088,63.98122314908911,1000
pdh,-38.11122021685653,96.88877978314348,1000
rlx,-97.88614740862013,57.11385259137987,1000
pqg,-93.75812503623379,34.2418749637662,1000
tec,-18.48929919303913,40.51070080696087,1000
gat,-93.57464801249446,11.425351987505534,1000
rzu,-37.73038997278535,94.26961002721465,1000
ija,-90.40200399021764,30.597996009782367,1000
epf,-34.55496325128091,18.44503674871909,1000
orw,-68.34910392271043,23.650896077289573,1000
gzq,-54.96113095579545,63.03886904420455,1000
eko,-62.375292572711615,61.624707427288385,1000
xyu,-74.27882369511592,29.721176304884082,1000
sxc,-23.403455056964244,70.59654494303575,1000
ygj,-22.36581334258844,74.63418665741156,1000
jwc,-50.555818496127486,72.44418150387251,1000
vsw,-10.20133686309386,43.79866313690614,1000
ygu,-1.572884251759386,76.42711574824061,1000
kyh,-44.11366381252054,29.886336187479454,1000
kvx,-22.610659826960664,94.38934017303934,1000
dvg,-63.8849580386824,89.1150419613176,1000
tnf,-38.01083979063419,41.98916020936581,1000
jvg,-9.228663079283193,2.7713369207168075,1000
trn,-70.46139330126418,17.538606698735823,1000
csi,-70.6387275393188,71.3612724606812,1000
ftt,-86.02228464387997,13.977715356120028,1000
bjx,-56.725469540556865,0.2745304594431329,1000
xlg,-0.7378308192717551,68.26216918072825,1000
six,-30.732695867813685,61.26730413218632,1000
evn,-20.074606297402507,44.92539370259749,1000
cwz,-57.25805098431174,1.74194901568826,1000
cps,-87.5527773016079,93.4472226983921,1000
wdr,-40.29647429948608,86.70352570051392,1000
ahx,-50.02462092265994,57.97537907734006,1000
sjc,-85.26952167907584,81.73047832092416,1000
tvv,-49.53947844472272,96.46052155527728,1000
bki,-19.003089766594066,32.996910233405934,1000
nms,-61.77974948715624,20.220250512843762,1000
txf,-9.155484742456453,24.84451525754355,1000
ube,-71.46210583775573,93.53789416224427,1000
man,-49.03648166699356,39.96351833300644,1000
ysc,-94.82170561945205,12.178294380547955,1000
pvm,-54.25952840932127,45.74047159067873,1000
azy,-61.218812227959916,17.781187772040088,1000
nkf,-80.16333897895409,25.836661021045913,1000
fbf,-83.08331406106207,82.91668593893793,1000
fsc,-20.493135474690604,72.5068645253094,1000
oxm,-36.41602837119475,39.58397162880525,1000
ekv,-17.89356359145645,85.10643640854354,1000
ilt,-7.767518801744068,5.232481198255932,1000
rzg,-76.79028297448532,22.20971702551468,1000
tdq,-50.537213694533065,92.46278630546693,1000
jgg,-18.516043502167832,22.483956497832168,1000
dyn,-43.18839906205004,14.811600937949962,1000
znt,-85.6188655020025,1.381134497997499,1000
gpm,-28.364089022469393,97.63591097753061,1000
lmx,-48.32280593831729,89.67719406168271,1000
zuj,-50.79672568110169,47.20327431889831,1000
nva,-1.7494930199299144,73.25050698007009,1000
pqh,-23.05015270023233,78.94984729976767,1000
pob,-24.17695182298086,84.82304817701915,1000
qce,-4.146546672107888,16.85345332789211,1000
gcz,-71.21493298663123,24.78506701336877,1000
qxv,-8.387914687471637,22.61208531252836,1000
yqf,-25.29017798775386,38.70982201224614,1000
lrv,-94.63892651839775,45.36107348160225,1000
zyv,-68.51889205435117,25.481107945648827,1000
frf,-42.84702291809307,98.15297708190694,1000
ggr,-53.612350994342115,27.387649005657888,1000
aph,-43.805566168956965,40.194433831043035,1000
gtr,-59.28510664246909,70.71489335753091,1000
wjv,-36.48527262129773,27.514727378702272,1000
rgr,-7.8697781513718805,78.13022184862812,1000
ygq,-59.269818486980355,56.730181513019645,1000
urr,0.24263949170170185,65.2426394917017,1000
gzw,-97.88873013444936,22.11126986555064,1000
tlg,-7.872181481574245,41.127818518425755,1000
dty,-9.005690749881415,1.9943092501185848,1000
kin,-4.654376918749836,77.34562308125017,1000
fie,-38.72227948810839,2.27772051189161,1000
btv,-20.433883564883534,13.566116435116468,1000
ybs,-91.9164850878977,69.0835149121023,1000
dyq,-41.44232162854089,39.55767837145911,1000
otk,0.962858773820593,46.96285877382059,1000
kgp,-83.61246384775633,97.38753615224367,1000
mep,-87.9670029290666,24.0329970709334,1000
tdt,-35.50863066695434,22.491369333045665,1000
czw,-3.602914707084381,65.39708529291562,1000
oci,-85.35932867854059,38.640671321459415,1000
pjz,-12.091996651597968,75.90800334840203,1000
faz,-70.20408699589267,5.7959130041073355,1000
uej,-69.11229778971973,63.88770221028027,1000
cbb,-66.87411865489905,91.12588134510095,1000
nbc,-31.119078782570224,73.88092121742977,1000
ltn,-47.769122473262534,90.23087752673747,1000
ehd,-79.39821823951007,67.60178176048993,1000
zwe,-55.078936799743985,80.92106320025601,1000
dwe,-37.68962556186599,29.310374438134016,1000
iys,-36.30441481964219,96.69558518035781,1000
opo,-51.22650742065689,15.773492579343115,1000
uzm,-41.84989516963983,33.15010483036017,1000
iuv,-15.559846601823017,10.440153398176983,1000
rbv,-63.95420439535201,14.045795604647989,1000
iio,-38.135633759894276,94.86436624010572,1000
vqr,-39.58718677105062,94.41281322894939,1000
mav,-14.210155714613443,57.78984428538656,1000
glr,-81.60220255555856,59.39779744444144,1000
yot,-41.00617383324202,3.99382616675798,1000
hri,-71.77334513117991,5.22665486882009,1000
jau,-6.195133983070369,76.80486601692964,1000
qff,-76.69338812612683,38.30661187387316,1000
try,-90.28757948093468,91.71242051906532,1000
utx,-26.824744585820707,69.17525541417929,1000
vmk,-2.4294100124040505,14.57058998759595,1000
goe,-69.11880937543516,40.881190624564844,1000
erh,-95.74203249489327,42.257967505106734,1000
diw,-91.36175471071863,38.63824528928137,1000
mkg,-7.456366738088971,24.54363326191103,1000
zce,-0.6387095098719958,37.361290490128006,1000
ehq,-10.277667265954811,52.72233273404519,1000
tul,-17.648149383666038,81.35185061633396,1000
xpv,-47.58343391351722,12.416566086482783,1000
lsh,-13.867941722631702,75.1320582773683,1000
yiu,-42.89131543979661,70.1086845602034,1000
tpb,-45.134600927308476,88.86539907269153,1000
rhv,-10.783740480396503,78.2162595196035,1000
viq,-26.773674733035694,30.226325266964306,1000
zzp,-84.24231111884698,16.75768888115301,1000
xef,-61.625139006842275,56.374860993157725,1000
gub,-30.302648495821128,21.697351504178872,1000
pxa,-47.17151326133508,11.828486738664921,1000
koz,-55.16212015719656,61.83787984280344,1000
zql,-62.16343622082458,20.83656377917542,1000
hwt,-50.45415822992946,83.54584177007054,1000
nro,-52.256771378456186,37.743228621543814,1000
fnl,-59.54758861758354,42.45241138241646,1000
zta,-17.424093099876547,85.57590690012346,1000
pkz,-19.36758305071033,46.63241694928967,1000
ttn,-54.38450679958389,67.61549320041611,1000
tcw,-57.77662643340246,23.223373566597537,1000
ygn,-74.42299696380931,2.5770030361906904,1000
uzv,-57.83751437885748,1.1624856211425254,1000
xra,-38.844346986268484,8.155653013731515,1000
dji,-94.29018810890072,86.70981189109928,1000
uyn,-65.162177844115,31.83782215588499,1000
prn,-90.63241029016072,21.367589709839283,1000
lvd,-51.12154139883017,47.87845860116983,1000
hta,-23.132611986448513,18.867388013551487,1000
rye,-64.70913799989064,57.29086200010936,1000
plg,-44.73323206845576,37.26676793154424,1000
wbp,-90.9334058323039,93.0665941676961,1000
ydd,-68.85645619454179,5.143543805458211,1000
qxh,-31.835710896287928,51.16428910371207,1000
dle,-79.95835868375876,35.04164131624124,1000
gln,-48.11081751231144,38.88918248768856,1000
dii,-18.986960421671064,36.013039578328936,1000
xhl,-32.36858492766844,0.6314150723315619,1000
yex,-68.14046436749356,57.85953563250643,1000
ryw,-84.06839416013456,57.93160583986544,1000
yxf,-53.607552419868455,20.392447580131545,1000
edf,-82.64688785555379,24.353112144446214,1000
vgb,-40.221193926880815,47.778806073119185,1000
igq,-45.17225988137175,32.82774011862825,1000
izp,-21.23694591674419,29.76305408325581,1000
vxf,-9.768047584461616,32.23195241553839,1000
ovc,-64.26392824368016,19.73607175631985,1000
fnq,-9.280245313061963,59.71975468693804,1000
edj,-13.87125322882524,60.12874677117476,1000
rig,-38.07459082140158,65.92540917859843,1000
pwv,-87.44044801824153,18.559551981758467,1000
mbe,-36.7819995785486,4.218000421451401,1000
pfh,-27.76232939124677,7.2376706087532305,1000
cvp,-25.302343345223747,7.697656654776254,1000
auy,-55.24245455883524,96.75754544116475,1000
avx,-83.35679754931789,24.643202450682118,1000
wbk,-23.38892812058678,90.61107187941322,1000
lte,-3.082251780757381,71.91774821924263,1000
