kli,-59.78642557310535,96.21357442689465,1000
ygd,-75.50382796726561,12.496172032734389,1000
zwo,-6.4262956216044325,56.57370437839557,1000
cbo,-33.22027882288291,25.779721177117086,1000
adw,-17.09428345826119,38.905716541738805,1000
cmy,-72.31497649448939,9.685023505510609,1000
atq,-49.73153936438918,63.26846063561082,1000
iee,-4.642768625559966,78.35723137444003,1000
uuw,-15.017993978158714,76.98200602184129,1000
yfh,-69.70174816140846,58.29825183859154,1000
rto,-33.2320109744709,15.767989025529094,1000
lkv,-82.13820031223656,46.861799687763444,1000
agn,-89.17900861988798,75.82099138011202,1000
mst,-68.30965602765423,86.69034397234577,1000
rco,-85.92046951624407,17.079530483755928,1000
pkr,-71.48479511458176,70.51520488541824,1000
ndv,-81.15912794732657,22.840872052673436,1000
git,-88.60369591944779,74.39630408055221,1000
ipv,-44.60762141154186,98.39237858845814,1000
gql,-38.978004155157066,37.021995844842934,1000
ofx,-66.1843632724152,73.8156367275848,1000
ejs,-73.35453816604291,71.64546183395709,1000
kri,-86.27246290411847,45.72753709588152,1000
lxa,-12.287257389447067,16.712742610552933,1000
yzr,-57.4225414894845,42.5774585105155,1000
ppw,-28.968840323833945,91.03115967616606,1000
zlw,-21.76567902954441,66.2343209704556,1000
oyu,-34.233677643904095,1.7663223560959085,1000
zpd,-1.9028640192444475,48.09713598075555,1000
rpr,-96.30457342690778,29.69542657309222,1000
dpm,-52.70771732142885,12.292282678571151,1000
pwt,-12.107014371426466,39.892985628573534,1000
nes,-57.727463764390414,34.272536235609586,1000
nlu,-36.28807908743805,72.71192091256195,1000
gbh,-30.399946692408886,66.60005330759111,1000
vju,-83.94855564682693,31.05144435317307,1000
iju,-51.868372297767046,25.131627702232954,1000
ldy,-34.668255368400864,58.331744631599136,1000
xmk,-59.66120964653047,56.33879035346953,1000
gyg,-65.27017816422018,90.72982183577982,1000
kvd,-22.865911239249744,95.13408876075026,1000
raa,-91.67650406877877,61.323495931221224,1000
cwm,-32.6900523982419,72.3099476017581,1000
pdo,-18.903782094886676,80.09621790511332,1000
bqv,-78.1676316257454,80.8323683742546,1000
din,-84.39860474266699,92.60139525733301,1000
zaw,-93.52179967332981,35.47820032667019,1000
ulu,-26.469521088684896,27.530478911315104,1000
ods,-28.98304724210304,27.01695275789696,1000
ydc,-53.403856158075854,25.596143841924146,1000
nob,-58.26197798353681,16.738022016463187,1000
wpu,-65.1016583540079,79.8983416459921,1000
his,-97.10509616092111,98.89490383907889,1000
qhw,-65.52721490230138,92.47278509769862,1000
kwj,-89.49084417493991,34.50915582506009,1000
gpe,-46.306807811763115,10.693192188236882,1000
jih,-21.06632656442537,60.933673435574626,1000
rad,-22.074802259286376,19.925197740713624,1000
keu,-77.92876381022712,11.071236189772874,1000
mtq,-25.936988659572272,64.06301134042772,1000
ovj,-0.536953746946009,45.46304625305399,1000
jjp,-75.37238870436518,71.62761129563482,1000
aqm,-47.30119062393567,97.69880937606433,1000
uyq,-80.87009394192968,4.129906058070322,1000
dkl,-85.58643628835638,54.41356371164362,1000
inc,-77.43818022287114,79.56181977712886,1000
rhx,-59.596134046860385,23.40386595313961,1000
odn,-87.41291676627148,62.58708323372852,1000
ami,-36.43149574656613,82.56850425343387,1000
kap,0.874144320122717,82.87414432012272,1000
dpq,-75.9585218444133,51.0414781555867,1000
zun,-54.24349433278545,60.75650566721455,1000
zdw,-15.897788697085492,69.10221130291451,1000
xxz,-26.25953599599097,51.740464004009034,1000
pov,-46.130287305300875,46.869712694699125,1000
lck,-57.327482710489704,53.672517289510296,1000
xqb,-77.60034107850674,25.39965892149326,1000
rxd,-46.95123351825051,13.048766481749487,1000
wwe,-77.35239815358212,15.647601846417883,1000
mlc,-26.615057561749982,42.38494243825002,1000
jhr,-89.2980490162004,3.701950983799609,1000
dpk,-52.97114790201924,21.028852097980764,1000
dnu,-71.8758225104438,11.124177489556203,1000
rio,-57.74382733225126,41.25617266774874,1000
ejo,-93.9671272846702,31.0328727153298,1000
uev,-57.375725932180494,68.62427406781951,1000
avz,-79.83805989906395,71.16194010093605,1000
ltf,-76.4348215119165,20.565178488083504,1000
lcm,-21.569865600817874,50.43013439918212,1000
kcp,-72.88552899495363,14.114471005046363,1000
uzp,-21.885942701470547,23.114057298529453,1000
enm,-76.42562114317923,26.574378856820765,1000
rtq,-24.17149552473444,31.82850447526556,1000
smg,-91.76246134229022,62.237538657709784,1000
wxs,-23.10519215811967,85.89480784188032,1000
dnx,-87.00569656098263,1.9943034390173673,1000
dcn,0.5409129199531698,87.54091291995317,1000
nmh,-32.80269226939343,20.197307730606568,1000
mhs,-86.50291506393098,80.49708493606902,1000
gag,-91.89324818040843,41.106751819591565,1000
ujl,-21.8822908543041,98.1177091456959,1000
vdb,-8.52418251392039,15.47581748607961,1000
pzn,-61.1384816266882,44.8615183733118,1000
pvo,-83.87103372974752,74.12896627025248,1000
pke,-65.00723771037019,98.99276228962981,1000
bsw,-88.51956060820409,47.48043939179591,1000
fty,-50.899209852314144,81.10079014768586,1000
gpq,-8.902622214863712,50.09737778513629,1000
smd,-37.14662377303019,58.85337622696981,1000
dpj,-68.80497554483408,6.195024455165916,1000
crb,-55.18144650272535,57.81855349727465,1000
abh,-87.95473747062483,24.045262529375165,1000
sbu,-70.19153030680151,64.80846969319849,1000
hia,-5.407456250545499,48.5925437494545,1000
pmm,-27.356187070221775,74.64381292977822,1000
sho,-35.66604148047076,6.333958519529238,1000
mjz,-3.688129738631295,35.3118702613687,1000
asq,-65.66462384634029,12.335376153659704,1000
dye,-83.54664119341543,58.453358806584575,1000
wak,-8.232074975230013,74.76792502476998,1000
slg,-4.389108762852062,2.610891237147938,1000
jso,-70.19123332700521,47.808766672994786,1000
oht,-88.5901849389667,83.4098150610333,1000
egx,-47.23459523008261,24.76540476991739,1000
vxn,-97.35605927736565,86.64394072263435,1000
ivp,-84.07829387197658,5.921706128023413,1000
zgv,-55.82780200578041,40.17219799421959,1000
oql,-56.70576255854373,81.29423744145627,1000
ubc,-25.723977297142792,21.276022702857208,1000
jwf,-42.81340495000264,45.18659504999736,1000
lin,-70.08069532309926,92.91930467690074,1000
yab,-21.99230461784149,2.0076953821585106,1000
tyx,-8.170804814279517,83.82919518572048,1000
jes,-59.33363288168705,37.66636711831295,1000
idc,-16.6466480685272,81.3533519314728,1000
imp,-76.1086446999205,94.8913553000795,1000
wmp,-10.305585199644064,16.694414800355936,1000
mqn,-18.864260269424015,62.135739730575985,1000
vwj,-14.696166826882019,85.30383317311798,1000
ibf,-89.09344584608793,87.90655415391207,1000
spx,-23.68016529195009,81.31983470804991,1000
zxm,-19.12381836109035,85.87618163890964,1000
qvy,-74.34284681771187,64.65715318228813,1000
iqh,-10.189762335364755,34.810237664635245,1000
voj,-73.88895894879165,26.11104105120834,1000
zsa,-29.322362053030005,73.67763794697,1000
mqv,-84.10180687449038,47.898193125509614,1000
ggd,-59.87865579798136,18.121344202018644,1000
uay,-59.722882770591994,3.2771172294080086,1000
irf,0.9503747808823125,43.95037478088231,1000
ypw,-90.90433205089809,24.095667949101912,1000
qty,-62.10146477477327,81.89853522522674,1000
xed,-67.37082266383577,83.62917733616423,1000
stv,-39.97377788651369,12.02622211348631,1000
ico,-91.32950891554147,10.670491084458535,1000
xji,-75.38257855461937,65.61742144538063,1000
cfv,-37.372369845768155,42.627630154231845,1000
zqi,-60.37342515436528,19.62657484563472,1000
qvr,-61.3128843844449,60.6871156155551,1000
vnu,-16.411777170252723,70.58822282974728,1000
uul,-87.92099348212653,67.07900651787347,1000
uax,-51.08069062342044,70.91930937657956,1000
ncm,-67.66201526449517,57.33798473550483,1000
aqt,-66.43056291494742,82.56943708505258,1000
amu,-97.07827897729325,55.921721022706755,1000
wce,-67.79487312551304,4.2051268744869645,1000
ste,-26.420785358095067,61.57921464190493,1000
pqq,-24.01066602625366,41.98933397374634,1000
ppr,-78.83566071579165,68.16433928420835,1000
elc,-28.5075655307294,84.4924344692706,1000
oul,-79.47264191652285,74.52735808347715,1000
vmg,-78.46092105120496,48.53907894879504,1000
dub,-95.36143900813471,90.63856099186529,1000
axq,-26.516005733418233,89.48399426658176,1000
ttu,-87.8797199448867,83.1202800551133,1000
nii,-7.15387939375767,48.84612060624233,1000
rmt,-61.832785099896974,45.167214900103026,1000
btf,-33.851593998011126,92.14840600198887,1000
vjr,-68.64957120012193,67.35042879987807,1000
jef,-67.08162049079725,57.91837950920275,1000
pnq,-89.7587552026985,52.241244797301505,1000
wwu,-16.394623361345065,43.60537663865493,1000
bex,-77.02858653678217,41.97141346321783,1000
kbf,-53.84622515436379,74.1537748456362,1000
jaj,-6.36153144955071,49.63846855044929,1000
luk,-40.80333392882379,92.19666607117621,1000
lgn,-55.48378894529074,39.51621105470926,1000
ztx,-31.837483739210715,5.162516260789286,1000
hwt,-48.10212715706807,70.89787284293193,1000
pru,0.9192348670374518,12.919234867037451,1000
mco,-26.978414510768296,31.021585489231704,1000
tmh,-5.801877085375968,7.198122914624032,1000
cvo,-32.906782934939216,60.093217065060784,1000
wap,-31.83612263148556,78.16387736851445,1000
ndh,0.7646955607344104,16.76469556073441,1000
uix,-53.76132888185121,48.23867111814879,1000
jrt,-70.59991876241284,17.400081237587163,1000
kwe,-19.96231756379271,33.03768243620729,1000
jrt,-70.91380972407136,39.086190275928644,1000
ney,-64.2015299236373,2.798470076362704,1000
fzo,-83.99281197173681,66.00718802826319,1000
bkq,-14.771519778282862,51.228480221717135,1000
dtb,-67.95356360626616,9.046436393733845,1000
slc,-30.517780228400905,18.482219771599095,1000
xgr,-88.48360090467145,23.516399095328552,1000
yhd,-44.72033691730966,50.27966308269034,1000
eoy,-67.76339081586131,14.236609184138688,1000
feq,-92.37197045921351,68.62802954078649,1000
hjx,-4.9496741196894645,94.05032588031054,1000
dgs,-9.187649738623119,55.81235026137688,1000
ary,-65.0654938270333,38.93450617296671,1000
luk,-1.1444599830676632,0.8555400169323368,1000
nbx,-31.575010886348704,85.42498911365129,1000
phq,-5.410434213832015,66.58956578616798,1000
aey,-46.78617095442604,30.213829045573963,1000
pss,-92.64563629484067,25.354363705159322,1000
utg,-32.00412559899579,3.995874401004205,1000
dur,-45.353548540768614,34.646451459231386,1000
rto,-87.72748500528434,82.27251499471566,1000
bqe,-17.02350875695443,67.97649124304557,1000
vcg,-45.05801755287833,78.94198244712167,1000
icu,-86.34177866995608,75.65822133004392,1000
hit,-2.273427271454305,50.7265727285457,1000
ykj,-52.212138524839524,35.787861475160476,1000
sda,-45.60984660686909,30.39015339313091,1000
irp,-40.1657027988419,17.834297201158098,1000
cqr,-88.77926767682474,2.2207323231752585,1000
vbu,-14.62261999199011,87.3773800080099,1000
pgq,-2.6088117235312898,97.39118827646871,1000
pzl,-65.82424663263372,77.17575336736628,1000
kdf,-33.940571633360086,93.0594283666399,1000
sws,-64.0068783957272,71.9931216042728,1000
gyl,-33.21917278833172,28.780827211668285,1000
hqa,-50.59159255835262,78.40840744164738,1000
vdo,-31.708964296433358,76.29103570356665,1000
adu,-17.539049122184796,8.460950877815204,1000
dxv,-40.72073207752093,6.279267922479073,1000
wrx,-35.28680005571741,48.71319994428259,1000
jju,-73.0868243817021,90.9131756182979,1000
kqi,-6.0356050374871195,77.96439496251288,1000
gij,-55.14110240179218,55.85889759820782,1000
dhp,-40.2088790310566,18.791120968943407,1000
owl,-34.59340530148141,46.40659469851859,1000
oeh,-64.48754075934777,27.51245924065223,1000
ofc,-71.56435593087984,31.435644069120162,1000
gjr,-15.13617358010336,7.86382641989664,1000
pto,-45.007965736554624,78.99203426344538,1000
qzr,-45.539039876392074,62.460960123607926,1000
xui,-32.986608777146,62.013391222854,1000
yqq,-44.17998900807424,43.82001099192576,1000
ebd,-19.47470353523826,11.525296464761743,1000
