wwh,-3.135205171995828,23.86479482800417,100
kzp,-59.53530159861013,76.46469840138987,100
pyq,-19.30411781409571,3.69588218590429,100
mcn,-30.73154860965804,20.26845139034196,100
ggr,-16.629206189407444,75.37079381059256,100
slp,-76.46740055826035,59.53259944173964,100
atu,-90.84527653461812,78.15472346538188,100
asi,-88.15607142258055,92.84392857741945,100
ytt,-23.211151887170598,93.7888481128294,100
jvx,-37.38014026320458,82.61985973679542,100
jtd,-30.79619834640161,41.20380165359839,100
rxx,-90.90332904232736,6.0966709576726394,100
khx,0.15141640971325998,34.15141640971326,100
bba,-1.7097875302338554,49.290212469766146,100
nel,-36.10279887143188,89.89720112856813,100
dfc,-20.09169034887006,53.90830965112994,100
uqv,-80.7047226419566,7.295277358043408,100
pqp,-9.595089100841307,51.40491089915869,100
mtb,-15.142811733486326,12.857188266513674,100
fdc,-26.930188164952042,9.069811835047956,100
gwa,-12.892169761321993,14.107830238678007,100
abr,-76.23910317369082,93.76089682630918,100
whs,-14.581023590379859,6.418976409620141,100
say,-80.12102006343696,86.87897993656304,100
mre,-31.29153579903872,50.70846420096128,100
qih,-7.589412113780059,10.41058788621994,100
jqq,-1.4461187259734642,87.55388127402654,100
sld,-87.44720709294597,71.55279290705403,100
lsg,-6.116773761993404,61.8832262380066,100
ttt,-42.92666506719616,11.073334932803837,100
dms,-47.350139036707226,47.649860963292774,100
hkr,-44.38066832403878,88.61933167596122,100
pcf,-92.80031737153418,70.19968262846582,100
qqu,-62.75575574517124,9.244244254828756,100
ste,-55.89410597724823,75.10589402275177,100
uwm,-47.6397009127276,46.3602990872724,100
npa,-30.24001284799042,32.75998715200958,100
czb,-25.269418629799233,70.73058137020077,100
jkk,-94.5436906703311,66.4563093296689,100
mfh,-78.38907228754806,85.61092771245194,100
qrx,-37.540683570444855,76.45931642955514,100
jtw,-10.529702865640678,5.470297134359321,100
gtd,-78.5660195711107,13.433980428889297,100
ywx,-55.69556587614772,50.30443412385228,100
asm,-80.14647419597539,10.853525804024608,100
jaz,-16.068508155741068,55.93149184425893,100
pcd,-46.09791347622518,2.9020865237748223,100
euy,-43.993670554746515,81.00632944525348,100
lyq,-56.981963869092915,78.01803613090708,100
qwx,-88.0800656499348,59.919934350065205,100
psl,-41.41690638198584,60.58309361801416,100
xln,-16.37873363137276,93.62126636862725,100
lui,-24.235646345885357,39.76435365411464,100
kab,-40.35065361142632,68.64934638857369,100
wsm,-85.07046221717921,16.92953778282079,100
htk,-18.451459392866273,41.54854060713373,100
ovg,-70.52760084434018,5.4723991556598115,100
nzw,-54.305446981792606,14.694553018207397,100
zsv,-2.062108568343149,58.93789143165685,100
cmw,-85.70483210908203,29.295167890917973,100
ooa,-40.621685232926886,81.37831476707312,100
xec,-64.6391842572749,32.36081574272509,100
plc,-20.633907093918687,73.3660929060813,100
jtj,-7.680217446144638,89.31978255385536,100
agz,-97.01901829488995,46.980981705110054,100
hnr,-68.72046518712406,10.279534812875943,100
hkp,-46.834899249149714,54.165100750850286,100
cdp,-50.71003438023871,60.28996561976129,100
lra,-58.79548421508858,78.20451578491142,100
npo,-82.00286673689418,6.997133263105821,100
yaj,-4.5341350219253505,40.46586497807465,100
fdl,-42.19898763232224,91.80101236767776,100
gwu,-32.75747925464284,84.24252074535717,100
fat,-2.15731425307599,62.84268574692401,100
agc,-3.1458609898224252,27.854139010177576,100
qek,-62.39272763630806,83.60727236369195,100
fyk,-42.29884183677157,37.70115816322843,100
fym,-71.57661457320974,63.42338542679026,100
mcn,-21.362546942623325,89.63745305737667,100
gze,-36.63666295274806,70.36333704725193,100
aqz,-43.21115526313553,60.78884473686447,100
ist,-5.086614455248546,44.913385544751456,100
lia,-13.697969356344128,42.302030643655876,100
ump,-78.28147932862082,11.718520671379176,100
cpy,-95.1970099423693,14.8029900576307,100
pbt,-72.90327047278686,58.09672952721315,100
lax,-69.43273551758973,0.5672644824102607,100
wxs,-89.62867380715277,1.371326192847235,100
fux,-66.26908440770211,48.73091559229788,100
epq,-0.016834401855349235,93.98316559814465,100
jcw,-53.4596200793384,70.5403799206616,100
wbf,-44.38807847207753,3.6119215279224717,100
jtw,-59.16287781879302,79.83712218120698,100
fzt,-57.026168525586165,37.973831474413835,100
wdl,-87.9031741506571,40.096825849342906,100
axf,-48.76624445823987,81.23375554176013,100
acj,-87.63922826876163,12.360771731238367,100
sku,-36.15182432272607,5.848175677273926,100
izz,-74.5000615562202,87.4999384437798,100
vcg,-50.767017441938286,3.232982558061713,100
vgw,-75.01175105341183,3.9882489465881754,100
xea,-86.2298626775479,87.7701373224521,100
wli,-43.62914687364297,13.37085312635703,100
nzp,-69.20635244626905,32.793647553730956,100
ugs,-92.52305232950063,28.476947670499364,100
bdj,-75.91470352408017,13.085296475919828,100
tva,-26.554677137396645,42.445322862603355,100
sdl,-29.886060266411953,39.11393973358805,100
gvq,-42.3124120804168,35.6875879195832,100
lem,-46.036066179610735,73.96393382038926,100
pka,0.5713315637488978,23.5713315637489,100
cxu,-0.2178422301603723,38.78215776983963,100
smw,-24.71898382342362,22.28101617657638,100
lml,-64.4057886872185,64.5942113127815,100
gvn,-59.65949221874529,84.3405077812547,100
fyl,-8.249912533232436,5.750087466767565,100
aro,-40.21753841764422,30.78246158235578,100
qzs,-55.30542619458665,76.69457380541336,100
wre,-79.34738255953457,32.65261744046544,100
kox,-39.34519473139857,81.65480526860144,100
nxu,-0.3061116610894804,52.69388833891052,100
gcf,-52.993460146504695,6.006539853495303,100
xtl,-90.43797946225177,57.56202053774822,100
chx,-69.57385636663626,40.426143633363736,100
xfr,-90.57088894044152,38.42911105955848,100
fqb,-37.999240902328474,12.000759097671528,100
xzw,-57.365270764298465,78.63472923570153,100
byn,-24.75918675843727,6.240813241562729,100
vni,-2.122999419410995,95.87700058058901,100
kvv,-77.72177531368315,90.27822468631685,100
oiz,-61.47276668017156,77.52723331982844,100
pea,-79.83879836119584,87.16120163880416,100
fyz,-43.63133778754852,61.36866221245148,100
syb,-73.8018274537718,8.198172546228188,100
mpl,-92.6763986730192,38.32360132698081,100
wwn,-61.11558907699057,54.88441092300943,100
ycg,-73.01323363163624,75.98676636836376,100
ero,-4.398434901173668,16.60156509882633,100
fym,-41.14666413210077,29.853335867899233,100
sia,-61.86483106236586,14.135168937634143,100
krg,-20.202888397359036,77.79711160264097,100
tpz,-84.96596046645062,4.034039533549372,100
ccr,-97.24671925567165,75.75328074432835,100
fxl,-17.617200755878855,16.382799244121145,100
qih,-93.73561242062834,90.26438757937166,100
qnl,-70.63415913187242,47.36584086812758,100
wpq,-34.45432411572617,84.54567588427383,100
zga,-22.172427000091652,76.82757299990834,100
hiv,-52.86407060092458,41.13592939907542,100
cjk,-76.20816595674023,31.79183404325977,100
qag,-17.78509463370962,84.21490536629038,100
upk,-47.248625639003365,95.75137436099664,100
bnv,-48.92178878334886,81.07821121665114,100
qgx,-57.37599613283379,78.62400386716621,100
bbr,-40.024875619191924,78.97512438080807,100
gli,-27.102648319689017,4.897351680310984,100
umw,-36.794530407923446,47.205469592076554,100
jha,-26.438965118617404,67.5610348813826,100
wxm,-81.58713507773714,21.412864922262855,100
ppe,-75.04639826940445,70.95360173059555,100
sfy,-55.757146904013375,1.2428530959866242,100
suf,-11.24244443871317,73.75755556128684,100
dte,-23.172552076276748,67.82744792372326,100
qih,-1.6027853630338402,36.39721463696616,100
osc,-86.20330034009669,8.796699659903307,100
kzz,-81.26132698187428,85.73867301812572,100
sre,-5.055127179053097,9.944872820946902,100
njt,-75.01183168335778,44.988168316642216,100
czn,-65.15455541605976,85.84544458394024,100
qnf,-8.96683455566489,71.03316544433511,100
twr,-56.78419736875077,73.21580263124923,100
gnp,-63.86686576974413,4.133134230255866,100
xur,-34.38606773920478,52.61393226079522,100
uzs,-38.51275659575594,61.48724340424406,100
bts,-30.662140910827066,72.33785908917294,100
nix,-34.59960592757162,17.40039407242838,100
xnn,-63.1940615825998,81.8059384174002,100
rqo,-73.9901137149331,75.0098862850669,100
thd,-3.261453057754622,0.7385469422453779,100
wph,-4.230541088975259,55.76945891102474,100
wfk,-57.078108581286216,44.921891418713784,100
vkq,-69.35640652466493,96.64359347533507,100
lzc,-31.822674308702485,39.17732569129752,100
hav,-27.905984210154934,19.094015789845066,100
lft,-58.11723084451428,81.88276915548572,100
jzk,-64.6954897580508,55.3045102419492,100
nvt,-55.56111945834802,3.4388805416519816,100
lqt,-42.73395677628675,66.26604322371324,100
maf,-18.471356843665774,98.52864315633423,100
ycw,-38.659313139522354,39.340686860477646,100
apd,-49.76843769148339,7.231562308516605,100
crb,-73.39671676842696,47.603283231573045,100
cnj,-10.530623255751237,22.469376744248763,100
zut,-3.949250860854724,55.050749139145275,100
cua,-75.31719992227958,19.68280007772042,100
rqw,-24.29417930952056,84.70582069047944,100
ndq,-29.98486921476207,1.0151307852379294,100
ojz,-18.858111296495828,27.141888703504172,100
auw,-82.50633859254111,41.49366140745889,100
wdo,-69.22122708471474,83.77877291528526,100
uof,-12.326147707091838,31.673852292908162,100
zxb,-59.5676158093826,22.432384190617395,100
hwr,-60.90151773418206,47.09848226581794,100
vxn,-75.45326506342595,75.54673493657405,100
bfs,-46.779107173508116,18.220892826491884,100
ddy,-50.66486187737779,62.33513812262221,100
cwf,-79.49332267777861,85.50667732222139,100
eqb,-37.99695028687275,31.00304971312725,100
klb,-95.30798874904953,88.69201125095047,100
qsi,-65.89985539339786,31.100144606602143,100
gkq,-51.60936021765961,77.39063978234039,100
qcs,-63.074308799177956,21.92569120082204,100
wff,-62.36167441897502,93.63832558102499,100
qns,-44.593479981414426,96.40652001858557,100
ynq,-69.64502184628202,69.35497815371798,100
dms,-68.57534696463212,5.424653035367881,100
cim,-56.37909676078752,23.62090323921248,100
qyh,-35.621531227804965,26.378468772195035,100
wxt,-21.526561056292557,64.47343894370745,100
ykr,-92.87732597021983,88.12267402978017,100
bzt,-49.45365531245038,82.54634468754962,100
vjr,-28.776329844878504,3.2236701551214964,100
gnx,-17.347549832891115,95.65245016710888,100
rci,-28.99480379439927,38.005196205600726,100
pov,-81.53989797187994,52.46010202812006,100
ghl,-81.16186954813324,96.83813045186676,100
zjh,-82.43483808609574,70.56516191390426,100
blu,-3.4173049118194045,27.582695088180596,100
bky,-57.398652283840036,38.601347716159964,100
wve,-3.488658927616098,73.5113410723839,100
ojo,-31.670291288910192,7.329708711089806,100
mjo,-50.749936318820794,37.250063681179206,100
pjf,-32.461398826675214,72.53860117332478,100
wjo,-44.88142884045507,77.11857115954493,100
sgk,-67.56494229665907,61.43505770334093,100
spc,-55.908935361574244,81.09106463842575,100
fky,-41.39727329083058,64.60272670916942,100
mwp,-91.91099474432251,76.08900525567749,100
lvh,-26.02416458799716,51.975835412002844,100
yes,-52.119057324779014,16.880942675220982,100
lon,-10.652214350355203,22.3477856496448,100
ztd,-24.370807877299573,48.62919212270043,100
tfu,-74.86451852713911,32.13548147286088,100
pmm,-6.8465234648619635,68.15347653513804,100
jqc,-23.718294678683932,73.28170532131607,100
tga,-23.83663510715973,51.16336489284027,100
vfs,-4.885055389927448,70.11494461007256,100
hmk,-84.09374696539244,90.90625303460756,100
xtv,-70.4472569641052,31.552743035894807,100
vcn,-10.602953200335593,93.39704679966441,100
mgd,-26.126073534523968,10.87392646547603,100
