bie,-78.96192125325119,77.03807874674881,100
ldf,-47.22037463519686,74.77962536480314,100
msn,-49.674680667304024,44.325319332695976,100
hza,-64.54916213328806,38.45083786671194,100
rgu,-24.072055674597237,14.927944325402764,100
bxw,-6.47268401428374,74.52731598571626,100
uhb,-32.2323650723898,0.7676349276102,100
xit,-29.086732225526273,65.91326777447372,100
khj,-70.80839820726744,48.191601792732556,100
uvh,-36.60648746621001,7.3935125337899885,100
gyu,-50.383977187564255,70.61602281243574,100
snc,-60.551194045430655,25.448805954569348,100
ioj,-63.76458769233157,3.2354123076684367,100
mok,-61.54722720924845,75.45277279075155,100
fjq,-33.44958791770308,44.55041208229692,100
juk,-53.75851153378281,13.241488466217191,100
xhn,-4.925164451342604,5.074835548657396,100
wee,-67.86195785998456,83.13804214001544,100
esm,-15.670776396216457,66.32922360378355,100
kbh,-84.70493968652812,44.29506031347187,100
ybh,0.15824972741104215,81.15824972741105,100
uup,-33.760245495922625,11.239754504077377,100
bqr,-82.58887542814581,28.411124571854184,100
foo,-86.70900314162682,38.29099685837317,100
idh,-96.73694990631087,35.263050093689124,100
kjx,-81.2279464261576,37.772053573842406,100
nnb,-72.3241970657046,23.675802934295405,100
wwu,-79.54324780143992,70.45675219856008,100
xfc,-74.80899810511555,85.19100189488445,100
iqy,-69.93899114433543,6.0610088556645705,100
bnc,-56.265653961162215,29.734346038837785,100
lli,-17.38648771312008,82.61351228687992,100
erw,-32.48789189251567,84.51210810748432,100
rik,-20.409642634980575,32.59035736501943,100
dpn,-88.6146180231571,91.3853819768429,100
tro,-65.76355594782133,35.23644405217867,100
wlw,-75.81570988565802,2.1842901143419695,100
ffa,-71.44473858880193,62.55526141119808,100
aly,-42.279843379395295,43.720156620604705,100
wps,-59.47668969775825,74.52331030224175,100
ccj,-32.520560998808065,30.479439001191935,100
sch,-28.862948448238278,0.13705155176172212,100
uaw,-61.637383975204,48.362616024796,100
ige,-72.54505606883856,2.454943931161439,100
ljw,-90.49353228110151,64.50646771889849,100
jiy,-52.514763148541725,22.48523685145827,100
szx,-79.09977542280895,69.90022457719105,100
tue,-85.19076772448688,8.809232275513121,100
upg,-68.73322348181672,39.266776518183285,100
duv,-51.017796916047004,30.982203083953,100
pyq,-14.945044576374029,40.05495542362597,100
opf,-93.54130181580443,25.458698184195566,100
vnj,-29.291154307789395,8.708845692210605,100
dzd,-86.40199098081199,9.598009019188014,100
zpk,-25.78744802784344,81.21255197215656,100
rko,-79.8613959975613,40.1386040024387,100
vgo,-80.86272552814435,73.13727447185565,100
aak,-63.36059261505034,69.63940738494966,100
bla,-54.777017371327275,78.22298262867272,100
nrf,-28.680578271246933,67.31942172875307,100
lzj,-74.28762813728805,50.712371862711954,100
dme,-67.48394946846199,36.516050531538006,100
lty,-30.631942995399335,11.368057004600667,100
awp,0.08745481020670742,18.087454810206708,100
buf,-58.35038566903801,14.649614330961988,100
qcz,-26.165541087483643,25.834458912516357,100
jbc,-66.55634030760041,50.44365969239959,100
enx,-34.10013140610133,17.89986859389867,100
xwq,-49.50063611004579,63.49936388995421,100
bqv,-64.1274032458244,29.87259675417561,100
ihz,-56.171767322987776,34.828232677012224,100
tmn,-72.74673487256221,44.25326512743778,100
lcn,-46.37652528347765,41.62347471652235,100
hxf,-42.35195615005303,16.648043849946973,100
era,-29.678214306000413,42.32178569399959,100
znx,-54.62119493141666,64.37880506858335,100
clx,-12.237632757923517,19.762367242076483,100
mpl,-78.82637587372696,66.17362412627304,100
drg,-49.92859147178125,25.071408528218743,100
emc,-24.191999368939143,75.80800063106085,100
uxw,-69.08636591554279,14.91363408445721,100
yvc,-63.28329233212132,5.716707667878681,100
tms,-56.048216410485956,31.95178358951404,100
ksk,-0.6321163722082659,15.367883627791734,100
xju,-77.91386565322223,87.08613434677777,100
rel,-80.95510219852027,54.04489780147973,100
zym,-94.26080635029032,81.73919364970968,100
vax,-96.80836696895449,18.191633031045516,100
ocj,-11.065031903829814,49.93496809617019,100
vuv,-29.702729048267376,23.297270951732624,100
tff,-62.23255529136843,58.76744470863157,100
lpq,-33.544657986465126,33.455342013534874,100
uad,-28.009313146820126,12.990686853179872,100
zrf,-29.426303026796724,43.573696973203276,100
uvd,-87.06689140325147,73.93310859674853,100
jqp,-27.86712343000862,8.132876569991383,100
stw,-48.95065653886793,37.04934346113207,100
vvs,-92.44825553737897,79.55174446262103,100
yrr,-51.232442848873134,55.767557151126866,100
zav,-45.646470263599625,51.353529736400375,100
nsj,-33.162559641935914,43.837440358064086,100
cfz,-27.52612651465657,60.473873485343425,100
xxm,-61.0138956225834,81.9861043774166,100
jzj,-62.420264864323926,73.57973513567607,100
emp,-30.395233326631434,36.604766673368566,100
ecg,-4.5893492257113335,27.410650774288666,100
iam,-51.82459108948344,40.17540891051656,100
ikb,-1.2176571424499705,53.78234285755003,100
xvw,-30.828434177282524,76.17156582271747,100
eik,-52.0613122133281,70.93868778667189,100
ylv,-19.265975926383327,81.73402407361668,100
clu,-5.088687988713872,46.91131201128613,100
amn,-81.89438825659582,44.105611743404175,100
ypg,-80.82802351638362,32.171976483616376,100
npc,-41.995950532710246,96.00404946728976,100
dlz,-2.2742310206063188,78.72576897939368,100
bvu,-35.06616756618972,85.93383243381028,100
hkg,-24.400059186498314,72.59994081350169,100
odp,-86.41206214547422,96.58793785452578,100
fja,-2.2503637972736117,87.74963620272639,100
yce,-28.679644643789224,44.320355356210776,100
itq,-43.500606870178835,46.499393129821165,100
xny,-67.84516167821134,6.154838321788659,100
dyv,-2.098433851627226,72.90156614837278,100
zpd,-68.10098375777832,75.89901624222168,100
xwq,-64.34135156644822,57.65864843355177,100
law,-0.8164730261905659,40.183526973809435,100
djq,-54.639596825722,68.36040317427799,100
dgn,-25.327098083791203,3.672901916208797,100
rdv,-84.90102574109652,90.09897425890348,100
ioh,-4.081909723544919,0.9180902764550813,100
bnp,-40.43140294118659,93.56859705881341,100
ebf,-63.82792785896362,9.17207214103638,100
kmq,-69.37863164615737,53.621368353842634,100
wrf,-75.37212832085268,5.627871679147318,100
kbo,-84.07326649974833,9.926733500251675,100
fpu,-26.054532319237808,15.945467680762194,100
rxu,-62.298097351197754,61.701902648802246,100
kva,-32.04942332306,33.95057667694,100
xje,-75.66561350121282,35.334386498787175,100
bcj,-34.903307170811644,96.09669282918836,100
qmi,-58.65458689574664,79.34541310425335,100
vtp,-48.14590483939112,95.85409516060888,100
guk,-24.315855189394888,64.68414481060512,100
htv,-47.5762178388292,14.4237821611708,100
igy,-27.344888833392066,36.65511116660794,100
rqu,-59.575647968184406,72.42435203181559,100
hdu,-62.46702588269063,39.53297411730937,100
ufo,-76.26162075907015,92.73837924092985,100
nkl,-55.80609132218201,80.19390867781799,100
ohy,-27.15466210037804,83.84533789962197,100
hbr,-39.075258813811004,58.924741186188996,100
aay,-33.630162915367755,42.369837084632245,100
iay,-91.68768449739244,69.31231550260756,100
twb,-24.671405937382623,94.32859406261738,100
bek,-51.748874456576026,77.25112554342397,100
xzn,-39.12194603569857,49.87805396430143,100
byq,-50.30472343157717,52.69527656842283,100
fmr,-67.78182250831823,31.21817749168177,100
eyz,-9.638950876301639,66.36104912369836,100
gay,-7.259899183996316,14.740100816003684,100
sfu,-85.85400174711957,12.145998252880432,100
zqy,-17.738697369208914,35.261302630791086,100
lzm,-16.214268681297465,68.78573131870253,100
ujb,-29.81205778955955,1.187942210440451,100
ijr,-14.160333087029287,46.83966691297071,100
lnu,-2.6032427165620646,20.396757283437935,100
fvn,-56.685838456208316,45.314161543791684,100
ykg,-59.85689721103704,53.14310278896296,100
zfm,-2.642343844288748,70.35765615571125,100
tgh,-64.51657093975678,96.48342906024322,100
qmj,-87.23814051424807,51.76185948575193,100
fiq,-44.885427607972105,19.114572392027895,100
xbd,-66.8524223957908,39.147577604209204,100
lct,-68.48802261794418,27.511977382055825,100
jvc,-63.65004666128463,70.34995333871537,100
zqd,-62.24608273962655,90.75391726037344,100
yev,-25.09214960885528,59.90785039114472,100
qhl,-2.3921235565094814,72.60787644349053,100
hpt,-81.67982046331356,79.32017953668644,100
fcq,-48.72463177089286,86.27536822910714,100
ncb,-2.4641219785561637,78.53587802144384,100
ouj,-73.66838374815087,20.33161625184912,100
dnu,-28.93313486378916,54.06686513621084,100
djs,-29.0492361629385,21.9507638370615,100
kcg,-23.489077544977043,94.51092245502295,100
nvl,-17.897430810107178,23.102569189892822,100
cae,-95.62768069831421,29.37231930168579,100
edo,-24.33282955263844,4.667170447361561,100
xfm,-82.35677321321806,45.64322678678194,100
nvs,-76.46496500102788,65.53503499897212,100
cic,-53.19159231730694,53.80840768269306,100
tvo,-80.94071546779793,47.05928453220207,100
dnh,-22.266104911050494,33.73389508894951,100
xmm,-49.831289044877145,77.16871095512286,100
end,-34.41594621935692,95.58405378064307,100
qam,-96.61936687500949,96.38063312499051,100
ahp,-89.85725334388992,53.14274665611008,100
lln,-46.24510449312893,21.754895506871073,100
uac,-19.112464766345138,5.887535233654864,100
hjr,-18.91399445186533,15.086005548134668,100
jqr,-28.450385764008054,38.549614235991946,100
wke,-47.760287910006376,85.23971208999363,100
opa,-48.71517272376434,3.2848272762356574,100
ulz,-57.622953512021446,2.3770464879785544,100
pie,-51.830956944221924,49.169043055778076,100
fee,-41.23297929260184,35.76702070739816,100
bet,-96.16734233469447,48.832657665305526,100
ggl,-61.740487099982445,30.259512900017555,100
hmt,-76.77929090151055,60.22070909848945,100
luv,-63.79574296331709,37.20425703668291,100
tio,-92.1617037864403,80.8382962135597,100
msq,-70.3732568960133,87.6267431039867,100
rgu,-68.2378767430123,62.762123256987714,100
obg,-62.1677799866396,3.8322200133603976,100
qyb,-76.15327183913091,20.84672816086909,100
uxp,-45.51428589687136,40.48571410312864,100
iwe,-30.891927244076655,28.108072755923345,100
mto,-91.21796094626748,82.78203905373252,100
xxz,-94.77342958347805,84.22657041652195,100
asw,-29.244772737463407,82.7552272625366,100
qqs,-18.36050116297689,48.639498837023105,100
yjj,-45.17077376858922,76.82922623141079,100
gyf,-76.86770460710298,61.13229539289703,100
cqg,-59.746106214420855,50.253893785579145,100
toi,-69.29062060356299,85.70937939643701,100
spa,-55.19594040311786,59.80405959688214,100
udo,-11.52003569546802,29.47996430453198,100
lue,-28.965670135325517,80.03432986467449,100
rvs,-57.52544627558725,96.47455372441274,100
vuj,-52.05522414261119,15.944775857388816,100
oqt,-89.31499700059922,32.68500299940077,100
yek,-6.750580670632173,94.24941932936783,100
vlb,-21.76603679088625,41.233963209113746,100
yws,-2.864179769770786,12.135820230229214,100
ror,-69.44779374696296,69.55220625303704,100
nto,-63.84017956028408,66.15982043971592,100
snw,-95.29792701482775,31.70207298517225,100
jrp,-53.778574728245545,48.221425271754455,100
lac,-79.80021554064083,19.199784459359158,100
hsp,-88.01075716329032,91.98924283670968,100
xnd,-70.35867912855927,87.64132087144073,100
gzi,-58.47667438167454,16.52332561832546,100
tyk,-94.1490715133952,28.850928486604797,100
mpk,-2.269078677518315,86.73092132248169,100
vtg,-35.21054809050909,73.78945190949091,100
wzn,-66.05539439358054,74.94460560641946,100
lwt,-92.41331914402329,65.58668085597671,100
bbf,-84.34782825632747,52.652171743672525,100
uxx,-42.33931817523436,17.66068182476564,100
ccj,-70.91995884106217,79.08004115893783,100
