tjx,-48.822112578126415,39.177887421873585,100
lmi,-55.099919496623784,21.900080503376213,100
lpq,-35.25447808880447,45.74552191119553,100
gzh,-60.25076124164694,2.7492387583530613,100
wvl,-72.28979348304598,33.71020651695402,100
ycf,-18.545143018745648,60.45485698125435,100
wek,-63.24591086532344,19.754089134676562,100
hru,-24.33752293499584,34.66247706500416,100
ddq,-55.09136792208125,33.90863207791875,100
eqo,-74.10122803609075,59.89877196390925,100
bkq,-39.02484912826574,87.97515087173426,100
ikj,-46.77687598841302,72.22312401158699,100
dqv,-39.54109300653005,3.458906993469952,100
mlz,-6.479407135624,33.520592864376,100
hzs,-10.564603417451261,19.43539658254874,100
hpp,-28.814763751889835,77.18523624811017,100
lff,-73.02478348742281,44.975216512577184,100
ffl,0.10507071319039862,46.1050707131904,100
htf,-57.269233215570864,91.73076678442914,100
cyv,-12.867230369699945,62.132769630300054,100
ncx,-31.56784437042684,7.432155629573159,100
jqh,-15.036951674202761,14.963048325797239,100
mit,-80.92300153402712,86.07699846597288,100
wld,-44.33099162350194,55.66900837649806,100
sut,-80.04921558760144,36.95078441239856,100
xtx,-53.56949217531282,25.430507824687187,100
dgi,-26.46782267775691,75.53217732224309,100
mns,-49.17200805411585,22.82799194588415,100
hqr,-35.93514379914215,53.06485620085785,100
hld,-8.854909579342275,79.14509042065772,100
hmf,-92.27249832222532,81.72750167777468,100
vmt,-38.52205762565334,3.4779423743466586,100
gzy,-27.174626312463964,11.825373687536034,100
xyl,-49.321198102528896,56.678801897471104,100
mgi,-41.92884519770012,13.071154802299883,100
qza,-42.23812819654634,72.76187180345366,100
ray,-16.875953496334017,9.124046503665982,100
wnf,-47.16812499780438,50.83187500219562,100
iiw,-73.70375449405586,72.29624550594414,100
byp,-48.55712596058081,62.44287403941919,100
qaj,-18.981649788257837,88.01835021174216,100
qng,-19.064462576108966,95.93553742389103,100
ikm,-45.00645643860004,38.99354356139996,100
gno,-26.89193532981485,52.10806467018515,100
xmu,-0.06940285447982686,41.930597145520174,100
zzw,-10.623562077722976,52.37643792227702,100
fet,-8.749969814081826,80.25003018591818,100
rlc,-94.69116289434658,15.308837105653422,100
jnc,-93.0541798904232,37.94582010957681,100
mdo,-42.13932910560986,23.86067089439014,100
gxr,-75.40684558057279,85.59315441942721,100
eju,-25.314520299904853,41.68547970009515,100
iqt,-74.93011173970415,4.06988826029586,100
wde,-28.0775653534675,83.9224346465325,100
jcd,-70.75871181416127,3.2412881858387306,100
uyv,-78.58403895391587,53.41596104608414,100
lws,-2.424876969013571,18.57512303098643,100
fbl,-61.7893573953135,11.210642604686502,100
qug,-7.7421841694970635,89.25781583050293,100
kbu,-94.20889472907275,50.79110527092725,100
ucg,-46.42710210573186,90.57289789426814,100
sbu,-89.28062091273934,80.71937908726066,100
lmt,-79.98505962743994,57.01494037256007,100
env,-67.51419345346052,78.48580654653948,100
eyv,-97.78763177760271,73.21236822239729,100
nzd,-21.58262835379619,92.41737164620382,100
zvd,-78.65807034971223,80.34192965028777,100
okr,-53.45293202661154,87.54706797338845,100
rhs,-40.3464042959467,78.6535957040533,100
miy,-73.51639095873539,60.48360904126461,100
lry,-80.66524217080176,54.334757829198246,100
iii,-13.501427584522522,40.498572415477476,100
svr,-45.89405641699098,36.10594358300902,100
vxi,-50.81299180357267,92.18700819642733,100
saw,-78.69755873362814,58.30244126637185,100
klp,-18.97350117017441,67.0264988298256,100
tqo,-33.32759096112224,82.67240903887776,100
yzu,-34.82360138698041,11.176398613019597,100
nfr,-9.807858702884001,45.192141297115995,100
dbm,-85.28628825674285,56.71371174325715,100
nqd,-82.8160440405104,57.183955959489595,100
nao,-55.48279265052732,7.5172073494726765,100
igz,-21.876775649623713,55.12322435037628,100
syn,-1.3526832618427553,81.64731673815724,100
ovu,-72.75897877652311,82.24102122347689,100
oeb,-67.91258829842947,87.08741170157053,100
unl,-4.520397850576135,27.479602149423865,100
jxl,-69.0110484117742,9.988951588225799,100
ymq,-33.66143055300899,63.33856944699101,100
oes,-7.759888465676562,14.240111534323438,100
xfh,-19.611926478241482,5.388073521758518,100
hsj,-83.45561463123613,68.54438536876387,100
tvn,-10.122118584825628,34.87788141517437,100
qql,-16.221962011585898,2.7780379884141015,100
faa,-52.71371351873505,30.286286481264955,100
mwp,-1.1869546650307257,93.81304533496927,100
sdc,-35.72425754764977,60.27574245235023,100
icu,-12.553668211450262,34.44633178854974,100
lae,-57.97864725747621,30.021352742523785,100
lfb,-46.844907964432885,39.155092035567115,100
tth,-33.66493302629564,25.33506697370436,100
lao,-81.26188830978973,38.738111690210275,100
zgs,-55.706543962397056,43.293456037602944,100
amd,-70.03118432540545,27.968815674594556,100
orc,-36.03138919245189,77.9686108075481,100
rij,-39.8800303751385,25.119969624861497,100
dmw,-60.24767656673753,97.75232343326246,100
noa,-3.4930940297659125,79.50690597023409,100
mqc,-8.6690202041035,2.3309797958964995,100
fec,-20.274074936685558,74.72592506331445,100
vqe,-14.361162326097695,14.638837673902305,100
rbg,-89.35029244816516,0.6497075518348332,100
fdy,-18.993821493937766,54.006178506062234,100
hbv,-58.139735321786645,27.86026467821335,100
iry,-15.315883180979338,34.68411681902066,100
sjc,-97.18781854760536,46.81218145239463,100
lbn,-43.13496776958803,75.86503223041197,100
hpc,-28.29306849038112,1.706931509618881,100
uxr,-68.16498459736893,1.8350154026310725,100
nas,-92.84249786159818,50.157502138401824,100
ifa,-29.9517385301258,75.04826146987419,100
chv,-93.71752247329835,73.28247752670165,100
vtn,-68.69255047847867,11.30744952152133,100
hmn,-62.69942709319667,5.30057290680333,100
mxq,-97.21344396204164,47.78655603795836,100
qsh,-36.82404991791385,77.17595008208615,100
wfz,-63.12518378628599,73.87481621371401,100
bvm,-81.17828362804542,4.821716371954574,100
kvn,-20.85186916297884,27.14813083702116,100
aji,-60.52661937826284,65.47338062173716,100
jqx,-68.85015491853665,9.149845081463349,100
vml,-53.7559562110368,86.2440437889632,100
tyc,-36.90983947206366,36.09016052793634,100
vbh,-73.89403012019925,66.10596987980075,100
cib,-24.43445259858156,89.56554740141844,100
evp,-81.71710176057864,41.28289823942136,100
djk,-27.89877891577152,13.10122108422848,100
fif,-42.35387875944215,7.646121240557848,100
car,-4.14546122033125,66.85453877966874,100
zgo,-43.94332819580177,46.05667180419823,100
htc,-67.75756269491508,53.24243730508492,100
azm,-60.13841857032702,65.86158142967298,100
elq,-24.070871011276967,95.92912898872304,100
ngf,-58.81112768505288,48.18887231494712,100
bzj,-72.46185529325564,28.53814470674436,100
xbp,-37.80899013859447,26.191009861405533,100
evy,-80.04202704726492,88.95797295273508,100
ezi,-37.53551162674019,68.46448837325981,100
lom,-56.53873520096653,78.46126479903347,100
rpi,-51.00536858753059,53.99463141246941,100
qch,-21.91040825811779,87.08959174188222,100
drl,-73.01985978725918,79.98014021274082,100
sfs,-17.236693253656554,24.763306746343446,100
web,-3.1257701776654327,50.87422982233457,100
gbr,-31.750824467283568,15.24917553271643,100
dzx,-76.82530361507301,13.174696384926985,100
hxh,-15.714063632376611,77.28593636762339,100
xps,-90.11569409490684,77.88430590509316,100
qsl,-60.232148555301826,82.76785144469817,100
whh,-19.804987291706578,58.19501270829342,100
aub,-81.23701742272577,47.76298257727422,100
zkl,-72.08451162627398,70.91548837372602,100
yxh,-64.33333333288047,18.666666667119525,100
ptq,-47.61202046602305,55.38797953397695,100
mae,-35.72510524894343,24.274894751056575,100
zhf,-38.10840439537447,84.89159560462552,100
dkh,-37.783615252193115,53.216384747806885,100
usd,-82.7526004697442,33.2473995302558,100
hny,-42.76560793240273,17.23439206759727,100
byz,-61.388797478404946,0.6112025215950548,100
xyx,-65.43452120513837,48.56547879486163,100
lce,-57.044368519813325,76.95563148018667,100
pdh,-28.643881935134182,11.356118064865816,100
srm,-81.80185225532142,26.19814774467857,100
ukg,-36.90662926394022,63.09337073605978,100
muq,-19.722066560106903,4.277933439893099,100
ntk,-84.34694451764096,15.653055482359035,100
tko,-96.29070991030586,74.70929008969414,100
khj,-72.05656757275622,54.94343242724377,100
uab,-22.029091816974073,46.97090818302593,100
meg,-79.7746218873667,9.225378112633292,100
qwq,-31.32768595087225,23.67231404912775,100
mnc,-83.40706617086963,74.59293382913037,100
upr,-35.37600155609973,32.62399844390027,100
ytf,-96.94579344666293,67.05420655333707,100
ydc,-38.894437112555934,77.10556288744407,100
odg,-65.3890838864356,59.61091611356441,100
gme,-89.56329878257125,64.43670121742875,100
ojj,-85.63626566744496,40.36373433255503,100
zci,-21.664663894516487,30.335336105483513,100
pag,-19.449857465427478,66.55014253457252,100
usa,-67.94759389089472,19.05240610910528,100
uhd,-32.34851049924763,88.65148950075236,100
gvv,-51.416316625156256,83.58368337484374,100
jcg,-69.57073071366325,23.42926928633675,100
fdt,-1.3343093110320345,31.665690688967967,100
enn,-13.426330659706096,84.5736693402939,100
jny,-41.331464533001935,9.668535466998065,100
vko,-93.98151812859754,62.01848187140245,100
sqg,-25.32418345507874,57.67581654492126,100
unl,-95.4733821442412,26.526617855758808,100
uxg,-16.22460409397208,53.775395906027924,100
vfa,-80.28301983952159,46.71698016047841,100
hhj,-7.761066611025196,6.238933388974804,100
wyv,-64.40788730072363,50.59211269927637,100
drv,-49.13955683485372,78.86044316514628,100
lrn,-48.555240787213414,95.4447592127866,100
hii,-15.37257650828596,1.6274234917140395,100
xia,-53.533364344083445,19.46663565591655,100
abv,-53.390547298581275,8.609452701418729,100
msb,-97.17782443309241,75.82217556690759,100
njb,-41.1107643392704,78.8892356607296,100
tkw,-54.8840643023987,67.1159356976013,100
bme,-33.10839943545358,11.891600564546424,100
mss,-56.86517441793301,60.13482558206699,100
bny,-64.25635501164628,86.74364498835372,100
gmt,-64.64847576309374,74.35152423690626,100
efk,-77.39714224398857,8.602857756011439,100
rju,-9.277380533978473,59.72261946602153,100
tks,-53.46193186748891,19.53806813251109,100
nlz,-93.85310331928369,97.14689668071631,100
uok,-66.1862277823242,34.81377221767581,100
vho,-74.64374538595258,43.35625461404742,100
evz,-79.12396165584904,25.87603834415095,100
bnv,-58.48136241992492,60.51863758007508,100
osk,-41.88790183315721,55.11209816684279,100
ymf,-92.941363282341,64.058636717659,100
nox,-33.840069180764125,58.159930819235875,100
sgi,-93.44871981911494,26.551280180885062,100
yqr,-53.161717308117744,25.838282691882252,100
uhj,-47.79166319590967,33.20833680409033,100
lkg,-54.77103786584462,53.22896213415538,100
erb,-45.87188773303465,86.12811226696535,100
rqw,-21.37920382469736,38.620796175302644,100
ahs,-8.269903235006115,93.73009676499389,100
tbm,-27.721782084141683,67.27821791585832,100
jeh,-30.707592447324743,57.29240755267526,100
lpm,-92.65524144061494,15.34475855938505,100
mcu,-94.42445962395301,31.575540376046984,100
wkr,-34.02259009196063,18.97740990803937,100
gbz,-33.32590370260555,98.67409629739446,100
ijt,-16.024074881056713,79.9759251189433,100
jzb,-79.81212998695898,47.18787001304102,100
blb,-67.72487524013498,24.275124759865022,100
zsu,-7.771621999662087,58.22837800033791,100
zue,-46.46171915029692,9.538280849703082,100
xxo,-70.46297685443831,98.53702314556169,100
mfw,-27.2810215910172,97.71897840898279,100
tke,-48.668082341282435,33.331917658717565,100
xsl,-35.984063668181456,51.015936331818544,100
lei,-74.34421963184285,26.655780368157153,100
