fvb,-52.17524370952492,75.82475629047508,100
yqb,-9.84421542143234,41.15578457856766,100
rok,-28.08268551207123,84.91731448792878,100
avl,-9.844457916687702,44.1555420833123,100
wsa,-3.455675975448735,83.54432402455126,100
uuj,-37.85898874343485,84.14101125656515,100
glr,-45.930220781408515,76.06977921859148,100
rrw,-33.954142152659905,71.04585784734009,100
sbo,-74.64554387525452,96.35445612474548,100
gjs,-44.16338482460941,43.83661517539059,100
rie,-92.81495807374064,1.185041926259352,100
ypa,-6.659295399737042,21.34070460026296,100
brt,-55.86838768709253,51.13161231290747,100
ksq,-2.285187737197133,88.71481226280287,100
hkb,-89.2665625899842,82.7334374100158,100
ysl,-11.777432245837613,1.2225677541623872,100
sih,-51.529105086841525,87.47089491315847,100
ngn,-15.056901893854908,34.943098106145094,100
ier,-64.72255220404732,23.277447795952686,100
ylh,-74.64876065039849,32.35123934960152,100
dci,-21.10947508432619,31.89052491567381,100
dnh,-80.68097081450054,5.319029185499453,100
afy,-15.823482677525526,68.17651732247447,100
csa,-64.4942132998185,51.5057867001815,100
uhs,-64.02326169192487,22.976738308075127,100
qme,-39.99056163911606,94.00943836088393,100
ykw,-29.560219176008204,69.4397808239918,100
lvc,-96.60727016201125,98.39272983798875,100
igr,-36.566549048767975,45.433450951232025,100
ipy,-23.905211814091228,59.094788185908776,100
xps,-49.83380122812408,34.16619877187592,100
ifx,-80.43004378931559,74.56995621068441,100
qev,-75.98682937187435,1.0131706281256554,100
daf,-30.591977332280784,16.408022667719216,100
nsp,-64.38506114841312,38.614938851586885,100
brp,-97.3527363928302,29.647263607169805,100
eag,-95.19522164962102,63.80477835037898,100
mwp,-35.26394662427264,64.73605337572735,100
wdm,-94.45357849034785,43.546421509652156,100
hxc,-40.72750565598131,18.27249434401869,100
sme,-69.18255228672881,18.817447713271193,100
sip,-43.598925660266374,69.40107433973363,100
tbr,-63.57465306057525,47.42534693942475,100
cfv,-10.7018686972082,19.298131302791802,100
rjh,-51.7037166663499,85.29628333365011,100
ffo,-29.074554057222244,73.92544594277776,100
xuw,-36.34375324131046,42.65624675868954,100
dwy,-33.67910974226861,30.320890257731392,100
emg,-60.47132837686854,33.52867162313146,100
cvd,-79.84846632394243,24.15153367605757,100
pbp,-96.56763478197837,0.43236521802162686,100
baf,-53.32596999609149,70.67403000390851,100
exm,-24.535178595519202,78.4648214044808,100
wth,-59.722207643977995,83.277792356022,100
wdi,-13.28251800708753,78.71748199291247,100
iwq,-44.93761888231261,91.0623811176874,100
pda,-92.83704340303056,43.16295659696943,100
qbz,-71.12346517145647,70.87653482854353,100
jei,-37.620449123537924,29.379550876462076,100
lqn,-94.93466914337347,32.06533085662653,100
edv,-25.641246834286065,13.358753165713935,100
dmr,-52.05219881641003,30.947801183589963,100
bgh,-53.543105627524106,51.456894372475894,100
nls,-10.221385934899134,1.7786140651008668,100
xun,-72.73456627270889,81.26543372729111,100
huv,-92.16539319162747,48.83460680837252,100
wnw,-60.39702134683791,56.60297865316209,100
ifz,-9.552101738348656,32.447898261651346,100
dix,-72.26326031666629,9.736739683333704,100
cqp,-49.425246056739965,23.57475394326003,100
egn,-2.535193451810361,96.46480654818964,100
rob,-5.075333125578055,16.924666874421945,100
als,-95.30286426225389,59.697135737746116,100
qbx,-22.91252176335676,35.087478236643236,100
von,-14.891902494222933,3.1080975057770677,100
cyu,-16.219723561375332,84.78027643862467,100
wqg,-84.83812798631942,63.16187201368058,100
mps,-80.35189051697647,27.648109483023532,100
bzi,-46.071651409297395,60.928348590702605,100
kqt,-37.50343103150545,18.496568968494547,100
nmo,-65.50827571987811,35.49172428012189,100
pcc,-66.44753939307544,70.55246060692456,100
zcl,-91.21389337246143,69.78610662753857,100
kmf,-75.6974854669076,88.3025145330924,100
yvo,-81.65476821314337,10.345231786856633,100
stb,-46.089590503780904,26.910409496219092,100
dex,-13.60612170621658,49.393878293783416,100
kpb,-44.33019521067791,19.669804789322097,100
exa,-42.85018860790276,22.14981139209724,100
zhl,-85.54708336229132,44.45291663770869,100
uso,-63.56546553019094,38.43453446980906,100
chn,-16.06049736811742,3.9395026318825788,100
vhs,-5.611365376837567,37.38863462316243,100
uuj,-34.63154356968147,72.36845643031853,100
xsh,-45.894673407881314,74.10532659211869,100
eee,-96.83965475453596,8.16034524546404,100
ori,-61.54993194861059,61.45006805138941,100
kby,-39.41202473447011,74.58797526552989,100
juk,-57.38651832411062,83.61348167588939,100
ujk,-0.07936421247518255,75.92063578752482,100
kyr,-16.269209121946258,52.730790878053746,100
ppm,-16.938460591131324,8.061539408868676,100
joe,-5.8013463774027345,64.19865362259726,100
jqe,-50.42435321573083,44.57564678426917,100
sar,-40.72762649526174,65.27237350473825,100
mei,-63.988633327172415,69.01136667282758,100
pwu,-70.10686094620748,53.89313905379253,100
svz,-25.160535849518652,15.839464150481348,100
bzz,-6.651061350144347,30.348938649855654,100
wjt,-22.938593116568075,29.061406883431925,100
zlp,-26.211247322236392,59.78875267776361,100
yhv,-49.36308134710388,46.63691865289612,100
ctj,-93.9256189143835,4.074381085616493,100
hgt,-90.23804078889259,48.76195921110741,100
ckl,-35.05047233409891,68.94952766590109,100
loi,-84.6486527278576,50.351347272142405,100
skq,-83.11290465259174,40.88709534740826,100
deo,-30.734155248556096,5.265844751443904,100
dtn,-84.43473136875178,76.56526863124822,100
gle,-17.27944945341537,51.720550546584626,100
faa,-82.04450930340816,62.95549069659184,100
ttz,-81.51667065992427,26.48332934007573,100
kbo,-6.771191062012318,72.22880893798768,100
hrv,-31.37134119672659,44.62865880327341,100
ity,-64.22058460484789,21.779415395152114,100
izv,-42.596332593115314,48.403667406884686,100
ycn,-96.40789453235003,54.592105467649965,100
qda,-67.61390743623191,86.38609256376809,100
kju,-19.71003783803462,49.289962161965384,100
pyk,-62.60340329050867,96.39659670949132,100
ngr,-11.570776146487269,71.42922385351272,100
wkn,-6.6313343442869375,72.36866565571306,100
uiy,-67.00164687816685,34.99835312183314,100
tgs,-31.406310434533648,2.5936895654663528,100
dks,-88.4502293939451,72.5497706060549,100
pbt,-61.57712344835082,59.42287655164918,100
igv,-59.46745668775547,10.532543312244526,100
uaq,-72.69789676784552,42.30210323215448,100
xxp,-13.696889011598488,40.303110988401514,100
swo,-59.384886773946036,10.615113226053968,100
mcg,-32.467030529307564,12.532969470692436,100
tve,-82.94566566693719,68.05433433306281,100
qqk,-71.16968718388769,83.83031281611231,100
wec,-73.30272205669516,4.6972779433048375,100
rua,-25.577502174238496,57.4224978257615,100
hhk,-76.1763516873025,68.8236483126975,100
dkv,-5.616295013441223,34.383704986558776,100
ymk,-68.52921848470042,49.47078151529958,100
eoq,-34.95982499522482,0.04017500477517566,100
ydw,-12.41579076935731,94.58420923064268,100
vge,-61.99041799295083,4.00958200704917,100
dvz,-17.4892398134902,54.5107601865098,100
ara,-41.47819983618138,89.52180016381863,100
xhn,-96.40348013879554,37.59651986120446,100
jvk,-41.44887803668587,95.55112196331413,100
xbx,-81.98014676383637,28.019853236163627,100
nnm,-50.781761893596354,17.21823810640365,100
qrc,-14.968640265804517,13.031359734195483,100
zwr,-57.5464754929897,49.4535245070103,100
hjp,-7.988807143653646,90.01119285634636,100
pnc,-4.851706655845883,40.14829334415412,100
knh,-0.516814500976799,22.4831854990232,100
pda,-74.3012377338673,10.698762266132707,100
toj,-58.23176042444481,59.76823957555519,100
khb,-73.93256903797395,33.06743096202605,100
lyp,-39.33949118833698,80.66050881166302,100
tpj,-71.20541531967287,38.794584680327134,100
jwn,-51.13532933830964,85.86467066169037,100
uwj,-63.7923983621041,85.20760163789589,100
uji,-31.57478693335626,36.42521306664374,100
smv,-93.69760134610826,90.30239865389174,100
efh,-34.88076522812213,11.119234771877874,100
sfo,-85.05862122823538,3.9413787717646183,100
gse,-13.804726858101633,23.19527314189837,100
hyv,-59.16707901554415,78.83292098445585,100
fpn,-2.2597923476062745,1.7402076523937255,100
dwb,-27.09418844146627,35.905811558533735,100
efa,-84.44744930154054,19.55255069845946,100
tyy,0.5143015961784653,36.51430159617846,100
bet,-34.84938655860048,59.15061344139952,100
qdt,-0.11689429722437028,44.88310570277563,100
kbl,-24.04899832798868,28.95100167201132,100
mit,-12.872298265974795,39.1277017340252,100
duj,-85.66596792348732,5.33403207651268,100
iye,-96.02820903668416,62.97179096331585,100
qqp,-90.4909350950006,47.5090649049994,100
adb,-89.29618189375621,32.703818106243794,100
ltc,-37.95139581194682,5.0486041880531864,100
sgy,-64.28163638096882,22.718363619031184,100
dvo,-91.78015865011604,18.219841349883964,100
spo,-72.73139006301626,6.268609936983733,100
dxt,-17.337205358902356,6.662794641097643,100
imh,-14.208393832509643,82.79160616749036,100
lvf,-75.09817361110723,40.90182638889277,100
qgc,-65.33403396611318,26.665966033886818,100
pni,-73.86959469140938,1.1304053085906298,100
lti,-1.6424995025009044,92.35750049749909,100
dtw,-92.20953653694552,35.790463463054486,100
sez,-77.3180561539321,12.681943846067892,100
lng,-94.89797583908435,12.102024160915644,100
qkz,-52.98868715161327,3.0113128483867313,100
uda,-38.42934378172025,30.570656218279748,100
fdz,-6.853660410504794,24.146339589495206,100
hxi,-88.41925993737055,75.58074006262945,100
taa,-57.63696486331937,52.36303513668063,100
ajt,-88.71376068812106,30.28623931187895,100
mti,-51.44986422167709,79.55013577832291,100
ahl,-31.695501469692687,78.30449853030731,100
cel,-39.102120919130044,28.897879080869952,100
hnv,-49.722513318697864,85.27748668130214,100
zsi,-2.2935872220233042,7.706412777976696,100
ukg,-72.52994853137889,34.470051468621115,100
ubw,-72.61839309873582,68.38160690126418,100
utn,-43.0208950100731,83.9791049899269,100
xxt,-17.562656700074612,61.43734329992539,100
lru,-70.8326970974977,86.1673029025023,100
nsb,-72.20196333395083,53.79803666604917,100
ety,-9.899480417192356,69.10051958280765,100
amb,-37.35614936916168,9.643850630838319,100
nrl,-7.858768525709003,69.14123147429099,100
muc,-67.57969502192975,37.420304978070256,100
ssu,-81.5241483559131,21.475851644086905,100
cai,-24.931210384907768,22.068789615092232,100
ewe,-28.69222770697392,47.30777229302608,100
rtp,-75.18590835507742,59.814091644922584,100
nyh,-40.08391577738339,65.91608422261662,100
kyr,-63.28620720758239,24.71379279241761,100
txz,-97.94390846560513,26.056091534394866,100
ikt,-15.120563464686105,28.879436535313893,100
gvi,-27.981702037618092,25.018297962381908,100
ejf,-82.54908057934581,10.450919420654191,100
mud,-72.15398469373665,88.84601530626335,100
dai,-80.63832243586945,75.36167756413055,100
aym,-1.5787975248726709,29.42120247512733,100
bkj,-91.79653153661317,78.20346846338683,100
eys,-45.14019443939894,31.85980556060106,100
cyy,-2.351084113093017,84.64891588690698,100
obl,-71.10997206592378,95.89002793407622,100
och,-85.96881648103631,94.03118351896369,100
ctj,-24.763709307333897,32.2362906926661,100
kvb,-82.27953985363885,69.72046014636115,100
aly,-3.7691743690419988,39.230825630958,100
zjj,-54.25685888051078,30.743141119489223,100
xah,-6.44987105978368,98.55012894021633,100
kiq,-84.95854181601939,21.04145818398061,100
pmq,-68.14264991218519,93.85735008781481,100
ato,-89.86031452170157,20.139685478298432,100
mkc,-39.57577068000039,77.42422931999961,100
ghe,-61.08443896713181,13.915561032868188,100
bjc,-23.076896414819593,13.923103585180408,100
ect,-69.4965571263689,5.503442873631103,100
