wsa,-0.46368380300405543,80.53631619699594,100
dri,-82.24072998047326,62.75927001952674,100
sxb,0.9727651020236234,17.972765102023622,100
tar,-24.00449233339047,28.99550766660953,100
gby,-32.41661475442778,75.58338524557222,100
vhk,-81.7890289873344,30.2109710126656,100
gsr,-69.17511847827275,22.824881521727246,100
cny,-70.446043218334,15.553956781666002,100
xyb,-8.436285064506569,83.56371493549344,100
lou,-81.60566792812602,21.394332071873976,100
yqz,-25.27710155600584,45.72289844399416,100
neg,-17.57702525624054,49.42297474375946,100
nig,-13.101790540765487,63.898209459234515,100
sfa,-77.28898552345316,75.71101447654684,100
ibf,-81.03092281328206,95.96907718671794,100
muv,-11.462717526863385,46.537282473136614,100
gzg,-81.79124440390866,33.20875559609134,100
vbx,-1.6374647771385997,20.3625352228614,100
xha,-26.29286401529273,8.707135984707273,100
ywo,-63.48882582164898,81.51117417835101,100
mpl,-51.81818438632687,7.181815613673132,100
flr,-50.79533443241873,71.20466556758127,100
uzn,-55.22685261567103,16.77314738432897,100
kzm,-76.02352553081904,38.97647446918096,100
yhz,-92.8097949184682,51.1902050815318,100
ldg,-60.18061635920848,79.81938364079153,100
hcf,-93.06899314950286,95.93100685049714,100
vcf,-39.58663691246572,20.413363087534275,100
kxb,-51.1827592414901,62.8172407585099,100
zwv,-90.07329206617013,44.926707933829874,100
ozd,-96.21052696776266,96.78947303223734,100
poo,-25.96988954515495,51.03011045484505,100
irg,-71.86782582011162,81.13217417988838,100
zfr,-57.5043169631614,82.4956830368386,100
lhw,-29.462052801335638,88.53794719866437,100
cku,-97.74071935438837,90.25928064561163,100
myk,-8.73136153762286,32.26863846237714,100
sbz,-44.235113523679416,17.764886476320587,100
pbo,-11.816556016353449,46.183443983646555,100
eum,-69.66279158036434,98.33720841963566,100
jfq,-36.360775124652896,11.639224875347104,100
fct,-48.45870698724993,96.54129301275006,100
kjp,-0.029584679273376047,31.970415320726623,100
bkr,-84.20842903536746,62.79157096463254,100
keb,-30.11525119605185,38.88474880394815,100
cog,-15.462116002896217,44.53788399710378,100
bek,-82.21461538196009,76.78538461803991,100
aho,-66.6227581295424,11.377241870457594,100
ijy,-4.595179762511328,7.404820237488672,100
dhr,-50.45246802109821,14.547531978901784,100
ywq,-23.66623810332077,58.333761896679235,100
qxc,-84.2428603716405,86.7571396283595,100
vhw,-29.847625293297906,53.15237470670209,100
owh,-34.519677581916014,76.48032241808399,100
dxx,-40.235169982134686,63.764830017865314,100
myi,-21.54711533800839,57.45288466199161,100
cwy,-3.9622453721241717,47.03775462787583,100
rwt,-62.12277848007222,53.87722151992778,100
pxm,-44.903965974378764,67.09603402562124,100
mra,-73.945657370486,3.054342629514002,100
mdu,-57.229384365486126,95.77061563451387,100
bqu,-25.73881177606639,81.2611882239336,100
gsa,-39.643116687902186,39.356883312097814,100
nhz,-66.20313717002243,66.79686282997757,100
zog,-31.61168707375354,88.38831292624646,100
lib,-82.25118176603841,98.74881823396159,100
okt,-54.58890247556504,96.41109752443496,100
jms,-11.177634318802653,60.82236568119735,100
yye,-82.57798573328756,60.422014266712445,100
pjk,-79.11606281043673,5.883937189563266,100
eaa,-75.82351063494015,74.17648936505985,100
zoy,-94.63103078092769,29.368969219072312,100
ujk,-14.148550116388522,62.85144988361148,100
glq,-55.77104440849746,70.22895559150254,100
sug,-55.897095855670166,11.102904144329836,100
eao,-87.25487568544953,4.745124314550472,100
acd,-63.98097510482768,58.01902489517232,100
ybb,-41.65575124692071,4.344248753079289,100
urk,-13.38759022485535,62.61240977514465,100
yws,-31.254537516114098,89.7454624838859,100
gmk,-29.81583220462212,58.18416779537788,100
hnm,-84.36124346650742,85.63875653349258,100
qhg,-81.29167350885108,55.708326491148924,100
prd,-47.71080376781847,61.28919623218153,100
qzs,-85.73440457793784,19.265595422062155,100
xhg,-17.477651389902825,30.522348610097175,100
ulg,-12.067306516989957,85.93269348301004,100
rlu,-68.50236592363686,42.49763407636315,100
etu,-94.5398449119906,14.460155088009408,100
znl,-61.83148016063969,81.16851983936031,100
sjm,-60.133949997498114,56.866050002501886,100
jgw,-1.209877973124167,35.790122026875835,100
gdp,-48.84468819989604,49.15531180010396,100
vxz,-30.057650481678582,29.942349518321418,100
ckk,-78.68789355285388,67.31210644714612,100
hmt,-43.687469327508715,28.312530672491285,100
nok,-77.41725470212062,24.58274529787939,100
vkq,-13.473690826824448,0.526309173175552,100
wjb,-54.04250326972895,44.95749673027105,100
nho,-5.705374911727187,5.294625088272813,100
atc,-67.73891052776904,81.26108947223096,100
rdl,-66.47843100499205,95.52156899500795,100
wju,-7.818563274402171,85.18143672559783,100
aya,-43.52765594846541,48.47234405153459,100
ykz,-34.669196910438636,59.330803089561364,100
zgq,-77.26373946759396,42.736260532406035,100
zgd,-96.9792231161297,58.0207768838703,100
vcc,-64.84342109461338,28.15657890538663,100
vhk,-94.80455524282476,26.19544475717523,100
afg,-39.99651725483033,69.00348274516966,100
xtv,-38.209414819384335,74.79058518061566,100
kuj,-90.07287306903734,63.92712693096266,100
mnl,-55.208822800578716,85.79117719942128,100
kiq,-93.71750403297308,18.28249596702691,100
xlj,-62.77928410426547,69.22071589573453,100
dwj,-38.600522888101096,54.399477111898904,100
foj,-70.15144903440105,0.8485509655989449,100
ehn,-74.63753870473406,46.36246129526595,100
pvv,-5.296348132874904,12.703651867125096,100
bou,-82.55379122863015,17.446208771369857,100
oet,-1.5359349885973015,32.464065011402695,100
zsv,-22.22736874452311,76.7726312554769,100
nhg,-28.621155299229763,11.378844700770237,100
phg,-10.99365016743585,56.00634983256415,100
nzq,-68.73707541635338,68.26292458364662,100
off,-54.89567626719033,30.10432373280967,100
scg,-22.70185178007866,66.29814821992134,100
hau,-50.94304010690025,79.05695989309976,100
nmh,-78.19413006457894,42.80586993542106,100
ggw,-25.307314758559578,32.69268524144042,100
dwv,-73.36539710653253,74.63460289346747,100
wuk,-22.188598707558313,3.811401292441688,100
msd,-80.49252037261138,70.50747962738862,100
tgu,-2.1656897501300936,1.8343102498699064,100
hyz,-81.72279227024498,91.27720772975502,100
lom,-87.23162126687015,7.768378733129854,100
olj,-81.57484207598941,22.42515792401059,100
sgd,-62.82211845219863,87.17788154780136,100
nwo,-8.540374867035608,24.45962513296439,100
ufp,-33.126576983740925,77.87342301625908,100
rci,-50.04096209331082,31.959037906689186,100
gmr,-17.07028520369975,87.92971479630025,100
mys,-87.57517286440036,51.424827135599635,100
qlx,-11.54070433981956,19.45929566018044,100
wzn,-85.96882985397019,15.031170146029805,100
bsc,-67.4999353168528,17.5000646831472,100
olu,-24.733271108961514,29.266728891038486,100
buf,-73.61030774438035,45.38969225561966,100
cba,-85.89521035086044,10.104789649139562,100
srl,-18.260723373178145,15.739276626821853,100
tfz,-37.71480256490942,59.28519743509058,100
gcl,-93.42222930933943,82.57777069066057,100
mty,-32.67486095155705,42.32513904844295,100
jdt,-2.252049781202917,61.74795021879709,100
xjp,-91.45010743876709,3.5498925612329018,100
pxp,-54.48213218415353,21.51786781584647,100
aff,-49.238864796380504,23.7611352036195,100
jsn,-23.085101393629465,1.9148986063705367,100
lxj,-5.382054396441417,97.61794560355858,100
atq,-90.60382545219633,88.39617454780367,100
vjk,-8.202283287849127,42.79771671215087,100
euy,-22.524757521812916,22.475242478187084,100
ntm,-95.15427503168658,32.84572496831342,100
ddi,-77.2772366675911,78.7227633324089,100
aqy,-19.331120649562557,16.668879350437443,100
hse,-51.12383736499622,19.87616263500378,100
ckr,-22.679128734292345,42.32087126570766,100
kba,-34.811656031573484,53.188343968426516,100
nir,-20.105099846608937,33.89490015339106,100
kth,-85.90424756824527,39.09575243175473,100
giw,-84.84765998743886,39.15234001256114,100
jyc,-28.92128455970165,6.07871544029835,100
lya,-60.232485900928005,58.767514099071995,100
nje,-83.14242376380835,48.85757623619164,100
jlm,-78.38869457201855,88.61130542798145,100
sbw,-45.48522793767577,35.51477206232423,100
ffs,-43.98259305916635,31.01740694083365,100
bcb,-14.778137556526787,34.22186244347321,100
ceq,-7.019937932458932,46.98006206754107,100
hzu,-43.298343040395395,47.701656959604605,100
diy,-89.57877455661267,30.42122544338733,100
jvl,-86.42672834521048,63.57327165478952,100
rpw,-13.931414689702345,19.068585310297657,100
bmv,-13.394397803091266,56.605602196908734,100
bqv,-23.84689239218195,7.153107607818051,100
vxr,-65.77009195785631,66.22990804214369,100
qif,-15.248740476380917,4.751259523619084,100
ymd,-48.31860839259704,88.68139160740296,100
yop,-26.60213046257524,34.39786953742476,100
mvh,-33.648014582597156,83.35198541740284,100
zao,-9.152170013084316,31.847829986915684,100
uzt,-67.82537978446321,47.174620215536784,100
cjh,-66.33165474682887,31.668345253171125,100
leb,-0.5226281034714797,6.4773718965285205,100
zwe,-41.48543836868385,37.51456163131615,100
dcj,-18.662597346486436,24.337402653513564,100
rsg,-19.200653679475487,22.799346320524513,100
mso,-76.99290601917251,34.00709398082749,100
jwp,-12.227880696183565,2.772119303816435,100
tlx,-3.4728941836795473,82.52710581632046,100
uxp,-53.16596729843584,83.83403270156417,100
oia,-95.08989803192267,12.910101968077324,100
rne,-66.11586146117821,55.88413853882179,100
nxx,0.4516980893449474,98.45169808934494,100
rlg,-82.86130564825766,74.13869435174234,100
gyd,-28.13064217109406,95.86935782890593,100
fju,-90.76446425179441,11.23553574820559,100
rfg,-22.589561064755728,63.41043893524427,100
vxf,-82.94164578493643,18.05835421506357,100
qes,-61.56543715511639,46.43456284488361,100
jww,-32.86220128102307,24.137798718976928,100
yzl,-91.88682505663178,8.113174943368227,100
tnh,-4.063765079312879,66.93623492068713,100
cnz,-54.19109206563686,8.808907934363141,100
fxf,-41.63840014031588,17.36159985968412,100
bmz,-87.45471919742364,27.545280802576354,100
ylo,-17.176684469812397,65.8233155301876,100
rkm,-17.99262705720376,37.007372942796245,100
vji,-65.61799828352852,2.382001716471473,100
sdz,-41.58730774401288,2.4126922559871185,100
enx,-42.331322852171034,80.66867714782896,100
jyu,-45.01358708700556,46.98641291299444,100
amn,-52.89039609811354,46.10960390188646,100
hfo,-78.59750809544315,26.402491904556854,100
nog,-5.633220579007715,66.36677942099229,100
pze,-18.31507512124546,70.68492487875454,100
rwq,-83.09175161021659,89.90824838978341,100
vuh,-17.788558058166096,92.21144194183391,100
wps,-84.2741231369453,66.7258768630547,100
prt,-76.70840708966844,62.29159291033156,100
ijf,-30.13766896934272,82.86233103065727,100
ueo,-33.272454389264176,63.727545610735824,100
bpj,-67.51082063761797,61.48917936238203,100
sae,-25.905160997401936,56.094839002598064,100
oyn,-30.735248759045465,60.26475124095453,100
gcr,-75.27136970595122,57.72863029404879,100
wvd,-81.88948240917591,82.11051759082409,100
tcy,-73.7133779513436,44.2866220486564,100
ggl,-41.56607674781924,29.433923252180765,100
ptu,-11.206608947193725,85.79339105280627,100
lwa,-28.984043472059124,80.01595652794087,100
raq,-37.82402590726053,9.175974092739475,100
efa,-56.04997194185041,87.9500280581496,100
ftg,-31.1021920351058,67.8978079648942,100
yax,-0.4551197377098959,21.544880262290103,100
gts,-30.927683397853833,75.07231660214616,100
mav,-72.63916838823177,81.36083161176823,100
tek,-55.4562390778045,65.5437609221955,100
onn,-44.22649949089577,63.77350050910423,100
mph,-22.559005316482327,76.44099468351767,100
lqc,-48.17482874161282,71.82517125838719,100
