bmv,-70.25125537023477,43.74874462976522,100
cyo,-83.45405170412899,6.545948295871011,100
avb,-63.70057346372688,71.29942653627312,100
qtg,-39.4931989972565,82.5068010027435,100
cbu,-44.09034466723778,33.90965533276222,100
dlc,-93.15894513291836,80.84105486708164,100
tzu,-49.06592920974955,37.93407079025045,100
pdg,-64.85674097640536,88.14325902359464,100
ycv,-29.75852481497224,47.24147518502776,100
twk,-5.956016236119284,36.04398376388072,100
ecn,-32.25205084039742,41.74794915960258,100
fik,-30.247114012613483,12.752885987386517,100
blp,-50.13429888390896,36.86570111609104,100
zwa,-43.48843284289279,95.51156715710721,100
nrp,-23.218221117911366,92.78177888208863,100
qwy,-13.291228583532359,70.70877141646764,100
ork,-89.50282815651745,52.49717184348255,100
pub,-13.305968971769556,5.694031028230445,100
ymy,-84.65915993298076,42.34084006701925,100
unb,-68.95501647629801,10.04498352370199,100
xfi,-36.75734581344914,47.24265418655086,100
lbo,-57.55823481857669,36.44176518142331,100
ekq,-83.87277429766198,81.12722570233802,100
tsr,-25.605100841821958,28.394899158178042,100
zgm,-57.641913634848365,3.358086365151634,100
irl,-89.01953000324886,9.980469996751143,100
oyl,-76.11139529543745,97.88860470456255,100
viq,-17.208405880070863,19.791594119929137,100
mef,-94.1963869346814,37.803613065318594,100
nyd,-56.789000213598264,80.21099978640173,100
bpz,-17.536364284275635,67.46363571572437,100
lag,-8.524980045061442,21.47501995493856,100
cob,-3.9784590236246533,7.021540976375347,100
hgi,-29.948495105783362,1.0515048942166376,100
saq,0.8239702815109097,65.82397028151091,100
tok,-59.20372139387137,96.79627860612862,100
tjf,-71.60698103645777,26.39301896354223,100
gnu,-70.20143921966402,26.798560780335976,100
glc,-19.032190630070698,76.9678093699293,100
cnn,-42.36007839966048,38.63992160033952,100
opb,-65.59797817938392,30.402021820616085,100
wxo,-50.688507893561884,76.31149210643811,100
ivw,-73.58173591560029,29.418264084399713,100
kfx,-57.74934703832107,1.2506529616789295,100
nng,-21.177602845644664,42.822397154355336,100
wwn,-14.59810170400307,18.40189829599693,100
owq,-65.75165503816177,81.24834496183823,100
jae,-63.829070680565344,67.17092931943466,100
okw,-52.45807000610985,37.54192999389015,100
tsc,-62.18988439992402,4.810115600075983,100
rht,-35.24124303142351,19.758756968576495,100
gxn,-60.5381833855191,96.4618166144809,100
iiq,-37.689773502493445,56.310226497506555,100
rdc,-34.9544443595534,36.0455556404466,100
ogr,-60.26817242912433,38.73182757087567,100
ags,-45.469678069997435,72.53032193000257,100
dte,-4.023567639971018,34.97643236002898,100
kdb,-23.37677353222339,60.62322646777661,100
wnl,-80.35177658270536,15.648223417294638,100
exm,-63.07334798475937,30.92665201524063,100
ypv,-30.94440331129614,44.05559668870386,100
ucd,-23.366673933473862,66.63332606652614,100
kqr,-58.99137451822603,59.00862548177397,100
pmk,-61.26436954190213,68.73563045809787,100
sfm,-32.35268061794568,8.647319382054322,100
mxh,-8.357105302236613,73.64289469776338,100
wga,-38.21296315453223,19.787036845467767,100
bfn,-50.46381593184238,28.53618406815762,100
iwg,-49.3064420834242,88.6935579165758,100
qdj,-47.00071760039487,24.99928239960513,100
nwr,-54.427012175761845,32.572987824238155,100
gae,-28.614522335897185,40.385477664102815,100
ppf,-73.2379273502351,12.762072649764905,100
lis,-6.466938047320373,51.533061952679624,100
mut,-94.83496525280944,83.16503474719056,100
fzh,-30.324998352432956,19.675001647567044,100
sgm,-50.98523168205223,71.01476831794777,100
ulq,-7.2616171970601755,96.73838280293982,100
sop,-4.11168936418151,84.88831063581848,100
ome,-83.89522777170697,95.10477222829303,100
wrb,-27.735237062887432,38.264762937112565,100
agz,-73.69511995779753,35.30488004220246,100
ihy,-12.782456491667393,31.217543508332607,100
trs,-47.59548339767361,21.40451660232639,100
jdo,-7.844057139987932,90.15594286001208,100
lhy,-22.56384400727598,87.43615599272403,100
kap,-18.358982780909713,30.641017219090287,100
dsa,-53.241272657370835,38.758727342629165,100
gvn,-43.65707334705502,68.34292665294498,100
yue,-41.82777384804765,11.172226151952353,100
lzb,-26.702309772948425,39.297690227051575,100
svv,-20.51042720674089,12.489572793259109,100
ptn,-59.298946526477636,70.70105347352236,100
yhs,-20.250410176787696,62.749589823212304,100
vfy,-78.63214610650792,52.36785389349209,100
zjm,-3.761165971375287,82.23883402862471,100
ycl,-68.17163079226818,60.82836920773182,100
jcw,-0.7490496777740433,33.250950322225954,100
xzg,-10.35164778628389,36.64835221371611,100
uwj,-11.928496797904769,76.07150320209523,100
zik,-7.8097205347013,67.1902794652987,100
kwb,-13.598547220250902,15.401452779749098,100
jdb,-10.162490498531522,3.8375095014684772,100
nto,-26.033594437844666,65.96640556215533,100
wpn,-66.17517971388662,71.82482028611338,100
zzf,-68.92381055799612,21.076189442003887,100
yjc,-40.13886147419672,51.86113852580328,100
uoz,-14.520446990863185,81.47955300913682,100
xyr,-83.77542379844152,49.22457620155848,100
kxq,-78.0552077615192,61.94479223848081,100
mwt,-52.95264760658577,78.04735239341423,100
fip,-94.6115059560624,79.3884940439376,100
att,-22.985972314669425,50.014027685330575,100
kvt,-31.36986887791638,83.63013112208361,100
jzl,-51.811615076576516,11.188384923423483,100
cgi,-31.65337062049744,31.34662937950256,100
fsm,-84.21930231716624,94.78069768283376,100
wxi,-66.3519360089765,21.648063991023506,100
sqo,-84.19373356703186,56.806266432968144,100
yfj,0.1411705296057344,65.14117052960573,100
nqc,-71.07867111628948,63.921328883710515,100
jgu,-1.8758861507745033,36.124113849225495,100
gpf,-78.90417463235781,37.09582536764219,100
xil,-57.084543263655355,0.9154567363446465,100
hkd,-14.86261121691803,22.13738878308197,100
ili,-31.363157650841874,60.63684234915812,100
zdp,-95.2493020401909,96.7506979598091,100
ptl,-53.65645303836411,68.3435469616359,100
mkc,-94.25376956046765,65.74623043953235,100
fgs,-43.7118800383621,74.2881199616379,100
nsb,-14.56250650806705,71.43749349193295,100
qjc,-23.684500582576923,2.3154994174230756,100
fmt,-40.80490092015792,73.19509907984208,100
jes,-67.93771738928035,72.06228261071965,100
doz,-35.24644405381528,2.7535559461847177,100
obr,-83.40273212137666,34.59726787862335,100
vpl,-50.993259716111034,13.006740283888963,100
rld,-41.22889230800987,21.771107691990135,100
hgk,-59.71232780088169,34.28767219911831,100
kxn,-47.57675957944846,63.42324042055154,100
nuc,-88.59622952624026,64.40377047375974,100
uhl,-15.34867736040419,41.65132263959581,100
sya,-70.44389692354876,86.55610307645124,100
owl,-64.98993894608178,41.010061053918214,100
lyd,-3.5264683453593815,22.473531654640617,100
qbo,-87.60440059143723,53.39559940856277,100
hck,-90.71758429716203,8.28241570283796,100
huo,-71.42687889949622,77.57312110050378,100
tzu,-37.73706192775551,96.26293807224448,100
xmf,-73.13867711671854,78.86132288328146,100
wlg,-15.578761889366517,72.42123811063348,100
tcy,-31.651925464931377,37.348074535068626,100
nqt,-34.032695205966014,23.967304794033986,100
ydw,-57.70987499437154,9.290125005628463,100
elc,-7.730108663629418,55.269891336370584,100
byf,-14.348751347482127,12.651248652517873,100
vbq,-16.621738988806285,85.37826101119371,100
bsg,-74.94329782102805,84.05670217897195,100
oyj,-71.20145341922951,98.79854658077049,100
msw,-65.15909033831149,56.840909661688514,100
kbx,-5.093452405286526,95.90654759471347,100
hru,-54.504892409406786,86.49510759059322,100
mkp,-6.238528632742,85.761471367258,100
rjs,-92.08668631437513,92.91331368562487,100
kqy,-4.1552518085410775,30.844748191458923,100
hhj,-85.62815004894914,54.37184995105087,100
oem,-13.76996407828074,50.230035921719264,100
yto,-53.16626849936607,65.83373150063393,100
ekh,-38.723474113099535,39.276525886900465,100
itc,-91.73361472567197,41.26638527432803,100
jjc,-66.92592447266367,51.074075527336326,100
ole,-20.666392550392086,22.333607449607914,100
ito,-26.050860572544632,67.94913942745536,100
sfc,-46.08094542195177,21.919054578048232,100
tpa,-39.248147936386786,4.7518520636132155,100
dkk,-56.63121459878672,34.36878540121328,100
res,-84.40343090599667,96.59656909400333,100
abv,-50.26819418138322,5.731805818616781,100
vcm,-16.79403685741878,81.20596314258123,100
eyz,-39.047047489962274,61.952952510037726,100
fvr,-20.28462188479746,96.71537811520254,100
qjx,-54.28257057701523,62.71742942298477,100
kea,-42.037603061803736,18.96239693819626,100
bzc,-96.58959128916835,0.4104087108316502,100
grd,-85.2171516101822,8.782848389817795,100
tmo,-4.684116942492554,23.315883057507445,100
pbp,-8.321549758185604,14.678450241814396,100
syb,-89.89696344634167,21.103036553658324,100
cqs,-60.67430092804106,11.325699071958933,100
kcp,-87.09345218711947,81.90654781288053,100
ewl,-25.47648193887401,84.523518061126,100
ebl,-14.893333082866944,88.10666691713305,100
pza,-8.86405520455946,42.135944795440544,100
caq,-31.93836212275677,40.06163787724323,100
ytx,-0.19871336986650856,63.80128663013349,100
tni,-44.891907243723445,37.108092756276555,100
quf,-74.72629092276283,11.273709077237168,100
sgn,-69.11625717042232,42.883742829577685,100
lxh,-67.4745919721411,5.525408027858907,100
kqg,-93.3428577724089,78.6571422275911,100
bym,-38.50747204779446,68.49252795220555,100
hpr,-20.85553904364095,35.14446095635905,100
hvu,-76.35083853550645,83.64916146449355,100
lac,-82.91642214795127,21.083577852048734,100
nhx,-88.90628167041632,81.09371832958368,100
iqn,-50.26993169298075,37.73006830701925,100
sra,-18.710877075704268,90.28912292429573,100
dlo,-76.90112851798023,18.098871482019774,100
znt,-84.53592750749306,68.46407249250694,100
wjz,-50.21912183880547,60.78087816119453,100
byx,-8.598965342408011,67.40103465759199,100
bpg,-38.738382607398556,9.261617392601444,100
qkc,-66.50935343134721,13.490646568652796,100
hid,-5.504013375468584,43.49598662453142,100
fph,-8.8185952563091,17.181404743690898,100
eam,-27.810136212757097,16.189863787242903,100
ens,-53.25070791366096,34.74929208633904,100
qkk,-96.35250504306019,31.647494956939813,100
zww,-47.047504969734476,50.952495030265524,100
who,-88.7266943113195,35.2733056886805,100
ohh,-69.26477444494029,48.73522555505971,100
ili,-40.26310147644996,14.736898523550035,100
djm,-43.788229182443004,10.211770817556998,100
zwo,-53.69010305018411,34.30989694981589,100
gfu,-37.63707423031827,22.362925769681734,100
vuj,-43.85647724095036,84.14352275904963,100
crq,-22.591018095009513,3.4089819049904873,100
omn,-53.184878443480564,36.815121556519436,100
pzd,-33.0054120502323,53.9945879497677,100
saw,-16.75497157546868,35.24502842453132,100
yit,-25.974127685878905,86.02587231412109,100
wtr,-90.08677047400985,46.91322952599015,100
akt,-65.87803662718726,5.121963372812739,100
pxi,-27.784055880625946,64.21594411937406,100
rkp,-72.95963765545005,54.04036234454994,100
sdk,-34.69733498323594,94.30266501676405,100
gzc,-47.53320931492585,98.46679068507416,100
cll,-26.87407662365041,15.12592337634959,100
qox,-67.47175360552419,10.528246394475813,100
nyc,-74.94335281807528,4.0566471819247125,100
tov,-88.09523384457724,56.90476615542276,100
nuu,-62.89536914676061,60.10463085323939,100
foa,-84.08742410400069,19.912575895999307,100
vti,-14.155291826425605,31.844708173574393,100
iik,-25.919849122937404,94.0801508770626,100
aol,-21.262031784317013,56.73796821568298,100
quj,-35.95173353738166,38.04826646261834,100
zwc,-64.66227376621578,3.337726233784218,100
wff,-3.0357743307428384,12.96422566925716,100
dey,-67.49847094156036,40.50152905843964,100
nrf,-97.70789576379723,70.29210423620277,100
