atz,-4.532215626964495,44.46778437303551,100
iqi,-15.518473316407785,15.481526683592215,100
dsz,-29.618189879726025,34.381810120273975,100
ykn,-32.322381580123526,82.67761841987648,100
lzg,-32.90021083448911,7.099789165510895,100
zip,-56.826734375503406,18.17326562449659,100
rhf,-67.45648938755674,31.543510612443264,100
gbc,-3.402378868257063,80.59762113174294,100
pso,-21.696260662079364,64.30373933792063,100
tde,-22.754841934460956,96.24515806553904,100
nlc,-76.13517944628678,85.86482055371322,100
eqm,-96.75997999435279,55.24002000564721,100
qcm,-30.532326847490896,17.467673152509104,100
qmf,-33.02520906619851,28.974790933801494,100
wao,0.016172948274960297,64.01617294827496,100
yzm,-41.404988935019816,61.595011064980184,100
vpr,-73.66899930053832,46.331000699461676,100
nto,-88.56628876972748,88.43371123027252,100
hpt,-10.93729342019487,70.06270657980514,100
hbq,-92.59380207753182,8.406197922468184,100
pdf,-58.29062261537893,93.70937738462108,100
mwq,-73.81055485408272,80.18944514591728,100
tcw,-51.799454865390345,37.200545134609655,100
xlc,-21.09016591917146,3.909834080828538,100
pdd,-80.20620982293848,75.79379017706152,100
smj,-92.65946091358305,24.34053908641695,100
zab,-97.02840056879674,94.97159943120326,100
rsf,-59.1709898114421,83.8290101885579,100
bzg,-51.84842029662455,79.15157970337545,100
alu,-38.060305263695945,78.93969473630406,100
omr,-34.48725661565546,65.51274338434455,100
alj,-91.07837072442081,7.921629275579193,100
nkk,-68.35850043320937,23.641499566790625,100
zpb,-49.861716931191964,55.138283068808036,100
log,-34.67369887300582,17.326301126994185,100
flp,-7.1603773975154725,48.839622602484525,100
bty,-93.84775016070255,34.152249839297454,100
jle,-5.266550409524498,55.7334495904755,100
jqw,-46.343855135128635,82.65614486487137,100
qbf,-58.377696189636225,14.622303810363771,100
uyk,-67.97833338414287,85.02166661585713,100
tvi,-68.94231166070153,29.057688339298466,100
nkf,-44.23624329945973,1.763756700540271,100
bok,-45.98851092420249,76.01148907579751,100
yma,-6.441629070092513,60.55837092990749,100
ayg,-68.6653814573854,58.334618542614606,100
uew,-85.9245989729189,92.0754010270811,100
kap,-82.67633887878058,51.32366112121941,100
ean,-31.772512290830164,39.227487709169836,100
rxv,-87.25629371441313,41.74370628558687,100
xax,-61.00716713348496,97.99283286651503,100
sdz,-38.76599414182409,30.234005858175916,100
nwx,-2.0760511101289323,86.92394888987107,100
akq,-21.15296633994762,74.84703366005238,100
ovm,-56.608967032492906,36.391032967507094,100
pof,-14.224269456049862,35.77573054395014,100
gkh,-43.310501878780926,80.68949812121907,100
fgz,-47.363671009897125,57.636328990102875,100
bnx,-91.53561473096066,70.46438526903934,100
sut,-25.439691812088366,26.560308187911634,100
zzb,-71.73984048428642,66.26015951571358,100
gpv,-35.40607883468885,40.59392116531115,100
qxw,-67.99974112758522,7.00025887241478,100
ulc,-42.19892094098036,39.80107905901964,100
ihc,-93.22288191604206,5.777118083957942,100
vzn,-53.976483108437755,42.023516891562245,100
hth,-16.178962110288523,88.82103788971148,100
owh,-88.06269527275452,85.93730472724548,100
bgn,-34.35105192724909,25.648948072750915,100
bil,-38.64642477215836,26.353575227841635,100
zci,-16.12160755528858,98.87839244471142,100
keb,-21.810541119128388,6.189458880871612,100
qvc,-15.24476356758424,23.75523643241576,100
gfe,-11.51513693606646,47.48486306393354,100
vqe,0.21576972012382223,19.215769720123824,100
end,-90.63967084445517,68.36032915554483,100
fhj,-69.87147012677912,78.12852987322088,100
bdp,-6.019430239191971,35.98056976080803,100
imu,-4.4980050593376655,51.501994940662335,100
sdc,-78.72796676601503,61.27203323398497,100
cef,-37.42304311782563,83.57695688217437,100
lwz,-27.304754376174795,7.6952456238252065,100
qmq,-56.8193401280375,98.1806598719625,100
xdh,-92.71764076838899,35.282359231611004,100
gml,-11.17462511267087,12.82537488732913,100
uwr,-40.14041954721918,38.85958045278082,100
qpw,-22.950111529544948,64.04988847045506,100
ivc,-50.72970008723468,9.270299912765319,100
igh,-30.033044782265726,68.96695521773428,100
tjq,-41.93434919908189,14.065650800918107,100
wsw,-47.348447599278714,2.651552400721287,100
ecs,-78.35265766566414,43.64734233433586,100
wxj,-70.92181535428901,63.07818464571099,100
fgj,-50.003527545366715,75.99647245463329,100
iiw,-15.623816760124502,23.3761832398755,100
tiq,-74.0625423316815,72.9374576683185,100
gkz,-52.18679009713819,5.813209902861805,100
vhe,-1.360982625520372,96.63901737447962,100
nqm,-49.3713684884307,93.6286315115693,100
xly,-44.69428238168208,42.30571761831792,100
tzv,-38.72780497897804,72.27219502102196,100
hsz,-19.688238480739155,60.31176151926084,100
zog,-80.68861908101631,34.311380918983694,100
akv,-4.633242041800991,39.36675795819901,100
bsv,-40.76609934747758,57.23390065252242,100
din,-3.5864682779790757,33.41353172202093,100
qgm,-41.89865656969408,9.101343430305919,100
cne,-30.177150956190886,21.822849043809114,100
wjw,-22.670703858387082,52.32929614161292,100
yts,-74.9619513870305,68.0380486129695,100
nxv,-58.21895080997779,81.78104919002222,100
htq,-46.72151184053833,38.27848815946167,100
xsq,-78.74790691983591,73.25209308016409,100
lmz,-13.928044635122848,25.07195536487715,100
epu,-53.60389773749094,51.39610226250906,100
gnb,-94.5807005390241,33.41929946097591,100
aid,-44.427129196473274,54.572870803526726,100
kkn,-46.371984319851876,97.62801568014812,100
ffz,-64.18595148577793,15.814048514222073,100
exp,-13.733133607614008,83.26686639238599,100
zyw,-63.88455907305117,52.11544092694883,100
ttq,-79.057220082998,74.942779917002,100
qoo,-44.90475370943775,78.09524629056224,100
mpg,-15.960847266726036,6.039152733273964,100
xkq,-27.78515190415931,52.214848095840686,100
ser,-91.51792476847768,31.482075231522316,100
fom,-49.384221436118686,34.615778563881314,100
dhu,-69.75675928855293,2.2432407114470734,100
jmn,-50.279955173670444,44.720044826329556,100
ndi,-72.41180559830708,46.58819440169292,100
frx,-83.39967827817442,13.600321721825578,100
myy,-73.2679820465367,54.7320179534633,100
gjn,-68.49843723144983,53.501562768550166,100
xbc,-54.00775998227332,53.99224001772668,100
ytt,-84.7507705044577,59.2492294955423,100
dhl,-97.55719161056284,50.442808389437154,100
jxn,-94.9189317583437,89.0810682416563,100
qyd,-2.5577065535796435,78.44229344642035,100
kzr,-39.20946830075643,89.79053169924357,100
njt,-92.37537988668754,82.62462011331246,100
hzm,-7.950107674318348,70.04989232568165,100
rfd,-71.07393521684625,42.92606478315375,100
iqb,-11.97207613986918,24.02792386013082,100
xaw,-42.43971282032724,40.56028717967276,100
iwl,-5.151423656376095,36.848576343623904,100
ruc,-41.07588059155142,95.92411940844859,100
srr,-47.53770348131809,63.46229651868191,100
udr,-68.2464678185435,86.7535321814565,100
wwu,-56.64736756731026,49.35263243268974,100
duu,-17.876329712965106,39.12367028703489,100
ggq,-38.95362871170015,0.04637128829984927,100
oga,-20.15196952233365,30.84803047766635,100
bwy,-93.36454256822185,71.63545743177815,100
yws,-19.237824735276877,65.76217526472313,100
moi,-30.640201494402064,51.35979850559794,100
bin,-73.56405537625079,8.435944623749212,100
xre,-94.77719168469415,46.222808315305855,100
ltv,-90.30277568174644,34.69722431825356,100
gre,-46.53869984639747,68.46130015360252,100
udx,-2.230265510897627,95.76973448910238,100
jkd,-65.96195015952999,85.03804984047001,100
ysf,-78.89959957520047,2.1004004247995303,100
qck,-10.646316866782469,95.35368313321753,100
huz,-2.499805654419033,92.50019434558097,100
ypa,-56.94092471749867,45.05907528250133,100
smi,-43.948285968269516,61.051714031730484,100
dgk,-48.755872941846675,63.244127058153325,100
pgr,-84.49236119850609,25.507638801493904,100
epo,-2.164587422611336,77.83541257738867,100
rfc,-70.26063612853495,24.739363871465052,100
zry,-51.0903847119135,32.9096152880865,100
jal,-41.53204719542841,43.46795280457159,100
eok,-64.4877272172642,63.5122727827358,100
hap,-16.993392282998084,35.00660771700191,100
mnl,-50.43423562789615,9.56576437210385,100
wfg,-47.84700511911962,29.15299488088038,100
qxg,-19.798513201254295,6.201486798745705,100
brp,-76.66690689511626,88.33309310488374,100
rnb,-72.33561122823123,70.66438877176877,100
tal,-0.5763761568103414,45.42362384318966,100
mho,-50.78115106695269,79.21884893304731,100
ell,-87.45561723754703,83.54438276245297,100
ngw,-80.3543022854506,28.645697714549403,100
awm,-66.79007298012054,70.20992701987946,100
ceb,-27.12124876123201,52.87875123876799,100
zzm,-15.870829050107341,23.129170949892657,100
kfj,-94.97879827321485,20.021201726785147,100
moh,-48.69475161620085,0.3052483837991561,100
ofx,-83.23805340826831,41.76194659173169,100
cug,-75.74455393579578,31.255446064204218,100
hhd,-93.90464945218295,10.09535054781705,100
zvs,-92.29302438264963,37.706975617350366,100
sdl,-56.958850631190984,1.0411493688090194,100
odu,-13.931011069151015,77.06898893084899,100
txr,-96.26800653124423,37.73199346875578,100
sbs,-0.729043661372502,68.2709563386275,100
hbr,-11.641415694023275,25.358584305976727,100
khg,-37.95309096850244,68.04690903149756,100
ggi,-87.59016529797906,38.40983470202094,100
tkq,-38.54809043831226,9.45190956168774,100
lov,-33.729126142447434,46.270873857552566,100
ojo,0.4009004357674788,15.400900435767479,100
wtq,-41.68997821177509,28.310021788224905,100
tvk,-93.97470812436809,47.02529187563191,100
fdy,-51.81723398266658,89.18276601733342,100
pzo,-63.10003503641877,79.89996496358123,100
ayx,-51.52547618812127,11.47452381187873,100
fsr,-2.6006212977650014,58.399378702235,100
bgk,-75.07826789374388,77.92173210625612,100
jsy,-52.65514609774958,70.34485390225042,100
dbh,-18.0310536723168,15.9689463276832,100
cyo,-77.6693802493795,96.3306197506205,100
zit,-28.57424313283683,81.42575686716317,100
sbn,-93.76984177191322,75.23015822808678,100
prf,-97.86438081850199,11.135619181498017,100
teq,-14.283665419916423,92.71633458008358,100
hvo,-62.68699714119359,91.31300285880641,100
who,-61.94781537509917,98.05218462490083,100
iyo,-20.495210713302807,0.5047892866971937,100
tzh,-71.13458543022209,10.865414569777919,100
wmr,-50.81749372056891,70.18250627943108,100
shz,-77.69645557175056,23.303544428249435,100
mgf,-51.43785054245134,21.56214945754866,100
ydg,-26.543937282955962,25.456062717044038,100
mxu,-88.93082126571042,0.06917873428957266,100
xab,-54.50448396416979,28.495516035830207,100
tqo,-96.08078503481958,24.91921496518041,100
jrs,-62.357179203764474,80.64282079623553,100
bfj,-13.770279107024747,83.22972089297525,100
mxp,-29.340680371911397,12.659319628088602,100
jif,-56.15525848188525,88.84474151811476,100
jwg,-51.866498294247,37.133501705753,100
ukv,-68.57674572095546,0.42325427904453605,100
cbo,-56.50140222290542,37.49859777709458,100
tbo,-94.47595403490254,64.52404596509746,100
wxh,-62.382452611801995,13.617547388198005,100
ulz,-95.62809185541616,85.37190814458384,100
ebd,-41.09516318082533,74.90483681917468,100
yab,-72.98446655404693,82.01553344595307,100
pap,0.24176009723650183,81.24176009723651,100
zpm,-14.911835512604776,58.088164487395225,100
sou,0.21362106677740855,42.21362106677741,100
wgc,-84.7827429666614,97.2172570333386,100
wud,-66.15143210296542,32.848567897034584,100
qnr,-92.88653623334575,45.113463766654256,100
hel,-6.008253314531707,72.9917466854683,100
quy,-29.76242661370652,14.23757338629348,100
yot,-82.12997947681369,10.870020523186316,100
qtf,-86.6422379649888,15.3577620350112,100
mui,-21.816664375345265,73.18333562465473,100
sid,-63.53730177922878,18.462698220771223,100
