kwd,-18.394879667438992,14.605120332561008,25
yxm,-70.55237993905645,1.4476200609435528,25
mdr,0.6672947912935634,15.667294791293564,25
bmf,-51.68635900890052,23.313640991099483,25
dfq,-6.112292349805619,80.88770765019439,25
ivh,-42.338741158747766,36.661258841252234,25
mpj,-18.948042227019297,78.0519577729807,25
and,-40.40788785802029,18.59211214197971,25
epy,-84.3539175804591,84.6460824195409,25
bdu,-91.26289545418359,96.73710454581641,25
qyd,-84.33248089600943,57.66751910399058,25
dga,-64.23330564307427,44.766694356925726,25
use,-13.189030193203637,30.81096980679636,25
abz,-24.65999452645759,98.3400054735424,25
qtx,-65.81008775747019,77.18991224252981,25
dxj,-92.07838829822433,3.921611701775676,25
rej,-43.97679295384051,84.02320704615948,25
xyi,-12.102645738956054,83.89735426104394,25
bde,-85.28349750899045,51.71650249100954,25
szx,-55.054090975074956,71.94590902492504,25
kjd,-58.531034087980316,83.46896591201968,25
tqp,-81.8388882102676,28.161111789732406,25
wer,-91.32814944424534,2.6718505557546592,25
ocw,-57.40093587456605,56.59906412543395,25
mca,-29.518627586673148,12.481372413326852,25
qxm,-85.43096252270382,25.569037477296177,25
eoc,-82.43501287244858,21.564987127551415,25
jkp,-94.79067550323897,31.209324496761024,25
too,-1.4113761372849989,63.588623862715004,25
his,-61.93766898018113,16.062331019818867,25
zmk,-63.00737616145387,53.99262383854613,25
bgo,-74.83674689155288,80.16325310844712,25
fia,-97.61902729548909,19.380972704510913,25
ufl,-0.1456031028090371,42.854396897190966,25
nur,-89.87896965061579,24.121030349384213,25
vnd,-86.68346734928895,56.31653265071105,25
yfr,-45.37735958337739,45.62264041662261,25
kts,-78.35987225199884,41.64012774800117,25
tha,-69.69761606141513,87.30238393858487,25
wll,-69.22108713329295,26.77891286670705,25
mhp,-46.907464133417704,52.092535866582296,25
kzc,-17.980892542989803,15.019107457010197,25
bpk,-70.8700591243049,67.1299408756951,25
qlo,-74.22183751828064,59.77816248171936,25
wie,-19.87250005229363,44.12749994770637,25
qlf,-47.57247947904093,22.427520520959074,25
nni,-59.55392495612202,31.44607504387798,25
aek,-30.088282515583618,0.9117174844163819,25
lnz,-83.59978067576327,85.40021932423673,25
quc,-97.2411623578244,26.758837642175607,25
sbp,-84.61585197384349,20.384148026156517,25
ula,-97.70877867993119,28.29122132006882,25
eud,-67.23372115762115,79.76627884237885,25
arh,-23.20096855504569,98.79903144495431,25
cwy,-42.57853547746763,90.42146452253237,25
xxh,-37.81338131883071,47.18661868116929,25
oma,-80.35728841634112,87.64271158365888,25
jra,-5.263617660037016,56.73638233996299,25
slx,-25.103662244736363,58.89633775526364,25
mjs,-91.29305766195557,61.706942338044435,25
kpd,-62.47877070344677,44.52122929655323,25
rsu,-72.52236526130633,4.477634738693668,25
bai,-79.12895217172125,24.871047828278748,25
ary,-42.64347605854,4.356523941459998,25
hsp,-59.49230685014097,31.507693149859033,25
csy,-60.3902034921217,59.6097965078783,25
nav,-64.88146775344867,31.118532246551325,25
hni,-87.93949973095987,65.06050026904013,25
qlw,-86.89730150731218,23.102698492687825,25
pkm,-90.63450337013145,1.3654966298685431,25
ary,-27.603404853189968,17.396595146810032,25
hzg,-55.34155865227196,74.65844134772804,25
odv,-58.684558286210844,45.315441713789156,25
asw,-55.0712907604766,3.9287092395234016,25
loa,-61.51468551802699,52.48531448197301,25
njc,-28.246721923885488,92.75327807611451,25
srb,-69.57518468982455,7.424815310175447,25
rpa,-57.338768831508055,51.661231168491945,25
mbm,-34.86188517603259,93.13811482396741,25
srk,-97.33082062371335,88.66917937628665,25
vaz,-27.753928411162775,30.246071588837225,25
toy,-1.0132201446265077,34.98677985537349,25
ktk,-3.4017260131189015,2.5982739868810985,25
ruu,-21.78034199146738,84.21965800853262,25
vmz,-20.796218056246094,78.20378194375391,25
aym,-16.71648785144561,48.28351214855439,25
rul,-69.99055816325506,19.009441836744944,25
emo,-9.606214928726022,15.393785071273978,25
aku,-39.14484205106171,40.85515794893829,25
qvt,-14.037181059479023,12.962818940520977,25
pqb,-12.393227737713152,88.60677226228685,25
bwp,-70.35548593218377,8.644514067816226,25
ntp,-95.54124246862482,43.45875753137518,25
iyf,-27.23079194398629,26.76920805601371,25
zjd,-61.23843992468307,0.7615600753169303,25
kxw,-95.12653853504223,37.87346146495777,25
glc,-63.54292907447091,31.457070925529088,25
rxp,-74.47646244118692,55.523537558813075,25
rhk,-10.809150203644062,76.19084979635593,25
rud,-96.97671469722664,4.023285302773354,25
jza,-73.50588126418187,58.494118735818134,25
ijl,-24.047687347695287,41.95231265230471,25
qph,-52.00651879107804,64.99348120892196,25
prm,-94.9921780722581,5.007821927741898,25
gxv,-27.03601553924622,33.96398446075378,25
sxs,-58.22684364025315,42.77315635974685,25
hay,-33.331180399188405,91.66881960081159,25
yoc,-42.573875890419586,1.4261241095804151,25
ywo,-50.219148880722145,75.78085111927786,25
iip,-69.36527998613408,59.634720013865916,25
cyy,-90.83041040304747,3.1695895969525347,25
bku,-78.22708051684678,67.77291948315322,25
ppm,-93.35817244698703,32.64182755301297,25
inf,-4.710111633672036,43.289888366327965,25
tyu,-15.15898260639045,7.841017393609549,25
afn,-52.10438469986439,39.89561530013561,25
kii,-75.73829859712957,51.26170140287043,25
yek,-50.63716731050294,35.36283268949706,25
gpf,-53.97862544625406,3.021374553745943,25
pdq,-55.284969942414946,28.71503005758505,25
rej,-7.145901758599995,29.854098241400006,25
rna,-6.939987436287725,24.060012563712274,25
edp,-12.870166564752974,44.12983343524702,25
ycu,-2.8737916370491874,12.126208362950813,25
bhb,-10.75241121656637,16.24758878343363,25
udu,-76.70330663383794,47.29669336616207,25
gke,-66.58363675062708,49.416363249372914,25
sfj,-72.93376864119323,33.066231358806775,25
cmg,-80.08318038674769,52.916819613252315,25
apo,-18.742086288975894,55.25791371102411,25
tvi,-5.190486463114494,72.8095135368855,25
yws,-96.99402371165789,45.00597628834212,25
dox,-0.21786470596665275,98.78213529403335,25
xrc,-24.618634514782205,51.38136548521779,25
yjh,-64.59571600303849,25.404283996961514,25
kni,-91.78940911637945,98.21059088362055,25
puf,-95.6218961155397,71.3781038844603,25
riu,-78.28158211302801,54.718417886971984,25
tpv,-9.524567136359002,48.475432863641,25
qnz,-86.90540803907892,92.09459196092108,25
mjq,-0.03516986838138347,54.96483013161862,25
tay,-64.61671740381625,23.383282596183744,25
uix,-7.663068860065279,67.33693113993472,25
xfz,-66.36257068655354,16.637429313446457,25
aeb,-10.242976973740165,96.75702302625983,25
rcg,-12.57326983604174,2.4267301639582586,25
dia,-11.092218439291235,75.90778156070877,25
kph,-65.00666860148637,60.99333139851363,25
vuj,-10.75333245818585,71.24666754181415,25
aum,-36.83811239244867,73.16188760755132,25
yna,-17.036316225596746,85.96368377440325,25
naf,-7.185329981709963,88.81467001829003,25
czh,-39.63416887015254,57.36583112984746,25
llc,-9.756822692772142,22.243177307227857,25
apw,-62.496481289714424,46.503518710285576,25
pmw,-30.701523385896504,60.29847661410349,25
qjy,-70.19612737171988,45.80387262828011,25
iio,-2.2542737590903337,4.745726240909667,25
zym,-91.88009138294987,49.119908617050136,25
zfk,-89.90315197850896,53.09684802149105,25
zsy,-54.69811633779108,94.30188366220892,25
rcf,-62.62359034009342,86.37640965990657,25
zow,-60.138579643486466,57.861420356513534,25
ofw,-6.966215802434514,3.0337841975654856,25
awg,-25.98737660252935,58.01262339747065,25
lju,-52.20243825770265,45.79756174229735,25
wfg,-22.450714692282347,29.549285307717653,25
hjg,-1.2997680021466178,25.700231997853383,25
sqf,-21.57054113609297,87.42945886390703,25
eqs,-44.429079711800476,59.570920288199524,25
asy,-51.37151423628719,98.6284857637128,25
hsc,-25.965503454587097,62.0344965454129,25
nse,-53.53488424785256,90.46511575214744,25
dsg,-9.27021792770486,73.72978207229514,25
nhf,-65.52992247988792,87.47007752011208,25
wvs,-64.1218773811816,22.8781226188184,25
fbk,-59.33563837709718,1.6643616229028146,25
ncp,-69.68682941134826,30.31317058865174,25
nhn,-70.98481806715627,40.01518193284373,25
bsn,-95.90341366384483,62.09658633615516,25
geg,-84.37271089794486,84.62728910205514,25
qvq,-33.144203525168486,48.855796474831514,25
ckz,-87.57694728509145,5.423052714908557,25
wqd,-49.97491152870051,58.02508847129949,25
nqn,-50.024330865220996,43.975669134779004,25
vwd,-82.84015882755995,1.1598411724400552,25
rar,-86.27641285853495,13.723587141465039,25
dcd,-29.715826410006372,2.2841735899936273,25
fpc,-34.75194571340006,4.248054286599938,25
onr,-89.77781829507505,81.22218170492495,25
mob,-27.27964459553886,13.72035540446114,25
syn,-84.39674236318685,41.60325763681315,25
asa,-78.91344973438065,89.08655026561935,25
err,-94.11218469885696,15.88781530114303,25
sxu,-30.438877313687836,94.56112268631216,25
zws,0.08376389508350557,72.08376389508351,25
bbe,-8.838706629888204,55.1612933701118,25
lqo,-60.66687653512721,48.33312346487279,25
uus,-83.9800371500147,11.019962849985303,25
tow,-64.70382357819155,4.296176421808459,25
unb,-74.56818035411646,77.43181964588354,25
vjp,-8.942830998384736,0.05716900161526384,25
swh,-2.9809307538535825,47.019069246146415,25
jqq,-0.5942844682277858,83.40571553177222,25
uwr,-48.15920818182452,89.84079181817548,25
mtk,-68.63562430947773,75.36437569052227,25
evq,-12.651936798735198,54.3480632012648,25
tbo,-81.25601170578545,28.74398829421455,25
gsf,-44.55280638352746,48.44719361647254,25
ycj,-60.62668559732292,2.37331440267708,25
lmg,-85.62642814346518,46.373571856534824,25
ool,-76.20918511117492,54.79081488882508,25
xll,-49.26405926163664,66.73594073836335,25
ykz,-51.18147926578907,61.81852073421093,25
wwx,-76.24377261703972,98.75622738296028,25
hxm,-39.52155483086329,20.47844516913671,25
emg,-56.24301457289909,58.75698542710091,25
nqm,-30.97465801299489,27.02534198700511,25
xkz,-30.776223257651253,87.22377674234875,25
jhs,-34.523526511991754,98.47647348800825,25
heu,-44.104807140543194,88.8951928594568,25
dza,-83.50627484965081,10.493725150349189,25
iwb,-43.826262008175085,16.173737991824915,25
pys,-56.85767382827473,76.14232617172527,25
jow,-63.3984065995389,38.6015934004611,25
xgy,-62.103604479668434,12.896395520331568,25
bcp,-37.428355674199075,75.57164432580092,25
kne,-77.86800543148298,53.13199456851702,25
dwm,-28.021187849263264,25.978812150736736,25
qmv,-94.57647417434667,16.423525825653336,25
zhn,-3.3977189709637026,82.60228102903629,25
hti,-9.53981669281099,30.46018330718901,25
lfz,-90.79544145965434,94.20455854034566,25
esk,-55.35420132378705,21.645798676212948,25
vri,-68.62491070090354,47.37508929909646,25
wfn,-62.69360756155465,80.30639243844536,25
cle,-40.41000763402051,19.58999236597949,25
ahy,-51.03687920665507,35.96312079334493,25
xgd,-48.48569656691828,94.51430343308172,25
dey,-74.56166782701075,40.43833217298924,25
sln,-86.00618199001012,62.99381800998988,25
lfb,-10.782668676595055,48.21733132340494,25
kap,-62.13500498447871,13.86499501552129,25
tfg,-46.49704844202508,46.50295155797492,25
oqr,-88.30618583069693,20.693814169303067,25
snu,-38.962723039105775,58.037276960894225,25
zxi,-57.85235910880803,51.14764089119197,25
ryu,-76.62975594988488,5.370244050115118,25
iir,-76.02411959924588,21.975880400754125,25
utm,-88.5536823819713,88.4463176180287,25
dwc,-7.160081566342935,29.839918433657065,25
