smc,-52.63442785956746,18.36557214043254,25
bdg,-36.67722616782119,71.32277383217881,25
nzc,-85.28714124354391,7.712858756456092,25
ehh,-45.592750147993925,35.407249852006075,25
xaf,-25.17759677244299,92.822403227557,25
ebd,-75.73454166679906,17.265458333200936,25
hhy,-48.0357546382475,78.9642453617525,25
zlz,-71.78272368237376,41.21727631762625,25
hwq,-77.87329451928439,42.126705480715614,25
iup,-2.525719645337925,63.47428035466208,25
yxx,-7.893157139392688,30.106842860607312,25
hdt,-3.4819547450667856,50.51804525493321,25
ufs,-66.30291987720138,20.697080122798624,25
nib,-87.9845576659641,74.0154423340359,25
alt,-76.4006856672916,79.5993143327084,25
zjn,-50.071012482997865,66.92898751700213,25
xkk,-16.96548833187096,78.03451166812904,25
wzz,-17.815057440998192,26.184942559001808,25
ioj,-8.646286020069024,56.35371397993098,25
ckm,-95.09165422079025,24.90834577920975,25
bgx,-86.46216569963418,1.537834300365822,25
cqe,-57.961643106793964,98.03835689320603,25
ynu,-64.59055923184728,85.40944076815272,25
inp,0.706642304280594,83.70664230428059,25
lxl,-82.7682849228218,70.2317150771782,25
sme,-12.960712351090768,89.03928764890924,25
rip,-12.21383836411721,44.78616163588279,25
csb,-46.03336960690311,12.966630393096892,25
jvu,-41.23915645479359,11.760843545206416,25
twz,-4.532969703701574,42.467030296298425,25
ztu,-94.64463144731815,32.35536855268185,25
lto,-63.974049198143476,27.02595080185652,25
zad,-9.910519453587893,38.089480546412105,25
hsu,-92.14000736198973,55.85999263801027,25
qcf,-14.506330729333717,61.49366927066628,25
bvk,-87.60191598663846,66.39808401336154,25
ukm,-26.528276258037213,87.47172374196279,25
rgc,-71.50756306000333,34.492436939996665,25
oem,-14.095225354483619,41.90477464551638,25
uru,-41.38397950487031,0.6160204951296903,25
iay,-72.3069982510293,87.6930017489707,25
ajs,-80.4697079694349,34.5302920305651,25
opn,-58.1465740511406,29.8534259488594,25
ges,-35.19469475770263,50.80530524229737,25
daq,-1.106189584348354,39.89381041565164,25
xef,-66.46409927542541,0.5359007245745913,25
rkp,-93.84802986906378,21.151970130936217,25
zhw,-46.83033133397056,86.16966866602944,25
sis,-58.296081294745,20.703918705254996,25
ppc,-15.928575275695056,53.07142472430495,25
lrz,-20.635726102212665,11.364273897787333,25
bwn,-96.45243193070084,64.54756806929916,25
kbz,-54.27115025421643,60.72884974578357,25
lqy,-3.3506500260850105,43.64934997391499,25
fba,-45.29418682277257,35.70581317722743,25
efq,-70.13425799426072,16.86574200573928,25
nkp,-33.14612644195678,41.85387355804322,25
afa,-47.373078797447,87.62692120255299,25
ltq,-64.38990626762806,65.61009373237194,25
ley,-18.186939866078287,84.81306013392171,25
riz,-31.319837569007262,59.68016243099274,25
okc,-34.35044095226706,23.64955904773294,25
upk,-36.40843895784761,39.59156104215239,25
pfd,-70.61328671748402,38.38671328251599,25
jkl,-71.93296973187329,0.0670302681267122,25
kge,-58.1721449776108,55.8278550223892,25
cxl,-64.44685437204261,52.553145627957385,25
nbr,-91.72797083064046,11.272029169359534,25
hor,-18.77179136557514,3.228208634424858,25
beo,-71.99324204171796,27.006757958282037,25
svm,-10.823172380190119,68.17682761980988,25
eop,-20.047567421535536,7.952432578464466,25
uns,-14.25200726427707,78.74799273572293,25
hmn,-54.313886349598654,64.68611365040134,25
jek,-73.12490146346903,71.87509853653097,25
sra,-95.19004928850717,18.809950711492828,25
lgt,-85.06626156078002,30.933738439219983,25
pft,-39.97923495354591,76.02076504645409,25
scy,-52.44328179281489,43.55671820718511,25
lgz,-0.07362590343964992,35.92637409656035,25
biw,-43.25675184538878,25.74324815461122,25
iao,-19.4717760251333,18.5282239748667,25
efe,-83.68361887573988,84.31638112426012,25
ylz,-33.50835339064528,0.4916466093547187,25
krs,-18.331979479116974,23.668020520883026,25
zqj,-74.12310073614269,8.87689926385731,25
qej,-13.725777145249559,15.274222854750441,25
odk,-65.31435093195263,83.68564906804737,25
dsd,-53.0855838888845,0.914416111115503,25
jen,-47.451233607925886,87.54876639207411,25
lzc,-2.7257621336921547,20.274237866307846,25
csz,-40.60079864385931,90.3992013561407,25
ijx,-11.048354069010742,57.95164593098926,25
bck,-28.402990907530157,56.59700909246984,25
klz,-5.735715381901627,54.26428461809837,25
tix,-77.72260334958067,55.27739665041934,25
bcm,-28.528717480646005,61.471282519354,25
ybk,-63.383830994210776,18.616169005789224,25
arn,-50.629570469914874,52.370429530085126,25
lgh,-77.93138116648855,7.068618833511446,25
ooo,-18.463679970616628,94.53632002938338,25
jbr,-37.17607761767259,25.82392238232741,25
jdq,-89.4917781358396,40.50822186416041,25
yeu,-64.28973248967196,80.71026751032804,25
zhn,-31.4314403692513,40.5685596307487,25
yen,-49.45498070086873,45.54501929913127,25
fju,-7.923880222342865,62.076119777657134,25
esw,-61.27351191182251,36.72648808817749,25
gsu,-14.202664802419939,89.79733519758007,25
kon,-17.92258418819125,98.07741581180875,25
owi,0.5142731468634482,92.51427314686345,25
ttf,-91.37799694925027,41.622003050749726,25
vuh,-89.83454612244691,4.165453877553087,25
tbb,-80.36558063566856,70.63441936433144,25
qyl,-19.21132650537753,58.78867349462247,25
rzu,-30.290542948303088,38.70945705169691,25
pvx,-19.894829154080067,65.10517084591993,25
vxh,-54.26967885439527,94.73032114560472,25
ilu,-39.782998968363806,31.217001031636194,25
jaw,-26.629139891807277,63.37086010819272,25
jek,-91.42410689173971,72.57589310826029,25
tif,-16.319033645839422,63.680966354160574,25
san,-27.798854656083712,41.20114534391629,25
moe,-67.55520184604836,72.44479815395164,25
igj,-22.27545807519064,89.72454192480936,25
kob,-63.4613166407875,82.5386833592125,25
rwd,-34.30853284938578,42.69146715061422,25
qdi,-31.199199743714864,45.800800256285136,25
hnl,-86.91271379814302,22.087286201856983,25
kvj,-78.67004928189323,56.329950718106765,25
gea,-4.826200345108351,71.17379965489165,25
zhu,-4.506706527600601,96.4932934723994,25
pvr,-24.592139612939125,30.407860387060875,25
vos,-6.4140244028937605,2.5859755971062395,25
pdb,-2.105300100558892,37.89469989944111,25
tlk,-50.241296562657105,34.758703437342895,25
fdf,-54.69259653635965,27.307403463640348,25
xvb,-62.439774806130515,87.56022519386948,25
qlr,-36.08769648293036,10.912303517069638,25
xtv,-12.208314181597586,92.79168581840241,25
hus,-96.95127813083246,12.048721869167538,25
rqs,-68.08994211867316,85.91005788132684,25
wge,-89.35107004074294,54.64892995925706,25
tsl,-25.7834353036826,41.2165646963174,25
qer,-90.42935397681458,5.570646023185412,25
ysn,-77.95541889058217,68.04458110941783,25
rmz,-1.6663057247400455,98.33369427525996,25
bdj,-41.30771789041019,30.69228210958981,25
cuu,0.8073116339974316,69.80731163399743,25
axb,-91.02073525655554,97.97926474344446,25
lfc,-75.9908144414828,73.0091855585172,25
vkb,-76.46031258326516,27.53968741673484,25
rcs,-62.907711977766866,74.09228802223313,25
bre,-0.609711541981079,32.39028845801892,25
wfc,-49.686140077330364,80.31385992266964,25
dzb,-54.04272075030033,44.95727924969967,25
ygw,-87.78666268121881,32.21333731878119,25
kpb,-19.217702539684865,96.78229746031514,25
szo,-67.90900868597166,93.09099131402834,25
zgm,-5.644945843171571,60.35505415682843,25
fdk,-43.37867181673634,68.62132818326366,25
vvl,-80.33257633831401,95.66742366168599,25
icj,-5.1623457329768705,44.83765426702313,25
tsx,-9.992665817129739,83.00733418287027,25
jef,-64.36264000735532,7.637359992644681,25
qjz,-74.29571500546315,89.70428499453685,25
rwm,-27.117033931094287,87.88296606890572,25
fry,-75.64466222670694,23.35533777329306,25
psk,-34.24422665318602,38.75577334681398,25
yhc,-65.69751991010634,95.30248008989366,25
rca,-91.85977670026081,3.140223299739195,25
flv,-8.667462126998092,53.332537873001904,25
tpk,-31.14338761804717,12.856612381952829,25
vny,-65.23955534826099,31.76044465173901,25
zrc,-8.669284569060327,76.33071543093968,25
trq,-34.03424603068357,19.965753969316427,25
azs,-79.14614493248892,42.85385506751108,25
whc,0.32764528219818245,33.32764528219818,25
nss,-46.58451191227436,67.41548808772563,25
lzd,-72.88007811033575,76.11992188966425,25
bzk,-58.0383632366579,19.9616367633421,25
mzo,-30.69373083369986,37.30626916630014,25
qim,-96.74415942694769,94.25584057305231,25
vgn,-68.80859740077005,24.19140259922995,25
uey,-82.14715597692424,71.85284402307576,25
jxo,-23.274593802251495,62.725406197748505,25
nht,-89.01817437291895,27.98182562708105,25
uqu,-97.29371855520489,95.70628144479511,25
kxb,-60.56267887798539,34.43732112201461,25
zuw,-31.35418891571703,14.645811084282967,25
ycr,-47.84262643559221,38.15737356440779,25
vih,0.10709908586738326,34.10709908586738,25
ean,-75.56174511066857,98.43825488933143,25
use,-89.8101165991157,0.18988340088429578,25
jtv,-53.43587248939431,74.56412751060569,25
mcz,-20.692395486504434,87.30760451349556,25
mxe,-97.03735197246824,7.96264802753176,25
mcy,-73.51800031008331,63.481999689916684,25
dao,-24.66596009847116,19.33403990152884,25
zff,-67.7341577488928,44.2658422511072,25
iqt,-49.39742002162344,82.60257997837655,25
rpu,-44.26959331848673,27.73040668151327,25
agg,-80.58461369826036,29.41538630173964,25
kug,-45.66521547847434,97.33478452152566,25
vma,-54.25915386804608,80.74084613195392,25
sjd,-58.00345428179176,53.99654571820824,25
imz,-44.76291065011682,92.23708934988318,25
sgx,-1.7163917691049917,2.283608230895008,25
kbo,-22.30249655588073,87.69750344411926,25
wca,-10.652378683004079,85.34762131699593,25
rey,-40.33927665979003,16.660723340209966,25
vep,-4.482998257583558,88.51700174241644,25
pjd,-56.74055174635724,52.25944825364276,25
kxh,-15.077339263454787,79.92266073654521,25
ucz,-66.0372931159706,87.9627068840294,25
yxh,-97.64960571675175,33.35039428324825,25
jru,-97.0525289051943,54.94747109480571,25
kmy,-7.625343954878809,1.374656045121191,25
vpq,-97.46617218538567,82.53382781461433,25
qrg,-76.87578462526955,23.12421537473045,25
fay,-61.50257836806566,85.49742163193433,25
snw,-96.18658898442447,91.81341101557553,25
pit,-14.426284181665611,60.573715818334385,25
fjl,-9.795017998290572,54.20498200170943,25
nul,-76.17637522757468,70.82362477242532,25
tbj,-35.952576108398326,94.04742389160167,25
ahm,0.12053500569211606,34.12053500569212,25
hhk,-75.99334258909786,38.006657410902136,25
wvp,-59.33976919791572,19.660230802084282,25
yya,-27.17199391127768,38.82800608872232,25
hra,0.9070723322407178,45.907072332240716,25
ptv,-11.846792419247398,31.153207580752603,25
wtg,-3.2227402556860083,89.777259744314,25
pln,-76.31769456347119,72.68230543652881,25
mez,-58.34237831850206,28.657621681497943,25
jqv,-10.08400025266581,21.91599974733419,25
pev,-39.516128176771666,64.48387182322834,25
kpx,-78.61648565849589,66.38351434150411,25
jrv,-21.183768048606723,51.81623195139328,25
osi,-1.9459383430249713,67.05406165697502,25
gam,-42.45074148686562,1.5492585131343821,25
ygn,-44.977226805289106,7.022773194710891,25
plg,-95.70941709840942,31.29058290159058,25
miw,-49.244091915298746,74.75590808470126,25
htw,-55.666923738429084,21.333076261570913,25
zkr,-18.74180497744354,77.25819502255646,25
jmv,-61.605329890824386,66.39467010917562,25
rso,-56.488395934196475,15.511604065803523,25
qbr,-43.8241983455734,5.175801654426597,25
iyg,-68.97460949213797,2.0253905078620256,25
ahl,-5.876372890414363,58.123627109585634,25
