osp,-82.9158225120112,38.08417748798879,25
eik,-92.01980112846496,34.980198871535045,25
fvz,-60.680257127308444,38.319742872691556,25
lub,-3.3129050786909966,71.687094921309,25
rcu,-34.2644580750865,89.7355419249135,25
trn,-43.268580120388606,41.731419879611394,25
mow,-57.305584549810035,5.694415450189966,25
dza,-57.87729460392335,81.12270539607665,25
hzr,-90.09667768084667,9.903322319153336,25
nse,-33.238947005051216,38.761052994948784,25
jkh,-75.42002215036722,44.57997784963279,25
gpc,-35.10663170012384,65.89336829987616,25
etx,-43.38576993580426,3.614230064195735,25
utg,-2.394711601912853,15.605288398087147,25
iel,-17.2688479621686,66.73115203783141,25
kmr,-44.54410996613876,81.45589003386124,25
slf,-5.368793390357164,38.63120660964284,25
kya,-10.871666884732816,46.12833311526718,25
vmu,-36.32485019213285,68.67514980786714,25
mai,-75.9365991323321,15.063400867667891,25
lbu,-46.977006271091,17.022993728909,25
qoq,-65.46852045817477,7.531479541825227,25
qkc,-46.18626219906076,44.81373780093924,25
lrq,-66.99777467905754,36.00222532094245,25
wje,-47.02255364414017,85.97744635585983,25
aml,-62.25954512525419,20.740454874745804,25
lfa,-49.250168015068475,48.749831984931525,25
mze,-11.83440756837242,60.16559243162758,25
eiv,-36.69496530476855,10.305034695231447,25
zmu,-71.22815894422186,35.77184105577813,25
jtu,-1.0883836352562841,77.91161636474372,25
udj,-91.42574630454916,25.57425369545084,25
jjs,-17.865554158108456,71.13444584189155,25
fuf,-91.65653964521404,61.34346035478596,25
zqw,-45.18329853964186,25.816701460358143,25
ktn,-26.490910875249348,15.509089124750652,25
nsj,-94.07586233938073,89.92413766061927,25
sjt,-4.977636563055308,11.022363436944692,25
ize,-82.99156542109026,9.008434578909743,25
qyl,-53.68912084939082,60.31087915060918,25
xtz,-88.49807658553051,43.50192341446949,25
yxb,-13.956125670934888,63.04387432906511,25
iew,-63.63831131468743,96.36168868531257,25
aos,-77.08623020101915,15.913769798980853,25
ieb,-65.828835467706,40.171164532294,25
xxt,-68.18846148757666,27.811538512423347,25
twl,-9.661287211059065,12.338712788940935,25
qux,-13.689462451475523,86.31053754852448,25
mxd,-70.6395046597428,95.3604953402572,25
keg,-70.54943191259275,64.45056808740725,25
cts,-37.28687114938833,13.713128850611664,25
uzi,-12.16574607774707,61.834253922252934,25
har,-95.98289821349313,86.01710178650687,25
vdb,-50.35268785436946,13.647312145630542,25
xck,-91.9843150395685,38.0156849604315,25
jfw,-66.75270999664392,68.24729000335608,25
xtx,-78.39843725210093,42.60156274789906,25
hir,-30.197855952563703,96.8021440474363,25
lnt,-66.17492437009234,28.82507562990766,25
ody,-63.14149108181886,51.85850891818114,25
oae,-5.723506966059792,93.27649303394021,25
oad,-81.3902041277675,91.6097958722325,25
oxm,-94.48153259720333,32.51846740279667,25
myh,-63.17256062402624,3.8274393759737624,25
msm,-56.21432521846564,51.78567478153436,25
mjc,-96.36438650406873,38.63561349593127,25
mcg,-18.281558467191257,67.71844153280874,25
kpg,-93.39059290014178,53.60940709985821,25
tlg,-21.92617005199681,76.0738299480032,25
awi,-33.38213466699286,31.61786533300714,25
fch,-32.06836910643364,27.931630893566357,25
zbr,-41.35848580395534,87.64151419604467,25
vtj,-10.897592883052981,72.10240711694702,25
wks,-44.2537600554289,56.7462399445711,25
rjh,-12.41436464605011,98.5856353539499,25
dac,-57.53748460504315,66.46251539495685,25
qhc,-41.78912901544496,0.21087098455503306,25
coj,-11.98165024188562,94.01834975811438,25
vst,-78.91230362908628,47.08769637091372,25
cwj,-69.71113437682776,3.2888656231722435,25
sxo,-50.018816888788194,32.981183111211806,25
kdt,-96.64354164872823,47.356458351271776,25
sqm,-20.09400840374296,3.905991596257038,25
wgo,-94.35573481036151,69.64426518963849,25
pei,-86.54255041427034,17.45744958572966,25
bvz,-63.66412252161372,61.33587747838628,25
eky,-70.04341145379777,93.95658854620223,25
hhf,-45.80520331588116,34.19479668411884,25
zye,-43.43186857114453,16.568131428855477,25
wls,-32.146908485330094,24.853091514669902,25
ccp,-84.0363991916803,42.96360080831969,25
txb,-12.047625997228543,41.95237400277146,25
usp,-4.34335490388697,14.65664509611303,25
sqw,-39.4000850830645,15.599914916935495,25
wbz,-7.7926904052334525,70.20730959476654,25
nkf,-61.411148260523085,71.58885173947692,25
mtb,-82.49678640523709,84.50321359476291,25
ixf,-55.44318350811405,35.55681649188595,25
rhf,-54.60176294784554,58.39823705215446,25
kpj,-8.080368317495138,74.91963168250486,25
wyz,-72.67407232033428,93.32592767966572,25
ijx,-11.22328830321375,16.77671169678625,25
ztw,-86.14499397491994,9.855006025080058,25
imn,-71.96769040524251,47.03230959475749,25
blc,-57.35730980803822,8.642690191961785,25
qed,-22.872264662204014,71.12773533779598,25
gub,-8.037357399735772,0.9626426002642283,25
sck,-93.73091947769984,38.26908052230016,25
kvb,-60.28480272854685,78.71519727145315,25
lhy,-72.26299694240937,29.737003057590627,25
tcs,-19.67946480953704,77.32053519046296,25
fvj,-43.79324733087498,38.20675266912502,25
rvz,-39.44562306744689,6.554376932553112,25
gyy,-92.53137834777776,45.46862165222224,25
fvl,-68.03087451049893,4.969125489501071,25
fmd,-74.69483398505386,53.30516601494614,25
rpz,-47.48815908975347,70.51184091024652,25
rku,-55.33114546195444,96.66885453804557,25
ias,-83.75696247537849,77.24303752462151,25
cyc,-24.0989933409422,13.901006659057797,25
dtv,-76.94949076283861,59.05050923716139,25
jls,-71.73901656441843,2.2609834355815637,25
yrf,-81.55133434982343,90.44866565017657,25
eup,-28.92532388674247,32.07467611325753,25
yvw,-2.561584536255973,92.43841546374402,25
qzt,-76.83507650273975,36.164923497260254,25
vnt,-57.95996738325864,16.040032616741357,25
pyh,-20.247979029223426,89.75202097077657,25
vpz,-45.37824118268444,44.62175881731556,25
mpu,-84.17261877953781,67.82738122046219,25
sej,-76.54797670246833,58.45202329753167,25
jsl,-63.17869570581437,57.82130429418563,25
jnl,-40.695103881481316,27.304896118518684,25
hwr,-10.041180037848994,47.958819962151004,25
tvs,-70.54007981478486,75.45992018521514,25
jzg,-62.6777877768458,17.3222122231542,25
jkq,-27.319718425868672,78.68028157413133,25
euh,-34.213820290502724,64.78617970949728,25
dwj,-36.62168115336865,84.37831884663136,25
yez,-58.56294584868796,33.43705415131204,25
foe,-74.76885767060011,81.23114232939989,25
hjl,-27.40155092046073,34.59844907953927,25
qai,-83.314368081784,73.685631918216,25
tqw,-70.69310408038224,42.306895919617766,25
xrh,-68.75996435046346,92.24003564953654,25
bhl,-4.491879206986592,88.5081207930134,25
tgy,-82.49230100110056,72.50769899889944,25
odu,-3.8419314464542778,13.158068553545721,25
fww,-90.27423965167175,53.725760348328244,25
dme,-14.473090585605936,47.52690941439406,25
tha,-55.111292875286686,27.888707124713314,25
unb,-45.07364921751985,63.92635078248015,25
ciw,-40.8695058091216,21.130494190878398,25
pqh,-19.49692470907566,9.50307529092434,25
wxs,-21.05620650630439,55.94379349369561,25
uoe,-34.96356087524203,17.03643912475797,25
wfe,-35.60943656405647,36.39056343594353,25
zkx,-93.11991000486785,87.88008999513215,25
pxs,-12.708986026726722,44.29101397327328,25
lnq,-2.1640891180354815,37.835910881964516,25
vmt,-91.79138020983721,40.20861979016279,25
dzq,-2.578072625404322,60.421927374595676,25
cdq,-27.008378293175575,74.99162170682442,25
itr,-40.175702780308065,17.824297219691935,25
xtv,-60.77233982336985,66.22766017663015,25
ctx,-91.96351915231003,55.03648084768997,25
xnk,-70.96759303249493,80.03240696750507,25
kgw,-68.89708678555502,82.10291321444498,25
nnk,-13.295174242963615,51.70482575703639,25
rtz,-26.359257983186644,34.640742016813356,25
avb,-52.74340591205759,78.2565940879424,25
qqw,-2.7657675461409283,18.23423245385907,25
vis,-96.8039723152881,52.19602768471189,25
wzk,-67.0433207648492,34.9566792351508,25
rgt,-46.522909692332014,26.477090307667986,25
uzi,-58.87331740824134,80.12668259175865,25
bey,-60.99897975108234,62.00102024891766,25
xme,-16.82529688827126,5.174703111728741,25
our,-37.62618550562931,28.37381449437069,25
bwg,-5.939658440680464,47.06034155931953,25
swn,-16.652575903269604,61.34742409673039,25
zxr,-65.61214394206684,31.38785605793317,25
tvc,-33.31536146740654,92.68463853259345,25
rrp,-37.91871819573736,68.08128180426264,25
mbz,-79.40857163129311,78.59142836870689,25
ybb,-30.65785601211013,36.34214398788987,25
bei,-40.56547193526787,50.43452806473213,25
khw,-4.515153352827852,26.484846647172148,25
dry,-65.2976109158353,44.70238908416469,25
rdi,-40.12525556669257,96.87474443330743,25
jtl,-81.32027155774497,43.679728442255026,25
qst,-19.282432803206,6.717567196793999,25
lde,-83.12424493558375,59.875755064416246,25
qpj,-3.4171352487124413,8.582864751287559,25
ytp,-77.70535764135977,86.29464235864023,25
jxw,-59.96556172323656,2.034438276763437,25
jtr,-35.336827959374034,98.66317204062597,25
sbi,-77.01884226908224,79.98115773091776,25
cxu,-94.60503597643725,90.39496402356275,25
kvi,-36.29879458319536,38.70120541680464,25
gxj,-55.79358198927965,91.20641801072036,25
cxp,-75.66946399300863,83.33053600699137,25
wwr,-22.312188147394057,32.68781185260594,25
udq,-47.73469486425341,10.265305135746585,25
fhu,-1.5103095457705809,16.489690454229418,25
jcc,-37.41943087244978,51.58056912755022,25
qmp,-28.554057409194943,65.44594259080506,25
lcp,-6.34694114639472,54.65305885360528,25
ash,-72.54235081890451,13.457649181095489,25
kan,-42.54945612468126,96.45054387531874,25
lbn,-44.21993298417922,0.780067015820777,25
lft,-80.79479022534706,44.20520977465294,25
jqw,-61.17437548510764,95.82562451489237,25
kqt,-47.1916025810309,12.8083974189691,25
zwk,-46.381743663982505,84.6182563360175,25
lrx,-59.602502504267726,27.397497495732278,25
ncs,-82.92038839656738,41.079611603432625,25
ztw,-2.249611041367255,3.750388958632745,25
jev,-79.03042938380617,45.96957061619383,25
zre,-30.199961843735288,76.80003815626472,25
dkh,-23.99457909528752,64.00542090471248,25
fsd,-10.11569504006129,32.88430495993871,25
ehx,-45.611594527393784,65.38840547260622,25
rzr,-15.496897637046564,67.50310236295344,25
jzs,-19.935232108971732,65.06476789102827,25
wjq,-60.056627770392375,73.94337222960763,25
dbk,-38.31095174280102,92.68904825719898,25
ixl,-52.24277842062921,90.75722157937079,25
ijs,-4.793238076418913,70.20676192358108,25
qne,-8.614100952320975,73.38589904767902,25
srz,-83.87259922763025,53.127400772369754,25
orw,-59.55626457086972,43.44373542913028,25
xgz,-61.17692329881405,22.823076701185943,25
ncj,-47.478433614491514,8.521566385508486,25
cxq,-0.3926565022864601,47.60734349771354,25
ovw,-50.03449060155535,37.96550939844465,25
hkh,-78.79725251086496,30.20274748913504,25
pre,-9.006954137887128,57.99304586211287,25
stl,-51.397459493350645,32.602540506649355,25
pzc,-26.8099293581374,35.190070641862604,25
fqt,-54.92796718770302,75.07203281229698,25
rds,-40.873704464757715,14.126295535242287,25
ecw,-97.26147807390149,6.7385219260985085,25
qld,-47.420959104723266,94.57904089527673,25
rsm,-26.92036534223881,65.07963465776119,25
quz,-60.288015924971,89.71198407502901,25
dqh,-78.17627796129477,63.823722038705235,25
xmh,-29.54983637891953,79.45016362108046,25
zxs,-75.60348655420407,46.39651344579593,25
gyo,-39.58409079406467,91.41590920593534,25
yef,-53.44915387616665,45.55084612383335,25
