tst,-70.61592835871068,23.38407164128932,25
snx,-2.1238370860743254,95.87616291392567,25
avc,-65.20205827838002,61.79794172161998,25
wsg,-35.3369425650764,19.663057434923598,25
wpa,-27.49925251397553,32.500747486024466,25
dik,-76.05107502349756,74.94892497650244,25
sti,-34.695089568036806,65.3049104319632,25
lly,-64.35945789245852,21.640542107541474,25
dhg,-19.75300533915901,92.246994660841,25
shf,-47.2037433961934,53.7962566038066,25
quv,-78.94292678093284,48.057073219067156,25
ewd,-14.099323421219482,96.90067657878052,25
hef,-66.07782948072165,73.92217051927835,25
zhq,-36.891288752083895,73.1087112479161,25
yun,-13.52921076846799,23.47078923153201,25
kbk,-22.748306100587413,73.25169389941259,25
fon,-4.095103803481303,29.904896196518695,25
mrl,-96.20668016757644,75.79331983242356,25
lxn,-31.99538529231555,86.00461470768445,25
jfv,-49.84936891488489,90.15063108511511,25
kxx,-56.13289723082896,60.86710276917104,25
wta,-80.53026893619045,73.46973106380955,25
qhb,-74.69645848901868,17.303541510981322,25
wji,-72.27387105679696,6.726128943203034,25
tty,-8.87359579959512,12.12640420040488,25
tsn,-42.12253944610231,49.87746055389769,25
rse,-51.00478917072279,22.995210829277212,25
kfg,-36.138284309199925,10.861715690800073,25
mtj,-61.55382193543243,72.44617806456758,25
tlk,-16.422319473551674,40.577680526448326,25
dxn,-12.4786110922281,54.5213889077719,25
cty,-6.839212143697578,8.160787856302422,25
zkb,-73.47164975335899,21.52835024664101,25
ujh,-53.518432320871646,56.481567679128354,25
yme,-76.6947603438732,18.305239656126805,25
qnc,-23.40020463269353,26.59979536730647,25
osn,-73.51795555358864,85.48204444641136,25
ghw,-94.21645018858352,59.78354981141648,25
hwr,-8.209383276801352,27.79061672319865,25
pfo,-58.53050276482884,77.46949723517116,25
kth,-84.7823508977512,31.217649102248796,25
hqw,-40.49004627001555,3.509953729984453,25
kmq,-18.918739195367593,45.08126080463241,25
oqn,-49.85412037455331,89.14587962544668,25
blp,-22.767971039426552,12.23202896057345,25
nfi,-93.3982333806628,92.6017666193372,25
zps,-28.721540896350607,61.278459103649396,25
cal,-45.29206743089703,1.707932569102972,25
xud,-56.582042993382686,90.41795700661731,25
bll,-70.17144449064193,53.82855550935807,25
dsc,-69.58723521502291,29.41276478497708,25
dic,-54.602375547367004,90.397624452633,25
uvt,0.007398911405523401,39.007398911405524,25
htb,-53.683509610304036,98.31649038969596,25
iky,-72.05356724320671,23.94643275679329,25
aqr,-95.96488036143637,26.035119638563632,25
kap,-60.954806654109866,77.04519334589014,25
clp,-85.76072011802803,17.239279881971974,25
ndh,-96.09826601638603,97.90173398361397,25
lmy,-61.616647762514525,98.38335223748548,25
ona,-36.069329814783266,78.93067018521674,25
slb,-32.51305506163351,7.486944938366494,25
jpi,-0.0519489987847912,87.9480510012152,25
vmy,-20.92642027469988,23.07357972530012,25
jso,-5.462384876572913,2.537615123427087,25
sgy,-42.331193575472476,15.668806424527528,25
uwg,-84.7913324909194,44.208667509080605,25
sor,-35.43160646002458,34.56839353997542,25
tsu,-36.64184888869511,89.35815111130489,25
prm,-54.04174800234378,82.95825199765622,25
chz,-82.04370365612573,70.95629634387427,25
mmg,-94.387860198709,63.612139801290986,25
egy,-10.877229051765678,73.12277094823432,25
ukz,-31.185549821962667,36.81445017803733,25
ccz,-14.467347994534233,41.53265200546576,25
vch,-81.63342512460044,45.36657487539956,25
nmt,-26.272497170031993,37.727502829968,25
ojk,-87.8845815158809,50.115418484119104,25
exv,-36.198988463890096,30.801011536109904,25
uze,-91.08405833803843,40.91594166196157,25
aft,-80.07518737576193,36.92481262423807,25
jrc,-7.76694922076837,8.23305077923163,25
vum,-48.964206225892234,40.035793774107766,25
hyq,-76.81135772665303,73.18864227334697,25
krt,-85.9685458109926,3.031454189007399,25
hny,-90.22882686667347,28.771173133326535,25
xik,-16.232430736348945,4.7675692636510565,25
dfl,-42.94945359769019,6.0505464023098146,25
qtj,-8.245831690633313,32.75416830936668,25
rtt,-9.031308754291821,62.96869124570818,25
pxi,-83.46866162814038,17.53133837185962,25
ifa,-30.473512873330254,8.526487126669746,25
krw,-82.82797010123899,53.17202989876101,25
pwz,-80.40598242650253,67.59401757349747,25
pfa,-45.1891357964575,16.810864203542504,25
vqc,-84.89278692283335,59.10721307716664,25
eem,-28.022558781096823,10.977441218903179,25
erb,-44.234244965020736,20.765755034979264,25
wmb,-80.84788482125698,3.152115178743015,25
wsf,-95.4853330297849,98.5146669702151,25
yyz,-44.611032015042746,91.38896798495726,25
ipc,-67.59676150612354,79.40323849387646,25
eso,-4.570625145269592,65.42937485473041,25
kah,-48.86841050767614,28.131589492323865,25
grf,-38.073748366577796,60.926251633422204,25
wlq,-76.97640354333596,22.023596456664034,25
ayl,-56.973896269343264,18.026103730656736,25
bxq,-0.9907909369041837,59.00920906309582,25
sti,-20.604289854191485,19.395710145808515,25
dwc,-67.33976975384734,40.66023024615266,25
iwm,-45.65861830376876,84.34138169623124,25
zic,-3.1359302110274863,68.86406978897251,25
xkr,-83.83657221442112,83.16342778557888,25
wak,-11.253769410205997,16.746230589794003,25
mij,-25.630093956668027,68.36990604333198,25
rqp,-33.454792387986316,52.545207612013684,25
tsm,-58.33678392820937,38.66321607179063,25
odl,-91.95861603473844,24.041383965261556,25
enz,-72.59977864490527,2.4002213550947307,25
qry,-86.8856497152321,45.114350284767895,25
cll,-30.745852096000903,43.2541479039991,25
qdv,-8.460559883963617,54.53944011603638,25
zzu,-55.339974631604434,48.660025368395566,25
zmt,-10.8595932154,31.1404067846,25
cbr,-50.80584600063469,88.19415399936531,25
sij,-43.768590344196845,22.23140965580315,25
xpq,-47.9371003997338,58.0628996002662,25
jyk,-89.62768476347044,72.37231523652956,25
fnb,-95.36123851965178,31.638761480348226,25
toq,-24.51972022842061,14.480279771579392,25
xyt,-52.45529476421645,11.544705235783553,25
gjn,-4.859825468549972,22.14017453145003,25
hgq,-51.22547965013014,22.77452034986986,25
mnn,-90.61210559730691,56.38789440269309,25
ylv,-93.46343422763732,47.536565772362685,25
zgg,-21.90470554639026,24.09529445360974,25
vov,-96.53971505553953,78.46028494446047,25
gnq,-57.04098555243923,96.95901444756076,25
xay,-7.741245724322355,82.25875427567765,25
hwo,-96.43816068759922,85.56183931240078,25
kgu,-2.504089343955619,7.495910656044381,25
cun,-84.39719372990321,51.60280627009679,25
fnn,-24.300688377342833,31.699311622657167,25
vav,-79.36202422828306,71.63797577171694,25
qak,-59.87233510482866,98.12766489517135,25
idp,-11.210907905214611,56.78909209478539,25
qsr,-17.895358344484517,65.10464165551548,25
yux,-15.295649284303558,37.70435071569644,25
qcm,-85.33950792437946,59.66049207562054,25
mza,-17.010331346217086,45.989668653782914,25
mlf,-24.471833468112877,23.528166531887123,25
ajl,-73.07904248236844,37.92095751763156,25
jch,-86.91824667954498,83.08175332045502,25
gsg,-13.088306362046438,48.91169363795356,25
wog,-48.46089507615741,64.53910492384259,25
qpp,-94.00035774495913,6.999642255040861,25
ujb,-51.79269823538735,30.20730176461265,25
xih,-4.942370831167538,61.05762916883246,25
dzv,-72.05176348486746,5.94823651513254,25
rhj,-5.321266054077219,13.678733945922781,25
goz,-23.910590670970116,98.08940932902989,25
gns,-96.31441935316556,78.68558064683444,25
epd,-1.2051033832955635,24.794896616704435,25
rop,-48.40889079550078,66.59110920449922,25
nmx,-92.69190335571699,5.308096644283013,25
efb,-68.58057807349822,23.419421926501784,25
xfq,-25.34573769115229,18.65426230884771,25
iqa,-36.306255519195965,52.693744480804035,25
xjv,-83.56807860159365,15.431921398406342,25
aoe,-71.37979239121242,36.62020760878758,25
dbg,-5.816469885935221,86.18353011406478,25
xlj,-93.89181427077625,69.10818572922375,25
nla,-54.90954467032471,7.090455329675285,25
pyb,-5.671320351224856,73.32867964877515,25
mls,-49.79393855170264,44.20606144829736,25
rot,-53.80628892577732,98.19371107422268,25
oyk,-17.170838276048826,65.82916172395117,25
wwu,-13.410158735016234,55.58984126498377,25
ssh,-0.7780901082974128,49.22190989170259,25
pwu,-23.220003095987057,87.77999690401295,25
fzq,-17.815723777744722,30.184276222255278,25
uek,-62.68780245166321,11.312197548336789,25
zlc,-96.00682004725903,9.993179952740974,25
ujj,-36.95586551140367,29.044134488596328,25
ksg,-51.37137893887931,15.628621061120686,25
syx,-71.3869911426968,42.6130088573032,25
hfu,-3.852956200477351,1.147043799522649,25
pbd,-56.30321347786932,83.69678652213068,25
bor,-37.455073699115786,95.54492630088421,25
hyl,-95.04130717493729,32.95869282506271,25
hvw,-11.774213191960081,0.22578680803991802,25
hnp,-18.55238741549069,58.447612584509315,25
mgs,-17.30451831965002,30.69548168034998,25
lqn,-24.391500991989528,80.60849900801047,25
nki,-67.13261058741847,28.867389412581527,25
nah,-67.07314879707026,59.92685120292975,25
dcg,-11.04222523825087,41.95777476174913,25
djq,-70.69966031703524,21.300339682964765,25
rpp,-59.93603870934919,14.063961290650806,25
mhb,-97.60974219739953,16.390257802600473,25
lmu,-69.32710984508832,59.672890154911684,25
yqg,-19.7994250190247,86.2005749809753,25
apt,-74.29541152910608,68.70458847089392,25
rsx,-48.30169290126365,61.69830709873635,25
ojb,-52.80449432326785,6.195505676732146,25
pfs,-77.37254196474093,19.627458035259068,25
utt,-77.90974520877141,51.09025479122859,25
vvz,-19.26127391782225,80.73872608217775,25
lni,-15.116168382286494,51.883831617713504,25
mgu,-16.579806567726557,86.42019343227344,25
uwo,-28.110928835711082,3.889071164288919,25
pet,-62.8209271978947,47.1790728021053,25
rda,-51.28503097991628,51.71496902008372,25
qih,-20.528156775188158,7.471843224811842,25
jyo,-64.683861689111,30.316138310888995,25
wai,-80.67237360480709,33.32762639519291,25
ddo,-8.446151171705097,40.5538488282949,25
vih,-13.856942199332588,72.1430578006674,25
ofs,-7.299970242437932,51.70002975756207,25
hce,-39.979905898473696,8.020094101526304,25
swy,-42.78154523290905,79.21845476709095,25
kgd,-60.5215791435915,22.478420856408494,25
yil,-8.489733646798495,4.510266353201506,25
nft,-13.753515249684913,17.246484750315087,25
sdv,-60.831043867406144,77.16895613259385,25
put,-7.062938403285254,36.93706159671475,25
ywz,-13.955406904785551,66.04459309521445,25
eyk,-13.284174934111135,24.715825065888865,25
qpq,-95.84103328091878,36.158966719081214,25
qux,-19.919356439844986,26.080643560155014,25
byx,-32.59926226745884,68.40073773254116,25
qup,-38.41456142304537,11.585438576954628,25
mko,-21.408040322878648,32.59195967712135,25
keo,-37.80559280404514,60.19440719595486,25
udb,-50.26659954608934,64.73340045391066,25
vfw,-36.486557823082414,68.5134421769176,25
cve,-90.08406762571174,0.9159323742882537,25
ash,-77.63811746560067,14.361882534399324,25
dwy,-83.13857474239316,1.8614252576068333,25
bsy,-43.504896287746206,17.495103712253794,25
uhj,-7.686177135129713,75.31382286487029,25
pum,-45.67185769939723,66.32814230060278,25
esr,-7.21817623427253,4.78182376572747,25
mza,-13.339211237837764,39.660788762162234,25
sfn,-85.62014548966603,3.379854510333965,25
jye,-80.21206938181832,32.78793061818167,25
eib,-12.018706415464962,84.98129358453504,25
aes,-59.79878638469074,9.201213615309259,25
gmm,-25.509200212050647,91.49079978794936,25
lvz,-31.265007144888354,67.73499285511164,25
ugd,-58.97544398828308,47.02455601171692,25
