mkw,-83.7793466510529,75.2206533489471,25
ohl,-49.57714939129785,97.42285060870215,25
oyf,-28.901022309208262,66.09897769079174,25
pai,-31.32095734144612,84.67904265855388,25
gbd,-43.92957104413333,85.07042895586667,25
fty,-84.63206618525314,40.36793381474686,25
mbg,-60.096494240963686,83.90350575903632,25
yoj,-35.25607347102585,36.74392652897415,25
lbz,-76.69359331174576,78.30640668825424,25
cqz,-29.942127357099565,31.057872642900435,25
dpu,0.7574062930476257,23.757406293047627,25
tna,-91.6043764683286,55.3956235316714,25
oog,-38.38912580735256,94.61087419264744,25
igd,0.11519489445835929,71.11519489445836,25
vdf,-71.61617415857054,57.383825841429456,25
vzv,-85.12689164445703,33.87310835554297,25
fsi,-46.86149050683831,61.13850949316169,25
hol,-95.26190372325671,56.73809627674329,25
vfe,-83.66386869735874,74.33613130264126,25
ivv,-84.97579177593879,79.02420822406121,25
nxb,-16.880768932877977,7.119231067122024,25
svd,-65.48758113183118,86.51241886816882,25
vir,-94.47494624998804,81.52505375001196,25
faj,-36.603690848558564,25.39630915144144,25
rtv,-13.642853349120912,36.35714665087909,25
gmj,-19.486007677407702,9.513992322592298,25
pgw,-45.896799421575174,17.103200578424822,25
ced,-4.837532876569446,91.16246712343056,25
rbs,-59.40847909422323,44.59152090577677,25
bds,-83.47734087629992,75.52265912370008,25
mjk,-90.51384823084128,56.48615176915872,25
dhz,-93.04313453202084,25.956865467979156,25
qpl,-88.23445429640778,81.76554570359222,25
yol,-25.72435567914708,64.27564432085292,25
gai,-65.52505529937184,54.47494470062815,25
yea,-8.558064507953363,12.441935492046637,25
oll,-84.54452591465973,25.455474085340274,25
hdl,-19.669646132119908,59.33035386788009,25
ong,-0.14042422542856592,48.85957577457143,25
kva,-90.14431342867921,12.855686571320785,25
myc,-39.57863316488591,98.4213668351141,25
qjg,-86.58356939456559,23.41643060543441,25
jbf,-16.86871453726555,79.13128546273445,25
zdr,-43.8278385708229,92.17216142917711,25
nyf,-12.491540788712422,29.50845921128758,25
siz,-82.45493705133279,50.5450629486672,25
jmm,-9.854210983929674,9.145789016070326,25
gxe,-23.045205918083166,79.95479408191683,25
gho,-29.21277625910892,62.78722374089108,25
ejh,-5.602330149800155,37.39766985019985,25
yyw,-92.06744423571445,74.93255576428555,25
exe,-72.88707828838768,58.112921711612316,25
nld,-23.615717522640725,51.38428247735927,25
xlq,-77.40714746491922,35.59285253508077,25
qeq,-91.79032014605909,63.20967985394091,25
mrz,-41.42532172336415,2.5746782766358525,25
lli,-92.16288991755454,90.83711008244546,25
byi,-52.568802264445104,5.431197735554898,25
qbl,-37.22029272713848,87.77970727286153,25
gnm,-79.56452788399166,68.43547211600834,25
bkr,-26.507608152443893,0.49239184755610677,25
pzz,-57.32012532699549,66.6798746730045,25
lei,-19.72088671647071,52.27911328352929,25
kqe,-73.16989261421004,80.83010738578996,25
itb,-66.39630977132775,57.60369022867224,25
ugf,-85.34922760774366,50.65077239225634,25
hsu,-95.54458152565769,34.4554184743423,25
xum,-94.61593323314983,6.3840667668501645,25
iho,-84.24269698439811,98.75730301560189,25
tbw,-14.736873590540007,96.26312640946,25
yqj,-89.28076401259271,45.71923598740729,25
xop,-86.87915099897653,53.12084900102347,25
mtf,-1.5478798224599915,90.45212017754001,25
qzi,-79.3194851806401,86.6805148193599,25
epj,-10.917876709915532,39.08212329008447,25
tit,-6.596562057256412,21.403437942743587,25
dnl,-62.40811834403011,74.59188165596989,25
xoc,-95.91417182355954,85.08582817644046,25
ebj,-25.311670623018163,26.688329376981837,25
qmr,-93.89046081543742,2.1095391845625824,25
ytj,-38.46212097828044,55.53787902171956,25
zow,-20.24279436868571,56.75720563131429,25
cez,-31.333876099042904,5.666123900957097,25
lfl,-34.1800882147524,94.8199117852476,25
vim,-22.88640059057184,92.11359940942816,25
mbw,-6.006411360622239,95.99358863937776,25
qkr,-15.545929845359176,10.454070154640824,25
tgv,-45.44096732905869,70.5590326709413,25
soj,-70.55691102590936,23.443088974090646,25
bxc,-19.005497168734586,2.9945028312654136,25
gei,-94.6324930540131,47.367506945986904,25
nvf,-55.9086371059357,10.091362894064298,25
lns,-27.534493270233334,80.46550672976667,25
qnu,-53.238215975403186,94.76178402459682,25
jsa,-74.94113288117056,7.05886711882944,25
ydk,-48.835534532940315,79.16446546705969,25
ecv,-94.86989996685398,57.130100033146014,25
wzu,-67.51450322536827,45.485496774631734,25
bbh,-18.597202803666217,95.40279719633378,25
wiz,-44.4539162461288,57.5460837538712,25
ynd,-53.37496497397164,50.62503502602836,25
sbb,-55.392698005828564,23.607301994171433,25
lne,-9.693059323131905,41.306940676868095,25
zhs,-16.76327635311577,25.23672364688423,25
upd,-76.71255101783947,66.28744898216053,25
ruc,-38.406582635666915,81.59341736433309,25
lff,-44.25705579281168,86.74294420718833,25
zpz,-5.50928925208116,97.49071074791884,25
vnt,-89.3536738524435,2.6463261475564934,25
wrq,-4.6867462712719155,89.31325372872809,25
ftc,-83.1919239874276,91.8080760125724,25
bfa,-64.73689579911405,76.26310420088595,25
boj,-23.277621660057964,40.72237833994204,25
jqy,-76.7406892684851,34.25931073151491,25
pur,-16.1216230556402,30.8783769443598,25
kak,-74.34716998795844,40.65283001204156,25
lgc,-78.78964624043199,82.21035375956801,25
mus,-81.96491870888842,1.0350812911115743,25
xbf,-85.55015712429287,61.449842875707134,25
ilr,-67.12591000084274,56.874089999157256,25
ybk,-85.70266844754748,95.29733155245252,25
can,0.7648561290782527,80.76485612907825,25
kjo,-32.677459390715434,84.32254060928457,25
zuc,-81.38150009364823,22.618499906351765,25
kys,-65.09729404091983,41.902705959080166,25
qwq,-10.424037140628874,43.575962859371124,25
efq,-0.5770840164798597,97.42291598352014,25
jxk,-88.21829748106046,5.7817025189395395,25
csf,-1.509026895945515,80.49097310405449,25
wci,-83.62209873980557,61.377901260194434,25
rtu,-54.01090679560127,40.98909320439873,25
gad,-28.241523467353225,62.758476532646775,25
srh,-17.605785603308053,18.394214396691947,25
sbs,-72.17302594073324,90.82697405926676,25
ftz,-93.09241099760717,69.90758900239283,25
bqd,-12.973770844665673,82.02622915533432,25
lxo,-92.41831349850307,59.58168650149693,25
vzf,-53.02549262510076,70.97450737489923,25
zxd,-39.67122528820852,68.32877471179148,25
lyf,-45.90715747801445,85.09284252198555,25
ksw,-54.32239336911644,94.67760663088356,25
gmr,-30.97371453563139,22.02628546436861,25
rqc,-54.39661056389233,73.60338943610766,25
fzp,-64.20875185546312,94.79124814453688,25
rex,-65.96889844870172,38.03110155129828,25
xpq,-4.72804810095934,41.27195189904066,25
uea,-51.59552754145924,39.40447245854076,25
kua,-70.25447756857818,53.74552243142182,25
ntz,-21.232937391170353,14.767062608829647,25
bkw,-75.21995615681872,42.780043843181275,25
gqx,-12.996112134466676,66.00388786553333,25
ime,-26.959341898556474,30.040658101443526,25
pqi,-66.72863329022148,25.271366709778523,25
suw,-20.64157194768846,11.358428052311544,25
elp,-35.91209610649564,92.08790389350436,25
sch,-73.64957145325727,37.35042854674274,25
xkp,-93.25110306297354,42.74889693702645,25
zti,-51.08490134090943,59.91509865909057,25
yjl,-0.16818321174195594,39.831816788258045,25
mny,-19.981282697553553,7.018717302446449,25
svk,-28.45690338775806,43.54309661224194,25
vnh,-32.092326814707654,34.907673185292346,25
kya,-47.26609397545936,17.733906024540634,25
osq,-18.3444402925145,26.6555597074855,25
hia,-49.48716459143689,73.5128354085631,25
anx,-23.32096453460326,68.67903546539674,25
wqh,-41.09066040780169,87.90933959219831,25
jxp,-62.41054241602566,53.58945758397434,25
bfm,-44.37368049231158,94.62631950768842,25
iax,0.8902818632232201,27.89028186322322,25
imm,-76.32871376054374,47.671286239456265,25
mpz,-68.6196329591477,86.3803670408523,25
xva,-71.39063769631184,89.60936230368816,25
gxi,-62.19802930728072,51.80197069271928,25
ojg,-54.15212108148042,70.84787891851958,25
oud,-83.29791504458184,26.702084955418158,25
ixy,-29.63840662177572,94.36159337822428,25
qtv,-82.76552656862464,26.234473431375363,25
pzu,-94.93713322574801,6.062866774251982,25
xcc,-88.0534223830729,16.946577616927094,25
dff,-94.41433155599793,42.58566844400207,25
cys,-7.843695951262086,24.156304048737915,25
roy,-66.42870740942499,20.57129259057502,25
ruk,-5.9773332219915005,74.0226667780085,25
owx,-83.19449291941872,57.80550708058128,25
mtm,-70.72542629299592,65.27457370700408,25
rra,-68.91747386442943,19.082526135570575,25
rft,-39.44502827028581,42.55497172971419,25
coq,-45.29944493284947,16.700555067150532,25
ehd,-90.8250353736659,94.1749646263341,25
paq,-48.45895172361966,39.54104827638034,25
neq,-74.41828972577089,17.581710274229106,25
lct,-48.79757584609703,39.20242415390297,25
vqr,-79.18188973593749,80.81811026406251,25
znj,-6.159989601031477,59.84001039896852,25
wtn,-25.056665655382705,50.9433343446173,25
uvl,-26.709073212192987,90.29092678780701,25
fmw,-68.18394501851367,94.81605498148633,25
vcj,-82.01033307397967,88.98966692602033,25
jhw,-27.266357055812694,37.7336429441873,25
yhx,-68.23418831997158,68.76581168002842,25
ykl,-69.6716574338878,70.3283425661122,25
nwl,-52.455455623199015,45.544544376800985,25
tls,-84.04015314181682,47.959846858183184,25
tcd,-37.588368962621146,91.41163103737885,25
uwi,-22.77227359792719,11.227726402072813,25
dmg,-34.79924294762327,42.20075705237673,25
yja,-71.00662455546967,34.99337544453033,25
scs,-36.96950337054808,46.03049662945192,25
sfe,-29.83948884266078,80.16051115733922,25
kkb,-19.271997397461046,55.72800260253895,25
css,-5.998000852817593,93.0019991471824,25
utb,-38.25540707318891,20.744592926811087,25
ypz,-96.5064265671602,44.493573432839796,25
lhs,-53.626439948943464,11.373560051056538,25
mpb,-15.5616823345191,51.4383176654809,25
nyc,-26.84413742429122,17.15586257570878,25
tuh,-85.50833567217272,67.49166432782728,25
cyo,-73.40487601727375,34.59512398272625,25
mzd,-87.41777382547394,85.58222617452606,25
yxd,-71.35565617796757,16.644343822032425,25
xmo,-42.23451416188922,0.7654858381107762,25
wem,-72.70031176968564,63.299688230314366,25
wxr,-63.262982793883914,21.737017206116086,25
wtm,-61.07354165557143,49.92645834442857,25
wsv,-3.9191485371032475,9.080851462896753,25
uus,-24.58860681291582,52.41139318708418,25
evp,-38.467459620186965,68.53254037981303,25
nhs,-78.4144967732749,90.5855032267251,25
nit,-50.565895536692096,9.434104463307902,25
rll,-95.23292015099372,12.767079849006278,25
vkf,-77.5711499581183,82.4288500418817,25
bjd,-2.487883629743727,85.51211637025628,25
pep,-41.971150507606374,49.028849492393626,25
rnz,-4.784154747267581,94.21584525273242,25
oji,-86.7963568327279,35.20364316727211,25
xys,-47.67890948330451,14.321090516695488,25
swa,-68.5703120862804,28.4296879137196,25
dqo,-14.832540029087639,14.167459970912361,25
csp,-48.461340119898146,4.538659880101855,25
rwb,-90.7716527272714,24.2283472727286,25
rck,-27.64053638094254,97.35946361905746,25
aej,-35.01978525137588,61.98021474862412,25
nqd,-35.42442711340151,71.5755728865985,25
jwx,-56.51766013073077,92.48233986926923,25
ftc,-42.411202987057386,12.588797012942612,25
xoy,-49.28550198023185,28.714498019768147,25
nyi,-40.520905113530844,55.479094886469156,25
ijd,-24.025077104852752,14.974922895147246,25
wyw,-70.93970571819109,40.06029428180891,25
ghk,-91.2312433353996,34.7687566646004,25
