vba,-4.93829701792866,44.06170298207134,500
uhz,-42.27505308474806,55.72494691525194,500
sbx,-73.05136378126922,49.94863621873078,500
rll,-25.95109153153739,59.048908468462606,500
ldo,-50.33276388398244,1.6672361160175653,500
yyh,-27.54783420436876,52.45216579563124,500
xhh,-3.0282898739852055,56.97171012601479,500
oae,-81.88334246509275,37.11665753490725,500
jze,-9.212169342154846,76.78783065784515,500
vda,-71.99871223555385,22.001287764446147,500
msk,-75.18794011618516,96.81205988381484,500
auw,-2.302659637609893,45.69734036239011,500
hvt,-57.72302912778828,39.27697087221172,500
fnb,-54.58069573857846,96.41930426142153,500
tbc,-34.91136798617101,44.08863201382899,500
ddo,-0.4613053100583572,14.538694689941643,500
cje,-96.75703695602,32.24296304397999,500
ily,-19.00963842209139,44.990361577908615,500
tgn,-27.471778437592956,42.52822156240705,500
kpu,-18.388730335533538,61.61126966446646,500
thv,-53.23941203567901,16.76058796432099,500
sdw,-9.771597693370058,35.228402306629945,500
sjv,-44.517589515313155,78.48241048468685,500
vcp,-62.79702830304685,94.20297169695314,500
qck,-88.81586745071245,34.18413254928756,500
ngt,-55.78665382322344,83.21334617677657,500
dpo,-2.3814338127329076,80.61856618726709,500
pnc,-26.702305222725464,68.29769477727453,500
nuy,-44.75548957028287,63.24451042971713,500
yir,-94.86718545555587,43.13281454444413,500
ncb,-25.06825319159568,35.93174680840432,500
umd,-3.6203010029709657,70.37969899702904,500
ltb,-13.891202113859821,87.10879788614018,500
sks,-38.71939366142867,26.280606338571335,500
bmx,-78.60300664517911,28.396993354820893,500
kfm,-50.910005693037256,84.08999430696275,500
odv,-0.32967495838848637,87.67032504161152,500
oaa,-53.452647348916585,48.547352651083415,500
bly,-46.60900596546708,90.39099403453292,500
xch,-24.10636198280056,7.89363801719944,500
rft,-23.31011005815601,33.68988994184399,500
nuq,-72.99205350572653,96.00794649427347,500
bws,-60.029158847726805,1.9708411522731952,500
tbw,-95.95062225329987,73.04937774670013,500
joq,-93.55970775363821,0.44029224636178754,500
mey,-56.427221045124554,22.572778954875446,500
lpq,-43.70559318801669,74.29440681198331,500
wrm,-5.225254412299475,28.774745587700526,500
vvq,-26.624416173287926,76.37558382671207,500
ssj,-5.783583450695859,30.216416549304142,500
mii,-50.18858104264415,65.81141895735584,500
bwz,-93.44620661133219,32.553793388667806,500
akn,-76.70396463466824,58.29603536533177,500
gqe,-54.31073072226286,48.68926927773714,500
cee,-54.65825361517522,32.34174638482478,500
qak,-48.550151071349866,3.449848928650135,500
vpo,-19.65048929190353,64.34951070809647,500
dtm,-94.19474534761166,33.80525465238834,500
klp,-55.759464809600416,76.24053519039958,500
btb,-43.910222945170425,93.08977705482957,500
ivq,-93.73489361336273,51.265106386637264,500
reo,-49.00414564984137,72.99585435015864,500
mnn,-33.044259564927046,66.95574043507295,500
puy,-36.54303660313746,48.45696339686254,500
yvh,-55.12362348822174,10.876376511778263,500
igu,-36.00077657592772,53.99922342407228,500
sdu,-48.49924431686399,67.500755683136,500
hkg,-40.51111927380834,73.48888072619167,500
era,-90.13173255823476,98.86826744176524,500
sbk,-58.40799238653749,90.59200761346251,500
cih,-1.7571991147656345,8.242800885234365,500
cjb,-62.3625112984793,21.637488701520702,500
wsa,-32.22432538103061,85.77567461896939,500
jvv,-72.3983181037292,97.6016818962708,500
fim,-16.67675388395464,17.32324611604536,500
fuc,-28.321940109666006,0.6780598903339952,500
txv,-8.74262808442999,14.25737191557001,500
hdl,-62.304707196673384,82.69529280332662,500
yhm,-33.80210803621356,82.19789196378645,500
nfw,-77.17599993629679,37.82400006370322,500
deq,-48.23690919832162,47.76309080167838,500
vwq,-57.237449168988945,51.762550831011055,500
dgc,-20.372567013937843,93.62743298606216,500
ymo,-72.61884287530731,50.3811571246927,500
mmb,-90.12749070672436,10.872509293275634,500
rpl,-18.61623802389497,29.38376197610503,500
ssp,-26.959305472525443,94.04069452747456,500
qbg,-88.87111531766473,17.128884682335276,500
qrt,-28.558025001486566,86.44197499851343,500
qku,-37.84371978380645,46.15628021619355,500
nwx,-21.5477967380057,55.4522032619943,500
rsg,-79.29903591671369,48.7009640832863,500
vsx,-53.88774522938147,4.112254770618525,500
pnp,-73.91334578355739,55.08665421644261,500
uwg,-70.23672462567102,95.76327537432898,500
fsk,-63.68921344780207,71.31078655219794,500
ibi,-29.369782252847713,43.63021774715229,500
cdd,-73.17512769737621,40.82487230262378,500
pkp,-26.452581889370986,43.54741811062902,500
gnp,-44.39866010490301,79.601339895097,500
xme,-65.29315149931925,19.706848500680746,500
xxp,-12.071058806547919,83.92894119345208,500
mos,-27.066548105817777,73.93345189418223,500
fgl,-51.600260941955355,64.39973905804464,500
wlz,-4.38942673777521,59.61057326222479,500
vpx,-2.438264527081121,11.56173547291888,500
sdz,-49.921075004510236,15.078924995489762,500
ziv,-51.51337325918708,97.48662674081292,500
ire,-3.5178042319556813,19.48219576804432,500
suo,-71.25099486998207,53.74900513001794,500
vle,-78.3753879180913,9.624612081908698,500
auo,-34.03232723055543,78.96767276944456,500
mqa,-88.67722629073349,24.322773709266507,500
els,-40.17723885282832,19.822761147171683,500
akq,-39.128861024252,52.871138975748,500
bdo,-89.8673124529096,4.132687547090395,500
hdi,-68.58645820211517,46.41354179788484,500
kbq,-3.9456161434492945,72.0543838565507,500
uwi,-24.700580056208743,90.29941994379125,500
cra,-96.7815322316202,73.2184677683798,500
mtd,-68.09427872622337,2.9057212737766394,500
rpc,-52.32492045447902,50.67507954552098,500
wyb,-0.28261661388879944,28.7173833861112,500
ttz,-71.9423774371229,94.0576225628771,500
viv,-44.15103925180536,51.84896074819464,500
jui,-62.535577923548075,60.464422076451925,500
yep,-3.0429114500616326,20.95708854993837,500
vpp,-18.252201907892815,97.74779809210719,500
zdb,-40.1758574823264,97.82414251767361,500
qrt,-51.97003572813949,80.0299642718605,500
tan,-80.55579067212147,45.44420932787852,500
hvu,-19.282255688307966,58.71774431169204,500
xcu,-28.88548934570093,60.11451065429907,500
iut,-19.35709752832044,73.64290247167956,500
znu,-75.70205610449483,58.29794389550517,500
rbn,-26.918537632357705,35.081462367642295,500
kzk,-41.55356699146201,47.44643300853799,500
ics,-49.008500312612874,12.991499687387126,500
viu,-50.6485155741894,13.351484425810597,500
mds,-42.36062207399835,37.63937792600165,500
uyi,-83.25566409519436,84.74433590480564,500
xud,-59.29326097963765,74.70673902036235,500
fcn,-15.22154185380018,1.7784581461998206,500
laz,-50.853273019972,50.146726980028,500
ost,-72.86026989651896,34.13973010348104,500
nda,-22.81570248885435,0.18429751114565207,500
jod,-76.86002103209952,38.139978967900475,500
rqq,-80.45599081620512,34.54400918379489,500
zhq,-4.785890789046012,61.214109210953985,500
zcj,-68.30881194460693,65.69118805539307,500
arg,-91.75112745759452,81.24887254240548,500
tld,-85.8959588299788,87.1040411700212,500
ktq,-97.96529163132638,8.034708368673623,500
tjh,-18.775287412705982,85.22471258729402,500
zzh,-87.88134285541817,68.11865714458183,500
pow,-26.77807559825676,22.22192440174324,500
moo,-16.93129799775952,56.06870200224048,500
rgs,-45.4474305220582,64.5525694779418,500
bcm,-79.80733454626058,37.192665453739416,500
fdr,-65.96435063379764,12.035649366202358,500
reb,-9.348049372610184,30.651950627389816,500
rcu,-87.18260999337035,93.81739000662965,500
jqs,-87.1712589830325,85.8287410169675,500
zgi,-87.7675072013623,43.2324927986377,500
bvw,-25.39773451331784,74.60226548668216,500
oof,-30.87406337149147,84.12593662850853,500
bcx,-57.075830425669274,89.92416957433072,500
vtn,-10.087032338073017,33.912967661926984,500
dps,-28.544998086600636,48.455001913399364,500
bkc,-7.8762253130773034,72.1237746869227,500
dok,-78.35933639692416,71.64066360307584,500
txl,-67.26731946853876,16.732680531461245,500
lqi,-40.30290984435648,31.697090155643522,500
iyt,-71.06478173699337,28.935218263006625,500
ilq,-66.96210480810849,45.0378951918915,500
lte,-72.16322219567681,75.83677780432319,500
qen,-7.269702834078615,12.730297165921385,500
qgn,-91.83186220754557,86.16813779245443,500
udi,-97.2262151281404,68.7737848718596,500
tic,-55.787268845704816,87.21273115429518,500
kua,-33.274053280900304,42.725946719099696,500
kxv,-56.265750826907464,5.734249173092534,500
pfr,-2.1528540523243023,76.8471459476757,500
pvr,-65.5496234719281,17.4503765280719,500
ehz,-21.85990584775126,97.14009415224874,500
ask,-92.59872417783849,57.40127582216151,500
jsn,-62.44614536378643,29.553854636213572,500
lfd,-18.405149970135074,89.59485002986493,500
wtt,-70.1076221202996,10.892377879700408,500
lrj,-59.07542117313188,76.92457882686813,500
oqe,-37.16098796142507,38.83901203857493,500
tck,-66.50360491052905,68.49639508947095,500
tcj,-75.1215193679826,8.878480632017393,500
ffi,-29.646945457092535,61.353054542907465,500
lcg,-41.80612350832331,54.19387649167669,500
ydt,-55.8911969611497,90.1088030388503,500
vot,-62.90862235011425,17.09137764988575,500
jjz,-66.92076544014807,13.079234559851928,500
fix,-33.087382893026266,24.912617106973734,500
ikz,-7.54732978283689,36.45267021716311,500
csn,-56.615004209204656,21.384995790795344,500
gak,-13.106673273644512,45.89332672635549,500
cdy,-50.75825685951138,86.24174314048862,500
dus,-41.75351761702423,64.24648238297577,500
kel,-84.70153365797437,43.29846634202563,500
eqe,-65.50228802969303,33.497711970306966,500
ske,-93.25253721276316,90.74746278723684,500
txy,-67.0376682485498,9.962331751450197,500
iwf,-31.304242078960606,56.695757921039394,500
fgi,-86.33446945178441,46.665530548215585,500
ypd,-11.777547689213952,81.22245231078605,500
yun,-31.46341960028078,20.53658039971922,500
lex,-33.14210296252297,19.857897037477034,500
mxj,-24.680959670698666,17.319040329301334,500
wkw,-77.25944623699665,30.740553763003348,500
zkm,-79.811015301899,7.188984698100995,500
dov,-36.68314486321241,44.31685513678759,500
sry,-39.38131424010324,83.61868575989676,500
swk,-69.52783128786469,68.47216871213531,500
ywa,-58.13356730628858,83.86643269371142,500
ctb,-1.4261747260123716,30.57382527398763,500
nmd,-30.165363930442986,1.8346360695570123,500
swi,-74.50116975432506,76.49883024567494,500
ast,-77.79650645389466,60.20349354610533,500
vkk,-59.634940318837224,7.365059681162776,500
axx,0.5033515288741649,87.50335152887416,500
tzx,-82.10950963022556,18.89049036977444,500
aae,-26.02284764329533,52.97715235670467,500
cep,-20.40555763384143,33.59444236615857,500
jcz,-73.22778770367304,54.772212296326956,500
tnf,-9.00004366677012,11.99995633322988,500
bon,-72.52225073675872,63.47774926324127,500
mmf,-54.05805732369321,95.9419426763068,500
fga,-64.63921541274902,59.360784587250976,500
cxn,-8.414631367632264,45.58536863236773,500
iwj,-25.312142927051205,4.687857072948795,500
hga,-56.22617328150464,57.77382671849536,500
mee,-19.292936290122633,87.70706370987736,500
ebm,-12.7365755547822,20.263424445217797,500
eoy,-3.8716559332082543,20.128344066791744,500
jmz,-25.83573712821516,91.16426287178484,500
iqn,-67.521040397334,12.478959602665999,500
bwi,-64.60776117412475,42.39223882587525,500
uxp,-4.351507617397749,37.64849238260225,500
qvi,-46.236991547506165,22.763008452493835,500
bxa,-29.167590114287524,51.83240988571247,500
bpy,-45.24246797124776,17.757532028752237,500
ksx,-39.379555869098105,81.6204441309019,500
few,-27.259810485297628,87.74018951470237,500
gld,-72.72087799981583,44.27912200018417,500
qkn,-24.83041806036608,6.16958193963392,500
