fti,-20.443532693879533,37.55646730612047,500
qij,-15.553395124939474,96.44660487506053,500
prn,-71.08103345838659,6.918966541613409,500
pix,-25.31145835909865,56.68854164090135,500
yvv,-94.73780527569231,7.262194724307697,500
zyb,-46.135272056722265,12.864727943277735,500
dom,-28.300330670395766,38.699669329604234,500
ldx,-3.824584443547245,44.175415556452755,500
jcg,-10.295191068481625,89.70480893151837,500
nvx,-61.04554077223052,90.95445922776948,500
bvm,-48.2466400257498,24.753359974250206,500
bzn,-3.235899551088766,59.764100448911236,500
npt,-48.739419553321014,16.260580446678983,500
vdi,-45.77692079297802,82.22307920702198,500
zzt,-48.06843794900677,76.93156205099322,500
hsd,-61.28252223415329,38.71747776584671,500
pbk,-68.54547660533431,6.454523394665682,500
haa,-82.70950302650562,86.29049697349438,500
ipm,-46.62223703071623,22.37776296928377,500
tqx,-25.428549851204185,79.57145014879582,500
wsw,-45.927484881821414,60.072515118178586,500
vjb,-77.65594185650966,6.3440581434903365,500
bnw,-67.1977139117734,88.8022860882266,500
fji,-26.914832182293143,52.08516781770686,500
vcn,-29.49937268507344,77.50062731492656,500
sdc,-33.12158263225299,32.87841736774701,500
tyh,-78.24309881503018,14.75690118496982,500
dse,-92.47797303525557,37.522026964744434,500
eoe,-24.24690723060034,83.75309276939966,500
vyg,-47.891186910897964,35.108813089102036,500
znv,-22.810521990985322,25.189478009014678,500
tqy,-63.07961300032485,93.92038699967516,500
kvw,-0.9062720739394844,39.09372792606052,500
ngj,-44.28359282350326,48.71640717649674,500
iak,-95.93018348260541,62.06981651739458,500
yba,-61.07646836747481,20.92353163252519,500
pso,-37.216776030222285,52.783223969777715,500
ggs,-43.105199560243335,4.894800439756661,500
igh,-43.3389866270699,72.6610133729301,500
ahc,-70.65504249005353,83.34495750994647,500
asd,0.9203194531336456,80.92031945313364,500
req,-25.35597434751839,15.64402565248161,500
zwc,-59.02517493131254,80.97482506868745,500
jrm,-47.57797070589852,51.42202929410148,500
pyx,-30.831029276022836,87.16897072397717,500
fvt,-63.23267802722629,52.76732197277371,500
iak,-49.34797821628032,61.65202178371968,500
uqq,-64.31669375344528,12.683306246554725,500
syz,-42.92159160879674,23.078408391203265,500
iku,-17.58895380474386,65.41104619525613,500
kxk,-72.06424256955366,77.93575743044634,500
avy,-88.41383571974384,83.58616428025616,500
ntm,-28.08006203092771,60.919937969072286,500
xmv,-24.004764402720237,5.995235597279761,500
gow,-77.12351761048534,9.876482389514665,500
fqj,-65.86137714796351,51.138622852036484,500
oxz,-91.10658590620994,96.89341409379006,500
kzb,-83.02272880850201,43.97727119149799,500
ncq,-72.77593486063601,17.224065139363983,500
pdp,-3.811815809804368,79.18818419019563,500
afs,-50.45776190667677,62.54223809332323,500
umf,-91.44404634858884,64.55595365141116,500
gxn,-10.948323111768334,83.05167688823167,500
wer,-33.87499292862286,17.12500707137714,500
tox,-39.988611767410184,61.011388232589816,500
cfo,-5.378249060985994,2.6217509390140057,500
eze,-67.60067300847676,60.399326991523246,500
wlt,-16.438174623361203,60.5618253766388,500
lxe,-80.10054083537423,21.899459164625767,500
cdp,-7.445667594198688,48.55433240580131,500
wld,-33.09141509872998,50.90858490127002,500
tzx,-86.12814683766041,27.871853162339594,500
lip,-47.775265213920825,96.22473478607917,500
axh,-44.061169376261475,93.93883062373853,500
ffc,-57.15918277181783,9.84081722818217,500
yzz,-23.524657052192307,6.475342947807691,500
cof,-14.280583431443638,50.71941656855636,500
crj,-44.06148663037144,53.93851336962856,500
fjg,-19.926618001307418,90.07338199869258,500
myq,-3.6478482546113087,72.3521517453887,500
pis,-71.88823047575661,96.11176952424339,500
pxv,-42.60201866906356,41.39798133093644,500
ukk,-77.4333681771427,9.566631822857307,500
fjl,-51.681844590351396,64.3181554096486,500
rmq,-89.52594168785787,37.474058312142134,500
xin,-93.54078158166683,11.459218418333172,500
vrk,-24.228480373865164,46.77151962613483,500
iqb,0.8511393997401602,37.85113939974016,500
lig,-33.28321721998308,81.71678278001691,500
emt,-28.572621388559345,94.42737861144066,500
pkh,-91.58336035098876,39.41663964901125,500
flw,-86.95395045556106,11.046049544438949,500
qfi,-69.61795448628222,81.38204551371778,500
vcs,-14.259125731682454,16.740874268317544,500
zuh,-70.85006698540639,74.14993301459361,500
ssc,-2.5256658864507653,86.47433411354923,500
pvv,-5.930436826639496,16.069563173360503,500
ght,-52.648958054908974,90.35104194509103,500
any,-94.90207375111179,61.097926248888214,500
fzp,-62.13338353740141,91.8666164625986,500
myx,-95.45411828212617,46.54588171787383,500
iau,-76.05398511658342,63.94601488341658,500
toh,-52.17000549648821,67.82999450351178,500
fxa,-92.87412129175338,34.12587870824662,500
obo,-58.89739022028827,75.10260977971173,500
tgj,-72.90837866732521,9.091621332674789,500
jby,-7.146458912533908,74.8535410874661,500
clj,-22.858107762103472,67.14189223789653,500
npq,-52.944182868877114,15.055817131122883,500
oap,-5.15241199040913,20.847588009590872,500
pvz,-83.2235298600472,40.77647013995281,500
qgq,-44.885046134189515,74.11495386581048,500
our,-50.97988433350169,40.02011566649831,500
vlf,-41.37011243298183,93.62988756701817,500
jcd,-43.496086610566906,75.5039133894331,500
xic,-51.42453683708736,4.5754631629126425,500
ogn,-12.827020723143365,14.172979276856635,500
zev,-16.056550764921916,5.943449235078086,500
hyn,-50.21596677404589,13.784033225954113,500
ljj,-4.316197225697654,38.68380277430234,500
wgd,-38.61782084812464,27.38217915187536,500
ugd,-1.5807934177975855,57.41920658220241,500
muf,-14.048679274104288,41.95132072589571,500
rev,-65.77891580564625,47.22108419435376,500
ioy,-37.979609179390046,27.02039082060995,500
scy,-64.42763588284227,9.572364117157727,500
roe,-89.91183625977652,27.088163740223475,500
hnd,-32.04764279825619,94.95235720174381,500
bmg,-16.991936219604153,75.00806378039584,500
uia,-80.18595178013734,65.81404821986266,500
etk,-81.88001494601902,86.11998505398098,500
lze,-14.60408995454078,7.395910045459219,500
cuv,-62.42589368400369,83.5741063159963,500
nmi,-96.25294180680477,16.747058193195222,500
tbq,-50.543173938143894,62.456826061856106,500
gfo,-59.02687762662261,79.9731223733774,500
ohq,-18.0679854562143,40.9320145437857,500
oza,-85.20276298596694,31.797237014033055,500
xdz,-9.175400590289456,75.82459940971054,500
bei,-78.16608691857735,78.83391308142265,500
nxw,-23.798434881033558,33.20156511896644,500
blo,-35.47426113482999,48.52573886517001,500
htp,-56.35513796325677,50.64486203674323,500
xnk,-0.7524622708887583,68.24753772911124,500
wvs,-7.623202352950067,6.376797647049933,500
non,-63.81858689099517,59.18141310900483,500
gks,-81.55617336449725,97.44382663550275,500
lzb,-47.258779564626145,87.74122043537385,500
zgp,-32.057185605964385,4.942814394035619,500
sms,-71.90681257542988,42.093187424570125,500
sfa,-37.99629339861488,12.00370660138512,500
wzn,-76.33781624153656,42.662183758463435,500
plb,-14.742448361194471,62.25755163880553,500
pqt,-57.931135413499085,48.068864586500915,500
apd,-29.73752763740268,78.26247236259732,500
jui,-46.597811250928885,22.402188749071115,500
kjz,-95.14246702618394,37.85753297381607,500
xmj,-47.19788416451091,68.80211583548909,500
zcd,-70.89800483041353,59.10199516958647,500
gfg,-35.669952048942065,62.330047951057935,500
npe,-32.369782298948124,63.630217701051876,500
gqs,-71.49289119022134,76.50710880977866,500
sqf,-19.05759445563739,68.94240554436261,500
abu,-62.76594776627233,49.23405223372767,500
wll,-18.239923692292454,82.76007630770755,500
rly,-79.94735824401684,77.05264175598316,500
cbe,0.4243655338659508,63.42436553386595,500
bab,0.9149222792388879,9.914922279238889,500
ddt,-29.319826241214226,5.680173758785775,500
joj,-17.17572598703995,6.82427401296005,500
olg,-63.38380920519212,60.61619079480788,500
otm,-38.26785669663778,53.73214330336222,500
idb,-57.075852771085295,83.9241472289147,500
hnj,-78.54149859523662,12.458501404763389,500
wiu,-53.627608430137236,81.37239156986276,500
eak,-45.69469845503562,22.30530154496438,500
bvk,-48.254391045783635,39.745608954216365,500
auf,-47.81111536466991,41.18888463533009,500
ofp,-33.026225597337124,13.973774402662878,500
zhr,-52.43136098949617,48.56863901050383,500
sep,-9.656446793762235,37.343553206237765,500
ohu,-12.487186010983104,84.51281398901689,500
som,-15.925971614817183,28.074028385182817,500
qsz,-21.654585900015135,18.345414099984865,500
lbd,-8.804029232491784,61.195970767508214,500
pwa,-2.524238797892511,65.47576120210749,500
xpm,-2.4443810869139697,93.55561891308604,500
qgo,-79.86521860285866,89.13478139714134,500
yfc,-54.62642692685805,88.37357307314194,500
hvh,-24.55594193698452,47.444058063015476,500
bak,-96.98708262433505,69.01291737566495,500
hpi,-92.704010912131,64.295989087869,500
vum,-20.26220873259614,51.737791267403864,500
diw,-75.00824751324562,41.99175248675438,500
mkl,-16.259787059531888,1.7402129404681128,500
vti,-17.872347629699473,82.12765237030052,500
zrp,-76.79398316623225,82.20601683376775,500
pnp,-63.84757103451886,63.15242896548114,500
axz,-24.94125732631903,13.058742673680971,500
nel,-29.075714958008653,14.924285041991347,500
zrg,-8.309070143547984,62.690929856452016,500
fbc,-83.22058095038828,9.779419049611715,500
eal,-44.7000099139839,73.2999900860161,500
euf,-43.28480372822034,64.71519627177966,500
ibx,-23.688201355208236,5.311798644791766,500
yjw,-81.68654821140724,77.31345178859276,500
qxp,-39.09953621197598,49.90046378802402,500
xij,-94.33030556336924,75.66969443663076,500
ryt,-83.75702037976775,88.24297962023225,500
raf,-90.87877576250149,69.12122423749851,500
ydf,-6.177214750969235,51.822785249030765,500
tbs,-50.584256388492406,56.415743611507594,500
qfq,-2.795049504178828,64.20495049582117,500
fgp,-13.237046771680522,35.762953228319475,500
xdi,-81.76293344907681,35.23706655092318,500
aco,-61.11263792552787,26.887362074472133,500
wbn,-33.9223074801991,94.0776925198009,500
hli,-46.142838187021994,66.857161812978,500
oad,-33.58893037702031,62.41106962297969,500
fno,-45.326485424318086,53.673514575681914,500
lnv,-44.79956820334935,6.200431796650645,500
aiv,-30.697092684526545,18.302907315473455,500
mzp,-74.85491758368875,37.145082416311254,500
ecy,-70.83406697848643,75.16593302151357,500
bli,-71.3207819315014,49.67921806849859,500
sdf,-57.852678649959856,4.147321350040143,500
nmi,-78.96113035359183,79.03886964640817,500
sdl,-60.50812368672534,74.49187631327466,500
vis,-36.575106785907025,0.42489321409297853,500
lgs,-36.576016961184386,56.423983038815614,500
gif,-36.846775500750546,5.153224499249451,500
vun,-36.31046212115419,90.68953787884581,500
nzv,-21.057367186549882,78.94263281345012,500
oaf,-66.18955695320177,9.810443046798222,500
pjc,-41.85265112731593,27.14734887268407,500
xjb,-73.28085399913581,74.71914600086419,500
xye,-92.58942877331741,65.41057122668259,500
ckr,-7.147159809470191,30.85284019052981,500
efw,-95.43318076333442,18.566819236665587,500
jez,-3.450921978774394,4.549078021225606,500
uva,-36.288165065292354,4.711834934707644,500
exo,-26.678700617411387,39.32129938258861,500
tcw,-88.66139459567576,23.338605404324245,500
ibk,-59.70526027525648,86.29473972474352,500
mwk,-42.516395069780835,67.48360493021916,500
mpd,-51.173838850878994,25.826161149121003,500
rjo,-44.31546775142093,78.68453224857906,500
gxl,-18.56477637223847,90.43522362776153,500
bsh,-40.51216571811623,94.48783428188378,500
wem,-55.90620428342642,83.09379571657358,500
ndp,-43.317666313947235,20.68233368605277,500
