qkz,-48.52934847499183,22.47065152500817,500
mdb,-6.890308640377347,36.10969135962265,500
reo,-85.2907645629082,19.70923543709181,500
jiz,-16.759223897592552,16.240776102407448,500
kux,0.8706971877012168,84.87069718770121,500
wxi,-33.28185508159867,7.718144918401328,500
mdr,-3.1241097539244596,31.875890246075542,500
ruc,-44.63222313899053,81.36777686100946,500
hks,-15.230831203579255,92.76916879642074,500
yls,-7.926847019502852,44.07315298049715,500
wha,-65.67372440437907,51.32627559562093,500
toc,-5.012963115007769,13.98703688499223,500
tno,-46.304111321880406,79.6958886781196,500
uig,-14.264755427518246,83.73524457248175,500
ynv,-1.3424455319455726,78.65755446805443,500
uyq,-41.23773891541194,13.762261084588062,500
gza,-55.440519100377834,4.559480899622168,500
jkm,-78.42278200915348,97.57721799084652,500
znz,-54.43243649841318,96.56756350158682,500
rly,-81.89004168163845,37.10995831836155,500
qnj,-37.04211605226287,95.95788394773713,500
skz,0.9308433681599908,63.93084336815999,500
zfm,-68.7960607528445,30.203939247155507,500
laq,-29.005002591205226,17.994997408794774,500
dpt,-45.99943933309188,4.000560666908121,500
bzj,-95.55286124330479,46.4471387566952,500
kcj,-68.95885710627275,27.041142893727255,500
qit,-58.001229562934256,87.99877043706574,500
lkx,-79.27489787563373,77.72510212436627,500
lvm,-68.69241347366034,48.30758652633967,500
okr,-96.696752245774,17.303247754226003,500
esz,-8.779011830380892,39.220988169619105,500
wsm,-80.43896933363709,7.561030666362917,500
lus,-82.45480920777094,24.545190792229064,500
ufm,-48.80731325394353,33.19268674605647,500
xmb,-38.115624607911414,5.884375392088582,500
bst,0.06852287928812972,93.06852287928812,500
kor,-2.2580608120700174,83.74193918792999,500
yzk,-23.28309676197331,24.71690323802669,500
gjh,-53.9984534993299,63.0015465006701,500
vnv,-24.478954612292934,68.52104538770706,500
jvc,-79.99399053718074,65.00600946281926,500
nby,-60.59624867230712,50.40375132769288,500
fdp,-85.598249469135,6.401750530865001,500
bli,-26.292985276315388,27.707014723684612,500
wws,-20.522680648369256,85.47731935163074,500
cen,-10.006135880268657,19.993864119731345,500
zip,-32.56952524329728,98.43047475670272,500
zso,-15.692502372255527,78.30749762774447,500
abv,-72.14404571987478,74.85595428012522,500
fty,-61.21928220559367,0.7807177944063294,500
hsu,-80.24969422813633,69.75030577186367,500
vpw,-44.303058788109915,1.6969412118900862,500
tuv,-95.28374936354776,31.71625063645224,500
jhl,-26.002799141178798,71.9972008588212,500
kxg,-55.549503412778655,58.450496587221345,500
ymy,-59.84076291078633,60.15923708921367,500
zmg,-95.82723600909777,61.172763990902226,500
xyx,-66.58523000787449,18.41476999212551,500
xlk,-79.80672730302194,5.193272696978061,500
inw,-20.07071215660244,1.9292878433975602,500
wat,-97.17269330037095,9.82730669962905,500
lkf,-54.17507446796022,25.82492553203978,500
yhq,-94.5725769674871,91.4274230325129,500
smv,-85.20308122044707,94.79691877955293,500
knq,-80.43027266649693,87.56972733350307,500
kls,-38.91610385630145,67.08389614369855,500
ena,-44.59496071846513,69.40503928153487,500
brv,-68.04993943674485,41.95006056325516,500
gym,-72.76675830625861,91.23324169374139,500
fji,-5.557299402659057,86.44270059734095,500
qcm,-59.92483120877093,84.07516879122906,500
eab,-21.077558202150662,1.9224417978493378,500
ayy,-46.244959260142565,68.75504073985744,500
qif,-36.40271850703827,84.59728149296173,500
kko,-30.919584696102895,23.080415303897105,500
sge,-9.490581815204251,46.50941818479575,500
ryf,-73.8372446954781,94.1627553045219,500
zab,-8.631401442042991,10.368598557957009,500
xhi,-17.119668970086455,29.880331029913545,500
tce,-79.1363380981981,59.86366190180191,500
fot,-47.50948220259645,91.49051779740356,500
dsn,-12.016173166942778,32.98382683305722,500
xit,-24.3110310599358,66.6889689400642,500
uad,-63.90259958685716,65.09740041314284,500
wbo,-3.221017037806879,26.778982962193123,500
cga,-97.8958967442433,65.1041032557567,500
lew,-14.318400307063605,66.6815996929364,500
lek,-20.674309164038515,37.32569083596149,500
qiu,-38.768495134611896,90.2315048653881,500
bph,-49.52320833918937,85.47679166081063,500
ket,-65.16635934938353,61.83364065061647,500
jts,-45.47623601838212,88.52376398161788,500
agg,-85.8904983702917,90.1095016297083,500
wip,-67.83645888713026,75.16354111286974,500
ubv,-88.56100500874768,41.43899499125232,500
udb,-38.096428440444384,83.90357155955562,500
jwi,-81.31986281366088,40.680137186339124,500
iti,-4.94793430870026,28.052065691299738,500
sof,-72.52365915492307,20.47634084507693,500
xpb,-5.256696483727724,66.74330351627228,500
igk,-26.805448135842497,19.194551864157503,500
aic,-15.287369234242867,63.71263076575713,500
opw,-61.89811575490814,80.10188424509185,500
fpi,-29.87880465516101,73.121195344839,500
xvm,-6.7370561613305595,23.26294383866944,500
ddk,-56.39177173191793,24.608228268082073,500
ogr,-46.21183615813781,77.7881638418622,500
ndg,-25.347574962129595,21.652425037870405,500
uwd,-30.098427118910013,97.90157288108999,500
vfo,-55.49766798393337,81.50233201606663,500
rcj,-90.7731446596216,19.226855340378407,500
kcm,-69.4602322266883,37.53976777331169,500
zjv,-38.055348744059486,77.94465125594051,500
nkh,-84.86290067758954,96.13709932241046,500
izi,-90.39475570197757,20.605244298022427,500
fgs,-9.83846948560922,37.16153051439078,500
juk,-70.34011468095396,1.6598853190460452,500
vsc,-70.72327535293606,20.27672464706394,500
rgl,-66.481454034783,26.518545965217008,500
wuu,-33.141233829134194,85.8587661708658,500
jbd,-43.20062969153367,10.79937030846633,500
kno,-38.456722866726054,39.543277133273946,500
env,-25.529258761641618,76.47074123835839,500
rwg,-40.82297379923457,90.17702620076543,500
atj,-64.88883140564143,8.11116859435857,500
hlc,-59.06665361307449,78.9333463869255,500
qcs,-70.34862104268908,10.651378957310923,500
tsa,-31.9245786683653,10.075421331634699,500
vfp,-54.80593066527904,17.19406933472096,500
zvh,-43.83787924868635,9.162120751313655,500
ztn,-34.54120896418119,25.458791035818813,500
mec,-63.27112240247377,48.72887759752623,500
vrh,-14.884865199981874,14.115134800018126,500
occ,-95.1622826577175,84.8377173422825,500
whk,-57.03405754924112,13.965942450758881,500
bir,-25.08897164781187,31.91102835218813,500
rqt,-82.96368850620281,84.03631149379719,500
ehh,-73.955978406756,32.044021593244004,500
yda,-6.355686972663217,59.644313027336786,500
crt,-29.764496893734915,23.235503106265085,500
ups,-88.23423751929896,26.765762480701035,500
qyh,-9.833362436712758,57.16663756328724,500
iqy,-51.6269547559818,3.373045244018199,500
cxa,-74.19900357922091,58.80099642077909,500
rlz,-1.3329644602352912,96.66703553976471,500
udb,-23.093584566355403,71.9064154336446,500
pbw,-77.88827041872442,35.11172958127558,500
tvz,-96.07117844962252,48.928821550377485,500
cbv,-48.15758315086091,52.84241684913909,500
oim,-10.005478580685077,16.99452141931492,500
gde,-84.34685805960112,80.65314194039888,500
imf,-33.44384735424397,79.55615264575603,500
ccm,-28.87707139051688,74.12292860948313,500
skj,-87.99905635857853,62.00094364142147,500
caf,-44.98655528689762,71.01344471310237,500
bgv,-66.82299786166521,43.17700213833478,500
hih,-22.097747959526973,66.90225204047303,500
xrg,-57.38712933323779,36.61287066676221,500
pht,-71.88885887450343,64.11114112549657,500
xkf,-71.5872544955402,44.41274550445981,500
oeo,-28.59870973475642,93.40129026524357,500
kve,-20.232051287799447,75.76794871220055,500
dnt,-14.186849857732437,92.81315014226756,500
mid,-78.30712656602716,93.69287343397284,500
skp,-90.11160792815572,25.888392071844276,500
hid,-43.49583034597011,75.5041696540299,500
yna,-3.596349135992904,1.4036508640070962,500
jxf,-90.75056776804618,28.249432231953822,500
vxy,-72.29365463628673,5.706345363713263,500
cru,-48.407874643887894,32.592125356112106,500
wqr,-74.70004906488352,70.29995093511648,500
gqy,-53.6234857658091,76.37651423419089,500
aae,-85.13611560466013,8.863884395339866,500
kvs,-81.63179295779669,63.36820704220331,500
prf,-45.403467157845675,15.596532842154327,500
znu,-32.348110658264964,9.651889341735037,500
oia,-89.35011396586683,56.64988603413317,500
voz,-77.77039295697755,41.22960704302246,500
uxo,-30.068154029502523,17.931845970497477,500
hix,-84.44660677223476,82.55339322776524,500
jri,-83.32103056998515,87.67896943001485,500
mpp,-17.86504223182269,66.1349577681773,500
sxp,-6.7340581214581885,14.265941878541812,500
pwy,-25.767663549496415,72.23233645050358,500
gtj,-92.47971055987954,81.52028944012046,500
xdz,-23.121268079407375,45.87873192059262,500
evg,-89.78204885048451,4.217951149515493,500
hvc,-46.379656862242925,65.62034313775708,500
yqm,-59.59432272465712,52.40567727534288,500
llf,-56.42391942558654,80.57608057441347,500
kdc,-33.69964472089492,13.300355279105075,500
axy,-68.85443058856964,22.145569411430362,500
zyz,-56.345121388621315,65.65487861137868,500
nui,-26.69361553743061,0.3063844625693908,500
idg,-88.00356512555582,84.99643487444418,500
dbp,-77.0364471303506,52.963552869649405,500
gvq,-75.44871972164081,14.551280278359192,500
efz,-11.295794706479912,44.70420529352009,500
ymw,-32.19381814342964,20.806181856570362,500
cro,-82.63506599471529,9.364934005284713,500
duo,-46.77389293686674,35.22610706313326,500
ypx,-94.21419708558027,89.78580291441973,500
par,-5.223439296065728,26.776560703934273,500
alu,-34.62710258765138,80.37289741234862,500
awq,-30.730252392922328,0.26974760707767287,500
xkb,-78.48125885681436,97.51874114318564,500
zbs,-20.51644284106055,41.48355715893945,500
khx,-34.146590691400924,3.8534093085990744,500
yww,-67.85909450129819,2.1409054987018057,500
ish,-74.0380777801064,24.961922219893594,500
jov,-55.77143261397042,18.228567386029585,500
ibu,-57.369831531108424,50.630168468891576,500
vry,-26.75603092939926,36.24396907060074,500
ikb,-59.36307352086848,95.63692647913152,500
oye,-41.91976265489741,75.08023734510259,500
dlv,-42.63966796364636,82.36033203635364,500
woy,-29.692600955093233,68.30739904490676,500
rpl,-77.2808270922344,90.7191729077656,500
sjv,-80.84123778481543,83.15876221518457,500
pfc,-34.15856881194297,32.84143118805703,500
fif,-82.77422013058747,84.22577986941253,500
rbe,-14.175354483654015,47.82464551634598,500
ark,-87.79165752333806,77.20834247666194,500
ddq,-75.85436325868528,5.145636741314716,500
jgr,-19.095010080043025,60.904989919956975,500
uze,-26.618197762085497,24.381802237914503,500
asu,-19.42956885372037,30.57043114627963,500
ytc,-23.703915972587986,17.296084027412014,500
orv,-85.98781385291294,6.012186147087062,500
erg,-16.422145051285316,19.577854948714684,500
ptw,-2.9986929574806815,68.00130704251931,500
ytc,-56.01804321536125,29.98195678463875,500
fni,-13.300449507098069,53.69955049290193,500
vdj,-47.57678505818982,87.42321494181017,500
tkw,0.8899932354508091,62.88999323545081,500
tmi,-68.84703382856195,12.152966171438058,500
fkx,-75.50534303669814,53.494656963301864,500
och,-88.67140137730277,8.328598622697234,500
kvo,-75.93977716814112,47.06022283185888,500
qex,-45.45902891583972,40.54097108416028,500
gpo,-31.220602249774416,50.779397750225584,500
nni,-15.183123397804238,44.81687660219576,500
wgt,-28.64284609436174,40.357153905638256,500
rxd,-30.813365505642828,61.18663449435717,500
peh,-53.734347166108954,46.265652833891046,500
eey,-55.564210207048276,70.43578979295172,500
bzp,-38.81489987718813,53.18510012281187,500
ekv,-43.68390758525948,82.31609241474052,500
xfr,-63.0223379171469,86.9776620828531,500
rur,-88.24527248750559,93.75472751249441,500
