pbi,-76.26356243499681,59.736437565003186,500
xho,-24.603793509144836,95.39620649085516,500
mjx,-16.253190369403715,65.74680963059629,500
fdk,-63.144770375151744,6.855229624848254,500
arx,-35.943930845363305,34.056069154636695,500
xbk,-18.99168325686339,23.00831674313661,500
kkj,-94.29548435478708,16.704515645212922,500
xgu,-39.867285057667864,18.132714942332136,500
ndd,-22.560826943678947,9.439173056321055,500
pje,-91.62351521332579,83.37648478667421,500
nbw,-81.82838671345431,55.17161328654569,500
scw,-44.471508395267286,87.52849160473272,500
cvq,-9.282610223226678,65.71738977677332,500
sgm,-88.5875542648893,23.41244573511069,500
hvw,-17.317883530803424,93.68211646919657,500
oiu,-81.63324280648551,53.36675719351449,500
omg,-16.044047839845156,96.95595216015484,500
ceo,-33.46341098932816,60.53658901067184,500
cev,-77.5731324780286,24.426867521971406,500
tpx,-5.564519285032737,76.43548071496727,500
atk,-50.808128335762774,84.19187166423723,500
ejk,-19.586166334907755,95.41383366509224,500
npd,-13.70657761662823,12.29342238337177,500
cuu,-80.09599482465195,67.90400517534805,500
fiq,-69.74183666048499,37.25816333951501,500
ixz,-54.452975101320305,78.5470248986797,500
eom,-59.926830261244696,11.073169738755308,500
klq,-1.6017212093417625,4.398278790658237,500
hvz,-96.71642938494189,9.283570615058109,500
bei,-18.93780482021565,85.06219517978435,500
mbh,-2.62287734430776,6.37712265569224,500
cmu,-16.083183248417956,65.91681675158205,500
ebj,-27.863403225965676,67.13659677403432,500
htq,-21.418891477487023,78.58110852251298,500
ljq,-60.288260583635754,2.711739416364249,500
ycg,-80.5694307791071,70.4305692208929,500
hoj,-16.317909309582053,75.68209069041795,500
tug,-6.607303577569157,64.39269642243084,500
nrt,-55.04273865406074,89.95726134593926,500
fgs,-60.54450435538905,85.45549564461095,500
ylc,-41.71857029645877,45.28142970354123,500
rdc,-16.420262216044733,63.57973778395527,500
dln,-51.59164614052952,20.40835385947048,500
bfd,-75.34858570532512,36.65141429467488,500
nkn,-55.846437893674675,68.15356210632532,500
fcj,-8.547810967886791,94.45218903211321,500
pso,-36.96548872398602,61.03451127601398,500
vor,-52.000329937970086,71.9996700620299,500
uge,-92.33743828898551,88.66256171101449,500
uxa,-2.3382358543229422,11.661764145677058,500
qpe,-40.75372742035534,4.246272579644663,500
lma,-64.45913678281252,21.54086321718747,500
aap,-86.37897331601316,30.621026683986837,500
kem,-77.79978204155992,38.20021795844007,500
cjb,-94.30383390006422,41.69616609993579,500
htr,-85.91764434336304,44.08235565663696,500
ydt,-96.39013713718798,53.60986286281203,500
jld,-33.97621523661471,25.023784763385287,500
qet,-56.16629943921978,12.833700560780223,500
vqb,-80.3178967729542,53.68210322704579,500
rhl,-55.89293716738901,55.10706283261099,500
sjt,-72.43377880996012,7.566221190039888,500
etr,-12.562524662511962,2.437475337488039,500
zmy,-6.633836590553977,78.36616340944602,500
ysz,-65.43969232655702,16.560307673442974,500
kam,-68.52614207492952,82.47385792507048,500
uyy,-28.553295992607964,76.44670400739203,500
ywp,-60.342146047155694,65.6578539528443,500
pcc,-96.11877794433126,87.88122205566874,500
gsj,-88.1574501198771,55.84254988012291,500
yvs,-33.66653379107619,82.33346620892381,500
rrg,-3.286933462660496,46.71306653733951,500
czs,-48.41774073598886,53.58225926401114,500
kkr,-1.0313369373502979,58.9686630626497,500
nez,-84.82211524327852,78.17788475672148,500
smd,-41.56283938834374,80.43716061165625,500
pql,-43.558200216961964,57.441799783038036,500
bxb,-25.139253260480928,3.860746739519073,500
ksx,-44.381903201098716,16.618096798901284,500
cog,-86.44934662523384,42.55065337476616,500
sir,-66.77061073972453,49.22938926027547,500
ijl,-64.50608364781273,62.49391635218727,500
gcj,-88.26465976101164,57.73534023898835,500
kfg,-85.7590901149686,18.240909885031403,500
grz,-47.92242057555087,2.0775794244491284,500
lhm,-56.82640464630126,54.17359535369874,500
rhp,-47.68084888103667,53.31915111896333,500
tbj,-38.467456913351334,48.532543086648666,500
avo,-6.10525312783333,59.89474687216667,500
ljt,-67.94058364721641,82.05941635278359,500
iwv,-47.07758391301256,17.92241608698744,500
mcq,-76.37959379944976,55.620406200550235,500
xpk,-4.541312454279545,30.458687545720455,500
ekn,-82.08466095554738,79.91533904445262,500
koo,-53.32629818772503,70.67370181227497,500
atm,-90.3145550165215,3.6854449834785106,500
wsd,-8.652361216922221,73.34763878307778,500
ylr,-92.24045108440204,84.75954891559796,500
fst,-3.4698180020523273,56.53018199794767,500
grd,-55.492395214452976,63.507604785547024,500
hxr,-17.278885123803587,29.721114876196413,500
cnm,-74.92729375982785,84.07270624017215,500
ier,-13.323760080861,18.676239919139,500
btf,-79.85099982163824,91.14900017836176,500
hvc,-31.097052642474132,12.90294735752587,500
pda,-64.1348663317514,98.8651336682486,500
iph,-65.21006414068192,75.78993585931808,500
jeq,-62.55815458709751,48.44184541290249,500
ngz,-76.35323936840282,92.64676063159718,500
zmp,-28.438913127466307,74.56108687253369,500
tat,-15.880854410378099,81.11914558962191,500
bme,-86.11697331091085,33.88302668908916,500
ksu,-79.8597608362671,20.1402391637329,500
ldc,-9.382250611554142,5.617749388445858,500
vad,-83.73044894751992,65.26955105248008,500
ber,-5.603670910695214,22.396329089304785,500
huz,-80.91203474541156,93.08796525458844,500
gtl,-48.03974582611153,42.96025417388847,500
egn,-20.713322454018098,37.2866775459819,500
mzo,-19.70244705305918,53.29755294694082,500
lub,-53.07947935521261,25.920520644787384,500
uqk,-78.84799174649885,58.15200825350115,500
ltm,-55.478873310630384,44.521126689369616,500
vyr,-22.12199461109062,88.87800538890937,500
egs,-19.95283136477188,39.04716863522812,500
wyw,-17.33585765666694,79.66414234333305,500
gld,-75.86277504269677,75.13722495730323,500
qeu,-22.724369166615524,84.27563083338447,500
brm,-0.37830459558699603,10.621695404413003,500
htb,-5.053863508596313,17.946136491403685,500
pze,-40.33225237816394,5.667747621836058,500
jwg,-59.09613737579663,74.90386262420337,500
uot,-13.528675697848634,9.471324302151366,500
myc,-22.635957272048564,25.364042727951436,500
ktd,-61.77302871874565,81.22697128125435,500
frm,0.43662752470026533,20.436627524700267,500
isx,-68.97655563021745,79.02344436978255,500
qps,-31.38328760694682,33.616712393053184,500
nij,-11.251436923784166,17.748563076215834,500
njo,-77.4854239911642,70.5145760088358,500
zcg,-34.421670810205974,42.578329189794026,500
sli,-37.79589409049642,22.204105909503582,500
duc,-74.58953943166489,18.410460568335104,500
jrm,-20.081759045879966,31.918240954120034,500
bhc,-69.87166345619566,43.12833654380434,500
vnb,-79.46878129694801,7.531218703051998,500
ufc,-30.780859657164513,48.21914034283549,500
gny,-53.61410814914028,13.38589185085972,500
faf,-72.74549116603256,26.254508833967428,500
maw,-52.632673346600306,37.367326653399694,500
svo,-38.94314825687761,78.0568517431224,500
bkt,-90.50246756023645,29.497532439763553,500
lok,-2.655758753126819,67.34424124687318,500
eee,-54.38198285137557,93.61801714862443,500
bdu,-68.02880537470652,9.97119462529348,500
dhi,-32.214322518136456,66.78567748186354,500
nxh,-0.967946400652447,28.032053599347552,500
mqg,-22.74024687440666,56.259753125593335,500
llx,-19.716144041446228,10.283855958553772,500
vki,-35.632189806558934,41.367810193441066,500
cls,-10.678115891363072,52.32188410863693,500
pze,-80.90620795804999,72.09379204195001,500
plm,-78.4006457619171,55.5993542380829,500
jbr,-71.87777117324761,37.1222288267524,500
jhn,-86.03299571261878,58.967004287381215,500
nqu,-51.24894902734159,50.75105097265841,500
gta,-68.46991616030456,0.5300838396954429,500
vdj,-1.0745474943555582,8.925452505644442,500
unz,-16.61388234882714,80.38611765117287,500
tab,-67.99043996710195,57.009560032898044,500
zne,-65.19272941038055,30.807270589619446,500
mnk,-20.55167554796262,41.44832445203738,500
aiy,-31.174822776829032,35.82517722317097,500
wxs,-13.34229922974508,50.65770077025492,500
kcl,-97.9294586539381,46.07054134606191,500
fgo,-10.536235863582798,28.463764136417204,500
gvp,-4.245708127831659,58.75429187216834,500
ftr,-5.001374970033868,90.99862502996614,500
sgq,-33.41995555927907,37.58004444072093,500
tyo,-71.93249976528534,35.067500234714664,500
yhw,-60.843274243637154,57.156725756362846,500
row,-7.824250137507045,31.175749862492953,500
bif,-15.921295035210148,53.07870496478985,500
ypu,-42.584181539070535,35.415818460929465,500
njy,-3.449515907788813,62.550484092211185,500
xfm,-8.779469421354825,8.220530578645175,500
fby,-79.6027309006259,53.39726909937411,500
ceh,-53.22073477064767,96.77926522935233,500
hdv,-87.6334154022106,65.3665845977894,500
wjb,-12.621354238706326,19.378645761293676,500
tfp,-52.90839437611612,82.09160562388388,500
wuv,-32.70165621138389,57.29834378861611,500
ozy,-5.343896492520065,12.656103507479935,500
xzg,-85.83572393383967,71.16427606616033,500
vga,-25.177219905647032,37.822780094352964,500
zkm,-52.52183230504928,59.47816769495072,500
php,-50.52618142617334,86.47381857382666,500
afz,-83.51432975798146,35.48567024201854,500
opw,-18.75541214872866,70.24458785127135,500
ggl,-48.44893573036804,11.551064269631961,500
eux,-2.939625578772658,34.060374421227344,500
pcz,-97.23020962011884,90.76979037988116,500
end,-62.130615896347706,73.8693841036523,500
sxo,-67.78164097440435,2.2183590255956505,500
tlz,-37.87825065775363,1.121749342246369,500
tlh,-20.931555013270764,58.06844498672924,500
jld,-21.700202499809375,16.299797500190625,500
qrn,-61.46784318196674,2.5321568180332585,500
pcj,-39.81678638622318,98.18321361377683,500
gmo,-86.12520423025092,91.87479576974908,500
mbb,-66.47155428103213,69.52844571896787,500
lmj,-64.60796446029953,95.39203553970047,500
eth,-64.2669689641634,55.733031035836596,500
qwu,-14.161817225601418,16.838182774398582,500
jwy,-24.296232323111063,36.70376767688894,500
rgk,-14.056462576110277,63.94353742388972,500
psz,-19.273610957618523,60.72638904238148,500
ael,-7.0597597587843595,74.94024024121565,500
rzm,-70.97110405558291,22.02889594441709,500
dsc,-30.793408909295724,28.206591090704276,500
kwf,-35.84703913405304,26.15296086594696,500
izj,-62.565077976316715,95.43492202368328,500
rqk,-97.03490172021178,82.96509827978822,500
amv,-37.758718301220924,58.241281698779076,500
kcf,-51.68351375169997,73.31648624830002,500
odq,-8.153152404068173,13.846847595931827,500
rfa,-2.585966597720617,0.4140334022793828,500
axu,-21.37695163068887,15.62304836931113,500
tqb,-8.67527714308765,36.32472285691235,500
sam,-85.67583516587608,10.324164834123915,500
tcv,-88.0705183424407,25.92948165755929,500
qca,-42.218382612102246,69.78161738789775,500
bbb,-57.13526213279558,16.86473786720442,500
ocp,-96.45342662953979,11.546573370460202,500
ztt,-85.11501880441512,3.884981195584885,500
dvx,-88.64303052832652,1.3569694716734801,500
ajr,-18.153498938978338,76.84650106102166,500
oxm,-12.496175256415473,90.50382474358453,500
mrv,-17.98810297164925,9.011897028350749,500
wxh,-64.32447341448977,91.67552658551023,500
dhe,-65.69708575426208,18.302914245737927,500
abm,-30.116124427427906,55.883875572572094,500
sem,-18.230261950397672,53.769738049602324,500
tkh,-8.835048404020736,95.16495159597926,500
rpq,-49.19088823995206,22.809111760047937,500
qur,-29.787806944568672,37.21219305543133,500
bgu,-5.442078404721304,44.5579215952787,500
plo,-6.631455999020722,98.36854400097928,500
lur,-45.10150167464641,7.898498325353593,500
cts,-54.915559649074915,51.084440350925085,500
ejv,-45.24783029114587,26.752169708854133,500
