ktg,-7.652738691259707,79.3472613087403,500
ezr,-15.729800829622045,59.27019917037796,500
aoj,-37.61413543797566,10.385864562024341,500
lqh,-91.12935337873067,83.87064662126933,500
mfq,-30.2273322576611,13.7726677423389,500
mjo,-15.288861704760878,66.71113829523912,500
yla,-94.32585071292768,35.674149287072325,500
xac,-47.047764955099254,82.95223504490075,500
lxb,-43.298974028423494,76.7010259715765,500
rmr,-73.53797388896928,48.46202611103073,500
cyf,-48.57302702621683,7.426972973783169,500
vdy,-63.10136313461678,8.898636865383217,500
yno,-91.86886231235661,22.131137687643392,500
dfy,-63.796746084209204,53.203253915790796,500
mpo,-89.5918114904165,81.4081885095835,500
ptn,-28.40176095283292,85.59823904716708,500
rvw,-86.47008507841952,60.529914921580485,500
ryj,-3.5354547092022846,42.464545290797716,500
xjq,-78.41995679892763,7.580043201072377,500
cgq,-46.83799699854421,85.16200300145579,500
pwy,-65.96476572121277,30.035234278787225,500
how,-65.79743973759757,80.20256026240243,500
wls,-84.3101436691331,95.6898563308669,500
ymj,-97.30918781186453,78.69081218813547,500
rmo,-19.467449722590132,33.53255027740987,500
svj,-25.56418408707873,35.43581591292127,500
swz,-59.22104264207482,77.77895735792518,500
ndb,-56.00738002091036,72.99261997908964,500
ujw,-34.56674700507114,80.43325299492885,500
tez,-71.50893628186721,83.49106371813279,500
ajh,-0.05071709437695027,67.94928290562305,500
bpu,-20.45792659739219,95.54207340260781,500
mea,-35.00389215894408,64.99610784105592,500
tbx,-15.173511696422745,80.82648830357725,500
htd,-33.86208488492794,93.13791511507206,500
gni,-6.8999898875196415,0.10001011248035863,500
pll,-36.56737510341503,2.432624896584966,500
vtg,-33.492502832133916,68.50749716786608,500
weg,-65.82556903066249,3.1744309693375037,500
xhy,-12.349356549189306,79.65064345081069,500
fmw,-20.843878028352936,47.15612197164707,500
kwu,-46.98303626221597,34.01696373778403,500
kng,-26.243790704919746,4.756209295080252,500
zjy,-52.60610461854422,40.39389538145578,500
xpb,-22.43192670265225,22.56807329734775,500
qeq,-61.02228269371626,69.97771730628374,500
hsv,-80.55471589375975,86.44528410624025,500
dep,-89.36998565689164,37.63001434310836,500
sum,-42.45054817033106,79.54945182966894,500
zqv,-70.97346427903497,39.02653572096502,500
omj,-29.693968120054276,9.306031879945726,500
zbk,-95.76352081951872,61.23647918048129,500
hpl,-37.21590146908548,11.784098530914521,500
quo,-30.49146891945791,68.5085310805421,500
avo,-18.806532237341806,90.19346776265819,500
pju,-84.82088695217766,5.179113047822347,500
ubj,-31.872827038550312,81.12717296144969,500
xse,-82.56044018531124,93.43955981468876,500
sjx,-19.378589774567274,87.62141022543273,500
xjg,-60.56184416828563,87.43815583171437,500
oiz,-47.443548325788704,34.556451674211296,500
zsq,-28.140411604598814,67.85958839540119,500
bqj,-17.946118841689596,31.053881158310404,500
amq,-34.99174225553372,28.00825774446628,500
thw,-36.96482018631846,10.03517981368154,500
umt,-4.887391172438662,35.11260882756134,500
mel,-10.80052831854072,42.19947168145928,500
ext,-80.99032719863706,72.00967280136294,500
avf,-20.959264879449425,39.04073512055058,500
trm,-15.635306686952262,32.36469331304774,500
hhe,-21.377475398491153,49.62252460150885,500
jir,-45.81583915873741,11.184160841262585,500
hvd,-38.814543212610886,80.18545678738911,500
iwp,-77.91053356662769,32.089466433372316,500
mxq,-77.41309506618227,90.58690493381773,500
eic,-94.92541031771333,1.0745896822866643,500
neg,-57.69661094875769,75.30338905124232,500
owd,-70.88674730596385,80.11325269403615,500
zvq,-4.53453320751851,52.46546679248149,500
vio,-56.98559068541561,63.01440931458439,500
ety,-69.23676522574746,48.76323477425254,500
xre,0.16659789621176735,41.16659789621177,500
jkl,-30.14435166783454,89.85564833216546,500
cxe,-59.64195968338954,65.35804031661047,500
xcx,-51.092287100815945,72.90771289918405,500
pti,-78.8393369346761,85.1606630653239,500
lph,-5.392666856332837,98.60733314366716,500
heu,-71.15959757359276,56.84040242640724,500
cwl,-86.83235713177035,61.167642868229656,500
dtp,-9.759062079944291,47.24093792005571,500
xqy,-93.08355920757911,77.91644079242089,500
gyi,-44.48334148240004,40.51665851759996,500
cqe,-81.16109107941632,67.83890892058368,500
stu,-92.45486275794511,58.5451372420549,500
hys,-16.220495190042623,71.77950480995737,500
zrf,-81.00143945651595,60.99856054348404,500
sml,-7.285227576912747,81.71477242308725,500
cqc,-62.67401657982141,45.32598342017859,500
equ,-48.8107147745989,25.1892852254011,500
jyn,-14.297076194296247,26.70292380570375,500
ohx,-0.30025389031237637,77.69974610968762,500
tay,-32.84026000639593,51.15973999360407,500
toy,-23.509674762737543,71.49032523726245,500
hub,-41.04226803926886,0.9577319607311361,500
qea,-92.6214942887202,4.378505711279805,500
fai,-61.13145002614534,76.86854997385466,500
fgn,-49.77434728133008,38.22565271866992,500
tew,-27.237182885676006,94.762817114324,500
gdl,-10.654053556282866,45.34594644371713,500
urh,-50.601126171150206,43.398873828849794,500
blr,-50.60280157815862,1.3971984218413782,500
uvl,-27.916729234907024,80.08327076509298,500
hay,-53.83372324521242,60.16627675478758,500
vfo,-15.774495575558264,49.22550442444174,500
bjh,-42.86964162517836,70.13035837482164,500
pjt,-95.36114460763737,76.63885539236263,500
ajv,-84.32664118323068,67.67335881676932,500
tgo,-37.65036929934045,20.34963070065955,500
pdm,-43.97924391311709,92.02075608688291,500
pak,-57.702571934316154,85.29742806568385,500
yok,-29.306284524248888,11.693715475751114,500
wog,-32.03928192388326,61.96071807611674,500
mnw,-88.56196784239101,61.43803215760899,500
lsq,-79.7979809262142,4.202019073785812,500
brr,-11.704444786570265,51.295555213429736,500
rbj,-39.18820145491235,3.811798545087647,500
qys,-11.740531125138537,5.259468874861462,500
mvl,-11.704997357023908,75.29500264297609,500
fgx,-35.27358159612953,80.72641840387047,500
pzk,-42.9838829461323,63.0161170538677,500
lqf,-11.990560128184738,40.00943987181526,500
jjk,-39.054806671250574,92.94519332874943,500
ncq,-97.20594277159033,19.794057228409663,500
nsi,-45.932358027531805,46.067641972468195,500
syi,-6.398677784706994,55.60132221529301,500
hri,-56.82686929159663,82.17313070840336,500
mtr,-26.35636040798845,42.643639592011546,500
vfv,-28.29721729685672,79.70278270314328,500
zcd,-65.55721800978702,2.442781990212974,500
mey,-69.2558417074335,46.7441582925665,500
osf,-92.93033475784462,32.06966524215539,500
edj,-89.5537684839447,14.4462315160553,500
lec,-2.1680789780086585,55.83192102199134,500
edu,-75.35855645723667,81.64144354276333,500
hfr,-87.55184637528892,8.44815362471108,500
iue,-57.573671620143024,11.426328379856978,500
sic,-50.51320297702848,76.48679702297152,500
vci,-33.155073693786775,97.84492630621322,500
oxq,-61.76705998602613,87.23294001397387,500
gru,-9.211731899164802,77.7882681008352,500
jbk,-94.26522977449059,21.734770225509415,500
gku,-38.1779951978487,38.8220048021513,500
vkj,-49.876534068349805,58.123465931650195,500
yed,-18.169533598776596,94.8304664012234,500
ywr,-94.8644948061058,41.13550519389421,500
zvh,-52.408093855385765,24.591906144614235,500
tzz,-96.41491467902503,7.585085320974965,500
jhk,-69.93713376935264,58.06286623064736,500
sup,-38.416094875978004,67.583905124022,500
bit,-92.85471393886726,82.14528606113274,500
uee,-33.090734350302405,53.909265649697595,500
nfo,-64.75591104444946,5.244088955550532,500
lyi,-81.15588238477132,56.84411761522869,500
rcv,-41.892007776109416,92.10799222389059,500
ghp,-47.73363317248894,11.266366827511057,500
zcr,-50.67559175531244,42.32440824468756,500
scg,-16.889556572968694,86.11044342703131,500
rqr,-65.71231615358526,30.287683846414737,500
nbq,-31.955586510756394,34.0444134892436,500
dcf,-83.81861708565815,91.18138291434185,500
dyj,-59.02546666787539,85.97453333212461,500
syt,-29.214017365018616,2.7859826349813828,500
fst,-58.390429273651606,36.609570726348394,500
xjs,-6.911573872144747,42.08842612785525,500
ijh,-74.4393904986566,50.56060950134339,500
qxa,-97.29409827448397,29.70590172551603,500
kny,-38.71470931693326,63.28529068306674,500
seo,-13.838514831729299,78.1614851682707,500
hzo,-70.96255657257846,11.037443427421538,500
buv,-97.49529764169688,48.50470235830312,500
goj,-21.153575883060874,20.846424116939126,500
lit,-70.71420828309017,31.28579171690983,500
yfd,-58.94598764120654,2.054012358793461,500
qav,-96.743582225841,7.256417774159003,500
nqc,-64.52699330732158,22.473006692678425,500
ehe,-39.41924832079794,44.58075167920206,500
elp,-63.912530292838966,48.087469707161034,500
vzh,-72.00340222125845,6.996597778741542,500
cba,-60.06846611032607,39.93153388967393,500
akz,-54.02239274057647,88.97760725942354,500
eao,-5.6586574579851465,12.341342542014853,500
tgk,-71.18309109613297,6.816908903867036,500
uic,-30.105729902904763,0.8942700970952355,500
zbm,-33.27199417314034,36.72800582685966,500
mxn,-19.112205886284816,94.88779411371519,500
rys,-95.43746736570462,97.56253263429538,500
aey,-54.85455931139593,47.14544068860407,500
lbu,-41.186930555136584,82.81306944486342,500
rrj,-55.68697149846174,89.31302850153827,500
hfp,-51.611105322944695,13.388894677055305,500
duk,-79.89629707670262,68.10370292329738,500
seo,-63.70845116790901,73.29154883209098,500
jgt,-26.60147239494272,93.39852760505728,500
bua,-66.7189069834209,55.281093016579106,500
ysz,-93.99829222153453,25.001707778465466,500
umc,-80.27120654933857,45.72879345066143,500
sjw,-47.54530521128663,63.45469478871337,500
ggo,-56.08500794115418,64.91499205884581,500
raj,-85.48635935158919,2.51364064841082,500
qpr,-29.058726352547534,21.941273647452466,500
yja,-58.11794392478556,42.88205607521444,500
lxy,-67.78092797892562,12.219072021074384,500
ega,-10.656366520696654,44.34363347930334,500
tqk,-51.93358304818025,21.066416951819743,500
inj,-3.842953780388962,68.15704621961103,500
ohv,-69.12811019286175,44.871889807138245,500
jxs,-49.82630200962683,24.17369799037317,500
tny,-64.52070398158124,79.47929601841876,500
tvi,-67.57342718311419,34.42657281688581,500
dix,-97.27838320105913,30.721616798940875,500
anb,-75.19719951824247,8.802800481757531,500
scc,-6.423853590616474,26.576146409383526,500
zak,-61.00535467095336,77.99464532904663,500
nuv,-62.829652253492924,8.170347746507073,500
fxd,-16.382934713546312,92.6170652864537,500
dej,-20.509215257045646,51.490784742954354,500
wtt,-15.055864742689732,16.94413525731027,500
blc,-52.70394658976499,5.296053410235013,500
bvx,-60.776299154982304,81.22370084501769,500
cwd,-23.513677244791975,97.48632275520802,500
luy,-2.773231642140881,75.22676835785911,500
vjl,-31.17408919710487,42.82591080289513,500
fij,-94.90812305686862,77.09187694313138,500
pgd,-41.60004764722966,83.39995235277034,500
vnb,-26.87667579179593,4.123324208204072,500
lqv,-50.34848066083654,93.65151933916346,500
yfg,-42.40616640240743,57.59383359759257,500
euh,-40.081571478999045,69.91842852100096,500
jsm,-47.88039534862676,42.11960465137324,500
zsv,-8.485101632780125,60.51489836721988,500
ejq,-62.40838302686132,18.591616973138677,500
qwk,-19.86060007498302,12.139399925016983,500
mai,-51.80795671500603,59.19204328499397,500
hox,-3.0640975656445297,0.93590243435547,500
eox,-54.47517270604314,22.524827293956864,500
ttq,-66.90261224571339,39.097387754286615,500
dqt,-20.540491952611955,48.45950804738804,500
sja,-26.563018050860514,87.4369819491395,500
itw,-49.279377733012275,94.72062226698772,500
eka,-10.333177361989861,67.66682263801015,500
krg,-29.52146912783551,47.47853087216449,500
