zlg,0.5757237753060337,64.57572377530603,500
rmr,-19.576396758131814,93.42360324186818,500
tvu,-8.654084784193868,37.34591521580613,500
pfo,-6.963092730927351,90.03690726907264,500
hcz,-32.70783614222907,88.29216385777093,500
tpe,-30.275448448954343,59.72455155104566,500
sau,-33.38537941148282,58.61462058851718,500
nob,-61.056384049208106,79.9436159507919,500
xix,-94.82301878641805,64.17698121358195,500
nzu,-6.567831973493139,86.43216802650686,500
jqd,-56.4284102445222,26.571589755477802,500
pbj,-22.631522947435705,4.368477052564295,500
cag,-58.92335431955838,64.07664568044163,500
ton,-82.35648064389314,47.643519356106864,500
lsy,-14.517550553186677,69.48244944681332,500
puk,-38.24957209540249,54.75042790459751,500
avy,-12.435712460506302,94.5642875394937,500
mrk,-22.53019541187567,89.46980458812433,500
bsn,-59.53502829133294,83.46497170866706,500
ilj,-8.284765960404002,95.715234039596,500
cjs,-63.341968234489876,18.658031765510124,500
tas,-52.75968386461952,30.240316135380482,500
oey,-56.44161306545229,36.55838693454771,500
tpq,-49.77516762378492,57.22483237621508,500
pvh,-42.51912697853592,48.48087302146408,500
tst,-46.271774635520124,68.72822536447988,500
fmm,-18.302876615314023,86.69712338468598,500
hyp,-97.05382748473899,26.946172515261004,500
gqu,-73.83758747345735,37.16241252654265,500
gij,-23.50371291871011,36.49628708128989,500
qlb,-69.89955828406498,96.10044171593502,500
iqr,-70.01667201914219,65.98332798085781,500
jya,-41.235545135834975,81.76445486416503,500
jai,-85.8684631548421,39.1315368451579,500
uwm,-53.072800851551804,69.9271991484482,500
gxh,-64.89873790730607,50.10126209269392,500
vmd,-22.654638356858523,31.345361643141477,500
pqo,-18.704358770524514,29.295641229475486,500
msz,-60.09595656894846,69.90404343105153,500
aga,-25.779493955976157,58.22050604402384,500
ejo,-47.194297018231566,67.80570298176843,500
yii,-25.439931012386705,90.56006898761329,500
cxe,-7.818909657848613,11.181090342151387,500
coh,-95.44205178576433,20.55794821423566,500
ezf,-54.186756534734116,61.813243465265884,500
gnc,-4.245165757933812,60.75483424206619,500
ctg,-62.66335981122358,13.336640188776418,500
rgt,-76.90637876898225,72.09362123101775,500
epd,-0.7987958238553895,10.20120417614461,500
ijc,-61.47215870458279,42.52784129541721,500
oxo,0.7437559457852022,39.7437559457852,500
beh,-31.46919557272865,23.53080442727135,500
rac,-97.75779665390431,85.24220334609569,500
tci,-6.730280634027065,81.26971936597293,500
ohn,-62.74277864525273,36.25722135474727,500
pjx,-44.94737849399537,98.05262150600463,500
fjp,-34.97132896520607,86.02867103479393,500
xce,-63.0109059940191,66.9890940059809,500
slt,-41.35049997936219,57.64950002063781,500
cmf,-44.472694068805495,80.5273059311945,500
orz,-32.623820627891725,43.376179372108275,500
jaw,-72.8146370942723,93.1853629057277,500
dgu,-81.96508152102659,44.03491847897342,500
qvo,-2.8084289411480867,61.19157105885191,500
was,-54.252348236539014,53.747651763460986,500
cbl,-59.438283781763175,94.56171621823682,500
nqa,-53.51042796479031,2.489572035209689,500
fir,-45.1028088665411,43.8971911334589,500
tkj,-51.55737572377235,39.44262427622765,500
wew,-49.17746551147875,7.822534488521252,500
idh,-83.25264938160319,36.74735061839681,500
rdo,-76.64101103408149,87.35898896591851,500
zdp,-77.17021793099201,23.829782069007994,500
wli,-17.60242534444613,26.39757465555387,500
qte,-30.718984869915346,60.281015130084654,500
ksw,-36.19011824586009,48.80988175413991,500
gcc,-53.30960954359182,52.69039045640818,500
ltx,-17.846251867646927,45.15374813235307,500
xdo,-61.77768257413663,8.222317425863372,500
klt,-13.353974944569753,34.64602505543024,500
dlf,-78.64208146241661,83.35791853758339,500
tyw,-78.9568867570795,88.0431132429205,500
mxj,-26.164879337371172,4.835120662628829,500
ooc,-47.262357944034704,57.737642055965296,500
sfn,-89.48843861015467,56.511561389845326,500
awz,-36.827825630681794,21.172174369318206,500
vbt,-76.18455965488968,13.81544034511031,500
lqq,-73.6190023889482,57.3809976110518,500
kwr,-35.26076870971906,15.739231290280937,500
pcn,-55.44739442014701,8.552605579852989,500
prr,-87.93707462659182,35.06292537340818,500
cep,-23.670181537084357,30.329818462915643,500
vnu,-56.15633537240641,8.84366462759359,500
fpt,-64.44048662917999,59.559513370820014,500
asx,-16.944402632764753,38.055597367235244,500
lkn,-92.59620228171923,8.40379771828077,500
ren,-26.23953541473403,13.760464585265973,500
zov,-52.780518480625965,90.21948151937404,500
tdh,-32.633771054036195,42.366228945963805,500
iit,-62.16459891193045,11.835401088069553,500
dhz,-67.698035549138,77.301964450862,500
jng,-15.233106727505957,39.766893272494045,500
qnk,-29.187150722449154,18.812849277550846,500
kti,-64.74447474277973,25.255525257220278,500
trj,-7.681347962548501,15.318652037451498,500
hnw,-47.720511169763405,32.279488830236595,500
usj,-79.23525978793789,83.76474021206211,500
etn,-21.85258128126105,31.14741871873895,500
cyj,-23.589753863650355,42.41024613634964,500
hdf,-38.53083512472712,58.46916487527288,500
ksz,-95.4781827315944,30.521817268405595,500
wdy,-38.7452897058813,54.2547102941187,500
ccq,-73.4684542495711,29.531545750428897,500
zsv,-34.04631154450838,73.95368845549163,500
gty,-17.56633110865496,54.43366889134504,500
aig,-2.6559128966233354,8.344087103376664,500
lcl,-84.49953513616123,9.500464863838774,500
fyk,-54.254127861575995,71.745872138424,500
dyh,-64.24092376814728,82.75907623185272,500
fnu,-4.930588413949116,19.069411586050883,500
dsn,-60.49921596197543,63.50078403802457,500
das,-28.660450569414,86.339549430586,500
qtz,-44.101032995911666,27.898967004088334,500
aik,-70.3282091606884,81.6717908393116,500
ink,-42.55117765643652,2.448822343563475,500
uqm,-72.00884158419133,22.991158415808666,500
wck,-51.66662412176689,78.33337587823311,500
iut,-59.16627572848523,97.83372427151477,500
qot,-41.42768145098447,15.572318549015524,500
mhz,-28.975472482151407,35.02452751784859,500
xmn,-44.00618626231426,91.99381373768574,500
sma,-26.177922179451013,37.82207782054899,500
kar,-50.072260752836335,43.927739247163665,500
hjd,-89.65913783652663,93.34086216347337,500
leo,-62.211416165551,48.788583834449,500
upx,-72.1476453140247,97.8523546859753,500
iah,-48.64733059758984,1.3526694024101542,500
qrk,-52.55758486855609,19.442415131443912,500
sla,-32.48475542649313,26.515244573506866,500
qvq,-87.05496128646443,38.94503871353557,500
yjm,-54.38749342086933,62.61250657913067,500
ldz,0.785676087659364,67.78567608765937,500
thp,-81.74562546070348,58.25437453929653,500
nti,-79.19539889066262,37.804601109337376,500
kxd,-11.283498796227507,16.716501203772495,500
wav,-0.6947120360063445,36.305287963993656,500
adt,-18.452107029692712,3.5478929703072866,500
qyk,-18.002039888015986,40.997960111984014,500
uru,-51.829133212072904,57.170866787927096,500
ocl,-14.377518717447112,16.62248128255289,500
gkw,-53.14510246274805,14.85489753725195,500
oun,-5.926922018489133,29.073077981510867,500
qwj,-68.94303752890481,1.0569624710951901,500
xdc,-64.17731273319835,72.82268726680165,500
uim,-6.383184554541915,69.61681544545809,500
hoc,-5.214611860601445,95.78538813939855,500
tvd,-73.88913815857708,47.110861841422924,500
zgl,-83.59062362395751,1.4093763760424807,500
ojs,-25.37176077825636,40.62823922174364,500
ffs,-72.25142228990697,53.74857771009304,500
vbi,-64.11498975447938,23.885010245520625,500
iek,-70.18048974426347,49.81951025573654,500
sxc,-19.047605354006063,76.95239464599393,500
ott,-15.147639367346848,38.85236063265315,500
uih,-51.894937890359714,20.10506210964029,500
dbh,-47.3346899683193,76.66531003168069,500
lwh,-76.83212730842702,96.16787269157298,500
qkh,-60.683113997198454,44.316886002801546,500
qxw,-77.15614177924112,2.8438582207588756,500
zym,-6.2665893538524555,2.7334106461475445,500
pdk,-75.20787270726406,95.79212729273594,500
ekg,-40.67418133759348,10.325818662406517,500
bqq,-82.51004205098342,86.48995794901658,500
oyl,-31.58220089945044,42.41779910054956,500
ekj,-95.09978273830403,86.90021726169597,500
men,-50.29699577177486,51.70300422822514,500
tep,-46.297027987987896,16.702972012012104,500
yjq,-40.57466618672759,4.425333813272413,500
bxx,-6.766294056846266,22.233705943153733,500
fmj,-92.19039367929216,19.809606320707843,500
qeo,-56.713504267989165,10.286495732010831,500
iak,-60.16188465240094,51.83811534759906,500
xwa,-71.19511408509759,72.80488591490241,500
rsi,-74.12850812856203,20.87149187143797,500
bkw,-39.92959983193456,86.07040016806543,500
vnr,0.005605165911548693,71.00560516591155,500
pnt,-59.473580322897675,19.52641967710233,500
eis,-55.48623913705162,50.51376086294838,500
dan,-75.76260081366992,90.23739918633008,500
bed,-20.695945798730516,94.30405420126948,500
emd,-42.12196145265244,41.87803854734756,500
fnv,-21.323068115790356,27.676931884209644,500
ort,-55.90081882216235,19.09918117783765,500
rza,-11.820962072157805,81.17903792784219,500
ktf,-77.63578771558328,2.364212284416729,500
xuz,-26.778334500037136,24.221665499962864,500
igu,-25.295705178722564,88.70429482127743,500
wte,-64.54694789303421,4.453052106965781,500
tye,-15.467768087257788,21.532231912742212,500
rim,-23.07697307696052,60.92302692303948,500
wwh,-60.32322796477383,78.67677203522616,500
yot,-15.048478608304238,4.9515213916957626,500
rpg,-5.463017130477181,52.53698286952282,500
gfz,-23.990432742325932,49.00956725767407,500
znj,-66.24734503522475,68.75265496477525,500
oma,-32.748583657834516,93.25141634216548,500
zix,0.9083721045743623,26.90837210457436,500
ens,-21.96335116251098,57.036648837489025,500
jxp,-16.665889962717827,71.33411003728217,500
mso,-59.306836469726434,71.69316353027357,500
axu,-66.92972718764348,24.070272812356517,500
aie,-6.700930081553733,6.299069918446267,500
azp,-77.49095583175716,36.50904416824283,500
upz,-13.328449030715412,32.67155096928459,500
jog,-19.423565488907542,4.576434511092459,500
sky,-22.28654080619028,50.71345919380972,500
alt,-77.47273464271136,70.52726535728864,500
okn,-9.035806010502439,78.96419398949756,500
bnc,-47.264400645072406,8.73559935492759,500
hwn,-61.68308580983765,55.31691419016235,500
dqx,-63.06261694027813,96.93738305972187,500
raq,-59.156696154948825,34.843303845051175,500
tyn,-73.44090424152608,87.55909575847392,500
pum,-76.9174295111848,97.0825704888152,500
tgf,-1.5663116865106692,64.43368831348933,500
ksl,-31.217176367303516,58.782823632696484,500
ktf,-90.7638709242175,64.2361290757825,500
tma,-45.67370537239691,55.32629462760309,500
yms,-23.59521418335097,41.40478581664903,500
vlz,-51.862373467840634,76.13762653215937,500
tel,-9.412750330172878,71.58724966982712,500
lxp,-30.961710900897984,11.038289099102016,500
qvc,-20.642047571532217,55.35795242846778,500
tua,-23.378465060788372,93.62153493921163,500
ffo,-71.88613169922002,46.11386830077999,500
mhj,-0.7494938127278951,91.25050618727211,500
trz,-83.15020781090064,50.84979218909937,500
iko,-90.22257115000507,48.777428849994934,500
ydk,-94.17713879309079,87.82286120690921,500
jch,-26.447381612477784,28.552618387522216,500
hyx,-19.771659757060256,21.228340242939744,500
frg,-44.44459338701905,26.555406612980956,500
yns,-33.76476980879628,49.23523019120372,500
mad,-61.89196770041806,7.108032299581941,500
zqs,-79.56782777206183,74.43217222793817,500
vld,-46.14688457798861,14.853115422011394,500
aak,-3.199782932042656,46.80021706795734,500
asj,-77.34481768654081,98.65518231345919,500
yuf,-58.690529936521294,24.309470063478702,500
vyl,-58.62689705279669,89.37310294720331,500
yzj,-34.168757891570436,10.831242108429564,500
