cnf,-54.02324664751257,93.97675335248742,100
ysg,0.8212587694079084,62.82125876940791,100
ppb,-95.12172582610565,95.87827417389435,100
nqi,-86.18166800877864,55.818331991221356,100
qas,-37.8741122448406,39.1258877551594,100
bct,-22.114017171713535,67.88598282828646,100
fzu,-60.55720011360637,78.44279988639363,100
obk,-13.193570300866986,18.806429699133016,100
gnj,-25.266961203416,28.733038796584,100
gwj,-6.768144033288215,95.23185596671179,100
xlb,-15.945776821367154,98.05422317863284,100
bax,-24.462063899846143,91.53793610015386,100
exb,-72.85954212497637,34.14045787502363,100
eye,-67.82867996772748,64.17132003227252,100
szf,-3.2596592382999763,77.74034076170003,100
vdi,-69.13280875943836,43.86719124056164,100
hem,-86.09041747171179,49.909582528288205,100
hpu,-15.423223105279705,56.5767768947203,100
axs,-4.806415269091336,13.193584730908663,100
dob,-8.105111960675808,16.89488803932419,100
uwu,-13.89939332644338,1.1006066735566185,100
utl,-70.05861740903501,16.941382590964988,100
zxf,-86.9828212341464,2.0171787658535982,100
ukf,-23.67314417031772,16.32685582968228,100
vno,-72.42861970589063,12.571380294109378,100
nao,-8.747485026574743,68.25251497342525,100
qkz,-66.8735105291767,45.12648947082331,100
bvi,-13.829125144909963,10.170874855090037,100
blx,-40.432402591473256,0.5675974085267417,100
sde,-59.698910422932414,21.30108957706759,100
tsd,-72.78879660824285,57.211203391757145,100
fze,-5.6412771802203485,36.35872281977965,100
cbz,-77.11210078599055,78.88789921400945,100
vzw,-35.22519374085283,63.77480625914717,100
zxn,-40.09618439386642,38.90381560613358,100
dnl,-63.944677415921774,79.05532258407823,100
ywo,-43.99726692812055,8.002733071879446,100
rka,-86.6403726569187,28.3596273430813,100
pqt,-38.45454334738282,54.54545665261718,100
ynd,-53.70625778166656,80.29374221833345,100
lvc,-20.829876195315197,21.170123804684803,100
wbr,-90.06184611438235,39.93815388561765,100
lfi,-21.499968185984454,94.50003181401554,100
ukd,-89.88521453815625,67.11478546184375,100
dse,-8.79368818472851,30.20631181527149,100
gzm,-18.19462726090591,5.805372739094088,100
pyp,-15.180001995112542,22.819998004887456,100
dlg,-25.089012473329326,93.91098752667068,100
xnx,-66.58072325883768,34.41927674116232,100
mfb,-19.280375572477187,97.71962442752282,100
ggi,-32.72028919408553,63.27971080591447,100
dtl,-58.47161103071396,11.52838896928604,100
ldy,-76.71198127882768,48.288018721172314,100
hsr,-17.243978348440102,92.75602165155989,100
isv,-21.812132465421055,27.187867534578945,100
lpr,-49.11544935202444,3.88455064797556,100
yxd,-4.365104928635429,97.63489507136457,100
dqb,-91.34695327062774,19.65304672937227,100
vos,-33.035748951646646,4.9642510483533515,100
wew,-22.758775615708387,68.24122438429161,100
ero,-77.19325749688845,95.80674250311155,100
ops,0.9675595931805758,83.96755959318058,100
lew,-58.43526452110043,23.564735478899568,100
itp,-93.9272274354756,57.07277256452439,100
bue,-22.466889819624527,73.53311018037547,100
emm,-53.5096472592595,97.49035274074049,100
rqo,-5.376573734305392,20.623426265694608,100
wlq,-63.011787278609155,75.98821272139085,100
tvf,-30.39620271682434,18.60379728317566,100
ksu,-15.449839239807856,91.55016076019214,100
vao,-8.969867794468458,13.030132205531542,100
qhk,-64.72125645335447,70.27874354664553,100
ahn,-40.245022949252004,31.754977050747996,100
pgw,-94.03555093122752,34.96444906877248,100
iha,-28.684000169246563,97.31599983075344,100
ntm,-65.54622315462112,36.453776845378876,100
nqf,-69.32738426434243,72.67261573565757,100
nmt,-6.289144751202386,44.710855248797614,100
szd,-28.515582030843408,67.4844179691566,100
wtd,-40.804899280260884,47.195100719739116,100
rhl,-43.06760578166051,66.9323942183395,100
moh,-73.82714976373117,17.172850236268825,100
vqy,-57.03284521525444,43.96715478474556,100
lui,-34.395436652159894,96.6045633478401,100
hxr,-73.36578032857611,47.63421967142389,100
zns,-70.47842909127097,3.521570908729026,100
qbf,-23.098908921293173,58.90109107870683,100
msq,-46.0042645663469,90.99573543365311,100
bvu,-73.74586365733198,40.25413634266802,100
oyn,-59.20473122632836,17.795268773671634,100
etz,-72.14176967261338,2.8582303273866247,100
fyc,-46.953611115880115,15.046388884119887,100
qyb,-87.42146680154364,16.578533198456352,100
xwv,-18.705799232561038,6.294200767438964,100
ugq,-42.66310955416041,57.33689044583959,100
qbx,-42.03372940044798,75.96627059955202,100
akx,0.09412265538587306,22.094122655385874,100
htp,-93.6737539153685,75.3262460846315,100
dvj,-31.038162150547898,91.96183784945211,100
gfw,-78.91636589991762,60.083634100082385,100
wbh,-71.13897000171383,92.86102999828617,100
