kwc,-2.887035342564414,72.11296465743558,25
mkz,-82.45126142798497,26.54873857201502,25
gpr,-20.524858979769597,49.4751410202304,25
ggl,-4.7547909228339424,87.24520907716605,25
hpp,-47.35456560550527,23.645434394494732,25
xqa,-17.261924534184296,21.738075465815704,25
pug,-5.222712141384841,33.77728785861516,25
guk,-51.287263118561945,68.71273688143805,25
gtd,-28.529272880999983,82.47072711900002,25
cfx,-4.754601184749083,57.245398815250915,25
ifp,-67.23295564666172,58.76704435333827,25
cyp,-7.283834500426687,63.716165499573314,25
lxx,-46.064748138890764,59.935251861109236,25
dgk,-53.213482004591064,81.78651799540894,25
nmh,-49.47120366503403,70.52879633496597,25
qmq,-91.42158690637294,51.578413093627056,25
ieg,-95.30393097109513,6.696069028904867,25
hsw,-79.82769900345335,12.172300996546657,25
jfm,-18.39699009805208,6.60300990194792,25
daw,-61.19491178789068,80.80508821210931,25
paa,-14.89164278390072,25.108357216099282,25
nva,-19.730695145979475,27.269304854020525,25
lpi,-29.83115134432248,28.16884865567752,25
fzx,-43.85667182582228,62.14332817417772,25
itp,-83.0659073382759,65.9340926617241,25
wua,-1.4770572338024814,96.52294276619752,25
bgi,-6.594544831396871,31.40545516860313,25
chg,-85.81799080059552,73.18200919940448,25
jxh,-12.497492881679406,12.502507118320594,25
wha,-12.986578626042357,37.01342137395764,25
izr,-2.7242279049342466,74.27577209506575,25
qto,-57.82039783367387,83.17960216632613,25
mcb,-22.96535187261763,87.03464812738237,25
kum,-27.873259194098637,85.12674080590136,25
pmn,-49.64409925085866,92.35590074914134,25
yru,-49.43410957697433,74.56589042302566,25
jir,-75.7682238346803,71.2317761653197,25
jyn,-79.44324103548155,68.55675896451845,25
lzv,-38.321287133662025,19.678712866337975,25
vqx,-76.36642676660921,29.633573233390788,25
gwk,-18.940291989185287,7.059708010814712,25
smt,-60.10322179065777,91.89677820934223,25
xmr,-28.060360283119564,9.939639716880436,25
pjd,-7.043623237854001,27.956376762146,25
klo,-50.4502987173359,86.5497012826641,25
rdj,-50.52774721672134,32.47225278327866,25
nhw,-16.569136659101737,45.43086334089826,25
xnd,-82.8266327436769,37.17336725632311,25
wui,-84.39436854232085,89.60563145767915,25
vbi,-77.4788540669759,61.5211459330241,25
uzn,-72.19925777996163,30.800742220038366,25
qqw,-97.30284586321277,12.697154136787235,25
ivg,-38.35974007092295,16.640259929077047,25
ovf,-92.25461785311377,10.745382146886223,25
ubq,-9.103900530417832,20.89609946958217,25
djg,-86.29560427468346,31.704395725316544,25
mgv,-34.095924791970255,41.904075208029745,25
bsm,-28.361679136095805,21.638320863904195,25
cim,-18.13912020884805,29.86087979115195,25
utr,-43.16515076611988,97.83484923388012,25
chx,-40.80827377283319,35.19172622716681,25
vwo,-91.92017102320774,30.07982897679226,25
wth,-79.51069676720304,2.4893032327969618,25
pxr,-15.904407471732823,42.095592528267176,25
tms,-88.8349157485229,41.165084251477104,25
hkj,-76.8365889932394,29.1634110067606,25
wog,-67.8806608819734,84.1193391180266,25
wca,-23.8568948487723,39.1431051512277,25
enx,-8.404486089945173,80.59551391005483,25
qxc,-44.44205095974094,46.55794904025906,25
cpo,-40.86391142925539,14.13608857074461,25
mjk,-26.136781443367653,32.86321855663235,25
wbk,-4.782076018637714,29.217923981362286,25
xvn,-15.270519358661346,6.729480641338654,25
wto,-45.58697481268754,95.41302518731246,25
yxx,-96.21027808746207,74.78972191253793,25
veo,-32.97885009736882,90.02114990263118,25
tar,-18.598341744459443,81.40165825554055,25
lxr,-86.82356655095543,51.176433449044566,25
dop,-13.04343796546683,67.95656203453316,25
gvc,-61.09974904630783,77.90025095369218,25
opw,-9.086148641106222,11.913851358893778,25
flz,-31.34563786041447,61.65436213958553,25
tlc,-82.6873190786441,25.312680921355902,25
dmd,-3.6686957998134697,48.33130420018653,25
uyl,-94.35943832996823,21.640561670031776,25
xmh,-88.88145496458955,31.118545035410456,25
stc,-80.97784160042973,12.022158399570271,25
vxa,-29.627496712479456,83.37250328752054,25
srn,-49.493143677205,40.506856322795,25
gir,-76.23921440854478,55.76078559145521,25
jry,-92.24795991338955,51.75204008661045,25
kxj,-46.91684609943938,91.08315390056062,25
xve,-31.931285335944406,39.0687146640556,25
irh,-28.464431488390463,3.5355685116095366,25
rko,-76.48751272916085,84.51248727083915,25
yzk,-92.87275201026546,45.12724798973454,25
hnt,-2.609686240628528,71.39031375937147,25
huw,-17.06356609011596,57.936433909884045,25
vtr,-70.50312713420345,81.49687286579655,25
sts,-58.86872901960108,26.131270980398916,25
