lqr,-10.186820483373296,11.813179516626704,25
vtu,-14.830406332291288,82.16959366770871,25
qzy,-51.890644516567704,37.109355483432296,25
vuk,-48.89602455310028,45.10397544689972,25
ooc,-54.123892814273816,64.87610718572618,25
noc,-11.031918531217869,60.96808146878213,25
hvd,-83.91095864804319,67.08904135195681,25
xyv,-55.37673566927667,62.62326433072333,25
rkk,-96.79604876755599,88.20395123244401,25
ysm,-26.92528889924504,15.074711100754962,25
qck,-39.72368967108657,60.27631032891343,25
wfl,-39.10188758995096,75.89811241004904,25
ndk,-23.145767167645147,81.85423283235485,25
cuk,-52.41381925824344,73.58618074175656,25
lof,-47.030862121011054,35.969137878988946,25
aqh,-77.41653226986344,15.583467730136567,25
bol,-13.948129565785639,71.05187043421436,25
xyn,-89.47714473128246,49.522855268717535,25
rgl,-22.71788037543649,39.28211962456351,25
svm,-77.76515337006906,42.23484662993094,25
sta,-27.60568169306411,64.39431830693589,25
kwj,-95.08174522991574,86.91825477008426,25
qgq,-85.4574600811832,85.5425399188168,25
rum,-70.85208472913901,59.147915270860985,25
lnm,-13.337545533855067,11.662454466144933,25
htv,-55.15558176693893,62.84441823306107,25
xed,-95.0225744220948,52.977425577905194,25
qwv,-4.601703216665874,20.398296783334125,25
vqa,-59.97859667024351,82.02140332975648,25
omt,-70.7196599741464,35.2803400258536,25
usv,-93.0143990896775,27.9856009103225,25
hdo,-90.39064779431081,0.6093522056891937,25
bkz,-41.45477409798137,12.545225902018629,25
src,-44.262816518971924,0.7371834810280755,25
brg,-41.089232975428956,48.910767024571044,25
dpe,-77.67683467393846,59.32316532606155,25
aqc,-64.06241411016997,6.937585889830036,25
fce,-70.1210710048282,14.878928995171806,25
bij,-44.1500576050392,40.8499423949608,25
dyn,-38.3810763384145,45.6189236615855,25
aur,-60.04350012270586,55.95649987729414,25
acy,-56.578132162201776,59.421867837798224,25
ssf,-35.37554023639285,70.62445976360715,25
wgn,-27.661133560686153,42.33886643931385,25
fog,-93.46644949270159,75.53355050729841,25
zqo,-2.1268969775180624,70.87310302248194,25
bbp,-30.7531983800348,18.2468016199652,25
cwl,-83.53191284933696,22.46808715066304,25
qfc,-55.49812314728463,68.50187685271537,25
pnq,-75.88715079905454,24.112849200945455,25
ecy,-56.77418829407885,77.22581170592115,25
uqb,-12.668333853844343,7.331666146155657,25
mxa,-19.269510656748874,82.73048934325112,25
znb,-27.50028524509787,91.49971475490213,25
isl,-77.82102195374011,17.17897804625989,25
oxw,-35.45724324476598,2.542756755234018,25
lvs,-85.30636365876458,90.69363634123542,25
yds,-79.0951424588792,93.9048575411208,25
qdm,-77.49462742692478,98.50537257307522,25
nov,-28.5613212767373,15.438678723262699,25
opf,-45.36006073023745,17.63993926976255,25
cqu,-22.551881098474983,7.448118901525019,25
dqw,-82.69752555443291,42.302474445567086,25
gaw,-78.77716999677526,29.22283000322474,25
fjb,-55.44789543833985,11.552104561660151,25
qfs,-49.51126751157894,77.48873248842105,25
mwk,-27.46872840439332,61.53127159560668,25
hmg,-57.37384342252305,60.62615657747695,25
zvi,-85.51540775045265,16.48459224954735,25
qdw,-91.45022786831842,51.54977213168158,25
dub,-20.278411774874286,39.721588225125714,25
ihz,-8.050236174510175,0.9497638254898256,25
bhv,-50.95372327738982,70.04627672261019,25
hte,-65.45680107780996,63.54319892219005,25
jpl,-85.19463154723799,59.805368452762,25
vjw,-18.954139179719213,80.0458608202808,25
zjp,-10.489152705884177,88.51084729411582,25
dhp,-9.042600515179833,8.957399484820167,25
kfj,-50.23182070092925,85.76817929907075,25
ywm,-72.18982746704536,26.810172532954635,25
bnr,-2.1850705444509413,30.81492945554906,25
wqg,-2.883287395739581,54.11671260426042,25
jfx,-6.120554175426433,20.87944582457357,25
lvw,-30.556859141394916,89.44314085860509,25
cke,-36.18495773124557,55.81504226875443,25
xky,-43.891930330936525,92.10806966906348,25
kiq,-9.23571890782014,92.76428109217986,25
oaa,-46.13009822306861,33.86990177693139,25
mie,-33.985512032473125,19.01448796752688,25
dmx,-84.34297045204852,31.657029547951478,25
ole,-59.07873636871864,95.92126363128136,25
enn,-2.792748704028777,46.207251295971226,25
gpc,-47.08018790719113,72.91981209280887,25
vjn,-66.63545173775074,56.36454826224926,25
ylc,-5.77416586676019,80.22583413323981,25
chl,-21.81608220799487,64.18391779200513,25
ggb,-48.730928318597726,53.269071681402274,25
mvo,-95.87783080254142,14.122169197458568,25
qyb,-84.0495640670324,78.9504359329676,25
umc,-16.719760158077257,54.28023984192274,25
xrx,-20.79362899578719,68.20637100421281,25
