ked,-30.060220960468044,12.939779039531956,500
zzn,-79.34829407325246,92.65170592674754,500
xqi,-29.586711169427172,56.413288830572824,500
ixw,-1.3442947752540184,88.65570522474599,500
ssp,-81.12009496417254,6.879905035827463,500
cfx,-44.88571798912484,85.11428201087516,500
mdh,-18.693273861421083,5.3067261385789175,500
glm,-69.03358063955388,62.966419360446125,500
wwx,-89.28471500605212,49.71528499394788,500
qrv,-9.450741311520048,53.54925868847995,500
gwp,-4.862295873501726,21.137704126498274,500
bde,-38.266080901540064,17.733919098459936,500
uqr,-44.794746262563024,40.205253737436976,500
pqo,-33.29030123089083,33.70969876910917,500
pwv,-69.81692156183391,88.18307843816609,500
jtt,-0.2473814077700902,98.75261859222991,500
jwg,-62.6782317939296,9.3217682060704,500
rit,-74.69028058917321,46.30971941082679,500
jjo,-61.9435891479906,91.05641085200939,500
zlx,-31.42546150156222,25.57453849843778,500
mbg,-54.35349883243117,30.64650116756883,500
rqv,-60.66294937908295,3.3370506209170445,500
rbm,-46.59792483580013,45.40207516419987,500
lql,-58.03685334772332,70.96314665227668,500
xbu,-38.45838954293166,55.54161045706834,500
boj,-55.1176508897699,86.88234911023011,500
yvm,-90.44553381432347,30.554466185676535,500
uuz,-93.99793367615669,54.00206632384331,500
kfj,-17.86848908675667,49.13151091324333,500
plx,-55.99301852905434,84.00698147094566,500
gwc,-55.91246461069119,66.08753538930881,500
ptk,-54.12190602631654,52.87809397368346,500
guk,-55.91837167092206,85.08162832907793,500
zzk,-52.41385356876128,14.586146431238719,500
wtp,-10.92544432879918,5.0745556712008195,500
ebk,-39.09406853626427,38.90593146373573,500
swi,-48.97756554299294,52.02243445700706,500
hdo,-33.28517496872958,31.71482503127042,500
niz,-26.051598600559277,46.94840139944072,500
ips,-89.17618785520797,7.8238121447920275,500
gmd,-70.61047735213559,98.38952264786441,500
eao,-31.029515679204778,29.970484320795222,500
wza,-80.07081468294086,15.929185317059142,500
rzv,-72.8537907050265,4.146209294973506,500
qju,-26.752573661251844,36.247426338748156,500
imz,-46.79610309966742,20.20389690033258,500
cif,-82.94285464839756,89.05714535160244,500
spe,-80.18346869012967,20.81653130987032,500
oce,-61.710989048781904,66.28901095121809,500
psx,-43.584794035276516,57.415205964723484,500
mob,-61.4115345443561,82.5884654556439,500
qwn,-84.55062419343653,76.44937580656347,500
lao,-11.13460939196985,37.86539060803015,500
hyz,-41.006902197424644,63.993097802575356,500
xig,-46.508521921191665,65.49147807880833,500
fcy,-27.186653205604443,34.81334679439556,500
saj,-22.642741003409128,4.35725899659087,500
ewx,-37.64813458665719,5.351865413342809,500
ojs,0.36077750970826006,94.36077750970826,500
nlm,-33.56281954656516,1.4371804534348382,500
myi,-59.372348497172794,62.627651502827206,500
iyx,-56.6494015757664,79.35059842423361,500
xnb,-26.9432508549664,71.0567491450336,500
wyl,-47.01252644091128,67.98747355908871,500
abm,-60.63590447287859,57.36409552712141,500
fez,-21.33880850036867,94.66119149963133,500
mwe,-87.52855956179869,98.47144043820131,500
dya,-31.94870356786568,30.05129643213432,500
gtf,-56.65915296149708,63.34084703850292,500
ddb,-20.910927611003032,18.089072388996968,500
zga,-64.61898055972546,18.381019440274542,500
rsk,-92.49755507070633,39.502444929293674,500
lif,-67.15470561176956,47.84529438823044,500
ueo,-8.00048567167998,53.99951432832002,500
iwf,-8.708054355539895,2.291945644460105,500
oti,-72.99479053500913,79.00520946499087,500
eik,-84.48414585873911,18.51585414126089,500
uka,-3.9235894338796222,18.076410566120376,500
svy,-46.14651362104885,38.85348637895115,500
fas,-63.438063781402796,91.56193621859721,500
fmd,-1.7299844916574418,69.27001550834255,500
mke,-45.976321797313744,35.023678202686256,500
cvk,-97.03623159614071,20.963768403859294,500
xub,-52.33751683195752,85.66248316804248,500
wyu,-61.56367995261752,90.43632004738248,500
ayv,-38.411771488800845,65.58822851119916,500
fpi,-3.898854684690358,8.101145315309642,500
ftq,0.1612182650579025,92.1612182650579,500
wzq,-93.11874164282504,73.88125835717496,500
sdk,-71.04402768067924,13.955972319320761,500
stk,-59.48888981699939,32.51111018300061,500
aun,-0.5562756189611933,48.443724381038805,500
zxf,-49.4331880808941,41.5668119191059,500
dfg,-24.247842557606827,28.752157442393173,500
evp,-60.60785203702196,89.39214796297804,500
uxz,-94.57130202174318,9.428697978256821,500
ylz,-84.9710895112086,82.0289104887914,500
skx,-17.248188923097803,21.751811076902197,500
svv,-68.42229402531416,43.57770597468585,500
hgu,-36.15735820353372,68.84264179646628,500
duf,-83.47089250802753,0.5291074919724749,500
