ybi,-29.87838499035209,13.12161500964791,500
bop,-67.96865878846657,18.031341211533437,500
pzo,-92.71510836694088,83.28489163305912,500
dlv,-47.07432229120015,85.92567770879985,500
ppp,-29.632271627441014,12.367728372558988,500
rst,-44.10728504894288,71.89271495105713,500
qzr,-9.293948693711107,52.70605130628889,500
aer,-86.5871731514737,64.4128268485263,500
der,-63.782633943534506,56.217366056465494,500
rop,-59.52036822055752,88.47963177944247,500
htj,-9.134532566013817,86.86546743398618,500
ood,0.567188765699431,90.56718876569943,500
icu,-62.96654505012401,52.03345494987599,500
rpj,-67.37848194414586,20.621518055854146,500
leb,-56.73568569701087,98.26431430298913,500
zlg,-92.78152729698542,83.21847270301458,500
zjm,-54.0807046711537,83.9192953288463,500
mav,-87.73377877466747,14.266221225332535,500
xwm,-58.162137708308244,80.83786229169176,500
xlz,-12.473601763742199,92.5263982362578,500
pes,-25.675529093370542,77.32447090662946,500
zyd,-39.59488411071205,14.40511588928795,500
xaq,-62.6801595857321,18.319840414267897,500
eis,-73.02015009855357,95.97984990144643,500
aqy,-24.928167467986807,1.0718325320131923,500
vjm,-5.737825886803397,84.26217411319661,500
vhd,-46.84945384869533,50.15054615130467,500
egn,-31.095346662011764,73.90465333798824,500
enf,-71.70351065561975,2.2964893443802414,500
pwy,-32.80988872237383,88.19011127762617,500
juy,-95.88393863971807,69.11606136028193,500
kbn,-82.92672633741005,34.073273662589955,500
bkd,-88.50499305490318,56.49500694509682,500
guh,-62.615823420526965,70.38417657947303,500
tgs,-75.15237366094391,81.84762633905609,500
bvh,0.5379945178058493,78.53799451780586,500
zbz,-33.709519424430155,91.29048057556984,500
sby,-53.51210954461862,31.487890455381383,500
lvx,-61.59361984075765,67.40638015924235,500
hsg,-34.55962091397835,37.44037908602165,500
lou,-44.19259768248799,57.80740231751201,500
flr,-92.31945512869434,29.68054487130566,500
nxf,-85.96364040483199,34.03635959516801,500
ljv,-10.541438325002005,73.458561674998,500
teq,-67.14835603793856,76.85164396206144,500
epd,-81.2617574565094,55.73824254349059,500
vig,-79.11352578098385,48.88647421901616,500
zhm,-25.153971349335077,23.846028650664923,500
xnm,-57.481137528408766,97.51886247159123,500
qpo,-89.4412244236863,70.5587755763137,500
ssa,-36.2777595287274,80.7222404712726,500
jld,-17.495768484838976,4.504231515161025,500
aot,-34.879929370923804,91.1200706290762,500
xkv,-86.33354418895868,89.66645581104132,500
jcl,-56.427674145361635,64.57232585463836,500
xed,-52.363238250750534,61.636761749249466,500
koj,-82.36666919239953,85.63333080760047,500
npz,-87.86358374727047,41.13641625272953,500
oiy,-82.57497472196607,34.42502527803393,500
tcz,-11.058693519287567,55.941306480712434,500
jpr,-29.849751210126282,93.15024878987371,500
ruz,-72.310164789598,22.68983521040199,500
coi,0.15252597841667193,39.15252597841667,500
eyr,-74.94547883436522,1.0545211656347881,500
ora,-43.80235489475216,41.19764510524784,500
mhz,-0.9838017563359842,29.016198243664014,500
fgs,-91.74101422506442,46.25898577493559,500
dop,-50.287697887311815,47.712302112688185,500
fzg,-6.660261164965376,51.33973883503462,500
klu,-24.365668801892774,37.634331198107226,500
zhh,-14.047466901245132,97.95253309875487,500
mzs,-7.47239021883524,40.52760978116476,500
lct,-18.327321690243604,11.672678309756398,500
dkk,-49.96540948955084,13.034590510449167,500
wvr,-1.236008736498651,80.76399126350135,500
zwc,0.3389351921066581,14.338935192106659,500
hfg,-80.21916742369899,12.780832576301007,500
meq,-43.59390973507395,82.40609026492605,500
krs,-88.94761038382397,19.052389616176026,500
gpl,-59.7573382613664,77.2426617386336,500
wkn,-10.261920952878006,37.73807904712199,500
tqv,-92.9331528562333,85.0668471437667,500
ztl,-31.836704300589716,30.163295699410284,500
cfq,-22.80856376351968,25.19143623648032,500
mln,0.18317715831988657,37.183177158319886,500
fet,-71.9732941112921,30.0267058887079,500
qqv,-75.05329616870138,90.94670383129862,500
use,-9.291995677393418,25.708004322606584,500
tzx,-53.536792125797646,26.463207874202354,500
rre,-6.222314073828154,10.777685926171845,500
kti,-70.3067296282167,56.6932703717833,500
oep,-76.30160254651832,86.69839745348168,500
bwt,-60.613907693950104,17.3860923060499,500
opq,-63.92968462859376,40.07031537140624,500
vfu,-56.87245134763398,22.127548652366023,500
fuw,-96.92519048307777,63.07480951692224,500
pwk,-19.200899378349224,33.79910062165078,500
jtn,-96.75429145539174,34.24570854460827,500
skd,-11.44081242126832,17.55918757873168,500
cgq,-79.00867516463873,65.99132483536127,500
bhe,-61.203073527340244,70.79692647265975,500
