m,-44.267547944248925,79.73245205575107,1000
t,-88.9927413107485,20.0072586892515,1000
j,-81.74466653009883,64.25533346990117,1000
t,-66.14177412634446,45.85822587365555,1000
t,-2.9433724463602693,2.0566275536397307,1000
p,-44.23206794135331,36.76793205864669,1000
d,-46.16282667262301,11.837173327376988,1000
j,0.027348679185096647,11.027348679185097,1000
o,-83.5149081906748,60.485091809325205,1000
m,-35.04867267740737,85.95132732259263,1000
n,-32.03368611309177,31.96631388690823,1000
x,-95.46101121993594,11.538988780064056,1000
r,-40.568941306081676,13.431058693918326,1000
f,-82.62441142874313,8.375588571256873,1000
p,-12.819237211335684,51.18076278866432,1000
e,-45.10384852793978,64.89615147206023,1000
h,-89.29128460249844,45.708715397501564,1000
q,-4.489790238629102,35.510209761370895,1000
u,-16.323100975883193,73.6768990241168,1000
d,-81.76168149957216,98.23831850042784,1000
l,-63.19439985935387,8.805600140646126,1000
x,-37.285569193652876,90.71443080634712,1000
e,-48.250667144067265,67.74933285593274,1000
d,-78.10527362457819,15.894726375421815,1000
k,-23.145306472129423,95.85469352787058,1000
v,-81.720122996647,57.279877003353,1000
y,-12.909536571923907,91.09046342807609,1000
l,-58.306049921951015,85.69395007804899,1000
u,-29.23876096849361,74.76123903150639,1000
e,-11.134357149650974,13.865642850349026,1000
s,-4.541096912120343,91.45890308787966,1000
g,-18.77799444814776,72.22200555185225,1000
e,-38.41211892938193,24.58788107061807,1000
q,-36.730364001289374,17.269635998710626,1000
k,-44.42246024972621,94.57753975027379,1000
z,-18.67701396557007,60.32298603442993,1000
w,-27.792050441888065,55.207949558111935,1000
n,-83.52203366164247,1.4779663383575383,1000
q,-81.27730082087146,3.7226991791285347,1000
a,-45.624777906702626,44.375222093297374,1000
y,-10.1025771858141,9.8974228141859,1000
m,-48.89377856941414,68.10622143058586,1000
i,-84.2195785920249,58.78042140797509,1000
n,-35.451481267308644,43.548518732691356,1000
p,-28.84968788592923,68.15031211407077,1000
z,-14.136892140370902,75.8631078596291,1000
v,-72.49332036564444,11.50667963435556,1000
u,-2.969000598507144,47.030999401492856,1000
h,-18.363230098864015,93.63676990113598,1000
u,-89.56565096064527,36.434349039354736,1000
r,-82.51191699249514,23.48808300750486,1000
g,-68.42360733465166,78.57639266534834,1000
p,-30.146686429140495,84.85331357085951,1000
y,-75.82968088745407,64.17031911254593,1000
q,-19.68159400994825,48.31840599005175,1000
x,-90.38383513165877,35.61616486834124,1000
j,-17.630201298649695,80.3697987013503,1000
j,-64.6448385589507,25.35516144104931,1000
g,-80.8918497253741,96.1081502746259,1000
h,-45.28835702259348,2.7116429774065223,1000
e,-60.67400713329084,62.32599286670916,1000
x,-9.252031649355084,59.74796835064492,1000
v,-79.16455548399256,37.835444516007435,1000
o,-96.10391644391594,84.89608355608406,1000
k,-78.99332102265316,13.006678977346832,1000
z,-2.378165635513919,15.62183436448608,1000
z,-1.778638550722866,5.2213614492771345,1000
c,-84.71195214895576,82.28804785104424,1000
n,-73.75392203546224,78.24607796453776,1000
g,-70.43073710497391,30.569262895026085,1000
c,-40.6735976868547,42.3264023131453,1000
e,-84.81943570738134,60.180564292618655,1000
r,-90.48669017804724,94.51330982195276,1000
v,-90.77737488692387,71.22262511307613,1000
v,-95.01851555665606,83.98148444334394,1000
r,-5.216075717327776,88.78392428267222,1000
d,-82.37533459316363,56.624665406836364,1000
m,-97.99977977744437,44.00022022255562,1000
a,-53.916983426317906,5.083016573682093,1000
g,-32.413225864146405,31.58677413585359,1000
v,-91.82086400208352,62.17913599791648,1000
z,-35.30962325780063,84.69037674219936,1000
v,-15.897968497049062,19.102031502950936,1000
r,-54.92307561574339,15.076924384256605,1000
h,-77.93089674283667,76.06910325716333,1000
s,0.911773504080065,80.91177350408006,1000
y,-58.887407421180484,35.112592578819516,1000
s,-74.43178390479095,30.56821609520905,1000
m,-71.41740302162364,31.58259697837635,1000
k,-9.480705274302052,95.51929472569795,1000
n,-56.48544646423723,48.51455353576277,1000
l,-12.698319031066452,71.30168096893355,1000
x,-41.421640540127115,56.578359459872885,1000
z,-51.1902541562219,40.8097458437781,1000
s,-70.24257102359599,98.75742897640401,1000
r,-87.36549437487214,40.634505625127865,1000
s,-15.273629800390863,67.72637019960914,1000
r,-64.44466777589,74.55533222411,1000
q,-30.422511159946364,71.57748884005363,1000
h,-82.09342789858354,15.906572101416463,1000
q,-60.71919347799834,27.28080652200166,1000
r,-66.81926954399736,64.18073045600264,1000
o,-53.92826433310975,54.07173566689025,1000
v,-39.04982622270575,65.95017377729425,1000
s,-89.37176690076791,48.628233099232084,1000
c,-10.842384672622487,54.15761532737751,1000
i,-4.15693318811856,29.84306681188144,1000
x,-4.786455436050238,97.21354456394977,1000
d,-77.66671948158198,27.333280518418018,1000
b,-13.35030624465124,11.64969375534876,1000
q,-71.68388232016054,84.31611767983946,1000
m,-32.382161000418044,72.61783899958195,1000
l,-41.372725858352595,1.627274141647405,1000
o,-96.99793961945825,69.00206038054175,1000
z,-21.099911083684102,77.9000889163159,1000
e,-41.023952992606034,33.976047007393966,1000
l,-6.075212755071392,4.924787244928608,1000
l,-41.272439002171545,73.72756099782846,1000
r,-19.690509910253585,28.309490089746415,1000
e,-61.667489514328544,88.33251048567145,1000
x,-15.359447054516528,32.64055294548347,1000
l,-78.01989796859597,72.98010203140403,1000
i,-73.99456115396382,32.005438846036185,1000
d,-91.29762661192842,90.70237338807158,1000
e,-37.12011844221403,45.87988155778597,1000
b,-82.32528053941093,71.67471946058907,1000
s,-51.518613266628726,58.481386733371274,1000
z,-69.47401727791036,68.52598272208964,1000
t,-17.039968351670442,76.96003164832956,1000
q,-87.20548499737403,68.79451500262597,1000
e,-17.269367809673177,59.73063219032682,1000
r,-5.87738732012418,20.122612679875818,1000
s,-78.36423030373311,60.6357696962669,1000
a,-28.912119352165956,52.08788064783404,1000
h,-20.145645222679594,36.85435477732041,1000
c,-3.1203363770745556,59.87966362292544,1000
o,-68.10015120351302,57.89984879648698,1000
s,-33.63624087813568,74.36375912186432,1000
v,-3.281285067214278,41.71871493278572,1000
y,-84.5497912236877,22.450208776312287,1000
t,-87.16003381769217,16.839966182307833,1000
r,-46.06113077807734,92.93886922192266,1000
o,-72.58520222648346,19.41479777351654,1000
w,-6.143532018280603,81.85646798171939,1000
y,-89.90816600968166,52.09183399031834,1000
x,-8.879360666965272,0.12063933303472685,1000
x,-7.969055516938782,87.03094448306122,1000
q,-61.512165236698934,32.487834763301066,1000
j,-81.00852645822661,74.99147354177339,1000
n,-12.805682865301408,80.1943171346986,1000
n,-69.85376102715686,68.14623897284314,1000
v,-79.44309092957212,11.556909070427873,1000
q,-58.15046283569022,6.849537164309781,1000
s,-58.46860805302942,74.53139194697059,1000
t,-75.03238750742241,25.96761249257758,1000
m,-67.0350660354118,84.9649339645882,1000
g,-5.8780958130054435,54.121904186994556,1000
q,-74.9525974718579,57.0474025281421,1000
v,-30.63224682720974,92.36775317279026,1000
y,-96.79272758842166,2.2072724115783418,1000
o,-43.48515408198059,59.51484591801941,1000
y,-12.687580851154564,54.312419148845436,1000
s,-78.5357925330735,41.464207466926496,1000
f,-66.61974820762883,92.38025179237117,1000
i,-89.92870379304925,35.07129620695075,1000
y,-57.83743295889014,77.16256704110987,1000
g,-40.09527609172828,58.90472390827172,1000
m,-15.209107780671019,72.79089221932898,1000
f,-44.00709514758673,42.99290485241327,1000
b,-89.61306588344685,36.38693411655315,1000
r,-63.28552790324538,39.71447209675462,1000
u,-30.023920310091427,58.97607968990857,1000
a,-56.128383525473275,57.871616474526725,1000
w,-17.818103944517166,48.18189605548283,1000
h,-21.912461697229865,36.087538302770135,1000
e,-95.93452421421159,85.06547578578841,1000
c,-57.66171132214021,50.33828867785979,1000
a,-58.58727089507644,17.412729104923557,1000
k,-48.93633994575449,49.06366005424551,1000
e,-83.29814155806267,49.70185844193733,1000
a,-80.12716340508089,7.872836594919113,1000
k,-28.64977453440578,90.35022546559422,1000
v,-10.28429534346288,17.71570465653712,1000
t,-80.23259286656379,30.767407133436212,1000
f,-71.85589155461263,58.14410844538737,1000
l,-96.12094199665778,27.879058003342223,1000
f,-18.363717901072636,36.63628209892736,1000
l,-17.18886282443089,25.81113717556911,1000
l,-72.91528281125291,73.08471718874709,1000
q,-47.940919534439914,55.059080465560086,1000
u,-45.567299862121814,50.432700137878186,1000
m,-81.1058917805248,78.8941082194752,1000
l,-30.977699498745118,76.02230050125488,1000
s,-95.98544360674106,9.014556393258946,1000
r,-43.178288358575564,32.821711641424436,1000
g,-43.84899451832597,1.1510054816740256,1000
h,-71.95701329066755,53.04298670933245,1000
c,-58.35206726007493,11.647932739925071,1000
y,-52.85789215502386,67.14210784497614,1000
k,-37.651954438313126,48.348045561686874,1000
a,-85.72852211719649,59.2714778828035,1000
z,-92.65058947850795,13.34941052149205,1000
x,-86.72237024648568,44.27762975351432,1000
b,-20.344760460012537,92.65523953998746,1000
z,-7.39772911401087,87.60227088598913,1000
w,-40.33181473813482,74.66818526186518,1000
r,-38.31200819061381,69.68799180938619,1000
v,-27.050874908655185,65.94912509134481,1000
j,-3.6702127077295934,7.329787292270407,1000
n,-17.240165670063384,55.759834329936616,1000
a,-73.41463917391533,61.58536082608466,1000
b,-13.67242499748043,71.32757500251957,1000
f,-5.304822147871852,7.695177852128148,1000
s,-91.24397078882271,13.756029211177296,1000
j,-18.66693061984256,54.33306938015744,1000
u,-57.06037200532519,25.93962799467481,1000
x,-72.32856102444694,9.671438975553054,1000
n,-55.08109011022736,65.91890988977264,1000
k,-11.394510714128675,60.60548928587133,1000
h,-16.145153406412785,29.854846593587215,1000
k,-39.17830827928275,27.821691720717247,1000
y,-32.677656975840875,16.32234302415912,1000
h,-91.49634751579926,72.50365248420074,1000
m,-12.733574673673239,26.26642532632676,1000
o,-7.884954765040992,34.115045234959005,1000
a,-0.1663346493809693,35.83366535061903,1000
n,-10.940695020236564,13.059304979763436,1000
t,-95.35942150094579,0.6405784990542077,1000
q,-91.64597806664665,35.354021933353344,1000
m,-38.383175105545924,0.6168248944540787,1000
e,-20.976837035483005,1.023162964516995,1000
o,-38.90246053265817,8.097539467341832,1000
x,-29.089706883845487,35.91029311615451,1000
x,-1.8698248388054692,26.13017516119453,1000
f,-45.23132420595765,88.76867579404235,1000
a,0.2550843505330599,49.25508435053306,1000
t,-33.390454822278954,6.609545177721047,1000
p,-9.471367249896293,40.52863275010371,1000
z,-77.95042793177608,60.04957206822392,1000
l,-67.341137527632,44.658862472368,1000
q,-79.44848809611891,73.55151190388109,1000
c,-84.88342074686568,96.11657925313432,1000
h,-82.67679172995042,5.323208270049572,1000
g,-95.74419959296506,58.25580040703494,1000
g,-73.29402622610927,98.70597377389073,1000
d,-88.63435309231208,66.36564690768792,1000
a,-49.409348815979705,86.5906511840203,1000
x,-1.853308891630209,67.1466911083698,1000
u,-52.84723332056923,67.15276667943077,1000
c,-78.84981532917824,66.15018467082176,1000
w,-52.264506391461644,30.735493608538356,1000
v,-80.01033117049899,6.989668829501007,1000
f,-14.070363909911576,17.929636090088426,1000
i,-40.93045389791083,80.06954610208916,1000
s,-82.41678379334414,3.5832162066558597,1000
y,-15.266246693982223,74.73375330601777,1000
u,-76.226782972081,10.773217027919003,1000
x,-28.30813657767348,14.69186342232652,1000
b,-56.97774846803058,50.02225153196942,1000
h,-51.568900414466796,31.431099585533204,1000
g,-24.37181935730113,80.62818064269887,1000
d,-61.9395592600985,70.06044073990151,1000
y,-24.68632826025131,27.31367173974869,1000
n,-63.737862041581195,84.2621379584188,1000
b,-18.048020361514773,45.95197963848523,1000
s,-94.66881115104957,77.33118884895043,1000
w,-28.60100282415897,47.398997175841025,1000
g,-97.65327264725461,90.34672735274539,1000
i,-68.83420767337279,53.16579232662721,1000
o,-42.1156201534724,49.8843798465276,1000
u,-96.57942659658167,17.420573403418327,1000
x,0.3799041713135417,52.37990417131354,1000
g,-44.81700583753316,95.18299416246684,1000
w,-64.05791674612179,31.942083253878202,1000
d,-34.083310008541204,89.9166899914588,1000
k,-14.32390555172929,28.67609444827071,1000
z,-87.28982192745501,2.710178072544993,1000
g,-75.74630294500598,95.25369705499402,1000
h,-32.05301904231197,1.9469809576880277,1000
j,-65.3727577203772,85.6272422796228,1000
q,-37.83615670341572,93.16384329658429,1000
j,-51.810044715143896,89.1899552848561,1000
f,-54.71761556606431,11.282384433935688,1000
a,-93.236352802061,31.76364719793899,1000
b,-97.31826960342146,50.681730396578544,1000
a,-86.1859047014982,59.8140952985018,1000
x,-58.32775974854634,68.67224025145366,1000
p,-48.37258253561151,65.6274174643885,1000
m,-76.9042299680016,70.0957700319984,1000
a,-95.8995379423434,95.1004620576566,1000
e,-54.19778791386983,84.80221208613017,1000
u,-26.84560362973185,96.15439637026815,1000
r,-71.84219283826883,50.157807161731164,1000
u,-56.293691745448136,82.70630825455186,1000
h,-67.6700419135521,33.3299580864479,1000
w,-60.111371084699456,94.88862891530054,1000
r,-80.85118706781236,61.148812932187646,1000
l,-67.7759252497946,33.224074750205396,1000
i,-65.44391676323026,71.55608323676974,1000
v,-85.07548037742471,37.92451962257529,1000
g,-32.70227154603198,19.29772845396802,1000
c,-83.66121761001875,83.33878238998125,1000
g,-77.60621141103152,96.39378858896848,1000
h,-62.076148539959355,8.923851460040643,1000
z,-61.711775855291016,25.288224144708984,1000
q,-57.99680054209352,44.00319945790648,1000
s,-8.078792092227093,51.9212079077729,1000
s,-16.142355953520923,35.85764404647907,1000
u,-84.16554525130812,81.83445474869188,1000
a,-47.2606021627357,21.739397837264303,1000
t,-35.897356202037635,91.10264379796236,1000
u,-50.48229637972839,46.51770362027161,1000
l,-51.249127822271916,91.75087217772808,1000
x,-42.46037290038189,39.53962709961811,1000
q,-72.54800318313364,23.45199681686636,1000
g,-89.19205701199353,90.80794298800647,1000
t,-9.537277513083682,59.46272248691632,1000
s,-27.285703196068184,29.714296803931816,1000
z,-77.98194073773722,29.01805926226279,1000
h,-16.38652764984446,48.61347235015554,1000
z,-38.96473178960466,24.035268210395337,1000
x,-85.04871492220687,82.95128507779313,1000
d,-40.46052959069195,48.53947040930805,1000
c,-43.46684830536288,19.53315169463712,1000
j,-45.91510830561278,90.08489169438721,1000
v,-35.2934783694775,7.706521630522504,1000
g,-92.0889525009907,90.9110474990093,1000
o,-69.39016791063762,11.609832089362383,1000
y,-39.97296288926528,27.027037110734714,1000
d,-36.67664772425116,8.323352275748839,1000
x,-55.65408009641439,53.34591990358561,1000
z,-67.53778022688338,57.46221977311662,1000
c,-80.68377141321908,28.31622858678092,1000
y,-1.4862533161221467,35.513746683877855,1000
i,-78.64773364121115,19.352266358788853,1000
v,-46.4175969121374,4.582403087862603,1000
p,-69.1047550228656,75.8952449771344,1000
a,-25.180076160244226,80.81992383975577,1000
v,-22.42612806366353,50.573871936336474,1000
e,-27.57260343451423,17.42739656548577,1000
h,-14.286463178412388,78.71353682158761,1000
n,-30.380345966069857,84.61965403393015,1000
b,-79.62292080843999,3.377079191560017,1000
e,-2.036904149816607,40.96309585018339,1000
y,-97.52918437186587,64.47081562813413,1000
f,-7.411882388509519,91.58811761149047,1000
r,-30.02875215313082,32.971247846869176,1000
u,-56.66256640898985,98.33743359101014,1000
y,-87.94271078020066,45.057289219799344,1000
y,-70.38885958663944,53.61114041336056,1000
o,-20.911744483624567,73.08825551637543,1000
a,-33.46921470062106,12.530785299378943,1000
o,-14.636265558779968,95.36373444122003,1000
b,-82.33787019471605,96.66212980528395,1000
y,-78.79000481276567,59.209995187234334,1000
b,-54.89288720153206,62.10711279846794,1000
r,-0.8269759819969981,47.173024018003005,1000
a,-27.00109251686254,0.9989074831374617,1000
l,-21.17824405932887,77.82175594067114,1000
k,-60.22561030582302,57.77438969417698,1000
r,-46.69742089463334,41.30257910536666,1000
z,-31.02592905457672,50.97407094542328,1000
x,-65.43165899815855,94.56834100184145,1000
v,-42.612032926798484,19.38796707320152,1000
d,-3.5922169894225138,95.40778301057749,1000
d,-44.2433808733158,73.7566191266842,1000
d,-19.60929648966065,23.39070351033935,1000
s,-72.63307223417709,36.3669277658229,1000
y,-68.200089801661,40.799910198339,1000
x,-88.786665940183,75.213334059817,1000
s,-87.94886815693661,5.051131843063392,1000
g,-94.53121155430848,5.468788445691521,1000
i,-35.50289823776664,81.49710176223337,1000
r,-94.26880148474918,5.7311985152508225,1000
k,-89.41739012201178,91.58260987798822,1000
t,-29.741069832386177,62.258930167613826,1000
j,-92.94605167325959,78.05394832674041,1000
p,-77.73906644602637,93.26093355397363,1000
c,-14.393759228382333,24.606240771617667,1000
h,-86.47684090464796,21.523159095352035,1000
d,-33.57538561966014,10.42461438033986,1000
z,-72.7851829440056,29.214817055994402,1000
h,-1.2435462201341805,92.75645377986582,1000
v,-60.388807834507915,8.611192165492088,1000
u,-19.70791371026025,61.29208628973975,1000
q,-19.60787341473927,91.39212658526073,1000
w,-93.40752533045818,4.592474669541822,1000
i,-50.721643158386335,89.27835684161367,1000
h,-12.105919161864664,26.894080838135338,1000
e,-69.5420428566005,84.4579571433995,1000
v,-88.14565864983008,84.85434135016992,1000
h,-21.168294728766636,1.8317052712333646,1000
q,-36.37320838363532,61.62679161636468,1000
w,-43.45871133819585,75.54128866180415,1000
r,-96.30317232871191,75.69682767128809,1000
l,-79.89523185969298,61.104768140307016,1000
t,-82.3554074281072,15.644592571892806,1000
u,-35.64152383033789,27.358476169662115,1000
k,-17.696082125165635,26.303917874834365,1000
n,-36.76140462437376,86.23859537562625,1000
x,-6.607160060110033,98.39283993988997,1000
k,-63.40075871936921,38.59924128063079,1000
v,-20.7426669335752,85.25733306642479,1000
g,-20.45857046747496,84.54142953252504,1000
z,-31.626532666953402,8.373467333046596,1000
v,-74.1382866476602,9.861713352339804,1000
t,-46.565400632491475,5.434599367508527,1000
q,-83.43602101693746,96.56397898306254,1000
f,-60.83068651103422,91.16931348896577,1000
n,-56.24206165462969,26.757938345370313,1000
u,-7.539856278899857,82.46014372110014,1000
n,-71.65851187973927,31.341488120260742,1000
y,-27.126840424341317,82.87315957565868,1000
c,-29.252365997870637,73.74763400212936,1000
k,-13.7009250727944,59.2990749272056,1000
i,-44.99902213879071,7.000977861209296,1000
s,-61.57317831397061,17.426821686029392,1000
j,-1.1051319669412878,13.894868033058712,1000
k,-69.84304369613865,9.156956303861351,1000
f,-61.64175305975048,36.35824694024952,1000
p,-9.344770165870251,62.65522983412975,1000
j,-61.995687331012284,22.00431266898772,1000
p,-66.37639193810492,88.62360806189508,1000
z,-12.457733738461542,14.542266261538458,1000
d,-46.28685380672348,27.71314619327652,1000
z,-14.588272956187792,57.411727043812206,1000
q,-13.242653631268944,18.757346368731056,1000
i,-67.05816111896472,44.94183888103529,1000
a,-26.97490530961096,77.02509469038904,1000
g,-60.10416846846884,52.89583153153116,1000
i,-19.441791158995596,41.5582088410044,1000
t,-25.282696969307263,5.717303030692738,1000
u,-57.780507592021124,96.21949240797888,1000
u,-56.88187378260182,91.11812621739818,1000
s,-18.84868536641055,93.15131463358945,1000
a,-52.994072825522025,72.00592717447797,1000
g,-15.327096885093956,35.67290311490604,1000
m,-46.888026988552795,48.111973011447205,1000
o,-55.6379273362206,48.3620726637794,1000
q,-62.872871000074156,69.12712899992584,1000
v,-57.598947396231345,19.401052603768658,1000
i,-45.59798951828295,38.40201048171705,1000
t,-97.03033446390137,30.969665536098628,1000
j,-94.33594508834092,65.66405491165908,1000
a,-89.4677146002824,95.5322853997176,1000
h,-41.82258550368607,18.177414496313926,1000
p,-66.76980760013696,86.23019239986304,1000
h,-5.000310746976173,87.99968925302383,1000
y,-88.44149698863302,6.558503011366973,1000
l,-65.30653520622786,53.693464793772144,1000
u,-16.58675648041398,77.41324351958602,1000
k,-94.1329368403686,76.8670631596314,1000
f,-26.729711638679877,26.270288361320123,1000
n,-93.6625189278002,80.3374810721998,1000
t,-85.14089149485133,81.85910850514867,1000
v,-65.33923204677608,59.66076795322392,1000
r,-49.76493240187952,37.23506759812048,1000
w,-12.99082250483604,49.00917749516396,1000
k,-81.16127752447498,53.838722475525024,1000
y,-62.526511638178775,71.47348836182123,1000
p,0.16004661821471933,32.16004661821472,1000
i,-85.000605970638,68.999394029362,1000
k,-8.193027423642116,56.806972576357886,1000
c,-83.01887479225537,88.98112520774463,1000
k,-3.548357176679484,62.45164282332052,1000
u,-32.732131781626094,46.267868218373906,1000
x,-58.833205786538656,2.1667942134613405,1000
t,-19.89030069516647,44.10969930483353,1000
h,-54.23484596046792,53.76515403953208,1000
g,-53.95436115444386,64.04563884555614,1000
p,-58.494759253687356,69.50524074631264,1000
r,-19.689929865964125,29.310070134035875,1000
l,-3.4066950804948166,64.59330491950519,1000
k,-83.56148655442469,76.43851344557531,1000
r,-73.16360933838345,30.836390661616544,1000
b,-80.27485310614607,60.725146893853925,1000
u,-10.962936108541832,30.037063891458168,1000
z,-54.95906942976682,29.04093057023318,1000
b,-1.092982623723403,16.907017376276595,1000
r,-3.172161127927617,35.827838872072384,1000
t,-11.176343205106773,71.82365679489322,1000
l,-2.1273237759280397,81.87267622407197,1000
a,-52.61492400772741,88.38507599227259,1000
k,-5.6163264685577055,89.3836735314423,1000
u,-8.179076888431325,87.82092311156867,1000
k,-85.73682663834116,92.26317336165884,1000
c,-26.560260443404182,35.43973955659582,1000
o,-27.31479960050479,63.68520039949521,1000
q,-2.0385709960165816,90.96142900398341,1000
i,-76.35124275811657,10.648757241883432,1000
x,-0.0661405554399005,29.9338594445601,1000
d,-79.24400585533449,18.75599414466551,1000
h,-9.535731905985658,29.46426809401434,1000
k,-59.867626086172095,53.132373913827905,1000
i,-10.870324243737228,65.12967575626277,1000
n,-33.065921746875055,75.93407825312495,1000
o,-62.14553615483114,77.85446384516885,1000
h,-30.2846745385082,84.7153254614918,1000
v,-82.61388887142319,29.38611112857682,1000
w,-74.37098628921224,69.62901371078776,1000
h,-55.20497901862132,44.79502098137868,1000
