k,-36.47295804071958,88.52704195928042,1000
a,-32.90243240215092,43.09756759784908,1000
v,-65.60985259934093,89.39014740065907,1000
j,-62.30485407249384,77.69514592750616,1000
y,-17.027008619730765,96.97299138026924,1000
m,-41.61905935728106,50.38094064271894,1000
d,-85.47692869995119,19.523071300048805,1000
h,-84.3417129892582,30.6582870107418,1000
e,-20.561987886680818,77.43801211331918,1000
f,-69.28867712624337,37.71132287375663,1000
q,-71.39613381196088,34.60386618803912,1000
h,-41.05359028586576,27.94640971413424,1000
u,-39.88246132644711,41.11753867355289,1000
c,-76.04861898119115,31.951381018808846,1000
z,-95.01556506805376,88.98443493194624,1000
w,-50.31059389116663,94.68940610883337,1000
g,-22.9254772485742,17.0745227514258,1000
m,-9.097531424077243,48.902468575922754,1000
c,-54.17395444972569,3.826045550274305,1000
a,-52.741331067512235,96.25866893248777,1000
e,-1.9821896186081887,43.01781038139181,1000
f,-5.954857361598355,94.04514263840164,1000
v,-34.394095093742116,91.60590490625788,1000
o,-86.28264888884867,3.7173511111513298,1000
u,-33.4465725914568,80.5534274085432,1000
f,-27.271595402790265,77.72840459720973,1000
k,-67.7922551885417,28.2077448114583,1000
n,-34.622979490075274,80.37702050992472,1000
w,-95.41121533746995,48.58878466253004,1000
k,-1.7153156429277092,54.284684357072294,1000
k,-82.3486186309317,49.651381369068304,1000
j,-60.02509656319696,51.97490343680304,1000
j,-10.442696097100228,21.557303902899772,1000
v,-13.549249022719371,76.45075097728063,1000
h,-71.03224305597591,0.9677569440240879,1000
n,-83.76116505066085,12.238834949339152,1000
v,-37.80285935578212,74.19714064421788,1000
g,-5.927722892975431,68.07227710702458,1000
n,-43.035980720365785,10.964019279634213,1000
b,-11.124310153535584,79.87568984646441,1000
d,-49.16486427312276,1.8351357268772404,1000
q,-9.310069070374722,93.68993092962528,1000
u,-9.808377484749213,96.19162251525078,1000
q,-94.49090624688687,51.50909375311313,1000
x,-19.32688832201531,24.67311167798469,1000
a,-47.80491030254259,66.1950896974574,1000
g,-20.171737458975223,21.828262541024777,1000
c,-55.96759358429694,74.03240641570305,1000
x,-63.35380464021552,55.64619535978448,1000
r,-12.172397202807561,30.82760279719244,1000
l,-11.267505028964539,35.73249497103546,1000
o,-35.09690171932959,55.90309828067041,1000
r,-52.22377981107246,71.77622018892754,1000
i,-12.68515792138509,19.31484207861491,1000
v,-25.284250346401734,0.7157496535982645,1000
y,-37.420169190934196,85.5798308090658,1000
u,-22.326589443948937,15.673410556051062,1000
d,-88.55832781367374,28.44167218632626,1000
z,-14.609593201493373,20.390406798506625,1000
n,-37.75809248808721,60.24190751191279,1000
f,-7.656548940333464,66.34345105966653,1000
w,-28.26253578959813,90.73746421040187,1000
t,-5.988227528799425,25.011772471200576,1000
c,-66.26512842957375,58.73487157042626,1000
p,-10.288861480330656,52.71113851966934,1000
l,-58.741778354392686,44.258221645607314,1000
o,-42.22798280165354,48.77201719834646,1000
i,-94.42108625215259,85.57891374784741,1000
h,-18.872036648407562,4.127963351592436,1000
k,-80.15484822693651,56.8451517730635,1000
z,-37.37377907359054,64.62622092640946,1000
m,-51.51434959326792,32.48565040673208,1000
j,-7.437521820882265,74.56247817911773,1000
a,-82.71805368301952,92.28194631698048,1000
x,-64.80492450028393,80.19507549971607,1000
o,-74.14519642306063,29.85480357693937,1000
m,-62.48575726330002,97.51424273669997,1000
w,-82.35024229478145,7.649757705218552,1000
u,-71.11434228118512,42.88565771881488,1000
r,-58.73668715997691,65.26331284002309,1000
l,-2.9504350560546353,53.04956494394536,1000
f,-92.09548926400458,32.904510735995416,1000
w,-81.70920897891932,13.290791021080675,1000
d,-21.474449597400326,8.525550402599675,1000
v,-43.78580923421562,2.2141907657843785,1000
s,-76.31606234213203,20.68393765786797,1000
o,-72.47620299365873,82.52379700634127,1000
z,-49.76154525962158,41.23845474037842,1000
t,-70.29998603646789,64.70001396353211,1000
o,-30.262034455644248,30.737965544355752,1000
t,-32.946159793763066,69.05384020623693,1000
a,-62.247799696545655,14.752200303454348,1000
y,-48.65853632189624,97.34146367810375,1000
f,-45.782031466471906,43.217968533528094,1000
l,-77.6321285123491,60.367871487650895,1000
v,-28.882496850643392,81.11750314935661,1000
c,-11.753295230784987,59.246704769215015,1000
q,-74.44207663270245,82.55792336729755,1000
f,-96.27093881211346,32.729061187886536,1000
g,-16.069229198388776,16.930770801611224,1000
m,-39.85995389169513,38.14004610830487,1000
u,-34.88211572332223,81.11788427667777,1000
b,-84.9063325215349,51.0936674784651,1000
g,-85.91121486239047,65.08878513760953,1000
j,-1.1218218363814743,64.87817816361853,1000
n,-57.37366731456648,33.62633268543352,1000
w,-42.610920589352254,83.38907941064775,1000
n,-47.734811697336184,17.265188302663816,1000
c,-24.616719943810935,13.383280056189065,1000
j,-25.44079994045163,89.55920005954837,1000
n,-67.55907281682592,49.44092718317408,1000
h,-30.718712844278972,20.281287155721028,1000
p,-74.85230639321186,19.14769360678814,1000
o,-46.18062609945392,71.81937390054608,1000
u,-27.464402517298108,11.535597482701892,1000
f,-88.726121332215,64.273878667785,1000
y,-86.96347388791844,95.03652611208156,1000
u,-47.17594335344722,43.82405664655278,1000
n,-95.70967279097195,14.290327209028051,1000
j,-6.294355838129579,98.70564416187042,1000
e,-67.61764852811686,29.382351471883133,1000
q,-9.100362010317873,80.89963798968213,1000
s,-77.74584714963864,44.25415285036136,1000
w,-52.40076933813378,50.59923066186622,1000
d,-92.79974237232345,33.20025762767655,1000
f,-92.09406022814763,55.905939771852374,1000
z,-11.512244835875022,58.48775516412498,1000
h,-76.28677146802667,19.71322853197333,1000
o,-23.643824865480937,4.356175134519061,1000
a,-23.40661462741142,16.59338537258858,1000
q,-57.79742649378442,62.20257350621558,1000
v,-51.73681024708568,87.26318975291431,1000
h,-30.06751392657085,98.93248607342915,1000
w,-32.32377579274157,59.67622420725843,1000
q,-83.78219828633014,96.21780171366986,1000
h,-82.28487517153587,83.71512482846413,1000
j,-57.78769036624413,78.21230963375588,1000
z,-90.6358290622413,76.3641709377587,1000
c,-0.020446824672967212,44.979553175327034,1000
o,-60.94717868350628,5.05282131649372,1000
i,-91.07266722810196,56.92733277189803,1000
d,-65.19639021444793,1.8036097855520665,1000
c,-91.88115804515456,66.11884195484544,1000
s,-64.90598863263703,8.094011367362965,1000
e,-3.690924044222452,3.309075955777548,1000
m,-60.04717771493535,98.95282228506464,1000
c,-35.26148403571937,91.73851596428062,1000
q,-89.38352621701759,53.61647378298242,1000
f,-96.74600966023968,50.25399033976032,1000
e,-6.555657515892931,56.44434248410707,1000
y,-50.21430741113347,64.78569258886652,1000
z,-34.08465565817132,41.91534434182868,1000
g,-34.71050165894549,58.28949834105451,1000
l,-28.717230513301267,63.28276948669873,1000
c,-12.96882237268893,22.03117762731107,1000
l,-25.00126462699481,58.99873537300519,1000
e,-48.279772068440316,76.72022793155968,1000
m,-51.06198417139548,88.93801582860452,1000
y,-62.64414568630652,29.355854313693477,1000
u,-2.2490408507265527,78.75095914927344,1000
o,-20.899614798529026,23.100385201470974,1000
g,-65.29576491584253,60.704235084157474,1000
w,-25.41708536213626,47.58291463786374,1000
e,-22.158320544865052,3.8416794551349467,1000
a,-10.07112334301963,84.92887665698036,1000
w,-54.73892664389814,54.26107335610186,1000
l,-72.13408478803787,8.865915211962125,1000
u,-80.44713923816217,58.552860761837835,1000
u,-15.700799690751401,72.2992003092486,1000
f,-81.84713529902828,38.15286470097171,1000
i,-80.34460388027121,26.655396119728795,1000
l,-69.9550263515176,88.0449736484824,1000
j,-84.95296205847598,33.047037941524025,1000
z,-0.9494512541469367,11.050548745853064,1000
s,-36.434018976531355,80.56598102346864,1000
l,-89.74445782271786,52.255542177282145,1000
u,-51.17358594360232,55.82641405639768,1000
b,-15.657893283296021,85.34210671670398,1000
j,-26.23860784231973,6.76139215768027,1000
c,-88.65282765008376,48.34717234991623,1000
o,-32.9695984570265,69.0304015429735,1000
o,-46.50379628135143,95.49620371864857,1000
o,-41.99780304511316,11.002196954886838,1000
i,-84.26638572353748,7.733614276462515,1000
n,-96.64237493248926,68.35762506751074,1000
d,-10.677485911610907,35.32251408838909,1000
w,-88.25702405036162,1.742975949638379,1000
u,-28.32103405099823,80.67896594900178,1000
t,-1.6583638834638375,35.341636116536165,1000
y,-42.041035776498255,76.95896422350175,1000
b,-55.358556018094234,96.64144398190577,1000
h,-75.22468377388105,22.775316226118946,1000
t,-36.77439570665653,12.225604293343475,1000
a,-48.27507313481884,72.72492686518116,1000
b,-74.37615103778784,43.623848962212165,1000
y,-61.96177889826269,1.0382211017373062,1000
w,-63.16874548898618,10.83125451101382,1000
s,-38.541218945222475,89.45878105477753,1000
e,-22.34372142392129,13.65627857607871,1000
a,-53.480211345737985,79.51978865426202,1000
b,-58.51822471351866,41.48177528648134,1000
g,-25.558936129664826,38.44106387033517,1000
a,-27.257401713848306,48.7425982861517,1000
s,-18.337677969826437,93.66232203017357,1000
z,-87.18006374696189,6.819936253038113,1000
x,-81.95487833338669,12.045121666613307,1000
j,-24.89142336071254,54.108576639287456,1000
h,-43.47612528253551,11.523874717464485,1000
d,-75.28246897674377,38.71753102325623,1000
m,-76.28197871348236,10.718021286517637,1000
o,-92.43912127274456,87.56087872725544,1000
w,-24.35887006410419,63.64112993589581,1000
o,-51.819532116344774,29.180467883655226,1000
p,-86.55623386263171,4.443766137368279,1000
r,-8.90691943542715,72.09308056457284,1000
q,-67.34309098360092,31.656909016399087,1000
x,-47.086795473152876,19.91320452684712,1000
k,-63.73592462152096,45.26407537847904,1000
a,-10.4573496789977,6.542650321002301,1000
m,-41.71026640678017,4.28973359321983,1000
u,-45.74318064334389,55.25681935665611,1000
x,-75.61839083917084,36.38160916082916,1000
e,-39.34014356318368,16.65985643681632,1000
g,-87.62645216341414,0.37354783658586,1000
m,-30.58750272370005,36.41249727629995,1000
f,-14.59269199688781,24.40730800311219,1000
d,-46.46387472674906,94.53612527325093,1000
i,-77.80997013588302,29.190029864116976,1000
h,-81.62624176405875,19.37375823594125,1000
n,-89.25858034847968,17.741419651520314,1000
w,-39.30877965693633,81.69122034306366,1000
l,-76.70871267108848,41.291287328911515,1000
p,-83.92690790830314,81.07309209169686,1000
e,-8.443990409544037,85.55600959045596,1000
d,-80.49651015864136,8.503489841358649,1000
b,-37.15145502186942,30.848544978130587,1000
s,-92.10289944940419,87.89710055059581,1000
o,-41.38676908766821,35.61323091233179,1000
b,-20.717423104897975,36.282576895102025,1000
x,-2.7281378264203586,64.27186217357963,1000
c,-5.436071981454037,67.56392801854597,1000
v,-65.32160231249595,59.67839768750404,1000
l,-26.17054064266518,46.82945935733482,1000
u,-44.23687744774022,18.76312255225978,1000
x,-74.75557201141667,67.24442798858333,1000
n,-7.340204792854123,87.65979520714588,1000
n,-1.7341321687455178,8.265867831254482,1000
f,-37.44163961559583,20.558360384404168,1000
n,-6.692513262187678,44.30748673781232,1000
y,-97.8097158514198,87.1902841485802,1000
j,-14.961826447190367,83.03817355280964,1000
n,-31.03671643625927,28.96328356374073,1000
t,-36.086176378709155,45.913823621290845,1000
o,-49.79274799637132,96.20725200362868,1000
j,-42.205371910472685,83.79462808952732,1000
b,-76.96449440024419,48.03550559975581,1000
j,-72.88608934759301,18.11391065240699,1000
n,-14.857880870929222,24.142119129070778,1000
m,-73.71832603588668,84.28167396411332,1000
e,-97.47848772485558,75.52151227514442,1000
n,-68.98106340861769,52.01893659138232,1000
t,-58.5898461816219,56.4101538183781,1000
z,-62.417533849727135,10.582466150272863,1000
l,-18.620842257928704,9.379157742071296,1000
e,-36.12777648767032,24.872223512329686,1000
l,-22.19316397906208,46.806836020937915,1000
d,-63.58840144835527,79.41159855164473,1000
k,-48.92652240497224,18.07347759502776,1000
y,-81.75814889959233,15.241851100407677,1000
r,-44.08496204318084,96.91503795681916,1000
p,-20.078368195077026,63.921631804922974,1000
z,-20.206178828914283,53.79382117108572,1000
v,-19.55229133229982,46.447708667700184,1000
w,-11.400217111558003,82.599782888442,1000
c,-8.690758500715873,83.30924149928413,1000
o,-61.83525941529887,34.16474058470113,1000
e,-62.78807449944872,74.21192550055127,1000
u,-24.071634505317252,19.928365494682748,1000
e,-21.664920081052912,23.335079918947088,1000
g,-60.09730950049811,39.90269049950189,1000
h,-86.6713131715554,12.328686828444596,1000
m,-40.71818174312408,71.28181825687592,1000
l,-75.90797549337002,23.09202450662999,1000
z,-91.11520893368709,19.88479106631292,1000
j,-58.38453177800949,63.61546822199051,1000
c,-59.429490393502824,3.570509606497178,1000
k,0.7290342074428557,41.72903420744286,1000
h,-17.902449799462115,29.097550200537885,1000
y,-28.539250459626157,6.460749540373844,1000
l,-78.20103271634238,80.79896728365762,1000
l,-49.00711530223559,74.99288469776441,1000
i,-53.514965782769885,44.485034217230115,1000
b,-41.223491921515496,68.7765080784845,1000
a,-47.98570197485603,16.014298025143972,1000
a,-2.3547552350079917,65.64524476499201,1000
y,-12.893698546983087,46.10630145301691,1000
x,-79.58088984178849,88.41911015821151,1000
z,-4.506225861191967,5.493774138808033,1000
x,-24.310276699659063,0.6897233003409377,1000
q,-47.45968691698587,16.540313083014127,1000
g,-86.69480709116174,21.305192908838258,1000
w,-72.15155569066125,27.848444309338745,1000
i,-57.14498626771717,32.85501373228283,1000
t,-86.075996355422,51.924003644577994,1000
h,-3.3090938368815097,12.690906163118491,1000
a,-42.94759893404032,88.05240106595969,1000
b,-10.405381500065113,40.59461849993489,1000
w,-16.2968759902634,43.7031240097366,1000
i,-69.71889855704643,51.28110144295357,1000
j,-20.35783234969565,20.64216765030435,1000
t,-88.7697496654458,47.2302503345542,1000
c,-7.200980831271652,22.79901916872835,1000
i,-79.7992919395276,87.2007080604724,1000
c,-2.8131294110125076,17.186870588987492,1000
r,-0.4114218798039835,95.58857812019602,1000
j,-66.73866968813654,69.26133031186346,1000
z,-79.5055480414951,1.4944519585049014,1000
t,-93.76090178854707,16.23909821145293,1000
f,-68.30226907407652,32.69773092592348,1000
k,-78.49686898863192,70.50313101136808,1000
p,-30.204465990606295,43.795534009393705,1000
v,-90.11760041016959,5.882399589830413,1000
k,-34.82987270987774,60.17012729012226,1000
x,0.43479783542442063,5.434797835424421,1000
u,-41.78679448628737,16.213205513712634,1000
t,-48.224726255986205,26.775273744013795,1000
j,-88.53448935429762,7.465510645702375,1000
g,-74.53501953985082,30.464980460149185,1000
n,-82.51759805049983,25.482401949500176,1000
n,-1.5098999468956817,56.49010005310432,1000
d,-94.42068994975618,1.5793100502438149,1000
y,-49.84061187696066,54.15938812303934,1000
l,-15.186652049178138,19.813347950821864,1000
c,-40.26087412320451,70.73912587679548,1000
q,-42.065683024226544,36.934316975773456,1000
a,-96.32179841412501,74.67820158587499,1000
k,-36.90627478402478,52.09372521597522,1000
q,-38.07565982842157,12.92434017157843,1000
g,-18.6748163071653,22.3251836928347,1000
x,-66.66128482618356,12.338715173816437,1000
g,-28.987127142296647,76.01287285770336,1000
x,-12.616890514777296,72.3831094852227,1000
t,-50.08243562356587,81.91756437643413,1000
i,-41.99756963102786,88.00243036897214,1000
z,-83.99158325803347,46.00841674196652,1000
k,-8.109951918175247,20.89004808182475,1000
i,-83.73441803010653,11.26558196989347,1000
k,-66.58375099141513,24.41624900858487,1000
i,-81.2219814795159,57.7780185204841,1000
g,-23.908759768766252,32.09124023123375,1000
d,-60.57303423105982,68.42696576894018,1000
p,-87.43656725311145,74.56343274688855,1000
p,-52.18427638607217,80.81572361392783,1000
b,-18.876532791508204,91.12346720849179,1000
b,-85.31785626177164,64.68214373822836,1000
o,-16.27394470607121,76.7260552939288,1000
j,-75.25520420494003,31.74479579505998,1000
t,-70.57476712903643,29.42523287096357,1000
w,-15.335675392618706,35.664324607381296,1000
a,-66.78441127668361,98.21558872331639,1000
a,-37.18270912241501,47.81729087758499,1000
b,-23.314468447299884,57.68553155270011,1000
f,-84.14560500999495,9.85439499000504,1000
d,-1.591378646037486,10.408621353962515,1000
j,-23.450107579047344,49.54989242095266,1000
a,-9.863724088232447,11.136275911767553,1000
x,-75.54954185878138,34.45045814121862,1000
a,-18.419766518865952,38.58023348113405,1000
n,-61.5305812763458,65.4694187236542,1000
x,-83.81413583461274,7.185864165387258,1000
r,-57.01176106211134,53.98823893788866,1000
c,-25.39233914069199,95.60766085930801,1000
s,-11.117979494264404,59.882020505735596,1000
e,-5.515735026627262,5.484264973372738,1000
y,-41.29515073954614,84.70484926045386,1000
q,-21.016813959940457,93.98318604005954,1000
i,-96.12171295390151,67.87828704609849,1000
h,-76.18205483603201,14.81794516396799,1000
i,-73.72532777762609,93.27467222237391,1000
q,-60.80484104732474,76.19515895267526,1000
z,-42.58878804968616,31.411211950313838,1000
n,-80.92679348887545,28.07320651112455,1000
e,0.5265212580581838,83.52652125805818,1000
n,-93.18808221770517,4.811917782294822,1000
h,-87.44121707618953,83.55878292381047,1000
g,-72.82218730870638,16.177812691293624,1000
z,-35.058936993638866,51.941063006361134,1000
h,-13.002578573484746,92.99742142651526,1000
y,-35.48270074057832,78.51729925942168,1000
s,-70.74419890622468,77.25580109377532,1000
n,-8.190948147213575,44.809051852786425,1000
n,-25.554776571585876,66.44522342841412,1000
k,-25.49059284539852,41.50940715460148,1000
e,-93.54364343807623,96.45635656192377,1000
d,-31.231176698136778,68.76882330186322,1000
h,-47.34833855651829,12.651661443481709,1000
r,-95.41824468947927,35.581755310520734,1000
l,-58.67311056870804,24.326889431291963,1000
s,-76.92842321862767,92.07157678137233,1000
t,-50.07444535735365,86.92555464264635,1000
n,-58.4436391358102,84.5563608641898,1000
h,-65.20538984608581,0.7946101539141872,1000
z,-69.31425247894467,2.6857475210553274,1000
e,-71.49031486338686,24.509685136613147,1000
x,-94.70774985251838,82.29225014748162,1000
n,-55.69191542476208,90.30808457523791,1000
e,-77.58191541824978,53.41808458175022,1000
g,-15.774390986490605,19.225609013509395,1000
p,-22.13277729978875,14.867222700211249,1000
w,-4.993971378071479,89.00602862192852,1000
e,-73.99769763406701,17.002302365932994,1000
v,-69.12670723319661,63.87329276680339,1000
o,-79.75815287256596,9.241847127434047,1000
t,-23.994036602785286,82.00596339721471,1000
p,-6.642843430110156,33.357156569889845,1000
r,-44.018923939417505,69.9810760605825,1000
y,-84.51183423645762,27.488165763542376,1000
y,-6.474652209745128,3.525347790254872,1000
y,-41.656794342537275,63.343205657462725,1000
g,-54.25844436572304,10.741555634276965,1000
u,-74.97275900669604,85.02724099330396,1000
k,-53.38137556840921,82.61862443159079,1000
h,-32.14838693408867,34.85161306591133,1000
c,-71.41734118955331,61.58265881044668,1000
k,-16.779226219103347,66.22077378089665,1000
u,-90.14909997703256,42.85090002296743,1000
w,-86.1927107034568,16.8072892965432,1000
c,-25.869832325885607,56.1301676741144,1000
p,-90.4350603715798,96.5649396284202,1000
u,-67.66849175079864,3.33150824920137,1000
q,-32.35872053905786,28.641279460942137,1000
a,-87.0985275309767,0.9014724690232975,1000
k,-45.78654437587973,14.213455624120272,1000
r,-85.84640822678742,81.15359177321258,1000
r,-72.47002083891672,93.52997916108328,1000
i,-42.15307192833565,28.84692807166435,1000
l,-70.70571784187757,86.29428215812243,1000
c,-84.67034353156383,69.32965646843617,1000
l,-87.10665817944432,72.89334182055568,1000
o,-9.23478289300016,8.76521710699984,1000
r,-66.43167657585954,33.56832342414046,1000
b,-40.63451709283185,39.36548290716815,1000
g,-36.76857929744175,52.23142070255825,1000
e,-15.536601033450978,28.463398966549022,1000
m,-97.54203116518387,37.457968834816135,1000
i,0.8227637919875136,64.82276379198751,1000
j,-59.38470917240999,95.61529082759,1000
b,-40.163435997552654,46.836564002447346,1000
l,0.7650665865068339,69.76506658650683,1000
q,-73.54038916019863,87.45961083980137,1000
w,-1.2509046952245142,86.74909530477548,1000
q,-54.7027182211794,90.2972817788206,1000
q,-85.33817238210212,77.66182761789788,1000
w,-52.104188180831265,5.895811819168736,1000
s,-28.680564093674455,6.319435906325545,1000
c,-2.4119814508113158,18.588018549188686,1000
f,0.19763292371722385,87.19763292371722,1000
g,-34.445332840673174,98.55466715932683,1000
v,-9.880116739879005,67.119883260121,1000
x,-50.33206516591565,38.66793483408435,1000
o,-21.714248085753276,88.28575191424672,1000
y,-60.57094326763897,84.42905673236103,1000
r,-32.03630830994763,14.963691690052373,1000
t,-91.86891939455816,44.131080605441845,1000
h,-56.20387371561199,40.79612628438801,1000
s,-82.1895842893888,8.810415710611194,1000
l,-97.12989395954858,1.8701060404514211,1000
c,-89.01604484441783,55.983955155582166,1000
j,-35.61621712391861,20.38378287608139,1000
d,-2.591278536473414,76.40872146352659,1000
s,-48.80039567077651,98.19960432922349,1000
l,-40.42286772524824,8.577132274751763,1000
k,-59.09905676225133,65.90094323774866,1000
k,-38.889962069753395,74.1100379302466,1000
x,-81.94759429231888,5.052405707681124,1000
l,-30.854808849857218,70.14519115014278,1000
c,-90.34651381126248,49.65348618873751,1000
u,-21.220496629925567,78.77950337007444,1000
v,-64.31774495368046,55.68225504631954,1000
j,-4.827354586648172,51.17264541335183,1000
u,-8.05282772881436,33.94717227118564,1000
f,-38.314425438465555,67.68557456153444,1000
f,-37.14766860892256,61.85233139107744,1000
f,-88.55357353014276,21.44642646985724,1000
o,-12.170756114964496,82.82924388503551,1000
q,-51.00257781437372,71.99742218562628,1000
f,-3.88930803336453,54.11069196663547,1000
y,-35.36229075262966,42.63770924737034,1000
o,-56.84279307271374,68.15720692728627,1000
m,-78.49103518116102,92.50896481883898,1000
b,-56.679795389999924,93.32020461000008,1000
t,-12.87932451257522,11.12067548742478,1000
g,-21.930231426971282,26.069768573028718,1000
g,-38.81488303939204,75.18511696060796,1000
l,-42.75332842603064,76.24667157396935,1000
r,-17.899290248069306,90.1007097519307,1000
z,-72.44540342638489,49.55459657361512,1000
o,-93.14169425108551,21.858305748914482,1000
r,-84.99506254155033,48.004937458449675,1000
j,-76.94549209892713,17.054507901072867,1000
j,-82.83804368349027,53.16195631650972,1000
