f,-33.73640653689879,18.263593463101206,100
n,-11.9981845230885,88.0018154769115,100
a,-9.304004321880708,83.69599567811929,100
m,-84.9620785406531,2.0379214593469017,100
l,-27.091698413212853,93.90830158678715,100
s,-80.35440947750915,13.645590522490842,100
f,-46.18833143135427,82.81166856864573,100
v,-62.08084529222555,42.91915470777445,100
l,-40.80365507067715,11.196344929322846,100
n,-65.68781688223291,4.312183117767088,100
z,-7.461955889579058,91.53804411042094,100
l,-85.18908556799929,76.81091443200071,100
h,-9.136870742581358,48.86312925741864,100
q,-62.888102282714314,7.1118977172856885,100
f,-47.18122949475024,79.81877050524976,100
d,-77.34712090034334,11.65287909965666,100
k,-65.63231797049646,96.36768202950354,100
u,-19.509639287222,1.4903607127779979,100
i,-36.70104109411878,52.29895890588122,100
a,-69.23414770357392,25.765852296426075,100
t,-66.35960491269682,90.64039508730318,100
p,-9.270427967957545,26.729572032042455,100
x,-43.0789513210024,5.921048678997598,100
r,-3.6077669774469654,18.392233022553036,100
e,-49.485928646826196,3.5140713531738066,100
y,-34.17504122619626,8.82495877380374,100
m,-46.75336875633002,83.24663124366998,100
m,-42.2452281074337,92.75477189256631,100
k,-81.5761388711509,50.4238611288491,100
l,-37.71130790605281,29.28869209394719,100
s,-6.279495817275765,33.720504182724234,100
u,-29.93919370542782,7.060806294572183,100
r,-51.237796419471216,40.762203580528784,100
j,-47.45092249746331,53.54907750253669,100
s,-52.24397981482269,82.75602018517732,100
j,-4.721192901145035,42.27880709885496,100
u,-90.35656642589679,67.64343357410321,100
e,-68.50261986642101,51.497380133578986,100
l,-74.080325053374,8.919674946626008,100
u,-1.3324244572575878,27.667575542742412,100
k,-66.23442593635049,67.76557406364951,100
e,-69.46403101144072,40.53596898855927,100
j,-72.51112361543575,7.488876384564251,100
o,-4.277792207799643,72.72220779220035,100
m,-86.09210926336854,52.90789073663146,100
f,-92.67308834418355,89.32691165581645,100
q,-33.292168624686255,38.707831375313745,100
c,-21.538544549999425,91.46145545000057,100
g,-31.370894548720464,16.629105451279536,100
k,-57.47857816601494,73.52142183398506,100
t,-25.141311535417707,28.858688464582293,100
b,-49.90357593286017,72.09642406713982,100
b,-83.05541396490071,72.94458603509929,100
g,-87.42191290105907,8.578087098940927,100
u,-60.82824989200397,8.17175010799603,100
v,-21.02672374304824,4.973276256951761,100
v,-85.6142554260504,27.385744573949594,100
i,-28.819765127817977,75.18023487218203,100
l,-34.508839490561364,4.491160509438637,100
s,-56.12390619708508,4.876093802914923,100
b,-6.349100666293311,42.65089933370669,100
d,-78.661101917291,47.338898082708994,100
e,-78.12306210933555,74.87693789066445,100
s,-17.939618589578814,33.060381410421186,100
h,-64.7350416156297,80.2649583843703,100
o,-21.605409520128774,18.394590479871226,100
h,-55.833996435824794,64.1660035641752,100
k,-73.89142083277561,8.108579167224399,100
f,-40.48875150436392,1.5112484956360828,100
o,-57.92296075148904,36.07703924851096,100
i,-45.81733304452764,87.18266695547236,100
b,-52.31776353337978,50.68223646662022,100
w,-49.42478598015644,7.5752140198435605,100
w,-0.6024628923448029,55.3975371076552,100
n,-80.61070625006725,10.38929374993275,100
v,-31.454827959693773,81.54517204030623,100
k,-50.223078079674345,5.776921920325652,100
u,-66.5295935464772,13.470406453522802,100
w,-49.01711738634694,70.98288261365306,100
b,-52.478926261768535,20.521073738231465,100
b,-63.56586319776142,40.43413680223858,100
d,-0.3380120797796389,46.66198792022036,100
v,-49.15556881397556,36.84443118602444,100
f,-21.349914245885742,86.65008575411426,100
q,-49.3767901989255,93.62320980107451,100
n,-8.7213498549964,2.2786501450035996,100
t,-61.610089694684596,32.389910305315404,100
i,-49.620799979514665,43.379200020485335,100
t,-81.42527849822312,91.57472150177688,100
r,-43.89871136679025,65.10128863320975,100
k,-17.5465384783646,8.453461521635402,100
s,-70.30573500669887,37.694264993301125,100
r,-67.67681146494441,37.32318853505559,100
q,-84.58176973774853,81.41823026225147,100
u,-84.06722437708996,96.93277562291004,100
q,-38.96664891443262,67.03335108556739,100
p,-92.21006033965224,15.789939660347759,100
r,-96.9752642008936,81.0247357991064,100
s,-33.51942283901328,40.48057716098672,100
b,-55.1125490246257,39.8874509753743,100
t,-54.458268219356086,79.54173178064391,100
q,-61.21323073740047,86.78676926259953,100
b,-26.7565223421594,22.2434776578406,100
s,-21.22546992008155,7.774530079918451,100
p,-29.66022406354758,17.33977593645242,100
k,-78.85834242094695,8.141657579053053,100
x,-30.43422555771123,61.56577444228877,100
c,-70.89927728545109,46.100722714548915,100
j,0.796932285854913,82.79693228585491,100
u,-22.19596009640977,41.80403990359023,100
d,-39.10384569445753,23.896154305542467,100
a,-36.26083362896857,90.73916637103143,100
o,-67.83230130935418,54.16769869064582,100
m,-81.22206991598107,71.77793008401893,100
q,-1.9079883259064976,46.092011674093506,100
j,-9.337265514571035,15.662734485428965,100
e,-71.9911757744458,27.00882422555421,100
n,-15.421785393977556,22.578214606022442,100
b,-7.285555062243709,96.7144449377563,100
m,-39.647504340304465,23.352495659695535,100
x,-59.28599582415476,22.714004175845243,100
v,-2.8058021161374946,10.194197883862506,100
z,-74.11921751371104,13.880782486288966,100
m,-77.00393022489376,27.996069775106243,100
t,-85.10566708121327,98.89433291878673,100
h,-24.239765200267804,42.760234799732196,100
j,-83.02712538773969,28.97287461226032,100
o,-62.99922752709595,52.00077247290405,100
o,-2.1836585995751245,8.816341400424875,100
e,-18.31949250701128,36.68050749298872,100
x,-20.444684920895238,22.555315079104762,100
b,-0.8191767525348981,37.1808232474651,100
e,-53.07768573713766,56.92231426286234,100
f,-45.75070965925092,13.249290340749077,100
s,-20.5576441483033,37.442355851696696,100
y,-5.246444465674747,5.753555534325253,100
x,-25.570696150059085,85.42930384994092,100
d,-83.21237828833671,44.78762171166329,100
t,-31.04647111713019,33.95352888286981,100
i,-50.87376246833368,4.126237531666318,100
r,-84.10269560192033,37.89730439807966,100
i,-30.718782643019154,42.28121735698085,100
b,-22.090253876500462,41.90974612349954,100
t,-76.51657793972628,80.48342206027372,100
z,-42.37941517585172,40.62058482414828,100
z,-64.89171222939035,40.10828777060964,100
l,-49.859872409358914,4.140127590641086,100
h,-89.45404009992392,42.545959900076085,100
p,-34.40502288114013,27.594977118859873,100
f,-51.530883527613646,98.46911647238635,100
m,-69.26322902153957,52.736770978460434,100
o,-19.103480598394526,69.89651940160547,100
r,-39.434159487937166,86.56584051206283,100
a,-52.220282894988244,10.779717105011759,100
u,-35.99617157788803,86.00382842211198,100
u,-12.233498975031091,90.7665010249689,100
u,-41.50575063370816,69.49424936629184,100
m,-20.576262223936542,76.42373777606346,100
h,-72.05995315412625,42.94004684587375,100
c,-85.08580544458128,91.91419455541872,100
d,-3.9954859888022263,61.00451401119777,100
v,-86.2147898151941,9.785210184805907,100
e,-58.97357350255244,3.0264264974475603,100
h,-76.31361773530197,88.68638226469803,100
l,-15.906965433611255,90.09303456638875,100
i,-8.943472225464783,81.05652777453521,100
y,-81.88836219913223,82.11163780086777,100
w,-27.770276579886872,14.229723420113126,100
h,-52.73860321590611,10.261396784093888,100
q,-43.26622090474911,56.73377909525089,100
v,-31.308303066429684,71.69169693357031,100
x,-40.57525441470037,45.42474558529963,100
e,-56.69584266079397,5.304157339206025,100
b,-28.69822341177506,72.30177658822494,100
m,-68.71591719321475,10.284082806785248,100
k,-80.84523915696556,49.15476084303444,100
t,-91.01021732981282,89.98978267018718,100
f,-72.21865531579668,72.78134468420332,100
c,-61.77094115962708,50.22905884037292,100
k,-88.4537758139656,56.54622418603439,100
c,-15.706165198165293,45.293834801834706,100
p,-50.452780896553435,25.547219103446565,100
d,-58.19249960405155,33.80750039594845,100
k,-75.31256705469323,6.6874329453067745,100
m,-70.92947923790867,5.070520762091341,100
p,-9.804890055804865,77.19510994419514,100
h,-12.714070155701172,95.28592984429883,100
e,-58.87909270692583,38.12090729307417,100
k,-89.33467810385837,90.66532189614163,100
e,-23.553448713589603,55.4465512864104,100
s,-62.51139374635186,28.488606253648147,100
d,-30.09031882334961,40.90968117665039,100
x,-45.651506866827376,24.348493133172628,100
k,-20.111420381876915,7.888579618123083,100
d,-79.9061418966144,50.0938581033856,100
j,-48.514688076383706,32.485311923616294,100
b,-92.59649345488072,38.403506545119285,100
r,-51.888786650600906,45.111213349399094,100
o,-58.69008973055149,74.30991026944851,100
l,-35.09014992102923,86.90985007897076,100
b,-82.14928702514293,12.850712974857082,100
s,-82.65884523397162,91.34115476602838,100
d,-51.422239979702404,65.57776002029759,100
p,-93.97466817726607,93.02533182273393,100
b,-64.22844518978074,88.77155481021926,100
h,-85.9173316625839,15.082668337416099,100
l,-61.23823935775915,83.76176064224084,100
p,-85.42465902260848,80.57534097739152,100
y,-36.279674054676335,70.72032594532367,100
q,-21.6847544766442,88.3152455233558,100
c,-61.94761307032068,25.05238692967932,100
t,-23.52501958392388,57.47498041607612,100
z,-65.6271352192244,77.3728647807756,100
p,-27.389041605841143,42.61095839415886,100
b,-31.3169379335154,70.6830620664846,100
f,-81.5143686866099,24.4856313133901,100
u,-42.424201533479874,9.575798466520128,100
d,-9.956548679406962,8.043451320593038,100
m,-80.77793766586451,80.22206233413549,100
h,-73.27460470052753,48.72539529947246,100
t,-64.69392144145793,44.30607855854207,100
p,-14.578234449595154,21.421765550404846,100
q,-91.78532437340672,37.214675626593284,100
e,-68.87627664228785,85.12372335771215,100
w,-78.6290984102586,2.3709015897413996,100
c,0.7381571764163248,33.73815717641632,100
k,-17.608795181259918,30.391204818740082,100
l,-7.2153540392480116,72.78464596075199,100
o,-92.6859182543614,37.31408174563861,100
a,-90.16213150821399,79.83786849178601,100
s,-90.64312201474279,68.35687798525721,100
w,-49.11716792288552,17.88283207711448,100
f,-71.10825000655467,69.89174999344533,100
h,-94.23015045336581,15.769849546634198,100
j,-4.962422819266358,12.037577180733642,100
c,-40.07175755754579,97.92824244245422,100
l,-84.87890949317044,67.12109050682956,100
m,-46.03272576414545,86.96727423585456,100
i,-84.27834830642306,68.72165169357694,100
o,-5.604918683363022,64.39508131663698,100
m,-14.573595263754587,95.42640473624542,100
n,-30.258931941410705,10.741068058589297,100
x,-58.589520404801085,58.410479595198915,100
i,-14.585123440178764,2.414876559821236,100
i,-43.892472220081466,76.10752777991853,100
r,-16.48606279307513,53.51393720692487,100
m,-34.13855434477651,85.86144565522349,100
d,-73.85303787699475,15.146962123005254,100
j,-91.61828544786837,84.38171455213163,100
h,-65.39512493975101,97.60487506024899,100
m,-86.30701933720897,17.69298066279103,100
b,-49.30967123478091,14.690328765219096,100
f,-91.24237132644967,5.7576286735503315,100
s,0.6063829054530844,21.606382905453085,100
q,-91.00331137884187,43.99668862115813,100
o,-4.252821225589765,65.74717877441023,100
w,-3.8111263076719757,62.18887369232802,100
u,-24.849092478302516,22.150907521697484,100
f,-10.960186072927465,43.03981392707254,100
q,-7.179735230967172,97.82026476903283,100
t,-71.60663463717908,43.393365362820916,100
d,-77.7330039885319,79.2669960114681,100
w,-15.891377686852021,43.108622313147976,100
j,-38.45976277392288,33.54023722607712,100
u,-23.675722386025846,17.324277613974154,100
w,-52.59205441818438,31.407945581815618,100
x,-16.932719829782403,19.067280170217597,100
j,-74.62603368893127,72.37396631106873,100
g,-86.80163116470783,96.19836883529217,100
j,-9.284665158470204,84.7153348415298,100
b,-85.35193976231363,70.64806023768637,100
k,-92.29356368094817,26.706436319051825,100
i,-47.488700960724785,71.51129903927522,100
i,-84.21676595925163,58.78323404074837,100
g,-37.8802629744971,59.1197370255029,100
r,-23.47341396577768,6.52658603422232,100
n,-47.191324896388586,93.8086751036114,100
m,-35.21233181918904,21.787668180810957,100
f,-83.5980332699881,51.40196673001191,100
y,-6.018609619144134,8.981390380855867,100
w,-84.36730494444544,74.63269505555456,100
m,-48.198640967686956,73.80135903231304,100
w,-16.325315039318408,72.67468496068159,100
s,-89.39110997688326,95.60889002311674,100
v,-79.52278377883785,58.47721622116215,100
r,-61.09570790077136,69.90429209922864,100
j,-60.087072908079946,50.912927091920054,100
s,-34.87481327381273,26.12518672618727,100
e,-17.931715881259855,69.06828411874015,100
b,-36.507031453926274,43.492968546073726,100
n,-93.98161485622113,73.01838514377887,100
y,-56.303631649686096,52.696368350313904,100
s,-92.3733035330403,65.6266964669597,100
m,-6.564337102685058,18.43566289731494,100
y,-19.42244963661509,29.57755036338491,100
y,-32.61121550231751,59.38878449768249,100
q,-86.54852441203337,56.451475587966634,100
b,-91.33479472340994,50.66520527659006,100
l,-30.53587877087238,83.46412122912761,100
h,-10.059183103011556,23.940816896988444,100
c,-22.07329180687007,69.92670819312993,100
b,-89.04535153057758,32.95464846942242,100
a,-92.72596386827458,87.27403613172542,100
l,-42.71425804952976,91.28574195047024,100
y,-72.96238706021646,87.03761293978354,100
h,-87.49164382463883,64.50835617536117,100
f,-7.444026966141685,50.555973033858315,100
a,-94.82457136904928,80.17542863095072,100
f,-13.17290466680678,3.8270953331932205,100
y,-29.06693270182715,0.9330672981728498,100
m,-53.13309795237441,88.86690204762559,100
h,-89.5084339885446,0.4915660114554039,100
w,-76.75503767066311,96.24496232933689,100
b,-80.4624415232427,15.537558476757296,100
d,-33.54794858308245,63.45205141691755,100
p,-78.53428502266067,47.46571497733934,100
z,0.11240371247876557,91.11240371247877,100
v,-43.11550088538617,14.884499114613835,100
x,-78.02969100855803,38.970308991441975,100
e,-88.50849629602031,58.49150370397968,100
w,-84.88554008475775,37.11445991524225,100
q,-90.07946150040405,25.920538499595956,100
c,-22.021567572142203,65.9784324278578,100
f,-66.6704542249564,85.3295457750436,100
p,-27.07809446800772,60.92190553199228,100
o,-26.280377887047443,84.71962211295255,100
c,-9.628171997241253,70.37182800275875,100
g,-61.24994577125873,92.75005422874128,100
w,-74.89960478113768,71.10039521886232,100
b,-43.052294776519915,79.94770522348009,100
z,-86.94498819846012,50.05501180153988,100
z,-84.26820598413161,35.73179401586839,100
a,-82.24897165149432,9.75102834850568,100
p,-19.616278916299784,16.383721083700216,100
k,-69.68613764133038,5.3138623586696205,100
s,-93.30651083696377,71.69348916303623,100
e,-5.662717927875587,5.337282072124413,100
l,-73.1700546884392,53.8299453115608,100
t,-6.698631439312492,14.301368560687507,100
i,-30.877393514169206,71.12260648583079,100
i,-27.44353865153672,65.55646134846329,100
d,-50.281024440341,17.718975559658997,100
w,-47.31769808118861,6.682301918811394,100
p,-97.59638998378738,5.403610016212619,100
m,-54.884080354938,93.115919645062,100
b,-58.36742385492377,3.6325761450762255,100
l,-20.747782865130645,29.252217134869355,100
p,-30.77363104766901,9.22636895233099,100
o,-25.37398086505014,38.62601913494986,100
g,-95.38786271740126,33.61213728259874,100
r,-59.27581837704213,0.7241816229578687,100
h,-97.37069570520312,46.62930429479688,100
s,-40.08540344899764,32.91459655100236,100
d,-72.2995676768041,83.7004323231959,100
e,-93.59506756322277,88.40493243677723,100
a,-62.58164993623618,38.41835006376382,100
s,-55.4029330682441,85.59706693175589,100
l,0.3979189069069502,8.39791890690695,100
c,-0.059302397623288705,54.94069760237671,100
c,-72.66946803762922,82.33053196237078,100
y,-42.368810556203954,69.63118944379605,100
b,-56.73403436262259,17.26596563737741,100
u,-4.020452798657677,32.97954720134232,100
r,-1.5360082573555092,47.46399174264449,100
i,-35.8764215011808,77.1235784988192,100
d,-16.67580642125345,48.324193578746545,100
x,-25.673091729952713,9.326908270047285,100
e,-84.03758806620814,5.962411933791855,100
c,-16.791392215149404,83.2086077848506,100
j,-61.381822473097415,17.61817752690258,100
s,-7.2988497334650875,35.70115026653491,100
k,-73.81862460546475,67.18137539453525,100
u,-40.3766653226845,58.6233346773155,100
h,-88.08847410799848,93.91152589200152,100
g,-50.5906137495932,91.4093862504068,100
j,-34.51121812042104,45.48878187957896,100
n,-16.918799470226105,76.0812005297739,100
w,-35.990545787437945,23.009454212562055,100
l,-36.896947352364656,25.103052647635344,100
a,-13.072815248638436,47.927184751361565,100
u,-72.88073752511912,27.119262474880887,100
g,-8.588895285310684,23.411104714689316,100
t,-7.0374713231722446,1.9625286768277554,100
r,-97.88795122821956,24.11204877178044,100
l,-35.494036442838954,87.50596355716105,100
q,0.502320841928025,83.50232084192803,100
p,-60.73157550021372,9.268424499786281,100
y,-66.84202245903083,31.157977540969167,100
u,-44.37590317150091,9.624096828499088,100
y,-21.338669944409567,2.6613300555904322,100
k,-18.16298718191631,43.837012818083686,100
s,-88.94094756820958,25.059052431790423,100
g,-56.491206832588574,35.508793167411426,100
h,-21.001710559993917,30.998289440006083,100
w,-33.11554787886992,29.884452121130085,100
j,-12.414871928842373,71.58512807115763,100
n,-28.402985220411114,76.59701477958889,100
c,-83.35254475558357,57.64745524441643,100
f,-47.977566658567305,45.022433341432695,100
y,-73.73695776417793,45.26304223582208,100
g,-86.84739333960898,61.152606660391015,100
x,-33.76026468190392,26.239735318096077,100
z,-45.358839196289054,6.641160803710946,100
g,-35.10994182062426,57.89005817937574,100
h,-9.860052946220371,53.13994705377963,100
r,-90.41259359995198,73.58740640004802,100
k,-72.60468040648513,81.39531959351487,100
w,-28.862941691546833,0.13705830845316802,100
d,-39.207014559688616,20.792985440311384,100
z,-73.76338074517645,25.236619254823545,100
h,-21.4764785664159,12.523521433584103,100
o,-90.93900553864434,49.06099446135566,100
h,-64.57093765552635,32.42906234447366,100
f,-34.573117610960885,83.42688238903911,100
z,-82.57423441705677,83.42576558294323,100
i,-58.8994916682898,50.1005083317102,100
k,-55.75316065804261,61.24683934195739,100
z,-97.8301134129659,0.1698865870341013,100
f,-1.3443064042768202,33.65569359572318,100
a,-57.366654119010924,20.633345880989076,100
x,-32.119726482628636,40.880273517371364,100
x,-17.47613189319606,13.523868106803938,100
x,-87.04086430190004,92.95913569809996,100
a,-43.62132701474507,48.37867298525493,100
t,-70.46356268215234,48.536437317847664,100
b,-59.94596302769252,54.05403697230748,100
n,-13.577752958730246,69.42224704126976,100
n,-29.30546942007014,70.69453057992986,100
t,-42.79729910067147,35.20270089932853,100
h,-65.09633274775128,51.903667252248724,100
e,-69.02532591223299,96.97467408776701,100
v,-77.63272337989854,3.3672766201014652,100
g,-23.47275269442954,61.52724730557046,100
d,-25.72731283662367,62.27268716337633,100
l,-65.07471386787762,33.92528613212239,100
h,-55.040998401685705,54.959001598314295,100
s,-44.31680551983794,28.683194480162058,100
p,-11.08383496511573,22.91616503488427,100
e,-9.380636594828665,7.619363405171335,100
y,-48.837220680601945,8.162779319398057,100
u,-12.398960593957261,79.60103940604274,100
i,-6.257697539078053,65.74230246092195,100
y,-5.68066947640549,77.31933052359452,100
w,-72.08992908898172,92.91007091101828,100
z,-13.552182286058622,15.447817713941378,100
w,-88.81336991709689,68.18663008290311,100
z,-10.559338927913931,47.440661072086066,100
s,-65.15451673190266,37.84548326809734,100
z,-88.42039716184122,86.57960283815878,100
k,-7.57188272577982,4.42811727422018,100
n,-6.76945456851157,67.23054543148842,100
s,-55.175360488078596,29.824639511921404,100
v,-12.896735065335806,88.1032649346642,100
e,-90.26254490178833,16.737455098211672,100
c,-77.30500245831458,52.69499754168543,100
l,-44.098679173323184,54.901320826676816,100
x,-64.09094497153234,86.90905502846766,100
q,-1.2286391667354366,38.771360833264566,100
u,-94.59791250569299,31.40208749430701,100
d,-20.617829670512346,31.382170329487654,100
w,-70.28602144919874,73.71397855080126,100
z,-65.76896153875629,26.23103846124371,100
v,-68.7463661423767,57.2536338576233,100
c,-34.6099850478329,64.3900149521671,100
n,-45.816144211141534,32.183855788858466,100
w,-53.897080498451494,90.10291950154851,100
d,-22.365923160726926,79.63407683927308,100
a,-49.866997918801424,60.133002081198576,100
g,-69.79243636053918,89.20756363946082,100
y,-39.61912829390914,53.38087170609086,100
i,-76.44314450863017,68.55685549136983,100
o,-63.38664248475255,68.61335751524746,100
d,-76.89233588207281,54.107664117927186,100
b,-28.893643610574678,37.10635638942532,100
r,-42.70399957819122,18.296000421808778,100
y,-12.275127435942943,0.7248725640570568,100
i,-12.085296818670745,13.914703181329255,100
f,-82.55416883851196,47.445831161488044,100
n,-71.30602702786862,48.69397297213137,100
u,-16.657848424501662,29.342151575498338,100
d,-15.694880505668158,7.305119494331843,100
j,-89.88441141147328,67.11558858852672,100
d,-5.790466185872576,90.20953381412743,100
v,-7.325838706276091,16.67416129372391,100
e,-7.149211485251863,43.85078851474814,100
z,-46.724856676201966,43.275143323798034,100
b,-46.15504294747518,26.844957052524816,100
s,-46.327104397361204,63.672895602638796,100
g,-82.3858281150985,61.614171884901495,100
o,-31.571296377712663,34.42870362228734,100
f,-75.44494853452551,82.55505146547449,100
f,-29.62878368068142,0.3712163193185819,100
p,-13.094711920287914,51.905288079712086,100
p,-33.32064588098901,97.67935411901098,100
s,-21.084172471479494,44.91582752852051,100
k,-52.67660358846981,43.32339641153019,100
n,-26.146301632423253,54.85369836757675,100
v,-85.95062875841356,86.04937124158644,100
s,-88.2705735205076,4.729426479492408,100
m,-41.76198199015235,31.23801800984765,100
y,-1.583068547218089,97.41693145278191,100
