u,-74.69411803068638,54.30588196931362,100
t,-47.261530083307676,26.738469916692328,100
i,-52.70012157448329,2.299878425516712,100
o,-53.83045879286121,92.16954120713879,100
s,-40.68833772467696,64.31166227532303,100
q,-66.3154565522679,3.684543447732098,100
s,-55.714622315762895,52.285377684237105,100
g,-60.487331195981234,35.512668804018766,100
j,-0.12244362989041768,77.87755637010959,100
a,-77.79834495807201,28.201655041927992,100
i,-57.10079278664863,85.89920721335136,100
c,-60.5114787006118,39.4885212993882,100
t,-20.137334919777338,79.86266508022267,100
k,-68.4922231268469,88.5077768731531,100
q,-45.14878404313671,88.8512159568633,100
q,-70.05856363417388,88.94143636582612,100
a,-2.6497068957008274,84.35029310429917,100
u,-94.26265584964287,29.73734415035714,100
r,-72.70147085281164,4.298529147188361,100
e,-56.68247928124458,47.31752071875542,100
m,-76.48653635238333,15.51346364761668,100
a,-6.437641457531821,71.56235854246817,100
l,-30.731954370605166,27.268045629394834,100
f,-72.52919979600381,72.47080020399619,100
m,-92.87141172681591,49.12858827318409,100
k,-39.48921529512599,86.51078470487401,100
j,-17.75190248973146,59.24809751026854,100
a,-68.81843978118286,33.18156021881714,100
v,-28.093187187157817,42.90681281284218,100
r,-72.43841078109162,48.56158921890838,100
h,-29.772286034051646,98.22771396594835,100
h,-41.38033744447986,21.619662555520136,100
v,-58.895100511041534,98.10489948895847,100
g,-69.21495641530693,46.78504358469308,100
b,-74.2466551864907,63.7533448135093,100
g,-21.141399284947028,93.85860071505297,100
v,-95.3719204986109,89.6280795013891,100
z,-17.01043583977711,63.98956416022289,100
t,-4.642369332367059,27.357630667632943,100
i,-59.48085271860182,9.519147281398181,100
b,-13.071321362598868,88.92867863740113,100
g,-27.087048155507286,54.91295184449271,100
c,-69.29677701335848,96.70322298664152,100
k,-84.8332249273709,34.166775072629086,100
g,-51.72760217003874,30.272397829961257,100
n,-77.3805129433315,5.619487056668502,100
d,-82.24640721129236,16.75359278870763,100
k,-28.783985765153673,91.21601423484633,100
s,-14.356811965759404,4.643188034240597,100
l,-58.71649845012449,88.28350154987551,100
p,-23.703693578186687,71.29630642181331,100
s,-67.26856716188836,39.731432838111644,100
v,-43.986012110641695,85.0139878893583,100
f,-44.70861267405397,68.29138732594603,100
c,-12.923046075805502,20.0769539241945,100
u,-20.545258645246943,6.454741354753057,100
o,-7.9964567338047035,6.0035432661952965,100
b,-41.446590272634865,26.553409727365135,100
j,-29.226046234340103,78.7739537656599,100
h,-25.26702249091388,7.732977509086118,100
k,-59.77450989157929,84.2254901084207,100
u,-54.32741942113737,2.6725805788626316,100
q,-25.828602410492767,74.17139758950724,100
r,-91.67513036636286,22.32486963363714,100
y,-45.25642597930362,26.74357402069638,100
q,-33.71224303573864,20.287756964261362,100
s,-8.75536927475422,74.24463072524578,100
t,-95.30245650143925,62.69754349856074,100
y,-62.86415041236514,10.135849587634858,100
u,-12.21662189887824,59.78337810112176,100
z,-21.792018993927545,90.20798100607246,100
x,-24.057854666473744,46.942145333526256,100
q,-2.744102328891657,69.25589767110834,100
s,-30.37781846411507,51.622181535884934,100
w,-46.165819073118485,81.83418092688152,100
u,-82.0382797620133,5.9617202379866985,100
h,-65.97623267785136,3.023767322148649,100
p,-68.20310944916281,13.796890550837189,100
u,-79.16011891089263,72.83988108910737,100
w,-18.5048855834879,78.4951144165121,100
d,-33.90651443036804,56.09348556963196,100
r,-41.864115465502145,77.13588453449785,100
p,-9.994011108431405,87.00598889156859,100
m,-13.460778610853515,85.53922138914649,100
n,-45.941276011025444,39.058723988974556,100
k,-91.22463934284683,92.77536065715317,100
e,-31.253298606568368,20.746701393431632,100
d,-28.797563596014964,51.20243640398504,100
s,-9.312690888890826,56.68730911110917,100
p,-40.12910526744308,0.8708947325569165,100
i,-19.536255257155705,31.463744742844295,100
t,-35.07737934998177,19.92262065001823,100
q,-94.69560952211025,89.30439047788975,100
v,-65.27815264768105,55.72184735231894,100
l,-38.1939100964378,31.806089903562206,100
a,-54.31053804282701,68.68946195717298,100
m,-95.752402568351,88.247597431649,100
e,-46.84021704022852,16.159782959771487,100
l,-42.362675296254004,10.637324703745998,100
b,-50.12944725024061,3.870552749759392,100
a,-61.06735960855709,46.93264039144291,100
p,-12.618890783938872,24.38110921606113,100
x,-20.53109977664349,31.46890022335651,100
a,-91.64924388158963,64.35075611841037,100
b,-8.743171983204912,63.25682801679509,100
x,-35.070172002247936,30.929827997752064,100
e,-39.789137260388934,75.21086273961107,100
s,-95.28301347283474,66.71698652716526,100
a,-3.464206154909773,43.535793845090225,100
f,-14.186557561259907,77.8134424387401,100
a,-74.4337619710628,61.56623802893721,100
b,-16.056546905578426,68.94345309442157,100
i,-6.520536873377209,47.47946312662279,100
v,-55.71833548476913,55.28166451523087,100
r,-88.73998395701155,88.26001604298845,100
h,-65.25170274540342,3.7482972545965807,100
i,-76.37833061268869,27.62166938731131,100
u,-11.887489306714011,88.11251069328598,100
z,-21.68301958130272,38.316980418697284,100
t,-33.06050145991403,7.9394985400859746,100
m,-50.89810298401022,54.10189701598978,100
z,-15.689837360554073,38.31016263944593,100
r,-60.80716609215049,32.19283390784951,100
d,-77.13580534318498,68.86419465681502,100
w,-64.85095100690708,50.14904899309291,100
c,-45.85574180440756,15.144258195592446,100
f,-43.47453294795743,3.525467052042571,100
x,-24.16903251956034,71.83096748043965,100
q,-42.5656580297381,24.434341970261894,100
j,-34.40455372201163,92.59544627798837,100
t,-6.197618852111836,70.80238114788817,100
p,-84.59221074448638,67.40778925551362,100
n,-3.3426649467668224,31.657335053233176,100
b,-88.55591843634016,12.444081563659841,100
n,-32.720818005238044,41.279181994761956,100
l,-53.612385192567785,76.38761480743221,100
q,-15.85145901308645,8.14854098691355,100
j,-43.50856305577503,97.49143694422497,100
q,-24.729961762466786,90.27003823753321,100
x,-36.66307413234748,40.33692586765252,100
e,-24.237742714077438,37.76225728592256,100
y,-16.015588961070105,43.98441103892989,100
j,-41.58487707722317,63.41512292277683,100
f,-68.6964322235057,30.303567776494305,100
t,-78.17284634904036,4.827153650959638,100
b,-36.7059425379226,49.2940574620774,100
w,-81.31194233289428,17.688057667105717,100
d,-88.3682101572237,7.631789842776305,100
c,-26.103560910034,67.89643908996601,100
x,-34.34979877982425,58.65020122017575,100
y,-97.01525299846756,93.98474700153244,100
k,-71.3595873532723,45.6404126467277,100
z,-26.890752838247188,51.10924716175281,100
p,-38.88724001903633,63.11275998096367,100
s,-65.57195467337225,16.42804532662775,100
f,-80.38801400702525,9.61198599297475,100
k,-59.699827284038705,68.3001727159613,100
o,-45.30353613444182,35.69646386555818,100
l,-44.61484517209633,19.385154827903666,100
a,-96.49542214063571,29.504577859364293,100
x,-42.26158514768694,21.738414852313067,100
k,-84.4558217620211,48.544178237978905,100
a,-7.319517789581276,61.680482210418724,100
u,-54.6463027396463,43.3536972603537,100
r,-3.6319133026028254,20.368086697397175,100
w,-73.16485028888853,4.835149711111466,100
o,-53.988995623700056,71.01100437629995,100
v,-94.52680233431148,85.47319766568852,100
c,-19.734054174202726,26.265945825797274,100
u,-2.7166758092831573,2.2833241907168427,100
j,-96.47725743661047,95.52274256338953,100
j,-58.773569185701554,18.226430814298446,100
c,-5.038679298189241,75.96132070181076,100
n,-26.147860980500848,31.852139019499152,100
b,-14.475687958665322,6.524312041334677,100
s,-70.61494700030592,2.3850529996940883,100
v,-82.82794666912189,96.17205333087811,100
i,-31.60136618946631,98.3986338105337,100
z,-18.517659674470583,65.48234032552942,100
z,-57.609649194815375,2.3903508051846276,100
i,-42.59390019306834,17.40609980693166,100
l,-45.01449016606794,74.98550983393206,100
d,-34.259876706570985,80.74012329342901,100
a,-57.97266308605152,97.02733691394847,100
w,-87.15422781405266,57.84577218594734,100
w,-39.78117910579775,30.218820894202256,100
s,-14.930712620797005,4.069287379202996,100
w,-23.661536228471192,55.33846377152881,100
j,-38.485867303365424,51.514132696634576,100
x,-16.437469779349236,50.562530220650764,100
u,-71.86534281114841,6.134657188851589,100
p,-45.44521628472786,53.55478371527214,100
y,-18.077799621700436,13.922200378299562,100
m,-65.80366008973871,21.196339910261283,100
o,-57.075530167172175,28.924469832827825,100
n,-12.168244927480695,50.83175507251931,100
p,-83.4744566237843,89.5255433762157,100
z,-74.06485815013545,87.93514184986455,100
m,-1.020884510446368,52.979115489553635,100
n,-86.86841432783667,5.131585672163327,100
w,-24.344125439927886,32.655874560072114,100
y,-30.502524629878693,59.49747537012131,100
m,-72.00616300270893,72.99383699729107,100
j,-68.90224297105445,70.09775702894555,100
x,-79.85249443721307,42.14750556278694,100
d,-79.0854088522596,57.91459114774039,100
l,-38.81176628343133,52.18823371656867,100
i,-90.26491129554037,38.735088704459635,100
r,-96.22271003493081,76.77728996506919,100
m,-24.8958260183765,84.1041739816235,100
y,-72.22439294267025,90.77560705732975,100
f,-35.821214956868175,10.178785043131825,100
v,-56.329514035714524,35.670485964285476,100
q,-58.60543598503471,57.39456401496529,100
g,-4.292884990848938,96.70711500915107,100
n,-86.9583133521434,77.0416866478566,100
c,-95.09076239193774,45.909237608062256,100
r,-39.87673676501033,6.123263234989674,100
d,-45.07542114595102,35.92457885404898,100
b,-97.1650220874001,60.83497791259989,100
o,-61.3834899596141,12.616510040385897,100
h,-27.587255557601807,78.41274444239819,100
h,-93.30776788939384,52.69223211060615,100
f,-97.17559476893128,56.824405231068724,100
h,-24.14925890773328,4.850741092266719,100
y,-73.43773930702758,23.56226069297242,100
w,-27.99725474958271,92.00274525041729,100
e,-65.01842812888414,77.98157187111586,100
h,-75.09370924394389,77.90629075605611,100
y,-70.00536004169687,44.994639958303125,100
p,-55.27354277537766,81.72645722462234,100
p,-57.37703989860872,44.62296010139128,100
m,-90.82420507484211,75.17579492515789,100
i,-83.90102199673461,79.09897800326539,100
y,-46.60073851599314,24.399261484006853,100
f,-26.291424980715473,76.70857501928452,100
f,-27.694586129031205,88.30541387096879,100
l,-36.405898491001466,7.594101508998534,100
h,-38.620021264146416,93.37997873585358,100
x,-44.66384143101187,46.33615856898813,100
x,-90.80934125659567,68.19065874340433,100
e,-27.991015962930508,12.008984037069492,100
l,-7.396566441525727,64.60343355847428,100
q,-87.10406076395114,0.8959392360488593,100
d,-84.95736323521773,1.042636764782279,100
f,-47.282504418363246,30.717495581636754,100
z,-41.001704537243846,56.998295462756154,100
w,-5.982071058407273,9.017928941592727,100
b,-72.34917289818905,30.65082710181094,100
t,-25.720456056166167,29.279543943833833,100
w,-97.67413068648513,83.32586931351487,100
s,-86.1207272083104,53.8792727916896,100
c,-88.83294776408734,77.16705223591266,100
s,-19.45163344426798,15.54836655573202,100
a,-80.57978000058338,22.420219999416624,100
i,-96.11863771866673,20.881362281333267,100
r,-63.620890355267605,44.379109644732395,100
e,-88.41645733092717,6.583542669072823,100
l,-67.80687298440029,16.19312701559971,100
z,-2.1995582120325827,36.800441787967415,100
b,-29.700578361640257,73.29942163835975,100
a,-48.66531907630723,49.33468092369277,100
o,-37.00587307237263,52.99412692762737,100
o,-44.90372535374263,6.0962746462573705,100
d,-51.0991299750641,76.9008700249359,100
i,-62.5634538436637,50.4365461563363,100
m,-87.56895001500511,80.43104998499489,100
o,-96.34529015455107,83.65470984544893,100
n,-4.557574544007849,21.44242545599215,100
y,-88.75797475431574,52.24202524568426,100
v,-60.09634009101714,24.903659908982856,100
u,-28.284851602523943,89.71514839747606,100
u,-44.520297856182296,29.479702143817708,100
w,-18.31046996229118,46.68953003770882,100
v,-50.3952806136788,37.6047193863212,100
s,-74.62350464969947,13.376495350300532,100
z,-36.483999192236865,20.51600080776313,100
s,-65.53005168711752,19.469948312882476,100
t,-26.69678703433288,4.30321296566712,100
o,-19.514421848140568,57.485578151859436,100
q,-22.549038743962292,25.450961256037708,100
u,-94.41735357050517,46.58264642949484,100
f,-73.7765386057371,62.223461394262905,100
e,-71.68723807647467,94.31276192352533,100
d,-5.163813840759886,29.836186159240114,100
o,-81.24493139883137,93.75506860116863,100
h,-73.55568969505455,75.44431030494545,100
k,-47.58433879722689,75.41566120277311,100
x,-1.7158665177846812,17.284133482215317,100
z,-21.03530143217821,61.96469856782179,100
z,-32.149923205452,55.850076794548,100
f,-4.005560541805426,14.994439458194574,100
a,-46.0608158891389,58.9391841108611,100
w,-63.58532245587658,4.414677544123424,100
w,-31.798538331567876,83.20146166843212,100
h,-89.62401025913474,49.375989740865265,100
t,-28.488328438942034,29.511671561057966,100
h,-47.249783045112515,74.75021695488748,100
n,-31.18297670715826,28.81702329284174,100
x,-74.25015362906127,98.74984637093873,100
f,-30.69287528532016,63.307124714679844,100
c,-57.52001611862319,34.47998388137681,100
s,-92.07930157189882,47.920698428101176,100
c,-75.62533381369465,90.37466618630535,100
p,-12.288710362182607,79.71128963781739,100
m,-83.15911542560953,8.840884574390467,100
e,-25.229078090803227,35.77092190919677,100
i,-71.12561141342948,88.87438858657052,100
l,-44.212062748264216,0.7879372517357871,100
x,-75.10025866959354,92.89974133040646,100
v,-15.373534856487804,57.62646514351219,100
m,-81.73931772143342,42.26068227856657,100
o,-6.909341327628725,37.090658672371276,100
h,-55.588392679501126,41.411607320498874,100
r,-56.71239480850188,58.28760519149812,100
b,-87.62483467342891,61.37516532657109,100
q,-83.17438481747834,40.82561518252166,100
o,-25.76301102250263,46.23698897749737,100
i,-73.99077737836551,17.009222621634496,100
r,-38.718518159162336,16.281481840837667,100
g,-42.35568211163664,83.64431788836336,100
j,-34.41989913705947,15.580100862940533,100
f,-31.711571283453846,87.28842871654615,100
b,-68.13562625879399,31.864373741206016,100
p,-34.501372473883315,73.49862752611668,100
n,-12.104531616003168,79.89546838399683,100
t,-35.848286760809096,92.15171323919091,100
a,-14.339264665937911,28.66073533406209,100
q,-80.91733226907195,84.08266773092805,100
d,-34.212121109243945,95.78787889075606,100
y,-95.79617943513958,73.20382056486042,100
y,-14.144207398765694,3.855792601234306,100
s,-32.8315263176414,48.1684736823586,100
y,-29.2452011080931,2.7547988919069013,100
a,-3.4828599695402107,21.51714003045979,100
r,-96.04828442402761,41.95171557597238,100
k,-14.984095996009898,35.0159040039901,100
l,-81.60072296095517,79.39927703904483,100
t,-76.32964126786699,30.67035873213301,100
h,-85.1788362090941,43.821163790905906,100
m,-21.019088445627084,18.980911554372916,100
o,-67.12672673904119,65.87327326095881,100
c,-30.560739716227257,81.43926028377274,100
j,-56.74292487747051,5.25707512252949,100
i,-44.81501658377273,76.18498341622727,100
g,-79.61662483908535,26.38337516091465,100
d,-46.91425790393402,59.08574209606598,100
p,-75.09679227161209,83.90320772838791,100
g,-87.98985115941313,11.010148840586867,100
d,-79.98410762389193,48.01589237610807,100
k,-26.932953221330344,55.067046778669656,100
f,-28.989493661149716,47.010506338850284,100
n,-75.42185939424269,28.578140605757305,100
g,-51.72025822633378,3.27974177366622,100
t,-73.71446163474049,22.285538365259505,100
k,-76.29214883789469,67.70785116210531,100
x,-62.84317037479734,97.15682962520266,100
w,-13.066765919520138,27.933234080479863,100
e,-14.06336591460427,30.93663408539573,100
y,-44.2537684458415,35.7462315541585,100
q,-52.947246183496425,55.052753816503575,100
o,-13.918005300471911,11.081994699528089,100
b,-45.42374253710267,48.57625746289733,100
j,-33.20627083624572,40.79372916375428,100
f,-51.31298557325193,16.687014426748068,100
g,-54.67931391310861,59.32068608689139,100
z,-43.078028562443826,69.92197143755618,100
v,-27.54234055773934,7.457659442260659,100
s,-26.077211134863816,47.922788865136184,100
g,-11.492961087473862,97.50703891252614,100
y,-70.18755897676633,86.81244102323367,100
a,-51.235835433088376,77.76416456691163,100
b,-16.99008303320183,38.00991696679817,100
f,-0.6826687897327332,23.317331210267266,100
w,-52.157118332717175,66.84288166728282,100
n,-15.510646321161769,38.489353678838235,100
c,-20.620731669184906,62.379268330815094,100
x,-63.89676381301101,80.103236186989,100
q,-89.56347263334695,42.436527366653046,100
q,-38.24655353513545,29.753446464864552,100
h,-83.74265280265648,80.25734719734352,100
q,-26.49080591032839,16.50919408967161,100
u,-13.955028299702361,56.04497170029764,100
u,-14.250581759582456,59.74941824041754,100
h,-83.36153379492497,15.63846620507503,100
x,-70.16902724361661,62.830972756383396,100
s,-61.25854407335293,20.741455926647067,100
h,-64.13383748222809,61.86616251777191,100
b,0.292699148772515,4.292699148772515,100
y,-38.302288159585686,13.697711840414314,100
w,-74.71600668609412,10.283993313905878,100
g,-87.07177149198155,70.92822850801845,100
j,-28.516615191802238,43.48338480819776,100
t,-15.044821165942283,93.95517883405772,100
i,-31.655238470651483,84.34476152934852,100
c,-88.18341838517942,1.8165816148205831,100
v,-55.80662229793789,82.19337770206211,100
u,-46.010408341750626,35.989591658249374,100
v,-45.42912152387048,89.57087847612952,100
c,-96.4392917315719,50.5607082684281,100
h,-86.03755705055248,22.96244294944752,100
g,-28.811828506305652,76.18817149369436,100
g,-36.43083856153411,10.569161438465887,100
i,-21.347829953780742,49.652170046219254,100
y,-40.969149271414516,36.030850728585484,100
y,-20.689466417014163,38.31053358298583,100
t,-26.55749482776625,73.44250517223375,100
o,-20.576427958209766,26.423572041790234,100
g,-9.847539475199138,20.152460524800862,100
x,-87.58137847631009,76.41862152368991,100
w,-49.584519366199906,14.41548063380009,100
k,0.8073786305929862,46.807378630592986,100
i,-82.4878935290373,18.51210647096271,100
n,-84.3906685512973,77.6093314487027,100
r,-97.68814488691477,44.31185511308524,100
d,-65.51790448431981,15.482095515680184,100
o,-13.10459324930572,35.89540675069428,100
t,-45.64227443685871,40.35772556314129,100
q,-92.59240614729237,81.40759385270763,100
d,-96.45373555885305,76.54626444114695,100
y,-33.05685506252443,54.94314493747557,100
h,-56.29885552050317,19.701144479496836,100
y,-47.9747215277598,40.0252784722402,100
x,-79.46343222344689,19.536567776553113,100
e,-35.81322356546351,95.18677643453648,100
u,-5.395127187995476,32.60487281200452,100
y,-30.418986046044413,67.58101395395559,100
w,-42.019699238042946,53.980300761957054,100
r,-44.339088957336,61.660911042664,100
t,0.3715159561841115,67.37151595618411,100
n,-88.09352316615485,72.90647683384515,100
l,-18.96179950778378,88.03820049221622,100
t,-70.87680537841776,62.12319462158225,100
p,-27.59046392885212,4.409536071147881,100
q,-21.87821662341638,39.12178337658362,100
p,-61.554970582683495,39.445029417316505,100
h,-12.11343886035881,49.88656113964119,100
n,0.654373326319849,37.65437332631985,100
q,-60.87863975652811,0.12136024347189323,100
c,-50.380103875240366,49.619896124759634,100
o,-86.60951094765466,28.390489052345348,100
z,-77.34016609789234,92.65983390210766,100
m,-31.46925569977866,95.53074430022134,100
m,-45.22872912437312,24.771270875626882,100
b,-61.542304166700376,40.457695833299624,100
u,-53.88380471828275,91.11619528171725,100
c,-51.25192623403101,26.74807376596899,100
g,-5.804635766735933,85.19536423326407,100
o,-80.42490187435286,46.575098125647145,100
w,-94.76900284784931,40.2309971521507,100
t,-75.46720278977719,45.5327972102228,100
u,-93.13831693886974,86.86168306113026,100
b,-65.3735601562813,12.6264398437187,100
z,-9.12386284301436,33.87613715698564,100
v,-78.21814520269986,40.78185479730014,100
l,-61.677709249076656,59.322290750923344,100
u,-76.63810650507936,37.36189349492064,100
r,-78.16354096334115,36.83645903665885,100
c,-50.60746987729597,63.39253012270403,100
b,-53.364823891615934,3.6351761083840683,100
n,-57.45583579046676,66.54416420953324,100
g,-76.4869757852555,12.51302421474451,100
l,-17.647488442281677,59.35251155771832,100
k,-84.68751906003753,65.31248093996247,100
l,-3.96165416983283,75.03834583016717,100
v,-66.90821778270976,19.091782217290252,100
m,-51.994691977484905,45.005308022515095,100
b,-34.5921719228822,79.4078280771178,100
u,-46.57046908202724,98.42953091797277,100
s,-12.043330780073443,87.95666921992655,100
k,-83.36653043278028,27.63346956721972,100
q,-71.96294356186098,71.03705643813902,100
m,-85.43021032027941,63.569789679720586,100
d,-12.947371040034367,36.05262895996563,100
k,-70.75490845422978,51.24509154577023,100
o,-29.520625248974163,89.47937475102583,100
l,-1.6250779803030795,87.37492201969692,100
z,-48.68434686079855,71.31565313920146,100
o,-66.1045453003254,33.8954546996746,100
l,-9.148639321425112,0.8513606785748876,100
o,-8.357205435208787,84.64279456479122,100
l,-32.031838969821685,40.968161030178315,100
t,-46.95762270348733,30.04237729651267,100
t,-2.635099861007131,3.364900138992869,100
i,-56.533071419685875,55.466928580314125,100
e,-53.268663887521164,3.731336112478833,100
a,-26.643389840334464,53.356610159665536,100
a,-64.82309870061134,0.1769012993886575,100
n,-26.488725139833573,61.511274860166424,100
f,-49.85267914728854,33.14732085271146,100
o,-29.432606577081852,4.567393422918148,100
l,-14.807331018151219,97.19266898184878,100
m,-67.58576104409943,69.41423895590057,100
v,-52.61975318224497,40.38024681775503,100
a,-50.837610264553454,21.162389735446546,100
u,-39.118992617322625,57.881007382677375,100
g,-59.01317067032362,44.98682932967638,100
a,-38.70418886678125,73.29581113321875,100
o,-54.24490260032205,81.75509739967795,100
q,-90.45571158549356,32.54428841450645,100
o,-79.12632707761907,7.873672922380928,100
