y,-36.43341435134212,77.56658564865788,100
q,-19.94036953377071,1.0596304662292888,100
h,-77.36782028698731,88.63217971301269,100
q,-48.63606644172201,47.36393355827799,100
n,-23.843000575492326,61.156999424507674,100
u,-72.9805855102486,26.0194144897514,100
t,-44.421580525197854,37.578419474802146,100
m,-65.86255254487715,27.137447455122857,100
i,-3.2248180766538894,52.77518192334611,100
c,-13.599667181246321,18.40033281875368,100
o,-81.63333149699491,62.36666850300509,100
m,-58.52772900033288,46.47227099966712,100
m,-73.68247889634718,77.31752110365282,100
b,-97.4469923778902,87.5530076221098,100
a,-26.861372608874422,28.138627391125578,100
p,-77.24031030792455,21.759689692075458,100
j,-14.51578116801744,70.48421883198256,100
o,-91.89328258418354,17.10671741581647,100
i,-70.69148789043845,21.308512109561544,100
a,-97.58582450036981,35.4141754996302,100
b,-55.67820144576401,64.321798554236,100
g,-25.78729352648774,56.212706473512256,100
w,-60.44021124628607,75.55978875371393,100
f,-33.76641344183816,80.23358655816183,100
k,-5.605727245680112,66.39427275431989,100
i,-74.7833001048696,24.216699895130404,100
e,-93.38949383121667,30.61050616878333,100
x,-40.06004840621422,9.939951593785775,100
a,-28.04239506714948,68.95760493285051,100
g,-66.9646322738814,17.035367726118597,100
j,-61.337409240318436,48.662590759681564,100
f,-52.37409771318247,66.62590228681754,100
l,-0.11880136069336789,37.88119863930663,100
b,-63.84547092329617,50.15452907670383,100
g,-53.22198649958141,3.778013500418589,100
p,-12.216336256353866,11.783663743646134,100
s,-42.97148067190937,69.02851932809064,100
v,-41.0193875603626,76.9806124396374,100
i,-89.72267905162336,12.277320948376644,100
l,-97.75860917039489,57.241390829605116,100
e,-85.01715542323477,1.9828445767652372,100
h,-17.9600751359318,45.039924864068205,100
r,-58.46588333926984,77.53411666073016,100
y,-38.658112707234444,6.341887292765554,100
g,-57.691947114987215,68.30805288501278,100
k,-56.44124403949183,32.55875596050817,100
o,-23.924258023132314,85.07574197686769,100
y,-75.32501925985021,90.67498074014979,100
z,-9.377723032271708,63.62227696772829,100
q,-81.63298890362964,5.3670110963703594,100
w,-75.40294201040263,86.59705798959737,100
j,-96.40765131809124,77.59234868190876,100
r,-5.092034879529666,60.90796512047034,100
r,-51.11446022645755,83.88553977354245,100
v,-6.727365758399219,21.27263424160078,100
a,-5.391391010377165,24.608608989622834,100
p,-72.26869797120374,81.73130202879626,100
v,-40.629829514347044,91.37017048565295,100
j,-63.292464506166986,70.70753549383302,100
p,-68.4236820393753,29.576317960624706,100
b,-69.5456713072887,10.454328692711307,100
i,-56.63406409781215,6.365935902187852,100
w,-24.285514786495703,19.714485213504297,100
f,-72.59577318560981,82.40422681439019,100
t,-42.069853308747554,32.930146691252446,100
d,-44.7027396698341,66.2972603301659,100
o,-16.72930161241576,47.27069838758424,100
v,-62.351092865893584,42.648907134106416,100
j,-33.8155231851401,65.1844768148599,100
l,-44.032634468371576,8.967365531628428,100
k,-43.912798731434656,84.08720126856534,100
w,-91.47611814242424,64.52388185757576,100
u,-77.8269263286095,94.1730736713905,100
p,-54.1317913505038,70.8682086494962,100
c,-13.602175444472891,93.39782455552711,100
q,-57.128381924157054,62.871618075842946,100
o,-13.076375170821876,81.92362482917812,100
g,-92.15329380821008,47.84670619178993,100
h,-12.353214806648568,96.64678519335143,100
m,-88.67829599951867,0.3217040004813385,100
p,-10.904970007361777,98.09502999263822,100
a,-42.342033155658996,23.657966844341004,100
g,-54.19740588616719,5.802594113832813,100
p,-45.641709046502136,7.358290953497861,100
x,-80.94631236137947,37.05368763862054,100
n,-9.710895592066997,14.289104407933003,100
d,-29.6214611623388,68.3785388376612,100
l,-4.73305148291011,6.26694851708989,100
z,-9.789054958213255,18.210945041786747,100
f,-31.516320397634832,96.48367960236517,100
a,-64.13085314938382,43.869146850616175,100
l,-27.784091615927185,74.21590838407282,100
s,0.6625034526123993,0.6625034526123993,100
w,-35.45412420142319,29.545875798576812,100
o,-22.798332262242223,90.20166773775777,100
q,-81.24584008918106,77.75415991081894,100
w,-94.85184400834132,86.14815599165868,100
s,0.5594600824475962,17.559460082447597,100
p,-10.98768844256274,79.01231155743726,100
b,0.6660475844343514,52.66604758443435,100
v,-9.577832651156433,54.422167348843566,100
a,-65.71334388849972,24.286656111500278,100
o,-40.164016653911204,78.8359833460888,100
i,-72.6886796292887,7.311320370711301,100
k,-87.06529954905152,33.93470045094849,100
k,0.9012479202366519,91.90124792023666,100
p,-44.1973706304756,55.8026293695244,100
i,-24.03874048192203,31.96125951807797,100
c,-55.60670101277624,98.39329898722376,100
v,-64.35508634631535,90.64491365368465,100
q,-15.758075373571986,4.241924626428014,100
b,-56.887053356391384,71.11294664360861,100
v,-57.400540658159755,89.59945934184024,100
w,-22.432453016534865,41.567546983465135,100
w,-39.80560241742963,84.19439758257036,100
j,-30.76953731087256,92.23046268912744,100
v,-94.07481032634047,17.92518967365953,100
o,-87.69483061473836,84.30516938526164,100
d,-85.63682387919715,17.36317612080285,100
h,-79.90550490998552,94.09449509001448,100
t,-77.75775490818276,52.24224509181724,100
i,-33.46931433629265,66.53068566370736,100
p,-54.69120322196134,14.308796778038664,100
a,-61.40728571832616,60.59271428167384,100
c,-43.555418351271314,3.4445816487286844,100
t,-30.07429406344628,90.92570593655371,100
h,-19.224383771840998,0.7756162281590032,100
g,-23.081170714447833,92.91882928555216,100
f,-29.435151034379093,43.564848965620904,100
f,-28.285625120935364,13.714374879064637,100
g,-73.066433006482,84.933566993518,100
j,-89.54828790537923,62.451712094620774,100
j,-92.77398150163211,58.22601849836789,100
m,-48.56107876444699,0.43892123555300766,100
p,-88.82255484744233,2.1774451525576706,100
y,-84.79610483891312,79.20389516108688,100
c,-39.1212503632681,64.8787496367319,100
d,-34.81714399468031,30.182856005319692,100
z,-46.987227169519414,27.01277283048059,100
w,-3.4086327513420427,27.591367248657956,100
u,-83.98220947147534,37.017790528524664,100
a,-61.65559711897955,48.34440288102045,100
i,-74.55485368746344,90.44514631253656,100
n,-67.63200354092845,4.367996459071556,100
x,-15.3779429043838,75.6220570956162,100
i,-70.652394735191,57.34760526480901,100
h,0.6864390629323048,63.68643906293231,100
x,-40.841107525471536,14.15889247452846,100
d,-4.51832578963632,20.481674210363682,100
z,-6.130273863115748,71.86972613688425,100
o,-34.46895297187099,78.53104702812901,100
y,-58.673089495915136,87.32691050408486,100
r,-27.64045521278657,51.35954478721343,100
q,-31.020098670590734,31.979901329409266,100
u,-37.41410823954492,54.58589176045508,100
v,-68.93080182075029,28.069198179249714,100
b,-30.452701662579102,73.5472983374209,100
y,-53.477101539833576,85.52289846016643,100
r,-91.25173854085477,49.748261459145226,100
t,-82.85999041419804,68.14000958580196,100
p,-96.98433939451013,22.015660605489877,100
g,-90.99290299507042,47.00709700492958,100
p,-51.51257402274861,14.487425977251393,100
l,-38.94076623042882,7.059233769571178,100
z,-26.582424459073273,43.41757554092673,100
n,-42.033444887253694,68.9665551127463,100
q,-86.7104018916386,21.289598108361407,100
e,-24.6315948052521,41.3684051947479,100
x,-88.3694612838832,35.6305387161168,100
m,-85.23861058275558,81.76138941724442,100
k,-25.30761317987756,98.69238682012244,100
t,-77.08217464944612,26.917825350553883,100
t,-8.021042503889841,60.97895749611016,100
q,-25.6287234020326,87.3712765979674,100
g,-83.00193231699782,95.99806768300218,100
f,-70.53894380783305,46.46105619216696,100
u,-64.86767065269306,82.13232934730694,100
o,-83.35970681566626,48.640293184333736,100
f,-9.895546343328478,55.104453656671524,100
h,-86.4289139369172,85.5710860630828,100
j,-85.09145679967631,58.90854320032369,100
l,-9.081282335443282,82.91871766455672,100
n,-50.4805055132044,19.5194944867956,100
b,-19.806268077693627,1.193731922306374,100
h,-96.69361032798439,60.306389672015605,100
c,-79.60717387994436,78.39282612005564,100
e,-89.66201632264206,43.33798367735793,100
y,-82.2832801510096,18.71671984899039,100
u,-81.59894437907732,46.40105562092267,100
c,-15.025911169060379,54.97408883093962,100
i,-40.187030518620354,6.812969481379649,100
g,-75.71445467386314,23.285545326136855,100
l,-32.21633700936558,92.78366299063443,100
g,-52.653674133076834,76.34632586692317,100
j,-35.22284110022963,4.777158899770374,100
x,-74.91716963343802,98.08283036656198,100
k,-56.67576933685644,56.32423066314356,100
p,-48.44026398896236,5.559736011037643,100
g,-59.55210834107942,50.44789165892058,100
u,-84.7664434244095,48.233556575590505,100
p,-20.51276214762799,14.487237852372012,100
d,-16.540360275267123,62.459639724732874,100
q,-25.909611474196094,18.090388525803906,100
e,-57.80514794111328,37.19485205888672,100
z,-93.4041312424551,80.5958687575449,100
s,-5.6322181412002585,79.36778185879975,100
m,-70.66677491885872,34.33322508114128,100
a,-23.272656970971116,56.72734302902888,100
v,-68.30023258812791,51.69976741187209,100
i,-97.92309936651944,78.07690063348056,100
t,-94.70301380044086,60.29698619955914,100
j,-70.97645009273961,10.02354990726039,100
o,-35.18379872736022,31.81620127263978,100
x,-20.675949806625415,40.32405019337459,100
h,-7.953922494168007,79.04607750583199,100
p,-85.89133065684314,19.108669343156855,100
p,-90.68311447244174,79.31688552755826,100
d,-5.7600443141807895,78.23995568581921,100
w,-46.800719931689926,31.199280068310074,100
r,-42.5703892144905,78.4296107855095,100
o,-9.75404761212151,83.24595238787849,100
p,-37.56605959223844,47.43394040776156,100
k,-40.67053987350011,46.32946012649989,100
u,-38.34637862103868,78.65362137896132,100
i,-48.40594286199104,79.59405713800896,100
g,-3.7261440072298755,86.27385599277012,100
o,-16.96779618775558,15.032203812244418,100
a,-52.091773049259615,31.90822695074038,100
f,-12.114068615184127,57.885931384815876,100
o,-18.894004022787012,85.10599597721298,100
r,-74.40386278727992,79.59613721272008,100
a,-93.6213092851394,81.3786907148606,100
p,-30.635450378980075,93.36454962101992,100
k,-34.110614766335395,75.88938523366461,100
f,-44.23801256457013,31.761987435429873,100
a,-84.41143810906425,90.58856189093575,100
h,-2.8195575351162048,67.1804424648838,100
u,-85.04559275234595,78.95440724765405,100
e,-36.702515240301196,88.2974847596988,100
t,-63.70617676615531,14.293823233844694,100
n,-95.09814917365273,9.90185082634727,100
a,-5.52770591124936,80.47229408875064,100
n,-5.072546625791985,89.92745337420801,100
z,-41.40369278312374,89.59630721687627,100
h,-29.51661166838411,69.48338833161588,100
m,-76.37277501560766,93.62722498439234,100
u,-60.69423776760355,73.30576223239645,100
e,-70.23133317400917,36.768666825990834,100
k,-64.7866948655855,51.213305134414504,100
e,-67.95374687746177,18.046253122538236,100
e,-44.0102761661768,5.989723833823196,100
y,-94.78258986275655,21.21741013724344,100
o,-15.631318127822608,36.36868187217739,100
x,-94.10219675732128,66.89780324267872,100
g,-86.1140716529364,89.8859283470636,100
h,-9.011617369145013,78.98838263085499,100
n,-51.03863238263681,47.96136761736319,100
k,-72.24926593206328,24.750734067936715,100
r,-67.19529619282041,9.804703807179594,100
r,-51.327963924242844,20.67203607575716,100
q,-36.56711815898395,69.43288184101604,100
c,-88.72074941955394,98.27925058044606,100
f,-65.33351627162378,62.66648372837622,100
t,-14.321694953525444,7.678305046474556,100
k,-71.96995173147498,54.030048268525015,100
j,-27.34973933335261,27.65026066664739,100
w,-48.5895583032647,22.4104416967353,100
r,-94.80541368151526,90.19458631848474,100
v,-84.74266403001629,86.25733596998371,100
r,-46.90128628439036,35.09871371560964,100
j,-48.72141136625954,17.278588633740462,100
o,-34.04937371056821,7.950626289431789,100
z,-89.20678614190619,32.79321385809381,100
t,-2.8486285224023025,78.15137147759769,100
b,-18.252333052214514,34.74766694778548,100
s,-45.77139521992678,38.22860478007322,100
r,-64.4158164830871,67.5841835169129,100
o,-92.96764902317709,60.03235097682292,100
t,-55.38674599095333,35.61325400904667,100
r,-64.23068927606205,21.769310723937952,100
k,-83.90608919199339,54.09391080800662,100
h,-9.256787566428894,45.74321243357111,100
d,-47.62173751928529,66.37826248071471,100
s,-46.48269096454236,22.517309035457643,100
x,-8.466720905921616,45.53327909407838,100
i,-90.0640096483465,7.935990351653504,100
v,-51.181129368787076,63.818870631212924,100
d,-78.54119667942999,81.45880332057001,100
b,-66.1003458018564,80.8996541981436,100
u,-76.5922965726603,83.4077034273397,100
o,-29.09637226392118,38.90362773607882,100
a,-63.09144616793742,83.90855383206258,100
i,-82.0253531335165,59.9746468664835,100
t,-35.10322785908894,27.896772140911057,100
o,-7.331619056636713,93.66838094336329,100
s,-3.6219801258433533,81.37801987415665,100
s,-57.27955791814212,86.72044208185788,100
m,-43.295880838217734,67.70411916178226,100
n,-87.98299564719433,1.017004352805669,100
k,-26.780025235895863,12.219974764104137,100
g,-88.22774804388138,7.772251956118618,100
l,-80.50087051479191,5.499129485208094,100
y,-80.23383832910969,52.76616167089031,100
k,-47.405396918510675,34.594603081489325,100
s,-35.32866664894609,91.67133335105392,100
j,-4.690836274856166,95.30916372514383,100
p,-46.05510323881148,89.94489676118852,100
l,-94.10852088208601,97.89147911791399,100
r,-16.370118020057333,23.629881979942667,100
l,-21.854032983848274,14.145967016151728,100
d,-85.83149265012948,74.16850734987052,100
s,-92.2914028688415,88.7085971311585,100
k,-43.14084876329222,83.85915123670777,100
a,-71.98001227127786,80.01998772872214,100
m,-40.23499140255192,14.76500859744808,100
a,-71.6077300276619,66.3922699723381,100
z,-0.6265303851736128,22.373469614826387,100
v,-70.34667466064168,4.653325339358316,100
a,-34.69020042730803,42.30979957269197,100
h,-71.36301419257612,42.63698580742388,100
o,-53.88686286166706,71.11313713833295,100
r,-63.495879850677255,26.50412014932275,100
j,-68.27699344976477,69.72300655023523,100
y,-95.28420819481416,95.71579180518584,100
i,-24.00898303627647,73.99101696372354,100
d,-32.83228543217744,10.167714567822554,100
t,-43.269582116533925,9.730417883466075,100
k,-61.59865635176041,58.40134364823959,100
o,-29.363067902471737,22.636932097528263,100
o,-51.023800582658346,80.97619941734165,100
d,-91.02030736828125,36.97969263171875,100
p,-93.67100751817372,73.32899248182628,100
d,-76.4250198799753,72.5749801200247,100
x,-17.279586385244826,89.72041361475517,100
a,-34.39439377086619,2.6056062291338105,100
b,-49.770574467281754,4.229425532718242,100
c,-38.433276030441384,93.56672396955862,100
b,-82.88868737033502,13.111312629664978,100
g,-35.90250914469055,64.09749085530946,100
m,-64.75213120822174,27.24786879177826,100
d,-18.732890105756464,26.267109894243536,100
g,-39.90275403214189,0.09724596785810602,100
f,-46.91209047047422,79.08790952952577,100
z,-64.82699268542407,98.17300731457593,100
a,-40.76079691261742,97.23920308738258,100
k,-3.1542536017800282,36.84574639821997,100
s,-33.712082201711425,0.2879177982885722,100
s,-22.732247669503575,49.26775233049643,100
x,-41.845704273752574,41.154295726247426,100
v,-93.19616619956479,30.803833800435207,100
s,-24.0356518800591,28.9643481199409,100
o,-8.048767162449002,53.951232837551,100
h,-18.613868085402935,3.3861319145970663,100
e,-90.25585762374162,7.7441423762583845,100
h,-47.42491462750364,78.57508537249636,100
n,-64.29543897775929,28.70456102224071,100
w,-54.66601225100674,79.33398774899327,100
t,-43.707049475975786,56.292950524024214,100
l,-79.3517248652207,62.6482751347793,100
q,-1.0239018732197966,75.9760981267802,100
j,-11.329588018640882,19.67041198135912,100
k,-20.73107470672616,35.26892529327384,100
p,-25.454499690843694,80.54550030915631,100
k,-9.120142816316987,78.87985718368301,100
y,-40.8309672048931,1.1690327951068986,100
y,-46.422808545790446,64.57719145420955,100
v,-52.625743681918166,8.374256318081835,100
o,-19.507981083771668,43.49201891622833,100
z,-86.51080864173174,48.48919135826825,100
y,-31.35939447976209,22.64060552023791,100
w,-38.4225293170317,67.5774706829683,100
e,-33.631253383744635,43.368746616255365,100
t,-24.86856762067496,21.13143237932504,100
k,-8.089103998296157,47.91089600170385,100
i,-93.34341677081234,23.656583229187664,100
j,-6.7275324290525305,81.27246757094747,100
p,-9.069502459237782,43.93049754076222,100
v,-59.29484424941538,70.70515575058462,100
f,-78.79458648305724,63.205413516942755,100
n,-17.370330055258226,13.629669944741774,100
k,-76.94103489393726,77.05896510606274,100
g,-81.92658284841762,46.07341715158237,100
j,-45.17209269178983,5.82790730821017,100
v,-20.468243463731994,49.531756536268006,100
m,-74.1008696032796,91.8991303967204,100
x,-20.839911587342847,74.16008841265716,100
n,-1.38065309475195,16.61934690524805,100
h,-77.59061681154246,69.40938318845754,100
t,-92.16815796094419,40.831842039055815,100
e,-24.938291907923727,26.061708092076273,100
f,-72.09321403764714,28.906785962352853,100
x,-23.095525427381766,1.9044745726182346,100
a,-75.00037133503734,18.999628664962653,100
v,-96.60114108818595,98.39885891181405,100
c,-28.99246708972047,67.00753291027952,100
x,-66.24955801376215,6.750441986237851,100
i,-51.13865112346826,97.86134887653175,100
b,-7.740626076731734,81.25937392326827,100
b,-51.93688036745004,15.063119632549965,100
o,-88.09787209623985,34.90212790376014,100
a,-34.92226320581368,55.07773679418632,100
s,-34.4491000922301,40.5508999077699,100
t,-52.76041269778983,80.23958730221017,100
g,-12.105616028996522,78.89438397100348,100
w,-73.90835062646899,45.09164937353101,100
y,-10.69673233819625,19.30326766180375,100
g,-39.820901703120185,89.17909829687981,100
s,-33.921862358815,46.078137641185,100
a,-28.042189640020577,46.957810359979426,100
k,-33.97512971521703,36.02487028478297,100
n,-76.02933989213122,0.9706601078687817,100
k,-16.403200562767793,66.5967994372322,100
h,-46.56536669940438,13.43463330059562,100
h,-81.64372145889946,53.35627854110053,100
z,-32.88441790010625,38.11558209989375,100
c,-47.73058837017095,80.26941162982905,100
n,-31.406603720511974,87.59339627948803,100
l,-69.76794627349508,68.23205372650492,100
b,-23.742690969970887,0.25730903002911354,100
w,-95.92361893592827,2.076381064071728,100
o,-86.40935968712728,49.59064031287273,100
u,-6.939666248315951,3.0603337516840496,100
g,-53.93559906400317,80.06440093599683,100
f,-51.01698488682367,42.98301511317633,100
s,-20.25896061910226,60.74103938089774,100
t,-63.00116463474667,1.9988353652533282,100
u,-32.58095855353339,74.41904144646661,100
x,-30.642467366766574,47.357532633233426,100
i,-51.79580476369323,23.204195236306767,100
x,-4.79028398282844,20.20971601717156,100
m,-4.813450658205377,27.186549341794624,100
u,-64.78462531007067,97.21537468992933,100
c,-7.033971671722882,33.96602832827712,100
g,-20.174239530656905,56.825760469343095,100
a,-54.104908597131775,22.895091402868225,100
l,-39.52856085268819,49.47143914731181,100
b,-39.079776543245686,1.920223456754316,100
h,-81.55351899167196,92.44648100832804,100
w,-68.37333853168344,10.626661468316557,100
t,-60.71014690834206,3.2898530916579407,100
s,-24.74251195429323,96.25748804570676,100
a,-4.575568329957755,2.4244316700422446,100
c,-5.99655755762336,2.0034424423766395,100
i,-45.838647278227306,35.161352721772694,100
a,-82.37944514944911,15.620554850550889,100
l,-47.2247861478123,55.7752138521877,100
e,-90.28768005392229,94.71231994607771,100
j,-88.22142579983225,40.77857420016775,100
e,-62.3455393361806,64.65446066381939,100
e,-64.00357325827524,91.99642674172476,100
w,-76.05004554063134,55.949954459368655,100
o,-1.158041536478645,58.84195846352136,100
o,-67.3030948214759,92.6969051785241,100
z,-97.52490034128128,0.4750996587187175,100
x,-71.0157818151273,55.9842181848727,100
r,-33.74863092202889,68.25136907797112,100
o,-77.37872054853008,62.62127945146991,100
k,-9.065118077257239,16.93488192274276,100
v,-43.41353542798138,31.58646457201862,100
x,-61.82812749312822,98.17187250687178,100
x,-87.66906343886302,45.33093656113698,100
y,-21.469064843125594,34.530935156874406,100
g,-28.702321571316585,70.29767842868341,100
q,-19.47501268870066,28.52498731129934,100
e,-5.64610113016746,8.353898869832541,100
q,-15.907587899844787,72.09241210015522,100
o,-28.31480567727403,27.68519432272597,100
x,-76.49023735811241,97.50976264188759,100
g,-6.1753155198474445,30.824684480152555,100
n,-5.542879088197191,54.45712091180281,100
n,-27.54242597772099,96.45757402227902,100
e,-11.638839121532706,92.36116087846729,100
f,-21.667083081420028,65.33291691857997,100
q,-86.62000559025945,29.37999440974055,100
n,-90.60029450577935,29.39970549422065,100
i,-19.559741819326767,75.44025818067323,100
j,-47.06906023895141,60.93093976104859,100
n,-53.33630968008514,61.66369031991486,100
w,-42.81305863057493,62.18694136942507,100
m,-0.729778578517139,90.27022142148286,100
b,-37.082316846043184,74.91768315395682,100
r,-30.7860753916875,64.2139246083125,100
f,-59.85434854690067,20.145651453099333,100
j,-36.838255747746736,96.16174425225327,100
e,-59.535506246952224,12.464493753047773,100
q,-17.588235703141095,14.411764296858907,100
b,-16.583647514498427,40.41635248550158,100
n,-42.16486199189554,52.83513800810446,100
j,-92.01808828794559,49.98191171205441,100
u,-75.18043930406304,1.819560695936955,100
u,-11.355787285165903,95.6442127148341,100
b,-78.18859327007543,93.81140672992457,100
g,-60.238195910187656,13.761804089812344,100
h,-40.062754451711676,63.937245548288324,100
e,-29.989399185010917,57.01060081498908,100
n,0.46465122940400216,90.464651229404,100
j,-15.449832882208282,50.550167117791716,100
w,-62.48315632313954,27.516843676860464,100
v,-2.5984247465798753,71.40157525342012,100
e,-91.2680132817173,44.73198671828269,100
e,-70.27448989535003,92.72551010464997,100
