y,-69.10649705560705,93.89350294439295,1500
u,-35.48768650638621,97.51231349361379,1500
w,-58.4046153767104,36.5953846232896,1500
m,-64.94475262640287,11.05524737359712,1500
u,-44.252437300536066,56.747562699463934,1500
a,-87.73936073302387,0.2606392669761277,1500
s,-3.3284194998347374,50.67158050016526,1500
c,-39.48849558211856,5.511504417881439,1500
e,-0.3917732116853543,71.60822678831465,1500
b,-25.80609235250305,84.19390764749694,1500
z,-11.018908838786789,44.981091161213214,1500
k,-77.27580186272257,97.72419813727743,1500
p,-30.128116507989127,58.87188349201087,1500
e,-19.691631268338316,4.308368731661682,1500
p,-87.69679729712269,94.30320270287731,1500
x,-54.768558295320716,27.231441704679288,1500
f,-77.88736136666812,71.11263863333188,1500
g,-39.822236457210934,73.17776354278907,1500
s,-19.322302492528383,6.677697507471615,1500
v,-69.23737477875356,37.76262522124644,1500
u,-62.4795195951132,64.5204804048868,1500
z,-62.77294739013709,23.22705260986291,1500
i,-16.983171806174873,56.01682819382513,1500
m,-71.50385724770207,38.49614275229793,1500
x,-89.88273954074397,46.11726045925603,1500
a,-14.860816022176548,90.13918397782345,1500
d,-28.20543098270375,29.79456901729625,1500
o,-86.33403751093405,49.66596248906595,1500
c,-62.05549565028066,66.94450434971934,1500
f,-2.0893523535997476,57.91064764640025,1500
f,-11.263439134745767,58.73656086525423,1500
z,-52.07179310949604,37.92820689050396,1500
k,-51.31620280507027,51.68379719492973,1500
s,-68.82431579963101,51.17568420036899,1500
z,-38.58374864083765,96.41625135916236,1500
a,-96.95626494114822,56.04373505885178,1500
z,-20.49113801560401,10.508861984395987,1500
y,-0.3974350265535531,7.602564973446447,1500
q,-39.400826121963306,45.599173878036694,1500
l,-80.44294769017165,40.55705230982836,1500
r,-26.3798695309987,44.6201304690013,1500
t,-81.9651031905609,27.034896809439104,1500
q,-66.13532157195475,50.86467842804525,1500
j,-7.622515063565206,84.3774849364348,1500
l,-57.354965987450754,43.645034012549246,1500
s,-28.611403205683985,15.388596794316015,1500
g,-21.00418730867643,46.99581269132357,1500
a,-68.56484163666524,82.43515836333476,1500
t,-21.060443609197115,75.93955639080289,1500
w,-20.33252011416939,20.66747988583061,1500
d,-79.41360589543314,44.586394104566864,1500
n,-68.45002545777288,43.54997454222712,1500
u,-97.2456668622036,89.7543331377964,1500
j,-66.66156232154819,13.33843767845181,1500
y,-51.21342449633466,16.78657550366534,1500
c,-76.46996546460468,5.530034535395322,1500
j,-87.9209547578018,21.07904524219821,1500
b,-85.86150536101847,78.13849463898153,1500
f,-19.9098837181343,97.0901162818657,1500
m,-18.798386529777343,37.20161347022266,1500
w,-63.16094297583771,72.83905702416229,1500
b,-6.390468902414087,25.609531097585915,1500
y,-92.39014671672672,15.60985328327328,1500
r,-38.229655173928975,2.770344826071022,1500
k,-86.51987754744748,30.48012245255253,1500
g,-0.005005849230031223,95.99499415076997,1500
n,-97.81717778182568,20.182822218174316,1500
r,-86.69879810043368,19.301201899566315,1500
k,-1.2250893916263208,7.774910608373679,1500
o,-63.150097925944344,19.849902074055656,1500
f,-85.45711090346613,62.54288909653387,1500
z,-29.147238780674687,67.85276121932532,1500
w,-57.85261810059069,46.14738189940931,1500
s,-10.289572561487775,2.710427438512224,1500
k,-18.193230201792026,47.806769798207974,1500
v,-82.59137628226014,46.40862371773986,1500
j,-12.835310161328037,10.164689838671963,1500
q,-55.15534777943865,92.84465222056136,1500
n,-7.172366117073107,55.82763388292689,1500
k,-56.79390694371648,94.20609305628352,1500
z,-88.25444302906048,96.74555697093952,1500
t,-29.894165627777348,84.10583437222266,1500
x,-47.36161269031689,10.63838730968311,1500
n,-89.67079802405068,60.32920197594931,1500
f,-17.901047739105906,94.0989522608941,1500
e,-53.70380403859675,80.29619596140326,1500
p,-62.29931135907687,84.70068864092313,1500
d,-56.91563145271741,0.08436854728258647,1500
d,-91.17212153288955,73.82787846711045,1500
j,-82.22362489083008,65.77637510916992,1500
w,-6.227598334525467,77.77240166547453,1500
e,-57.85902145437831,93.14097854562169,1500
g,-25.753293885565526,74.24670611443447,1500
m,-9.938656158400489,49.06134384159951,1500
y,-28.234146920645458,53.76585307935454,1500
l,-84.77508239350891,19.224917606491097,1500
u,-83.35937594951606,54.64062405048394,1500
g,-41.208643718146,13.791356281854002,1500
q,-48.680044362906486,62.319955637093514,1500
t,-11.710750430542738,73.28924956945727,1500
e,-25.669169727278316,57.330830272721684,1500
a,-26.152273887353687,97.84772611264631,1500
b,-88.28560224588209,57.71439775411791,1500
c,-5.76432917178992,43.23567082821008,1500
j,-73.55488477184122,75.44511522815878,1500
d,-79.99147182268192,19.00852817731808,1500
b,-38.9245264367047,28.075473563295294,1500
p,-53.46261204247704,68.53738795752295,1500
u,-89.29200055268167,78.70799944731833,1500
q,-81.37276845765012,35.62723154234988,1500
u,-78.81557857844892,12.184421421551082,1500
j,-15.332707928572782,1.6672920714272184,1500
z,-69.54025241328686,90.45974758671314,1500
i,-25.01364172325749,48.98635827674251,1500
f,-2.447536131261792,6.552463868738208,1500
k,-3.476216185720481,66.52378381427953,1500
k,-93.42976829612013,26.57023170387987,1500
h,-55.2205740245184,82.7794259754816,1500
y,-51.98239948217915,29.017600517820853,1500
n,-21.260146687983646,68.73985331201635,1500
j,-63.36802293382973,58.63197706617027,1500
i,-41.78260261067332,35.21739738932668,1500
t,-75.2059591174195,85.7940408825805,1500
l,-68.17819729595678,67.82180270404322,1500
z,-25.319510420932332,14.68048957906767,1500
g,-40.22637034732253,45.77362965267747,1500
y,-85.3810630077884,92.6189369922116,1500
b,-38.58746149514807,57.41253850485193,1500
q,-94.34353348708379,43.65646651291621,1500
f,-3.3685265256784525,64.63147347432155,1500
g,-23.670457893898597,17.329542106101403,1500
t,-21.244094031017323,40.755905968982674,1500
w,-47.35665291016256,23.64334708983744,1500
i,-48.87970608465259,44.12029391534741,1500
s,-75.08972097578875,77.91027902421125,1500
f,-81.58592685325999,47.41407314674001,1500
g,-46.25224919103255,12.74775080896745,1500
o,-2.3902408214928395,78.60975917850716,1500
u,-44.13646946737848,34.86353053262152,1500
m,-13.411622059242493,92.58837794075751,1500
f,-65.39032949045777,65.60967050954223,1500
y,-78.93970833677636,55.06029166322363,1500
o,-11.606955227640531,44.39304477235947,1500
c,-49.47933970107347,73.52066029892653,1500
a,-47.97975010076644,35.02024989923356,1500
p,-36.73200044965573,63.26799955034427,1500
m,-57.9894306526412,24.010569347358803,1500
c,-38.000058614231,69.999941385769,1500
c,-90.75464654792287,70.24535345207713,1500
p,-87.62349136090468,82.37650863909532,1500
z,-64.86237974558422,59.13762025441578,1500
l,-4.815613867225089,56.18438613277491,1500
i,-46.64018958632526,54.35981041367474,1500
i,0.9438999419874162,22.943899941987418,1500
h,-49.74450575959895,45.25549424040105,1500
z,-44.202750088744324,0.7972499112556737,1500
e,-1.1719561712067246,63.82804382879328,1500
d,-76.73112229695819,33.26887770304181,1500
d,-34.994651844076365,43.005348155923635,1500
m,-80.12855544419493,4.871444555805074,1500
o,-22.920033075861813,94.07996692413819,1500
r,-64.94273828126003,8.057261718739966,1500
w,-14.525207983052672,70.47479201694733,1500
e,-52.02356704411539,58.97643295588461,1500
h,-54.05146259728446,70.94853740271553,1500
e,-73.96145762501375,71.03854237498625,1500
t,-88.18128920632809,51.81871079367191,1500
l,-15.456437064845966,59.543562935154036,1500
h,-35.72841401739323,74.27158598260678,1500
k,-29.09610151968588,85.90389848031413,1500
w,-18.12014545835081,64.8798545416492,1500
g,-59.44989908945522,5.550100910544776,1500
h,-43.41401928955228,57.58598071044772,1500
s,-76.33228618619117,28.667713813808827,1500
s,-7.506478893518653,53.493521106481346,1500
p,-95.60715680778013,13.392843192219873,1500
i,-36.8451722277848,57.1548277722152,1500
h,-32.545964310838436,75.45403568916156,1500
g,-57.276271263124954,14.723728736875044,1500
v,-81.11273187202822,32.88726812797177,1500
h,-87.6960114149417,45.3039885850583,1500
t,-73.1889869099521,8.811013090047888,1500
b,-97.37754285938745,39.622457140612546,1500
b,-41.76741905853143,49.23258094146857,1500
u,-31.552083156199377,2.4479168438006234,1500
q,-66.12496359589566,14.87503640410434,1500
y,-18.264854741466113,84.73514525853389,1500
h,-95.66129596245791,17.33870403754209,1500
f,-53.87184032781962,36.12815967218038,1500
k,-41.34997716186388,29.650022838136117,1500
q,-94.22650661210935,28.77349338789065,1500
k,-47.58087164814536,37.41912835185464,1500
n,-2.914009046880544,69.08599095311945,1500
h,-32.38967563648538,88.61032436351462,1500
p,-72.5149111008561,27.4850888991439,1500
v,-94.74583349133512,76.25416650866488,1500
j,-10.169308557888971,33.83069144211103,1500
v,-78.34068285238683,13.659317147613166,1500
v,-57.83650548487051,47.16349451512949,1500
q,-73.58590541031286,0.4140945896871332,1500
t,-63.85904441146084,82.14095558853916,1500
l,-52.05087945686907,71.94912054313093,1500
u,-61.09889691009604,52.90110308990396,1500
y,-67.75321124676985,30.246788753230152,1500
v,-15.14674743135569,66.85325256864431,1500
a,-90.11532545067246,3.8846745493275443,1500
c,-84.89014788241381,13.109852117586188,1500
d,-92.89833024651847,6.101669753481534,1500
i,-78.08524454464273,51.914755455357266,1500
j,-81.95926588344166,1.0407341165583377,1500
q,-66.18546675551207,0.8145332444879276,1500
t,-97.20846455385252,0.7915354461474786,1500
h,-93.1949103228575,24.8050896771425,1500
w,-30.213452944481613,85.78654705551838,1500
v,-16.487598909915604,12.512401090084396,1500
h,-41.711811643526985,44.288188356473015,1500
i,-33.32027064958269,16.679729350417308,1500
d,-87.18411306456507,56.815886935434925,1500
k,-97.21212731948216,97.78787268051784,1500
j,-12.997424225674605,58.00257577432539,1500
c,0.23376164035848102,18.23376164035848,1500
d,-41.54519563420934,12.454804365790658,1500
m,-91.92617143141001,19.073828568589995,1500
j,-55.05961940909292,61.94038059090708,1500
l,-72.22401185938527,97.77598814061473,1500
t,-56.09594567656295,38.90405432343705,1500
a,-5.67677455973259,57.32322544026741,1500
u,-59.83629711298332,12.16370288701668,1500
e,-94.02454425045755,55.97545574954245,1500
p,-15.871872953679258,3.128127046320743,1500
u,-51.324607100775424,1.6753928992245788,1500
z,-77.64671552284022,40.353284477159775,1500
v,-85.57558306413196,1.4244169358680319,1500
d,-17.70097753531302,16.29902246468698,1500
y,-54.23854605357474,76.76145394642526,1500
s,-61.734259008359885,34.265740991640115,1500
p,-31.584817728944948,93.41518227105504,1500
x,-62.54718267075191,33.45281732924809,1500
j,-28.62779589211234,80.37220410788765,1500
r,-20.852519766700656,55.14748023329935,1500
f,-73.22200812573587,0.7779918742641347,1500
q,-91.0198483748736,86.9801516251264,1500
e,-15.442595615872234,0.557404384127766,1500
g,-54.631931216733626,34.368068783266374,1500
y,-58.12637088075298,59.87362911924702,1500
v,-97.1783204020391,98.8216795979609,1500
o,-71.09245314553306,55.90754685446695,1500
z,-64.09522930945997,23.90477069054004,1500
g,-50.38808457430529,26.611915425694708,1500
n,-30.827801787483043,52.17219821251696,1500
s,-57.87998716020183,32.12001283979817,1500
w,-11.202994460482822,69.79700553951717,1500
h,-40.96498158346468,1.0350184165353218,1500
f,-15.671884230554463,35.32811576944554,1500
a,-4.943157993691736,26.056842006308266,1500
k,-13.555164924962105,16.444835075037894,1500
x,-89.29601997564339,37.7039800243566,1500
a,-3.04168027000921,89.95831972999079,1500
s,-9.147070575164095,61.85292942483591,1500
h,-79.00347301306577,35.99652698693422,1500
r,-56.90272851353319,31.097271486466813,1500
w,-79.08443883299466,17.915561167005336,1500
f,-34.2707914360826,38.7292085639174,1500
y,-97.7388119320656,75.2611880679344,1500
b,-30.400472290884906,0.5995277091150943,1500
s,-42.16482743986747,62.83517256013253,1500
m,-28.434479438226916,26.565520561773084,1500
u,-43.35921128440296,42.64078871559704,1500
g,0.8892288572134486,23.88922885721345,1500
l,-77.12198060888673,94.87801939111327,1500
q,-53.11513194604525,77.88486805395475,1500
n,-88.07558946965251,47.92441053034749,1500
x,-80.59942780853636,56.40057219146364,1500
p,-72.05968215841062,4.940317841589374,1500
j,-92.87045790462413,60.12954209537587,1500
f,-62.858093046010744,73.14190695398925,1500
g,-17.343537782482183,34.65646221751782,1500
q,-79.00606998254511,67.99393001745489,1500
p,-96.99002408617498,13.00997591382502,1500
f,-75.79877773596002,70.20122226403998,1500
y,-57.87164504590388,22.128354954096118,1500
k,-69.48294906967215,46.51705093032786,1500
i,-23.89776814853118,28.10223185146882,1500
b,-48.776851582369126,7.223148417630873,1500
v,-50.727162394782724,88.27283760521728,1500
a,-61.85685159276578,95.14314840723422,1500
h,-37.357749234614815,51.642250765385185,1500
g,-59.26806577032984,80.73193422967016,1500
p,-91.35557057919134,19.644429420808667,1500
g,-68.10452024540248,64.89547975459752,1500
w,-20.947092109606068,17.052907890393932,1500
b,-32.224285758030064,30.775714241969933,1500
z,-80.37471232529415,69.62528767470585,1500
y,-81.00088714520793,98.99911285479207,1500
c,-58.24485278776321,98.75514721223679,1500
s,-83.19989292753698,26.80010707246302,1500
q,-49.91827338602319,26.081726613976812,1500
l,-55.35100145112142,93.64899854887858,1500
f,-73.75179236311799,27.24820763688201,1500
g,-73.0490925474518,40.950907452548186,1500
l,0.8621947962161555,44.86219479621616,1500
g,-40.12359628229258,6.876403717707421,1500
y,-46.638721791239675,6.361278208760322,1500
e,-8.338862409698244,18.661137590301756,1500
c,-93.02133237936226,80.97866762063774,1500
a,-14.375083793137486,8.624916206862514,1500
c,-15.48703256877099,37.51296743122901,1500
l,-69.08436566301742,29.915634336982574,1500
s,-92.12420650469845,9.875793495301545,1500
q,-57.86851276333544,90.13148723666457,1500
a,-88.72746251685713,3.2725374831428637,1500
q,-37.0769350377061,84.9230649622939,1500
z,-71.56204431839492,83.43795568160508,1500
g,-80.88163294245399,26.118367057546013,1500
z,-20.023389141810046,40.97661085818995,1500
t,-91.15526554334149,94.84473445665851,1500
d,-77.64605981016932,58.35394018983068,1500
i,-92.99603103254698,13.003968967453014,1500
b,-69.40831028566139,46.591689714338614,1500
s,-34.725569563709506,50.274430436290494,1500
u,-8.624760798481478,66.37523920151853,1500
q,-45.923837674409825,81.07616232559018,1500
a,-76.71058697372062,96.28941302627938,1500
y,-67.48504541540001,39.5149545846,1500
t,-18.24619120482433,61.75380879517567,1500
n,-59.741615482218194,78.2583845177818,1500
i,-92.74780301052427,95.25219698947573,1500
a,-51.31666188007721,63.68333811992279,1500
t,-66.06247196920748,65.93752803079252,1500
a,-17.441865990736932,84.55813400926307,1500
j,-6.372596338614583,39.627403661385415,1500
v,-24.854387090951608,98.1456129090484,1500
l,-40.796108914844964,5.203891085155034,1500
f,-74.85185562088043,90.14814437911957,1500
s,-30.99453597397012,77.00546402602988,1500
s,-47.76575005955868,56.23424994044132,1500
i,-31.81228876700239,45.187711232997614,1500
s,-83.98723246186572,74.01276753813428,1500
n,-64.69251120687292,30.307488793127085,1500
k,-9.426666756451683,61.57333324354832,1500
i,-24.686039884381533,15.313960115618466,1500
z,-34.02546031692909,10.97453968307091,1500
n,-44.10156004286513,79.89843995713487,1500
s,-34.28038589039493,84.71961410960508,1500
k,-70.6453338274531,50.35466617254691,1500
a,-24.80190379502477,50.19809620497523,1500
x,-7.863903973752702,72.1360960262473,1500
n,-7.966481492394512,27.03351850760549,1500
r,-52.02976360057754,1.9702363994224643,1500
j,-14.056338554793657,90.94366144520635,1500
c,-9.702740449165425,65.29725955083457,1500
v,-61.637141549610476,76.36285845038952,1500
b,-59.948509616635,59.051490383365,1500
e,-94.73017456631587,18.26982543368414,1500
i,-60.18368931917445,68.81631068082555,1500
a,-87.88832630284026,82.11167369715974,1500
u,-43.807416302943324,11.192583697056678,1500
f,-33.33948318368454,32.66051681631546,1500
d,-76.85014426285917,83.14985573714083,1500
m,-58.24783561487912,61.75216438512088,1500
w,-71.09782250275885,88.90217749724115,1500
t,-27.09622689447611,57.90377310552389,1500
x,-33.83350798805359,73.16649201194642,1500
t,-93.8629150757021,53.137084924297895,1500
x,-78.9403033472378,29.059696652762195,1500
u,-11.097531947908204,83.90246805209179,1500
l,-23.660237901851303,59.3397620981487,1500
i,-63.11549259330558,35.88450740669442,1500
k,-40.382869987427476,55.617130012572524,1500
e,-97.76380576999732,42.236194230002674,1500
a,-9.058908027113368,94.94109197288662,1500
r,-8.752501025513823,53.24749897448618,1500
w,-82.09135408149686,29.90864591850314,1500
g,-48.49287162555796,84.50712837444205,1500
i,-52.91176973400954,87.08823026599046,1500
q,-40.62716057126036,53.37283942873964,1500
t,-59.64772098216583,85.35227901783418,1500
o,-54.37374755939774,8.626252440602261,1500
s,-19.545647540437532,39.45435245956247,1500
t,-27.546324396534768,37.45367560346523,1500
z,-2.5808474714197964,4.419152528580204,1500
m,-10.611577681235579,32.38842231876442,1500
y,-65.79478868499548,94.20521131500452,1500
e,-41.265164375045764,55.734835624954236,1500
y,-20.748257043756976,30.251742956243024,1500
z,-76.67974858456137,30.320251415438634,1500
q,-26.24667513216747,80.75332486783253,1500
y,-56.94560773991371,13.054392260086287,1500
m,-49.7386281821179,92.26137181788211,1500
z,-29.98127878666441,86.0187212133356,1500
g,-61.19480892269084,22.805191077309164,1500
l,-33.48097321973567,90.51902678026434,1500
h,-88.4701149835103,31.529885016489693,1500
d,-32.570418484126996,29.429581515873,1500
n,-31.94715779158478,98.05284220841523,1500
g,-54.26406913705162,50.73593086294838,1500
z,-66.88081516093779,68.11918483906221,1500
z,-87.19044296468988,1.8095570353101211,1500
z,-38.92220394530535,64.07779605469464,1500
e,-56.871138675225026,44.128861324774974,1500
k,-46.783077855825724,62.216922144174276,1500
y,-91.47016511924221,8.529834880757791,1500
h,-0.9445717304285538,20.055428269571447,1500
j,-11.716707448575521,33.28329255142448,1500
y,-10.626467149297392,4.373532850702608,1500
u,-7.682779877806774,2.317220122193226,1500
d,-58.708531500012484,47.291468499987516,1500
q,-65.55126688525078,5.448733114749219,1500
e,-24.90151218625173,14.098487813748271,1500
a,-79.22372723383951,91.77627276616049,1500
l,-10.846256796124633,24.15374320387537,1500
n,-19.44905225259171,5.55094774740829,1500
e,-34.79506579733232,77.20493420266769,1500
g,-44.9294581926652,49.0705418073348,1500
h,-6.270832976739224,84.72916702326077,1500
p,-87.99732483238054,76.00267516761946,1500
s,-49.14204086262027,34.85795913737973,1500
e,-96.68324067571591,97.31675932428409,1500
l,-76.39962471259211,72.60037528740789,1500
c,-96.25018889244382,13.74981110755618,1500
q,-16.101275128574766,13.898724871425234,1500
x,-9.707978430258608,5.292021569741393,1500
a,-69.3794393040062,44.6205606959938,1500
k,-22.641573666304236,29.358426333695764,1500
r,-78.06283487236232,62.937165127637684,1500
p,-67.39026865268809,47.60973134731191,1500
m,-75.93581990936472,69.06418009063528,1500
x,-67.00220779334288,42.997792206657124,1500
x,-38.203051015232035,98.79694898476797,1500
e,-27.607758745421712,85.39224125457828,1500
t,-46.714102370463806,66.2858976295362,1500
e,-42.8538740784116,76.1461259215884,1500
g,-54.83024208671414,55.16975791328586,1500
r,-69.6440781332492,75.3559218667508,1500
g,-43.12604112983817,64.87395887016183,1500
z,-67.8201894613534,78.1798105386466,1500
b,-10.342414342765963,11.657585657234037,1500
x,-5.854439534550174,69.14556046544983,1500
i,-37.693429329534695,40.306570670465305,1500
z,-61.840540636888164,50.159459363111836,1500
m,-54.945313205345464,54.054686794654536,1500
q,-50.753351831481865,16.246648168518135,1500
a,-65.91269191731084,84.08730808268916,1500
c,-85.78895438775783,35.211045612242174,1500
i,-10.708609854678404,40.29139014532159,1500
b,-20.331947596056764,78.66805240394324,1500
y,-60.31742444826709,11.682575551732908,1500
j,-76.00837279542522,79.99162720457478,1500
c,-78.55212891411477,53.44787108588522,1500
s,-62.08755889983599,29.912441100164013,1500
s,-61.24840577254398,38.75159422745602,1500
o,-70.45023973673557,55.549760263264425,1500
t,-79.44908516971306,42.55091483028694,1500
g,-76.78391427489923,82.21608572510077,1500
s,-37.540241655458814,3.4597583445411884,1500
i,-34.66791684522173,46.33208315477827,1500
g,-66.1991832283951,50.80081677160489,1500
n,-57.73799133387934,58.26200866612066,1500
a,-49.073705084167614,83.92629491583239,1500
j,-69.91965876655127,74.08034123344873,1500
p,-48.78529888214969,47.21470111785031,1500
a,-68.73043158267903,34.26956841732097,1500
u,-40.8596579189908,98.1403420810092,1500
r,-56.65462690646803,45.34537309353197,1500
q,-29.410431661161272,87.58956833883873,1500
l,-50.50600677702624,67.49399322297376,1500
k,-1.522053182870595,7.477946817129405,1500
m,-61.674152436549,44.325847563451,1500
z,-76.93302003086501,68.06697996913499,1500
q,-66.26110588486146,78.73889411513854,1500
u,-54.265160839054126,65.73483916094588,1500
z,-75.65788678857491,28.342113211425083,1500
s,-87.92087563230876,20.07912436769123,1500
c,-33.83768704296594,37.16231295703406,1500
b,-95.94629315019691,19.053706849803095,1500
y,-89.58128603851587,7.418713961484136,1500
h,-53.78781791031393,38.21218208968607,1500
s,-58.17388998487951,0.8261100151204925,1500
r,-12.904710344543076,39.095289655456924,1500
a,-51.01658340090255,0.9834165990974522,1500
f,-91.6903338822,97.3096661178,1500
u,-38.47120877306962,27.528791226930377,1500
r,-47.118454372056924,37.881545627943076,1500
t,-91.75468317191603,15.24531682808397,1500
f,-11.385209441073536,73.61479055892646,1500
l,-81.90727656815336,54.092723431846636,1500
j,-72.6952661482503,85.3047338517497,1500
k,-89.4851147423935,51.51488525760649,1500
m,-10.565493935293041,50.43450606470696,1500
i,-18.468551557070572,27.531448442929428,1500
k,-72.84524017320588,91.15475982679412,1500
n,-9.198633071118532,84.80136692888146,1500
m,-45.754391806207146,75.24560819379285,1500
d,-94.76141074623189,79.23858925376811,1500
t,-75.934363473382,67.065636526618,1500
t,-54.035448357201076,72.96455164279892,1500
n,-61.54749572429816,86.45250427570184,1500
i,-27.74785134496621,62.252148655033785,1500
q,-87.02906156417173,16.970938435828277,1500
i,-9.589738251988933,9.410261748011067,1500
n,-88.90091125818705,74.09908874181295,1500
