b,-56.2756908504214,56.7243091495786,1500
j,-61.17077222896927,20.82922777103073,1500
z,-96.14331946164398,11.856680538356022,1500
h,-26.90491695571209,58.09508304428791,1500
a,-78.78820447931099,39.21179552068901,1500
k,-81.46702537000726,58.53297462999273,1500
t,-16.887066796855084,33.11293320314491,1500
y,-5.893654910739052,61.10634508926095,1500
y,-68.1543995200714,46.845600479928606,1500
q,-97.37588163849409,97.62411836150591,1500
t,-55.21500138552897,42.78499861447103,1500
j,-16.034240002881777,86.96575999711823,1500
i,-42.425279789175555,59.574720210824445,1500
w,-40.0153964292553,18.9846035707447,1500
w,-3.775548417534363,8.224451582465637,1500
n,-19.94164634307372,91.05835365692627,1500
z,-47.63034397658837,37.36965602341163,1500
s,-54.449186851787445,32.550813148212555,1500
c,-62.71356295566153,19.286437044338474,1500
u,-40.76842694585089,10.231573054149107,1500
w,-56.00724400858472,69.99275599141528,1500
g,-92.99391715073052,55.00608284926947,1500
n,-93.49031453360018,97.50968546639982,1500
j,-41.95348922969413,9.046510770305876,1500
r,-70.96305723930047,3.036942760699528,1500
m,-32.20524724308993,34.79475275691007,1500
q,-22.616715748105918,40.38328425189408,1500
u,-80.26003719208938,43.73996280791061,1500
e,-70.00192339326401,83.99807660673599,1500
a,-64.38279329496369,65.61720670503631,1500
c,-9.041047787709875,59.95895221229013,1500
l,-28.392457426936275,43.607542573063725,1500
r,-11.430996730639398,84.5690032693606,1500
y,-77.36387026471967,68.63612973528033,1500
w,-14.000659794438038,2.9993402055619627,1500
r,-28.642179829373557,25.357820170626443,1500
y,-73.00227328943798,2.997726710562026,1500
e,-80.02110595782781,82.97889404217219,1500
q,-42.22862598764799,30.77137401235201,1500
m,-23.95275486221855,38.047245137781445,1500
r,-35.753280186099644,9.246719813900354,1500
x,-88.84108714827829,66.15891285172171,1500
y,-13.874431438986566,95.12556856101344,1500
n,-69.73166135194745,43.26833864805255,1500
e,-36.65536142913511,90.34463857086489,1500
w,-64.76720187652292,57.232798123477075,1500
e,-64.30209805272989,23.69790194727011,1500
d,-69.1899481076694,22.810051892330605,1500
c,-31.629259649807732,22.370740350192268,1500
z,-13.677751207508683,93.32224879249132,1500
g,-7.351361578619636,29.648638421380365,1500
i,-37.84302419744711,97.15697580255289,1500
h,-16.482659012762934,7.517340987237068,1500
r,-64.297652024177,65.702347975823,1500
h,0.2546384335084937,68.25463843350849,1500
b,-58.389808896788665,42.610191103211335,1500
g,-70.2728563734237,50.727143626576286,1500
l,-97.29746475067557,21.702535249324423,1500
y,-46.663903924855646,60.336096075144354,1500
h,-6.390833028361097,28.609166971638903,1500
n,-91.3656201943432,44.634379805656806,1500
d,-32.861738277130755,91.13826172286925,1500
o,-18.94166774031456,41.05833225968544,1500
c,-38.46312629163832,11.536873708361684,1500
l,-24.92251394823314,21.07748605176686,1500
l,-20.281188811653447,79.71881118834655,1500
h,-49.95774412716261,70.04225587283739,1500
v,-66.06259952001054,66.93740047998946,1500
i,-78.1800782398784,15.819921760121598,1500
a,-6.040932868944601,48.9590671310554,1500
g,-69.81650324629702,40.18349675370299,1500
a,-7.566981803652842,2.4330181963471578,1500
j,-5.237750936060964,34.76224906393904,1500
t,-15.721023100352244,72.27897689964776,1500
t,-76.72419071629847,58.27580928370153,1500
o,-68.49066233762534,29.509337662374662,1500
w,-20.965911538275048,13.034088461724954,1500
i,-35.60544309781367,6.394556902186332,1500
i,-54.440959839742455,32.559040160257545,1500
s,-55.13905963286238,60.86094036713762,1500
x,-29.89666854270576,39.10333145729424,1500
r,-23.7489880430054,66.2510119569946,1500
h,-0.9399502506618177,20.060049749338184,1500
i,-72.28466638885091,32.71533361114909,1500
h,-44.66195266791845,31.338047332081548,1500
j,-63.068153201457996,13.931846798542006,1500
f,-3.891470982021299,47.108529017978704,1500
k,-43.15431267160399,49.84568732839601,1500
w,-77.21667585745864,35.78332414254136,1500
q,-86.31980690853733,81.68019309146267,1500
k,-48.8357764810172,10.1642235189828,1500
i,-15.589746972022553,32.41025302797745,1500
h,-24.87881825705143,84.12118174294856,1500
n,-73.2618784403409,98.7381215596591,1500
u,-92.00437013222296,72.99562986777704,1500
t,-61.46563209257849,68.53436790742151,1500
h,-96.9341225580959,86.0658774419041,1500
u,-49.72169812679628,21.278301873203723,1500
e,-14.801047750118762,51.19895224988124,1500
x,-75.98401595910937,93.01598404089063,1500
r,-46.232681348720256,84.76731865127975,1500
j,-25.21389375537593,52.78610624462407,1500
k,-40.4143505976706,71.58564940232941,1500
d,-36.25096458316882,95.74903541683118,1500
c,-49.17229884958722,56.82770115041278,1500
c,-64.74659082785278,42.25340917214721,1500
k,-91.88344742517491,74.11655257482509,1500
x,-19.80514528594767,56.194854714052326,1500
w,-32.55227845163188,3.4477215483681234,1500
g,-42.43451570679796,0.5654842932020423,1500
p,-48.85884911188609,87.14115088811391,1500
l,-43.00466809031921,6.995331909680796,1500
d,-92.48488953565602,63.51511046434397,1500
m,-22.387037763096753,96.61296223690324,1500
p,-62.31699676667353,92.68300323332646,1500
r,-16.568682796690936,82.43131720330906,1500
d,-19.780392718270065,59.219607281729935,1500
o,-56.299624185760344,77.70037581423966,1500
a,-9.495110052165625,20.504889947834375,1500
t,-40.71024723591941,31.289752764080585,1500
w,-28.899911094737625,59.100088905262375,1500
d,-88.38080478562487,30.61919521437513,1500
c,-15.268269129484578,81.73173087051542,1500
e,-47.338428391324875,92.66157160867512,1500
x,-95.90219522742935,94.09780477257065,1500
n,-21.344449508731966,0.6555504912680341,1500
k,-18.8119340937273,6.188065906272703,1500
q,-44.39103242978884,74.60896757021116,1500
a,-7.432824774026828,75.56717522597317,1500
s,-2.896469804133886,17.103530195866114,1500
g,-91.53139080702744,24.46860919297256,1500
h,-40.4989506879251,28.501049312074898,1500
j,-10.227965476667544,39.77203452333246,1500
r,-22.006982078049763,65.99301792195024,1500
u,-28.59092806011609,10.409071939883908,1500
c,-7.384516868098108,13.615483131901893,1500
o,-77.98655849467983,88.01344150532017,1500
x,-59.48935635510406,56.51064364489594,1500
q,-91.50686783788969,8.493132162110312,1500
t,-77.68908442093571,53.310915579064286,1500
c,-85.98068161778032,53.01931838221969,1500
g,-90.81817162911172,1.1818283708882837,1500
g,-72.91889082315994,87.08110917684006,1500
c,-9.882907438114994,3.1170925618850047,1500
t,-92.47412119392062,20.525878806079383,1500
q,-8.166292659926237,28.833707340073765,1500
d,-17.489086459692636,40.510913540307364,1500
o,-6.125274722707659,21.87472527729234,1500
g,-1.7874181388129096,0.21258186118709044,1500
c,-35.30610687252191,44.69389312747809,1500
r,-34.50029739708787,96.49970260291214,1500
d,-58.31364796005991,1.6863520399400882,1500
u,-44.05545293703453,24.944547062965473,1500
z,-34.07429168363363,71.92570831636637,1500
m,-14.72075100476357,86.27924899523643,1500
d,-29.005667450772673,67.99433254922732,1500
q,-50.91575529162463,33.08424470837537,1500
n,-13.897292818633327,60.102707181366675,1500
f,-89.8745245435606,98.1254754564394,1500
y,-49.53387534370404,72.46612465629596,1500
f,-59.98040440711862,18.01959559288138,1500
n,-91.9447915803156,10.05520841968441,1500
m,-44.57918671798561,15.420813282014391,1500
u,-70.52333579220235,84.47666420779765,1500
o,-4.463160172209322,67.53683982779067,1500
u,-70.13977806977826,97.86022193022174,1500
q,-52.08215278837777,59.91784721162223,1500
c,-44.110326593310994,39.889673406689006,1500
y,-33.8044469865101,64.1955530134899,1500
j,-48.87590780019507,23.124092199804924,1500
a,-70.12018275703342,96.87981724296658,1500
j,-64.63540447778242,35.364595522217584,1500
k,-71.1587207625813,48.8412792374187,1500
r,0.6333420144070084,32.633342014407006,1500
o,-20.93012690454292,16.06987309545708,1500
l,0.19893141827808003,96.19893141827808,1500
q,-48.42805464038612,87.57194535961388,1500
v,-72.68897561787838,1.3110243821216092,1500
j,-87.95028160891285,28.049718391087154,1500
i,-27.553884614178816,72.44611538582119,1500
z,-33.93454571475348,18.065454285246513,1500
m,-17.396718396233545,77.60328160376646,1500
x,0.15560937654686802,64.15560937654686,1500
p,-4.527997338213467,1.4720026617865334,1500
v,-45.4558545457681,40.5441454542319,1500
o,-7.668414000142937,72.33158599985707,1500
r,-91.00357749182778,77.99642250817222,1500
t,-76.16756126129988,64.83243873870012,1500
y,-22.812104175747407,69.18789582425259,1500
m,-7.472275813001267,49.52772418699873,1500
b,-53.17980284563751,67.82019715436249,1500
x,-11.487599169558758,70.51240083044124,1500
t,-47.25851885928455,16.74148114071545,1500
u,-15.537090103059136,39.462909896940864,1500
a,-8.661579169687602,98.3384208303124,1500
s,-67.35958177031183,6.640418229688163,1500
t,-73.42548129517547,26.574518704824534,1500
l,-74.38755503356802,41.61244496643197,1500
i,-25.35558044031662,32.644419559683385,1500
c,-12.270502588196226,77.72949741180378,1500
f,-39.538755400964185,36.461244599035815,1500
w,-80.88700854524073,50.11299145475927,1500
a,-4.936307190702869,18.06369280929713,1500
r,-68.29599635395306,93.70400364604694,1500
z,-32.93163854183831,33.06836145816169,1500
i,-72.51527188854003,71.48472811145997,1500
u,-33.02487465692414,1.9751253430758613,1500
g,-34.5993015358093,78.4006984641907,1500
c,-72.037909005783,56.962090994216986,1500
d,-96.23788546572158,92.76211453427842,1500
y,-54.52553725512732,10.474462744872682,1500
s,-18.61549329162519,26.38450670837481,1500
v,-73.68767322438107,77.31232677561893,1500
i,-59.98589608280369,50.01410391719631,1500
a,-12.203776767983967,37.79622323201603,1500
q,-6.8337794517884705,52.16622054821153,1500
l,-9.208581840845316,59.79141815915469,1500
n,-65.99005994804097,53.009940051959035,1500
z,-81.55320373973416,31.44679626026584,1500
m,-1.4772063221276621,81.52279367787234,1500
g,-8.725920868844986,11.274079131155014,1500
p,-3.5661916705355825,41.43380832946442,1500
u,-53.686746100786095,86.3132538992139,1500
w,-35.78118116449808,2.2188188355019234,1500
l,-96.28677809332973,46.71322190667027,1500
d,-96.26282902910052,29.737170970899484,1500
q,-40.90516180368885,76.09483819631114,1500
h,-18.52105294256917,38.47894705743083,1500
y,-36.223837468079175,66.77616253192083,1500
c,-71.45624789277119,95.54375210722881,1500
o,-62.534124311068815,28.46587568893118,1500
z,-95.1230917980446,61.876908201955395,1500
x,-52.09895392620145,82.90104607379854,1500
v,-80.73251427062894,56.26748572937107,1500
m,-71.08853945606117,95.91146054393883,1500
v,-30.570033933688045,79.42996606631195,1500
u,-77.21929276793084,51.78070723206916,1500
f,-36.929258143059094,75.0707418569409,1500
d,-36.37497864798706,71.62502135201294,1500
n,-81.52724439060734,77.47275560939266,1500
x,-22.236392445151864,65.76360755484814,1500
d,-85.32737605719622,81.67262394280378,1500
u,-57.26341058145245,33.73658941854755,1500
a,-5.099906652339001,23.900093347661,1500
d,-76.73104773818964,66.26895226181036,1500
k,-86.31974486806318,7.6802551319368115,1500
y,-7.107250766975395,93.8927492330246,1500
t,-55.25142412393388,88.74857587606611,1500
n,-85.8590013302301,63.1409986697699,1500
y,-41.41614448539697,32.58385551460303,1500
n,-66.65951367452813,53.340486325471865,1500
p,-18.973038819067952,25.026961180932048,1500
t,-75.01738614690181,60.98261385309818,1500
r,-52.55444138016492,74.44555861983508,1500
s,-19.85459973591509,7.145400264084908,1500
r,-83.93546016089537,13.064539839104624,1500
i,-9.14251121567019,65.85748878432982,1500
h,-28.71086342471787,46.28913657528213,1500
r,-87.91070980173642,84.08929019826358,1500
y,-83.93973966399861,54.06026033600139,1500
a,-17.749467043264925,57.25053295673507,1500
h,-27.126298630323333,12.873701369676668,1500
n,-31.581113014919598,16.418886985080402,1500
h,-42.1896661466451,26.810333853354894,1500
r,-11.944174840146554,54.05582515985345,1500
k,-81.57772632498626,86.42227367501374,1500
w,-75.60815683400453,76.39184316599547,1500
y,-42.285269626770834,78.71473037322917,1500
x,-12.472149047207084,25.527850952792914,1500
c,-97.21425829472868,38.78574170527132,1500
s,-78.49017985299413,72.50982014700587,1500
i,-32.995072089306575,16.004927910693425,1500
g,-70.27149783358898,6.728502166411019,1500
w,-48.09873779326415,46.90126220673585,1500
e,0.04660928362140804,76.04660928362141,1500
e,-4.060490517405547,79.93950948259446,1500
x,-5.608662453765393,26.391337546234606,1500
w,-34.79687835345918,72.20312164654082,1500
q,-71.7855362353709,90.2144637646291,1500
f,-40.557852568122094,68.44214743187791,1500
q,-3.7680911363084473,51.23190886369155,1500
o,-49.89321600857617,47.10678399142383,1500
c,-95.21353682414149,5.7864631758585094,1500
q,-56.070883348210764,55.929116651789236,1500
z,-32.07929599563649,62.92070400436351,1500
k,-34.11465754429674,10.88534245570326,1500
n,-91.31548829579613,20.684511704203864,1500
c,-53.23575000622903,87.76424999377097,1500
a,-65.18776336784832,64.81223663215168,1500
d,-4.469567487065017,58.530432512934986,1500
m,-57.34328397243003,67.65671602756997,1500
y,-62.376911768608515,7.623088231391484,1500
b,-74.77182578706359,24.228174212936405,1500
o,-80.35072869345368,94.64927130654632,1500
d,-92.61360379238477,97.38639620761523,1500
l,-69.43902512583765,40.560974874162355,1500
b,-40.020520293430735,36.979479706569265,1500
l,-91.87055843902147,50.12944156097853,1500
i,-56.14791207181555,84.85208792818446,1500
j,-57.10457199788013,96.89542800211987,1500
h,-59.58188896943301,36.41811103056699,1500
j,-60.994336705014746,16.005663294985254,1500
i,-56.046552305146726,57.953447694853274,1500
f,-93.99201160774234,41.00798839225766,1500
q,-31.16619296372256,20.83380703627744,1500
g,-23.98812109926587,4.01187890073413,1500
h,-52.665961954627136,38.334038045372864,1500
t,-37.118985461657886,79.88101453834211,1500
x,-97.12151692149064,94.87848307850936,1500
w,-26.502987752902776,77.49701224709723,1500
q,-23.165989684286416,93.83401031571358,1500
z,-63.3666586275034,17.633341372496606,1500
m,-8.68853413746465,88.31146586253536,1500
a,-58.06551468572385,51.93448531427615,1500
e,-92.55767776654636,45.44232223345364,1500
y,-63.612207044832076,98.38779295516792,1500
a,-31.776807770700486,73.22319222929951,1500
j,0.7445747205032969,55.744574720503294,1500
l,-60.70081299803511,46.29918700196489,1500
l,-49.60342672980017,84.39657327019984,1500
l,-54.758755629781525,61.241244370218475,1500
e,-71.45878324615032,12.541216753849678,1500
q,0.1512800048831927,69.15128000488319,1500
l,-2.3668814077965137,70.63311859220349,1500
m,-66.15815579107836,12.841844208921637,1500
p,-88.27324662939604,25.726753370603962,1500
o,0.36772401241641484,68.36772401241642,1500
q,-27.458795821072318,53.54120417892768,1500
v,-79.49228376992089,30.50771623007911,1500
a,-8.445555790537762,17.554444209462236,1500
c,-33.08334940293347,2.91665059706653,1500
j,-79.9775626911693,43.02243730883071,1500
s,-7.969429112882801,26.0305708871172,1500
n,-84.74625823609486,7.2537417639051425,1500
m,-22.373310937894193,51.62668906210581,1500
i,-96.36101377457892,12.63898622542108,1500
i,-95.69207680455936,92.30792319544064,1500
v,-96.0814068955802,96.9185931044198,1500
m,-30.810933392858345,18.189066607141655,1500
t,-37.60669036813518,30.393309631864813,1500
c,-62.53801739710556,82.46198260289444,1500
w,-27.279918836500322,19.720081163499678,1500
x,-54.78972942774005,30.21027057225995,1500
n,-57.87627036178959,39.12372963821041,1500
c,-4.448118341560443,57.551881658439555,1500
o,-57.81855720678179,6.1814427932182126,1500
c,-8.894437794008017,49.10556220599199,1500
y,-47.985069375359565,82.01493062464043,1500
z,-26.60999676244347,44.39000323755653,1500
p,-46.34444449920034,59.65555550079966,1500
g,-50.7988146496829,6.2011853503171,1500
m,-62.87340388209863,17.126596117901368,1500
p,-21.873552054275496,19.126447945724504,1500
z,-14.259576669638623,36.740423330361374,1500
r,-28.92293290546771,12.077067094532287,1500
a,-51.269059805195916,32.730940194804084,1500
g,-21.49511015445619,98.50488984554381,1500
d,-16.685935824244943,10.314064175755057,1500
n,-9.79266066818766,8.20733933181234,1500
v,-80.0772567940941,90.9227432059059,1500
n,-6.0420267090339745,21.957973290966024,1500
h,-57.9074101014545,59.0925898985455,1500
n,-9.288349644612426,82.71165035538758,1500
x,-72.29008704917855,0.709912950821449,1500
n,-80.94885802749128,48.05114197250872,1500
b,-52.616316912063745,17.383683087936255,1500
a,-17.83435962515161,2.1656403748483903,1500
v,-1.4049231353847498,38.59507686461525,1500
n,-73.64910706668202,26.350892933317976,1500
z,-96.99411936594201,81.00588063405799,1500
l,-3.5311498947576343,1.4688501052423657,1500
r,-6.442730110339454,32.557269889660546,1500
z,-67.2800579599395,72.7199420400605,1500
a,-9.679572528498202,41.3204274715018,1500
k,-63.17221554293883,97.82778445706117,1500
b,-86.17190028813236,96.82809971186764,1500
h,-43.42570851810225,27.574291481897752,1500
j,-40.82521632699547,35.17478367300453,1500
x,-93.18045866557817,47.81954133442182,1500
b,-56.08067968236625,86.91932031763375,1500
u,-21.488702466788908,97.51129753321109,1500
g,-38.131282554980714,46.868717445019286,1500
d,-97.64005756857219,0.3599424314278128,1500
d,-21.909107424248823,37.09089257575118,1500
g,-24.61101397709755,61.38898602290245,1500
n,-42.310992405531884,67.68900759446811,1500
a,-55.89739732522897,19.102602674771028,1500
k,-24.373152887450036,81.62684711254997,1500
j,-72.87986519419464,75.12013480580536,1500
t,-65.63682316294393,9.363176837056077,1500
y,-86.61698202275247,82.38301797724753,1500
b,-97.05626928768186,32.943730712318136,1500
e,-89.67701751460825,51.32298248539175,1500
c,-10.909457027654865,68.09054297234513,1500
l,-31.338546915718435,14.661453084281566,1500
o,-59.07908141468225,12.92091858531775,1500
u,-41.78324039624528,75.21675960375472,1500
o,-95.1742843306116,67.8257156693884,1500
z,-54.22635306271726,44.77364693728274,1500
y,-58.27881663480546,0.7211833651945416,1500
p,-65.38911289664347,20.610887103356532,1500
v,-22.41514361058638,7.584856389413618,1500
r,-60.30959310361728,40.69040689638272,1500
g,-27.93428708955009,45.06571291044991,1500
d,-9.552308010457677,43.44769198954232,1500
u,-74.89841802507677,81.10158197492323,1500
l,-61.54159436454093,37.45840563545907,1500
x,-76.26563391057041,22.73436608942958,1500
p,-70.00827384641919,27.991726153580807,1500
g,-55.86435116753127,96.13564883246873,1500
r,-47.490940436851076,78.50905956314892,1500
g,-19.123851086100068,30.876148913899932,1500
p,-44.008932024552145,64.99106797544785,1500
n,-25.806947978570246,11.193052021429752,1500
b,-47.037670242062504,2.962329757937497,1500
u,-46.26362639725136,67.73637360274864,1500
t,-41.34303139339235,36.65696860660765,1500
t,-17.19855665006523,32.80144334993477,1500
f,-65.16805331204894,36.83194668795107,1500
z,-92.63573173137084,58.36426826862917,1500
c,-22.274199180368203,77.7258008196318,1500
v,-17.03529589346143,30.96470410653857,1500
z,-71.5878857959274,39.4121142040726,1500
o,-47.87569055400683,38.12430944599317,1500
a,-41.15308740454345,28.84691259545655,1500
u,-13.655303990977977,35.34469600902202,1500
t,-4.06838582993162,41.93161417006838,1500
n,-70.64768890181449,95.35231109818551,1500
q,-50.64142753856067,48.35857246143933,1500
k,-24.068417836370763,79.93158216362923,1500
u,-78.03088768853128,30.969112311468717,1500
o,-45.221548723888446,28.77845127611155,1500
l,-90.81850284059304,22.18149715940696,1500
u,-4.084982488740044,45.915017511259954,1500
d,-86.24535126969974,52.754648730300254,1500
f,-68.78660621186923,74.21339378813077,1500
l,-75.51169798233569,85.48830201766431,1500
r,-51.4385018527584,46.5614981472416,1500
c,-25.441054168451743,61.55894583154826,1500
u,-1.6314554291008865,21.368544570899115,1500
i,-62.79930926890744,58.20069073109256,1500
c,-57.269459668372654,55.730540331627346,1500
v,-46.86012636462378,30.139873635376222,1500
r,-36.68905111893376,82.31094888106624,1500
r,-39.58138739934175,59.41861260065825,1500
l,-40.86299475942086,84.13700524057914,1500
g,-60.35276140454211,30.647238595457893,1500
f,-21.823011052642627,18.176988947357373,1500
w,-22.85091228965525,54.14908771034475,1500
q,-42.94939698701642,35.05060301298358,1500
a,-39.59154459206467,43.40845540793533,1500
x,-69.60460501204592,56.39539498795407,1500
n,-30.20148009969998,21.79851990030002,1500
k,-84.06344047028121,5.936559529718795,1500
j,-7.971578409090221,2.0284215909097787,1500
r,-37.85576047425336,46.14423952574664,1500
f,-5.6401979085780845,58.35980209142191,1500
m,-52.49881376280153,97.50118623719847,1500
p,-57.5435575424746,32.4564424575254,1500
z,-33.07514879555244,85.92485120444756,1500
x,-64.07781253791313,25.922187462086868,1500
m,-17.084313457074018,45.91568654292598,1500
v,-82.42612028883184,78.57387971116816,1500
a,-0.9856866744386366,94.01431332556136,1500
g,-54.16080810692203,17.839191893077967,1500
n,-17.266842705657943,51.73315729434206,1500
c,-87.24301104109453,92.75698895890547,1500
d,-93.85622284244195,75.14377715755805,1500
w,-55.13313515862541,74.86686484137459,1500
u,-32.3448952476304,48.6551047523696,1500
e,-55.84283627271967,39.15716372728033,1500
i,-91.52389930861705,80.47610069138295,1500
a,-85.1798679052015,72.8201320947985,1500
f,-75.44949536410446,37.550504635895535,1500
v,-54.97410694371358,5.025893056286417,1500
g,-58.17048936295801,38.82951063704199,1500
o,-83.19558954336026,80.80441045663974,1500
k,-90.5390852473232,94.4609147526768,1500
t,-76.9379958333641,7.062004166635895,1500
y,-80.83351227000696,22.16648772999303,1500
z,-25.30493566205499,1.6950643379450092,1500
f,-39.823067090368646,52.176932909631354,1500
o,-77.96611742525008,10.033882574749928,1500
m,-70.05386540380866,75.94613459619134,1500
j,-59.44942054403265,61.55057945596735,1500
y,-36.85379357474944,47.14620642525056,1500
e,-66.41699868584142,70.58300131415858,1500
o,-96.01162848208286,28.98837151791714,1500
m,-7.421914726378486,72.57808527362151,1500
g,-3.553856061022576,13.446143938977425,1500
n,-8.247452972233633,38.75254702776637,1500
y,-16.052298557796878,62.947701442203126,1500
i,-6.217491187153664,29.782508812846338,1500
d,-16.289483981280878,84.71051601871912,1500
e,-18.50418052438566,32.49581947561434,1500
s,-53.85212033275045,25.147879667249544,1500
f,-67.8841668304977,18.115833169502295,1500
w,-17.45363655751748,48.546363442482516,1500
k,-22.82956721775557,80.17043278224443,1500
d,-45.6807407170526,87.3192592829474,1500
r,-30.636727956807583,13.363272043192417,1500
