n,-1.8888935086381857,67.11110649136181,25
k,-78.18446906794823,92.81553093205177,25
p,-83.41054751955743,44.589452480442574,25
r,0.07379355770510876,51.07379355770511,25
c,-60.867028312153316,23.13297168784668,25
n,-57.64254876532627,88.35745123467373,25
s,-39.41679230096087,95.58320769903912,25
j,-2.6867285701940053,82.313271429806,25
t,-8.682033779209622,75.31796622079038,25
b,-10.75404899140311,90.24595100859689,25
m,-68.46604180790419,26.533958192095806,25
a,-54.06050316857475,28.93949683142525,25
q,-3.3241875668586367,2.6758124331413633,25
o,-3.881225247303911,72.11877475269608,25
g,-4.652059039264218,92.34794096073578,25
j,-60.17734226529391,91.82265773470608,25
e,-32.01439610420251,43.98560389579749,25
c,-69.28772269724556,92.71227730275444,25
c,-74.8920602109841,91.1079397890159,25
q,-94.14986625242253,97.85013374757747,25
s,-13.955590047153244,35.044409952846756,25
h,-35.55964337205411,44.44035662794589,25
l,-74.97753084272743,82.02246915727257,25
f,-50.167270166739996,94.83272983326,25
h,-77.72297245126514,22.277027548734864,25
n,-93.7610976946747,21.238902305325297,25
m,-9.976023575622202,83.02397642437779,25
d,-15.941124470995632,18.058875529004368,25
z,-94.22449818216309,94.77550181783691,25
u,-29.965265571035403,24.034734428964597,25
m,-52.43753951673044,48.56246048326956,25
k,-42.83145593029186,47.16854406970814,25
q,-7.580664832147767,86.41933516785224,25
a,-91.895463954662,18.104536045337994,25
h,-32.62680518647137,44.37319481352863,25
d,-85.04982687203099,52.950173127969,25
k,-41.873075689091834,34.126924310908166,25
w,-50.1890894347325,17.8109105652675,25
y,-95.86781493855668,18.132185061443316,25
i,-37.80418438166902,93.19581561833098,25
p,-70.62281193610691,93.37718806389309,25
c,-27.540551048505083,15.459448951494917,25
n,-37.93595085397148,91.06404914602852,25
i,-58.83904218494999,8.160957815050015,25
o,-67.49275217143179,0.5072478285682047,25
h,-41.87987588573566,83.12012411426434,25
d,-87.2530895359591,71.7469104640409,25
r,-78.58724004286556,37.41275995713444,25
c,-4.938548021966018,65.06145197803399,25
c,-57.46649839559621,19.533501604403785,25
q,-31.527311808501537,95.47268819149846,25
f,-60.26038240244998,4.739617597550026,25
g,-61.51325476854136,87.48674523145864,25
e,-44.55079980971675,67.44920019028325,25
m,-78.61072570016364,79.38927429983636,25
j,-86.0766000438689,57.9233999561311,25
u,-87.60745328828492,53.39254671171508,25
o,-71.59840882905239,21.401591170947608,25
a,-2.8588700814314225,18.141129918568577,25
a,-25.827975588668497,17.172024411331503,25
u,-7.1036847633614,25.8963152366386,25
e,-67.04108029079326,66.95891970920674,25
e,-7.026127118070678,2.9738728819293216,25
r,-13.375697482027787,60.62430251797221,25
n,-44.64235024195302,17.357649758046986,25
j,-79.77554095183163,11.224459048168363,25
m,-83.63324325247213,68.36675674752787,25
n,-14.139150405534597,61.86084959446541,25
n,-47.38858498198729,92.6114150180127,25
v,-27.734304286360544,80.26569571363946,25
l,-28.02670372699395,28.97329627300605,25
p,-84.13511784352613,2.8648821564738696,25
m,-0.0481308934763206,57.95186910652368,25
a,-97.64572970680732,80.35427029319268,25
z,-35.00929249989424,43.99070750010576,25
t,-54.051300704843555,49.948699295156445,25
r,-40.372205730238235,9.627794269761766,25
r,-0.7623374098069361,78.23766259019307,25
h,-12.291316098300651,70.70868390169935,25
f,-28.652457885016158,26.347542114983842,25
f,-18.163539135463616,45.836460864536384,25
y,-64.260416451784,51.739583548216004,25
m,-24.98785317654265,22.01214682345735,25
v,-58.97785346843418,27.022146531565816,25
x,-40.61539101531017,90.38460898468983,25
v,-69.28814749348793,48.71185250651208,25
w,-13.293801001456536,88.70619899854347,25
u,-87.40937252725631,42.59062747274369,25
c,-97.41378397186755,24.586216028132455,25
o,-11.610691841741595,31.389308158258405,25
i,-45.55015428886072,36.44984571113928,25
h,-20.55302346029192,74.44697653970807,25
c,-88.45096001694745,7.549039983052559,25
c,-62.37620533856317,53.62379466143683,25
l,-0.9818241895212053,32.018175810478795,25
p,-51.575827035179884,78.42417296482012,25
d,-78.51353850938904,89.48646149061096,25
f,-22.85365606636656,5.146343933633438,25
h,-92.65154192725697,23.348458072743025,25
b,-93.41376577168228,50.58623422831773,25
i,-17.238403611623543,60.76159638837646,25
x,-63.54506170495143,63.45493829504857,25
x,-25.16125083676599,22.83874916323401,25
b,-6.27944956178091,89.72055043821909,25
a,-10.015482634480806,45.984517365519196,25
c,-81.91868162129819,93.08131837870181,25
s,-29.297404897174303,61.7025951028257,25
o,-48.73949413304859,63.26050586695141,25
d,-84.21140395472261,19.78859604527738,25
i,-25.385523081557217,25.614476918442783,25
c,-40.34491921988444,18.655080780115565,25
a,-30.10100542736059,64.89899457263941,25
s,-2.437843091211427,24.562156908788573,25
b,-80.09638965007277,59.903610349927234,25
f,-66.75908037225867,84.24091962774133,25
t,-0.4887567918225446,57.511243208177454,25
z,-79.59568554274146,75.40431445725854,25
h,-15.621024396278335,84.37897560372167,25
l,-56.1682492849399,71.83175071506011,25
x,-7.824480633015138,95.17551936698486,25
p,-30.335078547303947,96.66492145269605,25
a,-7.093606748260297,68.9063932517397,25
l,-23.394449340390214,1.6055506596097864,25
g,-53.22134936566112,73.77865063433889,25
f,-3.3864884275112708,79.61351157248873,25
t,-69.55290533984223,32.447094660157774,25
u,-91.13381425425206,22.86618574574794,25
f,-9.471273730973435,65.52872626902656,25
v,-64.58425614731976,80.41574385268024,25
w,-18.93302150934263,70.06697849065736,25
o,-40.022054591832756,71.97794540816724,25
a,-38.577330687575774,98.42266931242423,25
q,-37.566342145338524,79.43365785466148,25
f,-51.027384400314446,89.97261559968555,25
r,-82.22698902574918,97.77301097425082,25
e,-20.46043990621643,12.53956009378357,25
s,-60.994916827130005,66.00508317287,25
p,-65.59886708758873,17.401132912411274,25
j,-13.423587172373772,2.576412827626228,25
y,-51.93140765204156,97.06859234795844,25
m,-37.073085358141434,98.92691464185856,25
u,-8.818929495347213,68.1810705046528,25
p,-46.05887521308129,90.9411247869187,25
x,-55.723882367716726,14.276117632283272,25
q,-69.66834599872509,17.33165400127492,25
b,-57.40090574410553,50.59909425589447,25
b,-20.99286661997901,77.00713338002099,25
e,-11.513612996333928,35.486387003666074,25
e,-64.43248455266368,60.56751544733632,25
p,-5.463091023846306,94.5369089761537,25
p,-52.03663813165496,70.96336186834503,25
z,-14.644418159375414,90.35558184062458,25
q,-37.574053637439015,47.425946362560985,25
v,-90.20994327826962,86.79005672173038,25
a,-20.427633794627138,66.57236620537286,25
n,-58.703186346767176,11.296813653232823,25
v,-3.5234790745466804,31.47652092545332,25
i,-88.94828502823512,37.05171497176488,25
e,-94.62371720338517,47.37628279661484,25
q,-46.85942685291659,10.14057314708341,25
t,-79.76697566021288,2.2330243397871206,25
s,-8.60975771583966,18.39024228416034,25
q,-90.97726239856271,94.02273760143729,25
r,-16.97871146458623,52.02128853541377,25
i,-60.68698712180967,77.31301287819034,25
j,-80.29089862661272,93.70910137338728,25
f,-36.12015949464494,79.87984050535506,25
y,-89.69700469280049,35.3029953071995,25
p,-97.18973401339329,49.810265986606716,25
o,-80.57335931149171,91.42664068850829,25
r,-58.76297462193284,71.23702537806716,25
j,-52.25552061140119,89.7444793885988,25
m,-40.880070278302846,89.11992972169715,25
d,-32.51295103195503,95.48704896804496,25
p,-77.61864015964824,98.38135984035176,25
y,-85.88458835535072,20.115411644649292,25
r,-25.088471125627255,85.91152887437275,25
h,-11.8678035896002,29.1321964103998,25
w,-30.405214099845075,21.594785900154925,25
h,-76.60208207228494,9.397917927715064,25
t,-5.63038977255236,46.36961022744764,25
j,-6.476847677621375,17.523152322378625,25
r,-79.62223920706597,18.37776079293403,25
z,-12.54097298186821,51.45902701813179,25
i,-73.05355950778743,18.94644049221257,25
r,-89.95729821209422,94.04270178790578,25
b,-66.85472972818201,7.145270271817992,25
q,-56.30435488677959,67.69564511322041,25
e,-19.25493402296132,1.745065977038681,25
c,-56.25081171976828,10.74918828023172,25
k,-34.728505360133184,38.271494639866816,25
d,-69.64084033694212,51.35915966305788,25
k,-47.64098733372765,28.359012666272346,25
g,-40.54618354685629,31.453816453143713,25
d,-3.6751571840935977,85.32484281590641,25
w,-54.010689568655835,26.98931043134417,25
y,-57.83032793777267,18.169672062227324,25
k,-4.049906000014733,96.95009399998527,25
n,-86.69858617194313,10.301413828056873,25
i,-57.09962798676202,34.90037201323798,25
d,-90.08973650404631,63.91026349595368,25
c,-6.598205611043774,37.401794388956226,25
o,-64.37448913135567,36.62551086864433,25
s,-13.600718390832073,88.39928160916793,25
u,-27.11645177763973,81.88354822236028,25
c,-43.42830110586134,82.57169889413866,25
n,-35.23936281551266,26.760637184487337,25
n,-41.67902981078952,85.32097018921047,25
f,-20.20513576053119,54.794864239468815,25
c,-62.769371201910175,33.230628798089825,25
u,-85.31673693751574,57.68326306248426,25
x,-93.53203698247418,18.467963017525825,25
h,-49.28636703139028,92.71363296860972,25
k,-6.005011750802655,95.99498824919735,25
y,-96.44745753495064,64.55254246504936,25
d,-52.08041006943543,3.9195899305645696,25
z,-85.50717323414811,17.492826765851884,25
k,-53.37680610567972,11.62319389432028,25
s,-3.696465039939185,82.30353496006082,25
j,-39.30883296033689,84.6911670396631,25
r,-56.31017716491242,8.689822835087584,25
x,-24.79601019765375,22.20398980234625,25
a,-13.296298467810155,10.703701532189845,25
q,-90.52712204508185,22.472877954918143,25
u,-85.53752665214631,86.46247334785369,25
j,-96.10392662531436,40.89607337468564,25
g,-59.170183660632986,74.82981633936701,25
u,-55.355921364206196,67.6440786357938,25
o,-26.43765538893042,63.562344611069584,25
w,-78.47634907278618,47.52365092721383,25
k,-89.85128210182158,42.14871789817842,25
e,-96.81897360392112,88.18102639607888,25
y,-85.6613409256063,77.3386590743937,25
t,-31.7821601436051,92.2178398563949,25
h,-22.883390543466717,26.116609456533283,25
k,-73.6628833294068,18.337116670593197,25
f,-79.5047265635695,37.495273436430494,25
s,-74.04279888281016,16.957201117189843,25
y,-44.469509147609784,3.5304908523902183,25
m,-68.45680476814294,55.543195231857055,25
o,-57.26767981596487,1.7323201840351334,25
c,-16.84868278561649,60.15131721438351,25
s,-53.272688539719915,39.727311460280085,25
a,-91.99577553342179,81.00422446657821,25
w,-39.23648491327969,96.7635150867203,25
o,-92.34335424835146,25.65664575164854,25
r,-55.09822942181439,91.90177057818562,25
r,-8.223518889061694,78.7764811109383,25
p,-95.83349022457939,43.166509775420614,25
z,-39.82280712886779,96.1771928711322,25
s,-95.76845592459574,6.231544075404261,25
m,-85.71462414147871,48.2853758585213,25
v,-61.247646469543525,35.752353530456475,25
l,-64.80302992954081,44.19697007045919,25
b,-28.362892004696818,8.63710799530318,25
l,-10.317043397669494,44.682956602330506,25
s,-4.119155860778959,40.88084413922104,25
y,-74.87379741163252,37.12620258836748,25
v,-89.9440536801725,0.05594631982750098,25
b,-95.24248410440246,88.75751589559754,25
x,-81.1075731148552,48.8924268851448,25
r,-36.45788876534002,63.54211123465998,25
z,-7.235759028248722,64.76424097175128,25
n,-64.74935539661516,39.25064460338484,25
f,-17.2102219392847,36.7897780607153,25
u,-14.722336919041448,93.27766308095855,25
o,-8.340562785687947,72.65943721431205,25
s,-70.73228837083165,72.26771162916835,25
z,-44.09163537309177,50.90836462690823,25
u,-61.99260471999043,68.00739528000956,25
t,-56.49230400032242,1.507695999677579,25
l,-6.21572618747528,35.78427381252472,25
x,-19.628047422370884,70.37195257762912,25
u,-89.76847436714759,30.23152563285241,25
e,-52.17259060184287,1.8274093981571302,25
u,-61.86969970118511,63.13030029881489,25
s,-18.39888638756749,80.60111361243251,25
k,-87.69885378365885,67.30114621634115,25
m,-39.08825131824234,7.911748681757659,25
y,-32.49369340576775,75.50630659423226,25
t,-71.19370542647165,47.806294573528355,25
a,-82.84269121966813,90.15730878033187,25
x,-33.55295515853371,58.44704484146629,25
x,-13.15623777823078,20.843762221769218,25
b,-10.06292208064286,56.93707791935714,25
b,-4.8218195105652315,60.178180489434766,25
i,-19.70826661101364,90.29173338898636,25
l,-13.269323601485729,61.73067639851427,25
h,-15.064242761589185,10.935757238410815,25
r,-55.628415091030085,23.371584908969915,25
r,-89.18785404705984,44.81214595294015,25
a,-70.65962505720195,42.34037494279805,25
v,-66.94373625440772,65.05626374559228,25
s,-8.054775494161616,32.94522450583838,25
w,-18.80829862709132,16.19170137290868,25
r,-70.39580656965919,62.604193430340814,25
n,-31.561285859909333,56.43871414009067,25
j,-47.77842804692956,13.221571953070438,25
u,-80.06762931544685,73.93237068455315,25
m,-69.00823748211867,5.991762517881332,25
a,-84.47833568763747,59.52166431236253,25
m,-78.21431134525986,43.78568865474014,25
z,-24.346217930779723,21.653782069220277,25
r,-40.3470602457659,9.652939754234096,25
k,-88.4971704060307,79.5028295939693,25
d,-82.71148805112651,5.288511948873484,25
x,-90.01340001106031,3.986599988939685,25
u,-66.69678669711539,83.30321330288461,25
z,-42.236694358898454,67.76330564110155,25
s,-3.3347720365661564,37.66522796343384,25
j,-11.313780768303811,8.686219231696189,25
d,-81.63260462029913,25.367395379700863,25
i,-43.86342101833143,98.13657898166856,25
f,-9.842839412087669,82.15716058791233,25
e,-29.937060127245854,37.06293987275414,25
v,-58.39686241295179,68.60313758704821,25
g,-80.9680741009641,13.031925899035892,25
z,-6.050235560020675,52.949764439979326,25
n,-10.939579291782623,70.06042070821738,25
r,-1.9675486679049685,24.032451332095032,25
m,-28.549469325233254,55.450530674766746,25
t,-21.32302013049715,70.67697986950284,25
d,-32.04204046645465,75.95795953354535,25
h,-77.36370435031515,48.636295649684854,25
z,-12.7020338432596,78.2979661567404,25
b,-62.84881617045827,88.15118382954174,25
g,-66.27749030678204,71.72250969321796,25
p,-77.66628478779268,23.333715212207323,25
f,-10.736906556355894,41.26309344364411,25
c,-95.32234957611718,49.67765042388282,25
q,-34.240898240809784,38.759101759190216,25
b,-40.06326885903543,4.936731140964565,25
s,-92.05591695292067,16.94408304707933,25
o,-64.31043883095212,85.68956116904788,25
y,-84.46223409010824,32.53776590989175,25
m,-85.0028851846259,64.9971148153741,25
d,-40.40420079890959,55.59579920109041,25
u,-14.13375377515665,62.86624622484335,25
w,-92.30938840855092,13.69061159144908,25
r,-33.34497840351221,6.65502159648779,25
q,-20.266978567293123,15.73302143270688,25
t,-92.77443887755673,54.22556112244326,25
i,-11.669119995402772,93.33088000459723,25
y,-68.4352440598724,42.564755940127604,25
k,-57.56501466450808,4.434985335491923,25
w,-13.790719226517297,93.2092807734827,25
w,-29.099590447411085,24.900409552588915,25
o,-33.27135536063555,92.72864463936445,25
l,-38.1584686713335,36.8415313286665,25
n,-71.94738411374253,77.05261588625747,25
w,-37.955620767907035,27.044379232092965,25
v,-95.72323940994163,86.27676059005837,25
w,-76.05775868617991,16.942241313820084,25
u,-13.304936534023202,48.6950634659768,25
v,-7.487100883884481,5.512899116115519,25
j,-65.53533960022723,24.464660399772765,25
e,-9.556545750656454,33.443454249343546,25
l,-42.02084482225047,54.97915517774953,25
o,-10.327878857644512,79.6721211423555,25
n,-1.4980240515539736,78.50197594844603,25
e,-25.67909598519733,2.32090401480267,25
z,-24.16845405543622,90.83154594456377,25
u,-60.61387152330189,89.38612847669812,25
j,-43.99487176692584,79.00512823307416,25
s,-19.609949581341553,44.39005041865845,25
k,-23.806255680977195,37.193744319022805,25
c,-91.41813027891789,23.58186972108211,25
c,-49.10142138709421,25.898578612905787,25
f,-28.871888994041974,19.128111005958026,25
v,-1.3955172506380977,80.6044827493619,25
z,-42.88201519924465,9.117984800755355,25
w,-84.9337818551296,0.06621814487040323,25
a,-45.26584686719834,80.73415313280167,25
p,-27.947741097145446,31.052258902854554,25
m,-59.41081906617443,81.58918093382556,25
p,-3.484600864175552,74.51539913582445,25
a,-97.89637247715093,19.103627522849063,25
k,-53.0198394530823,83.9801605469177,25
a,-74.17481467129359,9.825185328706409,25
e,-87.55506374171858,31.44493625828141,25
l,-57.86408523374911,51.13591476625089,25
y,-87.70031162648687,53.29968837351313,25
g,-76.57684268755679,18.4231573124432,25
b,-67.86147804510036,94.13852195489964,25
a,-90.20745808938477,32.79254191061523,25
i,-91.06390057413216,97.93609942586784,25
c,-43.25540934257338,19.744590657426617,25
k,-69.67639902497964,5.323600975020356,25
e,-41.349747152270794,60.650252847729206,25
r,-29.732637302850204,92.26736269714979,25
t,-9.056782879582064,28.943217120417938,25
l,-88.49031845751257,41.50968154248742,25
d,-97.57060914561877,29.42939085438122,25
j,-71.49324027555622,91.50675972444378,25
u,-34.35488308417614,0.6451169158238655,25
v,-73.10346383248417,22.896536167515826,25
y,-72.60059690107543,45.399403098924566,25
l,-30.492600415808802,55.5073995841912,25
s,-52.520664687208395,88.4793353127916,25
k,-22.172027413899464,33.827972586100536,25
b,-18.152889295104554,75.84711070489544,25
z,-4.972980247949826,69.02701975205018,25
o,-83.08766454315612,44.91233545684387,25
w,-29.610504814311394,75.3894951856886,25
e,-71.08334740565934,51.91665259434066,25
f,-17.221974726691446,71.77802527330856,25
h,-41.16246365218601,62.83753634781399,25
s,-52.39736932742554,90.60263067257446,25
h,-78.0643540938916,79.9356459061084,25
j,-72.38061145550512,71.61938854449488,25
e,-74.64964476161242,39.35035523838758,25
u,-87.09422028137816,97.90577971862184,25
o,-78.18142157772492,85.81857842227508,25
d,-75.35496285765078,46.645037142349224,25
l,-5.08652450301005,14.91347549698995,25
a,-48.13506999886397,22.864930001136027,25
n,-74.51753605242351,58.4824639475765,25
f,-29.548072985610364,19.451927014389636,25
n,-2.735522190251506,39.26447780974849,25
s,-39.26459512503372,3.7354048749662816,25
g,-66.71434225923682,7.28565774076319,25
q,-20.669132050872314,30.330867949127686,25
c,-84.83243278871115,75.16756721128885,25
r,-3.2926448341051637,30.707355165894835,25
w,-27.26872858483225,75.73127141516775,25
u,-72.83120922309674,23.168790776903265,25
u,-68.87701976024051,48.122980239759485,25
k,-92.95937999242982,94.04062000757018,25
d,-53.88382344843462,79.11617655156537,25
e,-2.689471657576802,73.3105283424232,25
d,-13.405879717438388,2.5941202825616116,25
t,-87.27842589778517,88.72157410221483,25
y,-64.57431344747818,85.42568655252182,25
s,-3.586903283921021,40.41309671607898,25
f,-16.477326252437177,51.52267374756282,25
u,-15.537008162769814,5.462991837230186,25
y,-95.61766275407044,79.38233724592956,25
p,-39.66689012816604,22.333109871833962,25
w,-6.753102275718293,94.24689772428171,25
l,-8.106201360651069,5.893798639348932,25
i,-72.62100159285812,83.37899840714188,25
g,-96.62859995287407,87.37140004712593,25
r,-42.4894638069917,72.5105361930083,25
h,-9.528792274711863,95.47120772528814,25
x,-3.037797582524804,81.9622024174752,25
w,0.3939479434235963,64.3939479434236,25
j,-39.31855149149457,82.68144850850544,25
t,-9.109019328518645,58.89098067148135,25
y,-38.71223537473564,36.28776462526436,25
x,-65.74525658609609,48.25474341390392,25
w,-46.959315786810166,30.040684213189834,25
w,-5.890907812596553,11.109092187403446,25
d,-66.69600518313364,60.303994816866364,25
y,-68.21183133077706,39.78816866922294,25
n,-19.779536430232803,20.220463569767197,25
y,-61.69433571183854,14.305664288161461,25
a,-75.5488697842085,73.4511302157915,25
w,-33.115876783912775,18.884123216087225,25
u,-93.86978804799783,54.13021195200218,25
f,-17.884757254721453,7.115242745278545,25
x,-66.37692531514806,3.6230746848519373,25
a,-62.22356028424601,33.77643971575399,25
v,-8.51975498132873,49.48024501867127,25
a,-34.70839166152455,98.29160833847546,25
r,-9.755415072171528,41.24458492782847,25
d,-35.04486882537216,17.955131174627834,25
r,-10.673182011876907,20.326817988123093,25
e,-83.22062707700917,90.77937292299083,25
s,-24.28294672117996,53.71705327882004,25
q,-19.530752817817454,73.46924718218254,25
n,-67.81309528826176,47.18690471173824,25
t,-75.37611969396538,98.62388030603462,25
w,-60.60187671944207,46.39812328055793,25
k,-24.61884475096019,94.38115524903981,25
x,-11.103669202232519,96.89633079776748,25
c,-1.5023978612680438,69.49760213873196,25
a,-37.04358439007083,89.95641560992917,25
i,-92.60629512106465,10.393704878935349,25
f,-2.3289672877388776,81.67103271226112,25
i,-66.62358263165898,53.37641736834102,25
h,-91.64204623270504,84.35795376729496,25
b,-67.25781077955833,85.74218922044167,25
x,-93.01606388257453,18.983936117425472,25
g,-64.84862341390712,62.15137658609289,25
m,-45.40892911810936,12.591070881890634,25
o,-40.29061155420738,85.70938844579263,25
o,-41.164353459390256,38.835646540609744,25
u,-23.80426132224325,1.1957386777567507,25
n,-55.403393518720776,11.596606481279226,25
q,-88.76577223814549,17.23422776185451,25
r,-90.44008526016628,8.559914739833719,25
m,-81.94883746113655,54.05116253886345,25
i,-76.79986009385642,95.20013990614358,25
v,-75.25157142235393,41.74842857764607,25
w,-96.69537132497844,71.30462867502156,25
g,-0.6885550112959827,84.31144498870401,25
b,-96.30889770043937,23.691102299560633,25
n,-85.51229051644988,70.48770948355012,25
w,-45.630936095970476,10.369063904029524,25
r,-45.45921897324679,26.540781026753212,25
m,-36.96551477904872,82.03448522095128,25
