x,-66.00485859209142,14.995141407908575,25
d,-41.08567769959659,65.91432230040341,25
f,-12.143909516644468,19.856090483355533,25
g,-36.74443110973267,27.25556889026733,25
t,-68.02469346005125,46.975306539948754,25
i,-66.15213834172387,4.847861658276129,25
s,-11.990761343586886,22.009238656413114,25
e,-40.80419614664783,44.19580385335217,25
p,-84.59899893979377,27.401001060206227,25
f,-80.04079505380419,94.95920494619581,25
t,-58.35099693048944,75.64900306951056,25
m,-36.66148440300352,72.33851559699649,25
i,-87.09424861756908,67.90575138243092,25
z,-9.712702059752338,72.28729794024767,25
h,-3.697368662611186,2.302631337388814,25
n,-88.41917919075247,80.58082080924753,25
t,-87.65986431116805,6.34013568883195,25
d,-72.4325453169879,93.5674546830121,25
h,-8.816006729548528,95.18399327045147,25
h,-81.32094295936852,66.67905704063148,25
x,-55.66922103197371,41.33077896802629,25
v,0.10039955114679489,81.1003995511468,25
b,-51.07279427545818,8.92720572454182,25
d,-33.03442037304329,82.96557962695671,25
p,-65.56971543501248,17.43028456498751,25
g,-6.214691213391203,7.785308786608797,25
o,-66.11426425997709,24.885735740022902,25
h,-29.5323587726827,18.4676412273173,25
p,-22.675091961132853,6.324908038867145,25
s,-63.96216896943146,22.037831030568537,25
a,-51.300492784460786,53.699507215539214,25
l,-32.471970070652134,54.528029929347866,25
e,-0.584665800277195,5.415334199722805,25
q,-92.56253008985534,76.43746991014466,25
u,-25.44655778498539,12.55344221501461,25
z,-90.85836742000554,19.141632579994464,25
z,-79.57670633109818,9.423293668901819,25
y,-47.749073850257716,45.250926149742284,25
h,-67.72726338890963,69.27273661109037,25
r,-16.845314949392037,9.154685050607963,25
r,-72.43107526163007,71.56892473836993,25
s,-69.83761893802125,48.16238106197875,25
n,-58.94355449547762,45.05644550452238,25
y,-92.95497773067265,50.04502226932735,25
r,-10.99969839384241,2.00030160615759,25
z,-38.81958270051987,50.18041729948013,25
x,-31.672812858165344,22.327187141834656,25
h,-47.37611072612688,63.62388927387312,25
h,-92.64344140086257,10.356558599137427,25
o,-8.419025071928012,10.580974928071988,25
h,-35.34362082579813,90.65637917420186,25
z,-5.569811394176796,19.430188605823204,25
n,-90.32634310410167,49.67365689589833,25
u,-67.09075597321454,58.90924402678545,25
x,-10.282941742618585,36.71705825738142,25
a,-69.24437188428875,78.75562811571125,25
z,-10.169331249379201,34.8306687506208,25
j,-46.62011667716136,77.37988332283864,25
i,-72.0059658423482,36.9940341576518,25
x,-29.162123522216838,80.83787647778317,25
s,-93.06413240841826,86.93586759158174,25
u,-93.75599174576078,18.244008254239215,25
a,-92.3491619555147,64.6508380444853,25
v,-64.40858657624294,82.59141342375706,25
y,-85.88365734628977,89.11634265371023,25
o,-48.650223755068524,30.34977624493148,25
h,-11.720303326923018,56.279696673076984,25
o,-16.43008860077373,10.569911399226271,25
f,-95.90373790517668,40.09626209482332,25
z,-97.24077924428656,69.75922075571344,25
b,-93.27098487888249,35.72901512111752,25
b,-20.435967735709095,83.5640322642909,25
k,-70.0350784093862,17.96492159061379,25
j,-97.58480617693391,5.415193823066091,25
s,-44.26123125941809,84.7387687405819,25
v,-88.78723997355128,98.21276002644872,25
r,-19.896670995266696,33.103329004733304,25
i,-97.00128621912918,14.998713780870819,25
i,-87.63050077897533,64.36949922102467,25
k,-34.74573552079945,39.25426447920055,25
w,-61.20407933119993,43.79592066880007,25
s,-58.00846745093786,69.99153254906214,25
a,-97.15695346096322,42.84304653903677,25
s,-44.83473655449167,43.16526344550833,25
n,-0.8474759652706888,76.15252403472931,25
d,-40.6798698143909,28.320130185609102,25
v,-24.813559353266466,91.18644064673353,25
d,-64.88029430769734,53.11970569230267,25
a,-39.02795719176083,24.972042808239173,25
r,-46.672562367291796,34.327437632708204,25
n,-73.5148299177265,68.4851700822735,25
y,-75.05060968596707,61.949390314032925,25
o,-68.42693980811866,62.57306019188134,25
o,-36.40588955104462,48.59411044895538,25
m,-63.49506051165918,28.504939488340813,25
m,-45.00244869048262,70.99755130951738,25
n,-64.46112675555553,63.538873244444474,25
i,-85.35186920457383,63.64813079542617,25
r,-95.0462695481429,97.9537304518571,25
e,-14.826947797029705,20.173052202970297,25
h,-87.04665242220166,27.953347577798336,25
d,-85.97723392848079,87.02276607151921,25
o,-1.545695801813779,75.45430419818622,25
o,-39.15317759719645,46.84682240280355,25
f,-49.41380166003966,57.58619833996034,25
v,-80.09128257897271,58.90871742102728,25
s,-1.0218004623728643,77.97819953762713,25
v,-52.0203262545044,45.9796737454956,25
j,-11.398212456633226,6.601787543366773,25
v,-61.25843089342299,71.741569106577,25
t,-5.014495149285433,74.98550485071456,25
n,-90.72155771335211,91.27844228664789,25
p,-3.6079006976409986,73.392099302359,25
g,-18.647241925356447,89.35275807464356,25
d,-79.17088970640349,72.82911029359651,25
j,-53.49943359924501,74.50056640075499,25
b,-25.38930463255751,74.61069536744249,25
b,-66.88896192363887,44.11103807636113,25
j,-80.15021286567409,91.84978713432591,25
x,-11.236270885881474,63.763729114118526,25
j,-44.27808329267292,80.72191670732708,25
o,-32.040782212717836,11.959217787282162,25
o,-64.04589735736349,79.95410264263651,25
b,-52.65487981957575,66.34512018042426,25
j,-64.41713617485482,35.58286382514518,25
m,-82.5084744611814,37.491525538818614,25
k,-76.93375702534311,63.066242974656895,25
h,-20.96333838314923,71.03666161685076,25
l,-46.01630914689351,95.9836908531065,25
s,-25.95742925887158,44.042570741128415,25
g,-52.66063985090837,44.33936014909163,25
f,-38.2926059552531,63.7073940447469,25
n,-95.98628322675671,83.01371677324329,25
r,-33.915629963464625,77.08437003653538,25
z,-4.916858914347316,2.083141085652684,25
v,-14.056066343688158,17.94393365631184,25
m,-80.9924657688907,16.007534231109304,25
b,-89.40063817662967,12.599361823370325,25
i,-90.4950100817977,92.5049899182023,25
k,-87.28568186080525,21.714318139194745,25
t,-71.16117242042704,31.83882757957296,25
c,-65.3665616388904,72.6334383611096,25
e,-0.6869065248172025,53.3130934751828,25
i,-57.060117991246486,37.939882008753514,25
q,-90.66984609801835,5.330153901981646,25
u,-17.747208668328287,8.252791331671714,25
k,-4.778350251491591,53.22164974850841,25
n,-83.61205016789002,0.3879498321099768,25
m,-21.8270661113376,90.1729338886624,25
w,-65.58116433716715,18.418835662832844,25
e,-83.46844114645083,54.531558853549164,25
a,-64.78167256301003,53.218327436989966,25
r,-65.65412543464329,80.34587456535671,25
d,-33.28179592778705,19.71820407221295,25
h,-49.2921022973838,17.7078977026162,25
l,-87.84910033210585,77.15089966789415,25
r,-93.5556161733207,31.444383826679296,25
k,-62.7663532284078,12.2336467715922,25
x,-89.12034036586708,6.879659634132922,25
n,-97.08293252178217,83.91706747821783,25
t,-86.7580738397622,43.241926160237796,25
o,-47.62353865091179,81.3764613490882,25
d,-92.51669915529042,13.483300844709577,25
t,-13.551387675944865,29.448612324055134,25
z,-19.578115289230375,74.42188471076963,25
j,-86.47239104149382,85.52760895850618,25
p,-85.15633051811317,49.843669481886835,25
m,-74.34420372814044,29.65579627185955,25
w,-55.25277332872429,84.74722667127571,25
x,-39.49805630534079,48.50194369465921,25
f,-28.946227097411374,68.05377290258863,25
g,-18.523249910325006,0.4767500896749951,25
m,-19.784596833133996,92.215403166866,25
f,-91.00996517515809,24.99003482484191,25
p,-20.170482892349213,4.829517107650788,25
v,-16.31148500316875,16.68851499683125,25
u,-89.5547560659605,65.4452439340395,25
d,-18.413119815713586,19.586880184286414,25
x,-0.4130964841463364,86.58690351585366,25
f,-44.03616627887563,87.96383372112436,25
s,-19.972968801161965,77.02703119883803,25
e,-83.59717129725554,7.402828702744455,25
a,-66.54298704923295,17.457012950767048,25
j,-2.5122517971705944,60.48774820282941,25
j,-58.608985574838734,49.391014425161266,25
q,-81.379172066107,75.620827933893,25
h,-61.628556869883134,95.37144313011686,25
u,-17.54932706415177,18.45067293584823,25
f,-75.09463473969991,96.90536526030009,25
y,-26.239485007434286,52.76051499256572,25
g,-0.23504108618447883,49.76495891381552,25
j,-68.23025284203663,1.7697471579633592,25
h,-89.3117859100757,23.688214089924298,25
r,-58.92154080385739,98.07845919614262,25
u,-79.27658780086988,93.72341219913012,25
s,-1.9798805667399657,1.0201194332600343,25
r,-37.44238187736745,53.55761812263255,25
x,-41.619017348870955,68.38098265112905,25
j,-91.06583277774156,85.93416722225844,25
a,-26.09831630118175,32.90168369881825,25
i,-1.9097669235565302,42.09023307644347,25
v,-46.21533828683958,41.78466171316042,25
h,-57.347650109542435,53.652349890457565,25
f,-47.176410044443635,84.82358995555636,25
w,-94.37383451894432,5.626165481055678,25
a,-81.83803222192758,33.16196777807242,25
k,-55.39987704841085,22.60012295158915,25
k,-76.97942712700822,57.02057287299177,25
f,-34.32235505301937,50.67764494698063,25
q,-79.90931319911807,50.09068680088192,25
q,-89.97330767254734,42.026692327452665,25
z,-82.57420850084578,63.42579149915422,25
r,-29.829169592407464,9.170830407592536,25
i,-54.08435161596726,21.915648384032743,25
t,-50.65973179731986,79.34026820268015,25
p,-91.62239027741352,35.377609722586485,25
x,-51.35103155729243,35.64896844270757,25
i,-79.39416181135522,73.60583818864478,25
k,-2.987647544760452,67.01235245523955,25
j,-54.55615162894909,88.4438483710509,25
m,-73.85691667793111,6.143083322068886,25
b,-30.777916257679653,20.222083742320347,25
b,-66.23975278521446,20.760247214785537,25
e,-24.130714952816096,3.8692850471839026,25
s,-14.545602520909238,37.454397479090765,25
p,-54.61777918605826,16.382220813941746,25
h,-40.457976366793794,52.542023633206206,25
q,-33.84204509027242,64.15795490972758,25
a,-75.798944560463,87.201055439537,25
p,-53.46113257655077,52.53886742344923,25
f,-44.282053598864564,12.717946401135434,25
c,-43.07747525214161,89.92252474785839,25
q,-58.07742843032704,23.922571569672957,25
h,-78.05374306610419,98.94625693389581,25
x,-27.417665777091976,97.58233422290803,25
k,-81.58069588649671,42.41930411350328,25
z,-81.75073729835587,76.24926270164413,25
f,-30.90167039614154,61.09832960385846,25
d,-94.17998108994635,90.82001891005365,25
u,-23.429920443771376,68.57007955622862,25
i,-27.423581204262987,84.57641879573701,25
d,-75.69929633630545,57.300703663694556,25
v,-46.29661035462041,47.70338964537959,25
q,-78.89512938631302,16.10487061368698,25
k,-63.30463855368749,57.69536144631251,25
n,-60.40943317937453,74.59056682062547,25
p,-66.27178557484734,7.728214425152652,25
x,-42.99339369803309,2.0066063019669134,25
t,-92.62427245316049,65.37572754683951,25
w,-46.51804692709123,35.48195307290877,25
k,-72.19110459479785,77.80889540520215,25
j,-64.99612458905989,29.003875410940115,25
q,-92.62781031681016,65.37218968318984,25
v,-39.343477091138055,10.656522908861941,25
h,-69.37905907534497,62.620940924655024,25
h,-24.68006464647121,71.31993535352879,25
n,-28.45201551616321,52.54798448383679,25
g,-94.69139021133117,4.308609788668836,25
v,-27.692229632117773,64.30777036788223,25
x,-3.820514508752219,87.17948549124777,25
v,-41.890474223625766,79.10952577637423,25
h,-22.935681807617957,60.06431819238204,25
g,-40.481053759467045,20.518946240532955,25
e,-30.517278658865767,9.482721341134233,25
i,-79.16615257763804,60.83384742236196,25
t,-5.114665334278808,94.88533466572119,25
m,-21.834629761612764,39.16537023838723,25
p,-78.63132054706732,58.36867945293268,25
r,-50.2530583048305,96.7469416951695,25
e,-8.686661716432486,44.31333828356751,25
q,-46.78078588439808,96.21921411560191,25
z,-58.03428536542548,95.96571463457452,25
i,-58.39723541487954,57.60276458512046,25
b,-24.20458985109289,4.79541014890711,25
f,-85.8132929216189,19.186707078381104,25
e,-68.76188824263622,69.23811175736378,25
c,-79.10310084762666,42.896899152373344,25
a,-1.9114123338943576,20.088587666105642,25
n,-0.8741010756512692,21.125898924348732,25
u,-77.86789106786881,28.132108932131185,25
x,-92.76721163808956,63.23278836191044,25
y,-52.326921592203306,26.673078407796698,25
n,-64.03884099120047,18.961159008799523,25
i,-97.53463980238674,22.465360197613258,25
t,-14.71323217038141,61.28676782961859,25
r,-61.420473452309054,28.579526547690946,25
v,-29.939043764334997,11.060956235665005,25
l,-49.01910389986804,89.98089610013196,25
k,-48.75885146662673,27.241148533373266,25
z,-77.06260784679634,24.937392153203657,25
p,-40.643293405139225,0.3567065948607725,25
r,-43.601956429150746,3.3980435708492567,25
u,-19.787402547216022,79.21259745278398,25
g,-16.319079399648718,95.68092060035129,25
k,-44.195054614745544,14.804945385254456,25
q,-33.17473246817661,67.82526753182339,25
s,-34.62103903983477,24.378960960165227,25
l,-35.698067536211,79.301932463789,25
o,-77.12891418963514,73.87108581036486,25
d,-27.937860655825776,91.06213934417423,25
b,-87.23675857316441,37.7632414268356,25
v,-41.456064907121075,92.54393509287893,25
p,-62.700514048939915,71.29948595106008,25
s,-32.34574379714538,40.65425620285462,25
b,-95.50355574103513,19.49644425896488,25
l,-49.86511524421134,13.134884755788665,25
l,-88.28920228469009,75.71079771530991,25
t,-15.143210731404112,92.85678926859589,25
r,-96.58840689627492,82.41159310372508,25
d,-43.250119122671194,58.749880877328806,25
w,-13.476844342485077,71.52315565751492,25
v,-46.053156089766006,76.946843910234,25
v,-85.60078921891763,58.39921078108238,25
x,-36.90379355882566,55.09620644117434,25
y,-39.53413727980984,50.46586272019016,25
t,-17.781866835297862,28.218133164702138,25
i,-11.13687204156532,84.86312795843467,25
p,-48.31077701076679,45.68922298923321,25
r,-95.67644378073383,21.323556219266166,25
g,-76.16164488443832,88.83835511556168,25
v,-79.39351379591365,31.606486204086348,25
f,-57.62181616327588,5.378183836724119,25
v,-0.5744046988315281,65.42559530116847,25
c,-1.8280242492365317,64.17197575076347,25
j,-45.57786075016155,33.42213924983845,25
k,-27.676375482778464,39.32362451722153,25
b,0.4900618233277141,56.490061823327714,25
e,-19.68137299016017,36.31862700983983,25
m,-59.21326841621742,23.786731583782583,25
f,-65.6366585579503,86.3633414420497,25
l,-89.5188502149693,27.481149785030702,25
n,-31.328449250485228,29.671550749514772,25
b,-57.6204896011857,7.379510398814299,25
y,-34.65769279714193,36.34230720285807,25
w,-36.899455731813056,87.10054426818695,25
c,-48.06414652887008,74.93585347112992,25
v,-41.543008578143045,7.456991421856956,25
s,-25.459024744709424,48.540975255290576,25
d,-29.084957023003625,35.915042976996375,25
c,-73.01901553855267,19.980984461447335,25
a,-19.64719527726659,23.35280472273341,25
g,-93.76806469966252,61.23193530033748,25
b,-67.71965689660539,83.28034310339461,25
q,-34.30370891626211,0.6962910837378907,25
p,-16.769102108948015,91.23089789105198,25
z,-41.99430048437862,58.00569951562138,25
b,-54.91493179583377,33.08506820416623,25
u,-69.46838370167612,75.53161629832388,25
u,-46.793520967017486,18.206479032982514,25
r,-11.481934983139421,31.51806501686058,25
a,-88.43349822082635,69.56650177917365,25
d,-23.389764466035345,91.61023553396466,25
v,-81.69918388432643,31.300816115673566,25
r,-2.030655985216027,92.96934401478397,25
j,-25.56499026511297,78.43500973488703,25
s,-16.195432823252965,81.80456717674704,25
i,-69.09249884565787,67.90750115434213,25
r,-49.66329891729878,57.33670108270122,25
z,-30.276349199718716,9.723650800281284,25
f,-17.00302708913391,52.99697291086609,25
k,-11.342082081054619,90.65791791894539,25
z,-17.515838610094654,90.48416138990535,25
m,-89.5606418463462,45.43935815365381,25
s,-65.99677434405643,41.00322565594356,25
o,-22.191007313371184,87.80899268662881,25
x,-45.66827532591572,2.3317246740842794,25
b,-14.103350890090821,22.89664910990918,25
n,-81.2991581937159,54.7008418062841,25
b,-87.19058632546664,93.80941367453336,25
z,-90.80197528583822,22.19802471416177,25
f,-23.361602998784996,43.638397001215004,25
q,-6.875063774858252,43.124936225141745,25
a,-4.729373657264232,28.270626342735767,25
m,-76.68477016617747,55.31522983382252,25
m,-91.27368060335705,35.72631939664295,25
w,-72.13827364343337,32.861726356566635,25
h,-71.63014726171066,86.36985273828934,25
o,-61.00957389418015,5.990426105819854,25
i,-12.248307532213564,91.75169246778644,25
y,-26.298514556273794,61.701485443726206,25
j,-97.46131682082238,42.53868317917762,25
v,-0.04311932667062324,6.956880673329377,25
g,-35.00028418336032,90.99971581663968,25
f,-74.03614720148335,37.963852798516655,25
v,-46.592887074347495,62.407112925652505,25
e,-93.96360490402782,72.03639509597218,25
m,-57.270544122890676,94.72945587710933,25
w,-17.397750952010263,55.60224904798974,25
l,-86.12798304422085,42.872016955779145,25
i,-60.14338290940189,96.8566170905981,25
c,-60.40103272503944,4.598967274960561,25
u,-3.968353595293999,50.031646404706,25
v,-89.4466010995692,95.5533989004308,25
a,-7.68108331625378,1.3189166837462203,25
k,-69.05801317829888,42.94198682170113,25
m,-69.1039892812722,46.896010718727794,25
f,-60.92535866544278,94.07464133455723,25
b,-44.07213497730852,75.92786502269148,25
q,-60.987950434591774,66.01204956540822,25
c,-60.1787999186297,48.8212000813703,25
u,-53.59666734840885,11.403332651591148,25
q,-78.23346434295551,29.76653565704449,25
r,-26.303420712138163,64.69657928786184,25
w,-82.80108156192983,79.19891843807017,25
b,-84.94875509952583,49.051244900474174,25
t,-67.63241803547653,51.36758196452347,25
h,-69.61176473688776,67.38823526311224,25
j,-97.37865888220097,42.621341117799034,25
w,-63.43478164065392,53.56521835934608,25
j,-55.45467165787004,65.54532834212996,25
q,-74.51375252054083,41.48624747945917,25
j,-78.45005986103124,59.549940138968765,25
s,-37.375380451597664,11.624619548402336,25
j,-19.44651255380496,84.55348744619504,25
m,-65.88517006203011,18.11482993796989,25
q,-15.553690476861785,98.44630952313821,25
h,-10.139413231197027,46.860586768802975,25
m,-20.447896531784497,76.5521034682155,25
c,-53.13551760761132,95.86448239238868,25
z,-33.030487067617685,98.96951293238232,25
p,-16.416237072165927,73.58376292783407,25
k,-70.1355779095376,73.8644220904624,25
f,-51.5516018866382,98.44839811336179,25
g,-78.98481709878669,62.0151829012133,25
x,-81.88875624176312,66.11124375823688,25
u,-83.47274887673814,71.52725112326186,25
y,-5.430992657675315,80.56900734232468,25
i,-4.81214145637895,88.18785854362105,25
z,-58.638230424338424,0.36176957566157675,25
p,-94.28063214714585,86.71936785285415,25
b,-8.910755466738303,57.0892445332617,25
d,-12.21400713629175,2.7859928637082496,25
j,-97.74512939299336,95.25487060700664,25
w,-75.85776849963187,18.142231500368123,25
f,-4.098065657383836,24.901934342616165,25
b,-6.170308308109004,7.829691691890996,25
p,-87.3720941394308,27.627905860569204,25
i,-11.315622810612743,54.684377189387256,25
a,-60.43943440057468,66.56056559942532,25
i,-31.242454473708946,31.757545526291054,25
x,-33.152884640631335,47.847115359368665,25
z,-8.275887501657635,22.724112498342365,25
f,-16.75708364970299,14.242916350297008,25
e,-17.182594001651854,85.81740599834815,25
v,-54.95519392830012,71.04480607169988,25
h,-57.74592283374931,6.254077166250692,25
s,-62.95898533139805,85.04101466860195,25
c,-61.998143745770065,1.0018562542299356,25
p,-3.6805699837846,69.3194300162154,25
d,-40.34813010056001,52.65186989943999,25
p,-70.19035218022893,1.8096478197710741,25
t,-50.64750406287916,59.35249593712084,25
q,-43.6066890763501,31.3933109236499,25
j,-36.038325347792096,50.961674652207904,25
r,-14.41134832468062,98.58865167531938,25
t,-47.79408745952669,75.2059125404733,25
k,-95.46012005776205,19.539879942237942,25
t,-3.4429619251323107,15.55703807486769,25
g,-27.63233380750925,40.367666192490745,25
u,-78.9111308588445,91.0888691411555,25
j,-1.4313850165986515,0.5686149834013486,25
y,-41.75230208566103,58.24769791433897,25
n,-44.55267904499989,51.44732095500011,25
x,-48.05649346701796,10.94350653298204,25
h,-94.75425974140832,54.24574025859168,25
c,-86.9680786703652,10.031921329634802,25
k,-93.45916214598853,51.540837854011464,25
b,-25.700233825856476,60.29976617414352,25
e,-57.7944590683517,51.2055409316483,25
v,-46.546864907712816,81.45313509228718,25
j,-28.653204421399117,47.34679557860088,25
s,-65.76749326196133,38.23250673803867,25
c,-73.20345695983784,79.79654304016216,25
j,-85.4163044361513,60.58369556384871,25
a,-48.67913472843277,89.32086527156723,25
o,-75.56330743375094,80.43669256624906,25
i,-13.41516279915415,75.58483720084585,25
u,-68.81598971530067,58.18401028469933,25
c,-38.126810355547086,10.873189644452916,25
e,-61.79569841290377,55.20430158709623,25
r,-9.74692257975032,72.25307742024968,25
v,-5.979753350803102,8.0202466491969,25
e,-33.76374353576006,85.23625646423994,25
g,-9.530048539793226,47.46995146020677,25
k,-8.866204337682158,56.133795662317844,25
u,-94.33665808526614,10.663341914733861,25
g,-63.2206751827222,34.7793248172778,25
u,-10.103808892562173,16.896191107437826,25
t,-89.60900781418276,91.39099218581724,25
n,-92.33780854745866,32.662191452541336,25
q,-32.28829029580087,81.71170970419912,25
w,-37.9523420001391,96.0476579998609,25
r,-30.526138727044444,95.47386127295556,25
e,-50.53345259920225,2.466547400797751,25
k,-62.66885385076542,66.33114614923457,25
y,-89.95392160234795,20.04607839765205,25
o,-35.20180139651055,88.79819860348945,25
d,-34.231679305801435,15.768320694198568,25
k,-42.84413927790997,35.15586072209003,25
o,0.44492522242305055,91.44492522242305,25
a,-43.658450256393266,35.341549743606734,25
