m,-94.72910290300614,12.270897096993865,500
r,-18.442320893757326,38.557679106242674,500
s,-88.6435859890009,59.3564140109991,500
v,-38.48701197585558,66.51298802414442,500
e,-2.541829969067731,73.45817003093227,500
j,-54.153937126149856,85.84606287385014,500
z,-8.892081590480004,54.107918409519996,500
q,-17.154126543606576,67.84587345639342,500
b,-37.78413305286258,54.21586694713742,500
o,-51.87471917061695,74.12528082938306,500
r,-16.100899797975654,24.899100202024346,500
t,-31.4604600197313,84.5395399802687,500
n,-29.83179270428013,40.168207295719874,500
e,-65.05100969348226,65.94899030651774,500
d,-95.4997680627427,52.5002319372573,500
w,-49.81254515195747,86.18745484804252,500
w,-93.80593911363357,30.194060886366426,500
o,-45.65620083294122,10.34379916705878,500
r,-57.69154410848459,83.30845589151541,500
l,-49.10049961968037,63.89950038031963,500
f,-87.40310508198189,4.596894918018116,500
y,-85.48853696460102,78.51146303539898,500
o,-69.33931178948508,28.660688210514923,500
k,-4.953928230066888,66.0460717699331,500
y,-38.614485106722356,78.38551489327764,500
a,-8.512311987811941,53.48768801218806,500
d,-20.55898304465942,1.441016955340579,500
d,-53.87562349192787,40.12437650807213,500
s,-54.14984582317537,90.85015417682463,500
o,-7.713675397682536,40.286324602317464,500
h,-83.216952737726,8.783047262273998,500
v,-15.941220399376693,84.05877960062331,500
x,-36.10274546151854,15.897254538481462,500
z,-33.59709043419841,41.40290956580159,500
q,-33.833843593703676,24.166156406296327,500
g,-20.80738233940339,96.19261766059661,500
j,-31.50208025740475,66.49791974259524,500
q,-75.59685859119072,3.4031414088092786,500
u,-18.80690173330439,0.1930982666956116,500
z,-61.159066438206054,65.84093356179395,500
i,-16.32450306900919,10.67549693099081,500
l,-43.54153090550145,49.45846909449855,500
l,-44.85895356512393,25.141046434876067,500
j,-41.2206178841825,20.779382115817494,500
b,-32.96361712889125,25.036382871108753,500
r,-37.6010648187866,14.398935181213401,500
d,-92.47751107183655,82.52248892816345,500
c,-14.011376650723845,53.98862334927615,500
s,-87.0994329455511,69.9005670544489,500
t,-14.634344359089013,55.36565564091099,500
m,-85.44779400309427,64.55220599690573,500
o,-16.005789841724916,4.994210158275086,500
b,-64.60619243842646,64.39380756157354,500
o,-66.44697583997451,2.5530241600254877,500
c,-40.27781004785475,14.72218995214525,500
r,-2.1681842544930596,9.83181574550694,500
a,-55.964768965719756,94.03523103428024,500
t,-32.1869644097657,85.8130355902343,500
p,-67.79345952253405,68.20654047746595,500
q,-61.31932382654124,40.68067617345876,500
c,-56.888976703966215,50.111023296033785,500
w,-58.79345522568988,41.20654477431012,500
z,-54.65173795188537,53.34826204811463,500
l,-65.83654030422127,24.16345969577873,500
u,-36.039006334895845,51.960993665104155,500
r,-18.58184954690482,55.41815045309518,500
l,-67.2627465132945,59.7372534867055,500
r,-78.8915927414995,97.1084072585005,500
n,-8.255718695337164,66.74428130466283,500
m,-29.121969924284052,76.87803007571594,500
v,-97.53653900411715,75.46346099588285,500
x,-33.25388283244433,10.746117167555667,500
w,-29.675957628418992,45.32404237158101,500
f,-12.824160381119944,21.175839618880058,500
q,-70.8696467887733,48.130353211226705,500
q,-80.73487314155774,84.26512685844226,500
v,-59.05440784224044,82.94559215775956,500
l,-59.60201009434103,70.39798990565896,500
r,-36.118041674138865,10.881958325861135,500
u,0.3572778864683894,61.35727788646839,500
l,0.7629941415043647,57.762994141504365,500
j,-82.59868975298549,48.401310247014514,500
w,-72.64040635830182,2.3595936416981775,500
o,-15.33985440539568,70.66014559460432,500
w,-24.555159342370995,33.44484065762901,500
i,-84.18681067874216,86.81318932125784,500
q,-42.37541878069365,76.62458121930635,500
e,-29.17586070392142,41.824139296078584,500
a,-96.7070488494827,58.2929511505173,500
z,-32.79098102869948,14.20901897130052,500
u,-26.240423200330707,53.75957679966929,500
f,-54.991838391442094,65.0081616085579,500
s,-11.850605693711287,33.14939430628871,500
s,-33.029094849596575,6.970905150403428,500
k,-71.49598073425423,45.50401926574577,500
o,-68.17604094437631,2.823959055623685,500
o,-7.242398523459205,68.7576014765408,500
c,-67.64852611535697,36.351473884643035,500
e,-30.313935995917397,59.6860640040826,500
r,-88.21759028731152,67.78240971268848,500
s,-91.05071629571412,87.94928370428588,500
f,-82.09571830690821,20.904281693091793,500
c,-40.47896833069726,61.52103166930274,500
d,-20.177253829761575,8.822746170238426,500
v,-22.014556757232263,60.98544324276774,500
v,-48.08974884161074,35.91025115838926,500
w,-34.75894008327074,35.24105991672926,500
o,-60.1959988980899,51.8040011019101,500
q,-58.31592342939417,93.68407657060582,500
g,-71.97441442922755,15.02558557077245,500
z,-72.03015283406359,41.96984716593642,500
n,-15.792014003073442,75.20798599692655,500
o,-57.01096001817423,3.98903998182577,500
m,-74.87845047697381,25.121549523026186,500
j,-52.617797147449494,4.382202852550508,500
l,-43.956148216273135,82.04385178372686,500
g,-96.32823682757562,93.67176317242438,500
o,-53.112813563715754,58.887186436284246,500
l,-29.002558014812518,5.997441985187481,500
j,-31.352017019440517,65.64798298055948,500
r,-81.7143908766068,38.2856091233932,500
i,-27.119117380684298,34.8808826193157,500
z,-24.50704560989186,90.49295439010814,500
a,-28.933900655541088,47.06609934445891,500
w,-38.85445869431666,54.14554130568334,500
x,-8.346020300382747,0.6539796996172528,500
w,-5.70376597595374,11.29623402404626,500
u,-94.83208052387775,9.167919476122254,500
r,-2.275472429528359,58.72452757047164,500
k,-34.52441903019385,73.47558096980615,500
k,-41.85714471552059,88.14285528447941,500
p,-59.848031466089274,90.15196853391072,500
w,-67.70770599490392,8.292294005096084,500
c,-30.7347929012519,18.2652070987481,500
n,-35.42592515894996,21.574074841050038,500
p,-18.52284988551353,89.47715011448648,500
u,-33.361733503707946,53.638266496292054,500
k,-88.85485502562014,21.145144974379864,500
s,-47.78361428843236,42.21638571156764,500
o,-90.20957686701921,96.79042313298079,500
g,-19.440856090171863,74.55914390982814,500
g,-4.8365420047684236,95.16345799523158,500
t,-83.46322560684489,88.53677439315511,500
l,-93.08473624957364,56.91526375042636,500
x,-93.10814841308,12.891851586919998,500
h,-33.931838939479,48.068161060521,500
v,-82.6130861173022,92.3869138826978,500
w,-84.90687479384536,11.093125206154637,500
n,-22.411076451859415,69.58892354814058,500
y,-46.991484963921366,4.0085150360786335,500
p,-23.574163106292957,28.425836893707043,500
k,-69.20039036696863,90.79960963303137,500
e,-41.80561596223894,75.19438403776105,500
p,-32.15628041306235,30.843719586937656,500
z,-89.44538366761468,25.554616332385322,500
l,-7.614058687232506,16.385941312767493,500
j,-28.445352068251562,29.554647931748438,500
a,-60.503406239551715,66.49659376044828,500
b,-57.043688636750446,81.95631136324955,500
g,-2.490267388819537,48.50973261118046,500
o,-73.45675900795234,16.543240992047654,500
y,-76.36162467782522,42.63837532217478,500
r,-80.97243468274327,50.02756531725672,500
j,-18.112498949658786,63.887501050341214,500
h,-62.56224917228631,44.43775082771369,500
n,-38.7642434459864,97.23575655401359,500
y,-79.57567685168827,77.42432314831173,500
y,-85.29393411580045,74.70606588419955,500
j,-60.72503585448708,7.27496414551292,500
f,-20.222402787289067,49.77759721271093,500
e,-94.68243278965647,57.31756721034353,500
r,-30.588743506426354,60.411256493573646,500
s,0.3232704822038802,45.32327048220388,500
y,-39.28153864528907,15.718461354710929,500
g,-84.60764141543031,48.39235858456969,500
k,-95.90021053400608,8.099789465993927,500
q,-96.51009550588327,74.48990449411673,500
w,-92.01927041292545,9.980729587074546,500
z,-4.456068311582559,4.543931688417441,500
u,-67.93346096072341,34.06653903927659,500
v,-22.245694391470153,65.75430560852985,500
z,-63.293133518237035,28.70686648176297,500
u,-57.56068417925774,75.43931582074227,500
v,-20.57169005536609,15.42830994463391,500
m,-21.047814154819594,78.95218584518041,500
d,-17.970054184471994,93.02994581552801,500
u,-47.33655210402414,92.66344789597585,500
n,-87.38828676145081,75.61171323854919,500
i,-32.431320341920944,33.568679658079056,500
b,-17.936275983430118,37.063724016569886,500
p,-50.286516605602124,62.713483394397876,500
z,-76.27476530418073,17.725234695819267,500
c,-55.32253529928098,21.677464700719018,500
x,-29.317697405298976,57.68230259470102,500
s,-23.675635915681276,10.324364084318724,500
a,-77.5065066818731,90.4934933181269,500
g,-85.65199292766295,38.34800707233705,500
s,-66.10382209311176,16.896177906888244,500
r,-53.59249770643127,92.40750229356873,500
i,-89.62273035610392,32.37726964389608,500
j,-26.441396363488224,95.55860363651178,500
x,-57.267502126493895,79.7324978735061,500
b,-31.69420992263357,5.305790077366433,500
t,-30.251210536082766,75.74878946391723,500
h,-12.472816081468189,62.52718391853181,500
g,-47.1296831287799,42.8703168712201,500
t,-5.003931577518722,49.99606842248128,500
k,-84.81375067027938,22.18624932972063,500
l,-85.9940697499409,93.0059302500591,500
c,-92.51531990813479,33.484680091865215,500
v,-64.91899910807683,87.08100089192317,500
j,-17.792110538304915,27.207889461695085,500
q,-37.136160765783345,48.863839234216655,500
h,-30.237419207105848,32.76258079289415,500
y,-80.1017002792824,52.89829972071761,500
d,-36.79833357497548,35.20166642502452,500
o,-23.505969890441882,28.494030109558118,500
u,-26.13992156114093,0.8600784388590698,500
c,-29.22240374466319,41.77759625533681,500
r,-92.23402468476019,42.765975315239814,500
h,-65.6969098926303,4.303090107369696,500
y,-10.438042979601022,91.56195702039898,500
u,-48.48551914708648,98.51448085291352,500
o,-11.866704785600701,26.1332952143993,500
d,-48.165496386716946,44.834503613283054,500
b,-76.31757356091347,44.68242643908652,500
z,-71.43828540940203,96.56171459059797,500
p,-78.28232551847206,82.71767448152794,500
v,-32.07739598913323,2.9226040108667717,500
s,-23.568483122079755,52.431516877920245,500
o,-94.34000577948788,28.659994220512115,500
z,-85.38173559581537,0.6182644041846224,500
y,-43.60940158164872,79.39059841835129,500
g,-68.20311194722805,70.79688805277195,500
o,-1.217531094183939,21.78246890581606,500
d,-17.737345623160696,47.2626543768393,500
x,-77.11538047619095,71.88461952380905,500
l,-47.244598943381924,24.755401056618076,500
v,-48.501892416258585,70.49810758374142,500
m,-4.086298234938267,86.91370176506173,500
b,-31.910081904745716,50.08991809525428,500
m,-64.30329949807134,72.69670050192866,500
z,-60.984120653601224,70.01587934639878,500
e,-5.150716441919903,68.8492835580801,500
r,-17.52389351131913,0.4761064886808687,500
y,-34.87432552302263,2.1256744769773714,500
b,-89.19268700607132,59.80731299392868,500
f,-61.647773179774745,80.35222682022525,500
d,-68.8533740517017,15.146625948298286,500
n,-73.61398474633818,88.38601525366182,500
o,-49.682941552555945,33.317058447444055,500
j,-15.407814200831236,33.59218579916876,500
h,-48.445283180028014,84.55471681997199,500
h,-20.386047364478372,64.61395263552163,500
w,-89.6550617065497,98.3449382934503,500
l,-75.60372652246318,27.39627347753682,500
g,-11.070975408896862,29.929024591103136,500
h,-34.00749651125837,50.99250348874163,500
c,-37.191790090995084,39.808209909004916,500
f,-17.42147108416974,32.57852891583026,500
y,-13.03174282172929,59.96825717827071,500
t,-77.43130064336968,55.56869935663032,500
l,-52.36677472057026,34.63322527942974,500
o,-52.17655862317202,86.82344137682799,500
f,-87.23193881448046,40.76806118551955,500
g,-59.654543626302456,54.345456373697544,500
u,-72.7946499435342,3.2053500564658046,500
r,-33.60177972988593,70.39822027011407,500
u,-25.37526846073447,79.62473153926553,500
k,-12.326033786866883,88.67396621313311,500
f,-0.8999316707826017,66.1000683292174,500
t,-67.6649391971142,34.335060802885806,500
j,-30.48529760590868,80.51470239409132,500
s,-2.497417119593766,49.50258288040624,500
p,-36.25988751053766,74.74011248946235,500
y,-86.11233551656399,29.887664483436012,500
z,-90.00596297782783,54.99403702217216,500
k,-47.63315705195815,36.36684294804185,500
r,-34.34304098996227,69.65695901003772,500
z,-72.95455081898129,87.04544918101871,500
d,-12.159150760155324,18.840849239844676,500
w,-6.439280364611437,91.56071963538857,500
b,-89.39573004528866,78.60426995471134,500
r,-21.79563804058566,63.20436195941434,500
g,-59.41636258548927,12.583637414510731,500
p,-19.67351216408063,55.326487835919366,500
x,-47.330960097238425,11.669039902761575,500
y,-87.35596905649454,56.64403094350545,500
h,-66.02427242978106,74.97572757021894,500
p,-28.652210575005142,11.347789424994858,500
u,-81.01942499406202,19.980575005937983,500
d,-69.58705201753133,81.41294798246867,500
p,-40.97077020832849,23.02922979167151,500
g,-0.5535307571618459,52.446469242838155,500
r,-69.70821644642713,13.29178355357287,500
e,-90.73505616060966,47.264943839390334,500
m,-52.48272933152362,24.51727066847638,500
b,-80.27074249554353,26.729257504456463,500
e,-42.49346618332846,13.506533816671542,500
v,-89.56431424591666,4.435685754083334,500
v,-13.92141391287833,8.07858608712167,500
v,-70.72508657401426,30.274913425985748,500
e,-65.25232635706438,32.747673642935624,500
s,-22.516283770600463,26.483716229399537,500
q,-15.73320766190733,75.26679233809267,500
z,-5.035944973639091,90.96405502636091,500
f,-64.36026118373869,56.639738816261314,500
g,-36.807046557627004,6.192953442372999,500
d,-92.04025215765704,55.95974784234296,500
p,-2.014733581611294,11.985266418388706,500
f,-72.98994213496768,25.010057865032316,500
y,-56.42818852499253,4.57181147500747,500
c,-93.8323610539994,59.1676389460006,500
a,-0.9801480267442034,52.0198519732558,500
e,-68.90590004102488,3.094099958975124,500
q,-92.61402625602038,6.385973743979626,500
z,-11.53337968965283,27.46662031034717,500
h,-54.59119946889133,57.40880053110867,500
p,-0.5076187536692011,75.4923812463308,500
x,-14.926691897543883,45.07330810245612,500
r,-56.224208723656446,53.775791276343554,500
v,-40.6525082413367,22.347491758663303,500
p,-30.26698256962532,7.733017430374679,500
s,-29.5045645138839,68.49543548611611,500
t,-86.57647861156391,75.42352138843609,500
v,-77.17461131915086,83.82538868084914,500
k,-65.00105838983616,86.99894161016384,500
o,-54.45495099839031,28.54504900160969,500
f,-30.463364929334364,73.53663507066564,500
a,-58.27322091571202,0.7267790842879798,500
b,-74.96767923884276,81.03232076115724,500
m,-48.6325515198035,7.367448480196499,500
r,-20.112224333754,21.887775666246,500
t,-88.48086954987579,46.51913045012421,500
n,-78.25832757079847,9.741672429201534,500
f,-76.61041730097888,4.389582699021114,500
b,-19.3479987152576,54.6520012847424,500
k,-73.05623277369796,51.94376722630204,500
l,-32.41395346673241,8.586046533267593,500
t,-7.138330395307708,12.861669604692292,500
l,-31.883688480669,3.116311519331,500
n,-53.315139089105585,10.684860910894415,500
w,-13.045165394371969,76.95483460562804,500
l,-31.757760267406887,65.24223973259312,500
o,-20.11899519249862,14.881004807501382,500
l,-1.0673475616220174,50.932652438377986,500
h,-87.48709563262945,73.51290436737055,500
i,-14.56338166901265,9.43661833098735,500
g,-23.12494352406612,12.875056475933881,500
c,-23.101626090096136,97.89837390990387,500
p,-92.26996704099864,98.73003295900136,500
y,-94.10594274230418,50.89405725769582,500
w,-46.70448384322561,49.29551615677439,500
c,-41.67390571100236,83.32609428899764,500
l,-94.54639511476212,2.4536048852378776,500
h,-83.28462397210372,32.71537602789628,500
b,-62.77904537988467,58.22095462011533,500
f,-96.52125459589477,16.478745404105222,500
i,-46.54052322261717,83.45947677738283,500
n,-94.16916228007341,13.830837719926594,500
v,-74.02079218644023,27.979207813559768,500
p,-67.1285139551937,60.871486044806296,500
g,-90.68695350728649,48.31304649271352,500
a,-5.079803188779739,22.92019681122026,500
y,-80.25476688210578,94.74523311789422,500
w,-51.609341274566184,55.390658725433816,500
e,-21.77259070550803,50.22740929449197,500
r,-69.02171561179713,66.97828438820287,500
z,-27.475101060482523,70.52489893951748,500
m,-30.956681941099202,84.0433180589008,500
x,-78.09540595397942,78.90459404602058,500
v,-15.195719737517914,81.80428026248208,500
u,-33.448797774634855,59.551202225365145,500
r,-10.828329781087088,50.17167021891291,500
n,-91.13546239407245,6.864537605927556,500
r,-23.017081037879432,77.98291896212056,500
z,-1.4756178946187162,65.52438210538128,500
d,-47.465010955482065,18.534989044517932,500
f,-26.330375765061454,6.669624234938547,500
w,-37.85398245999348,80.14601754000653,500
r,-38.43299018938352,89.56700981061648,500
d,-23.45735895683916,15.54264104316084,500
o,-0.6037299167344613,96.39627008326553,500
i,-29.60849974252884,11.391500257471161,500
n,-13.1892793004642,69.81072069953579,500
t,-22.14581890873388,35.85418109126612,500
n,-38.77072365907675,7.22927634092325,500
g,-72.85995081830433,89.14004918169567,500
o,-87.17129957165578,92.82870042834422,500
s,-45.8817240049833,11.118275995016699,500
o,-53.6770380764211,2.3229619235789,500
s,-12.511094010140663,77.48890598985933,500
n,-20.61146315735446,76.38853684264554,500
q,-9.422272101249561,46.57772789875044,500
g,-88.81038761410954,49.18961238589045,500
b,-32.12635085727412,46.87364914272588,500
b,-46.17286808593008,64.82713191406992,500
s,-57.52277472446125,98.47722527553876,500
p,-53.05379910223268,31.946200897767323,500
s,-96.39464055575124,27.60535944424876,500
v,-62.84426172874788,33.15573827125212,500
p,-27.782021434475155,41.217978565524845,500
w,-32.167050479788884,97.83294952021112,500
s,-49.73631744947433,53.26368255052567,500
g,-11.57597308745153,55.42402691254847,500
s,-65.5559192033472,33.4440807966528,500
v,-2.5129619218820234,31.487038078117976,500
t,-22.76014653204544,53.23985346795456,500
h,-41.761408963815896,40.238591036184104,500
w,-83.91002969963316,72.08997030036684,500
s,-2.7535682032892153,74.24643179671078,500
p,-13.819329511235157,67.18067048876485,500
w,-5.807305619947814,15.192694380052187,500
a,-55.911236757402655,27.088763242597345,500
p,-17.75191413332432,10.248085866675678,500
k,-65.24091135635985,31.759088643640148,500
w,-80.07272798970915,69.92727201029085,500
t,-5.634291768571069,92.36570823142893,500
a,-97.07681608944367,57.92318391055634,500
n,-7.289232681896932,20.710767318103066,500
g,-32.953753042617386,0.04624695738261175,500
b,-54.95817476174015,71.04182523825985,500
d,-52.502738228280656,79.49726177171934,500
s,-79.54499088195861,62.45500911804139,500
u,-47.88852559748364,76.11147440251635,500
s,-34.981687630388805,98.0183123696112,500
e,-49.525409962996186,7.474590037003816,500
c,-48.751343226332395,38.248656773667605,500
x,-64.32335822245362,47.67664177754638,500
q,-16.578579562603174,79.42142043739683,500
e,-8.04611800240469,15.95388199759531,500
x,-95.1942102989394,22.8057897010606,500
a,-84.1689307593064,30.83106924069359,500
j,-9.96910272716939,13.03089727283061,500
c,-83.08980964376597,83.91019035623403,500
d,-89.79832442785468,62.20167557214531,500
i,-7.926061166200707,63.07393883379929,500
y,0.36672365568814835,94.36672365568815,500
d,-21.867624350452168,62.13237564954783,500
q,-17.88942043126863,14.110579568731373,500
p,-83.81883569738609,66.18116430261391,500
t,-7.5228630758540165,34.47713692414598,500
p,-16.495529945667904,28.504470054332096,500
j,-10.290415501452072,28.70958449854793,500
c,-69.08891978587448,91.91108021412552,500
h,-65.1220385505564,77.8779614494436,500
n,-75.52941913477493,87.47058086522507,500
z,-16.001142306457844,78.99885769354216,500
f,-96.08068327845217,61.91931672154784,500
j,-90.119236825191,30.880763174809008,500
c,-38.09710230319732,7.902897696802686,500
k,-39.533176132573026,92.46682386742698,500
b,-75.73635041265797,97.26364958734203,500
m,-55.942382013039555,7.057617986960448,500
c,-80.70827723498638,56.29172276501362,500
u,-14.868160273802893,69.1318397261971,500
a,-48.33246627830883,95.66753372169117,500
f,-75.21339971514091,34.7866002848591,500
o,-27.855741647575897,9.144258352424103,500
m,-91.1666301262872,5.8333698737127975,500
z,-9.61925490712265,72.38074509287735,500
d,-68.48337881578783,24.516621184212177,500
h,-61.90304700237376,33.09695299762624,500
i,-52.0189632548445,65.98103674515549,500
h,-19.233624683457492,64.76637531654251,500
x,-50.23975112969543,53.76024887030457,500
c,-12.111470669414766,55.888529330585236,500
l,-91.80760853956279,14.192391460437202,500
x,-18.413804990728924,52.58619500927107,500
k,-9.797353966666932,22.202646033333068,500
y,-21.836303755658903,68.1636962443411,500
d,-56.11082287010149,60.88917712989851,500
y,-25.335620333711503,26.664379666288497,500
w,-97.45374866920112,64.54625133079888,500
j,0.32193094919363596,87.32193094919364,500
l,-76.4661929879077,26.5338070120923,500
e,-80.43330002968307,48.56669997031694,500
l,-39.42790121707445,53.57209878292555,500
b,-91.19027056006657,20.809729439933438,500
l,-37.18497280133884,45.81502719866116,500
b,-83.06231498734182,5.937685012658173,500
t,-66.70717445245859,73.29282554754141,500
q,-90.40034506185906,37.59965493814094,500
c,-29.951879318206878,18.048120681793122,500
t,-75.45847334743428,70.54152665256572,500
z,-80.02326655287492,57.97673344712508,500
j,-32.32674182947455,58.67325817052545,500
c,-57.866287460743955,3.133712539256046,500
m,-96.14926741529352,5.8507325847064715,500
f,-81.53905786370599,5.4609421362940065,500
x,-46.685600604297164,96.31439939570284,500
h,-36.02732521853705,12.97267478146295,500
u,-6.115264216929905,18.884735783070095,500
b,-18.235919019029925,77.76408098097008,500
b,-57.790260744850734,14.209739255149263,500
k,-18.69990747077811,90.30009252922189,500
t,-61.3693061664155,41.6306938335845,500
y,-69.75486303167756,5.245136968322446,500
z,-96.89288508210143,74.10711491789857,500
x,-65.8570775643101,95.1429224356899,500
t,-82.47410367739883,63.52589632260117,500
