ae,-80.21232970850345,95.78767029149655,1000
rd,-55.92802167530151,96.07197832469849,1000
rq,-80.33413589087345,89.66586410912655,1000
ym,-96.92354323669635,12.076456763303655,1000
rl,-7.628856532706609,84.3711434672934,1000
lz,-6.351761236817613,98.64823876318239,1000
jz,-19.835140826828688,4.164859173171312,1000
vg,-47.33531232386899,35.66468767613101,1000
zp,0.8518157210324635,62.851815721032466,1000
qw,-79.57781471594271,8.422185284057287,1000
kg,-81.70991565445343,32.290084345546575,1000
wv,-61.786964331686455,88.21303566831355,1000
dj,-18.645289240163216,36.354710759836784,1000
el,-54.285280068014636,76.71471993198536,1000
wf,-95.27313723693992,65.72686276306008,1000
yr,-78.43515499272371,64.56484500727629,1000
rz,-6.449949005692974,41.55005099430703,1000
jk,-79.96745406260801,80.03254593739199,1000
tl,-45.354992757067464,39.645007242932536,1000
je,-5.630190220844117,66.36980977915589,1000
kp,-18.83827991097405,22.16172008902595,1000
pq,-4.987586152574166,6.012413847425834,1000
bi,-45.025979165022974,60.974020834977026,1000
ey,-21.548993729301348,53.451006270698656,1000
if,-80.69519661542931,87.30480338457069,1000
pb,-80.60473838858948,25.395261611410522,1000
oi,-79.4022564288538,40.597743571146204,1000
zk,-35.13584830882321,73.86415169117679,1000
da,-25.20686601455685,84.79313398544315,1000
ah,-35.80396382685558,58.19603617314442,1000
qm,-44.9933853104494,34.0066146895506,1000
el,-70.94513654280638,79.05486345719362,1000
uz,-83.11637157982389,90.88362842017611,1000
be,-71.92174682308148,35.078253176918516,1000
pi,-4.549045861963231,75.45095413803676,1000
qn,-3.6945894633236436,62.305410536676355,1000
jq,-73.6071501049744,75.3928498950256,1000
zo,-50.046801452389666,27.953198547610334,1000
zz,-90.4820225230634,15.517977476936588,1000
ta,-43.12848985120054,61.87151014879946,1000
ad,-0.8592122599432441,94.14078774005675,1000
mx,-91.56139457962217,70.43860542037783,1000
iw,-29.426378505831384,0.5736214941686159,1000
yo,-46.82757564801667,24.17242435198333,1000
uw,-40.82787637026821,76.17212362973179,1000
qu,-69.66498071679958,43.33501928320042,1000
lg,-45.03843200421927,4.9615679957807295,1000
ly,-59.187851302810536,0.8121486971894657,1000
fs,-36.5198723202928,97.48012767970721,1000
so,-29.128833079697294,60.871166920302706,1000
bc,-5.089217512250985,37.91078248774902,1000
sr,-83.31858501731111,70.68141498268889,1000
xe,-82.94739437054804,38.05260562945196,1000
lv,-49.46421675593352,58.53578324406648,1000
qk,-90.79271344534807,15.20728655465193,1000
ln,-44.953889924209776,66.04611007579022,1000
df,-33.77644691763421,79.2235530823658,1000
vu,-12.502268366959546,44.49773163304045,1000
ef,-19.091602304895172,82.90839769510482,1000
sx,-85.18417220350902,89.81582779649098,1000
ad,-5.835871908812255,4.164128091187745,1000
kl,-42.535375121153606,91.4646248788464,1000
qt,-62.360981434862325,44.639018565137675,1000
pj,-2.466783775479712,73.53321622452029,1000
il,-75.928186131944,98.071813868056,1000
ei,-97.33140614371811,72.66859385628189,1000
ou,-20.081078791679438,19.918921208320562,1000
nu,-82.10622382951841,42.89377617048159,1000
so,-89.11180282754175,34.88819717245825,1000
jl,-34.84226815080594,18.15773184919406,1000
jc,-34.160875898519635,64.83912410148037,1000
pl,-55.0112733793195,80.98872662068051,1000
yg,-6.640125153835136,91.35987484616486,1000
vh,-30.448241449211316,70.55175855078868,1000
ux,-28.704540626208146,31.295459373791854,1000
js,-43.240684835292065,35.759315164707935,1000
gr,-27.058995876946714,34.94100412305329,1000
zo,-68.67512772689251,40.32487227310748,1000
ra,-65.47196783759269,24.528032162407314,1000
ns,-13.806997669018118,73.19300233098188,1000
xi,-83.25541116286178,1.7445888371382305,1000
kv,-23.23515935331598,6.76484064668402,1000
os,-19.372480073163747,2.6275199268362543,1000
du,-56.31278900760974,74.68721099239026,1000
pj,-68.16985588601338,3.8301441139866172,1000
dg,-33.206091399633905,14.793908600366095,1000
ml,-37.88848683486177,56.11151316513823,1000
jx,-72.88141416750364,84.11858583249636,1000
vq,-26.417713618257746,36.58228638174225,1000
vg,-30.48003977869671,82.5199602213033,1000
qk,-35.61902706850817,76.38097293149183,1000
ml,-60.66645016971509,79.33354983028491,1000
fi,-65.46535212623907,69.53464787376093,1000
nd,-92.30744436768109,53.692555632318914,1000
tu,-69.86281975947942,54.13718024052058,1000
aq,-68.14229553694956,76.85770446305044,1000
st,-64.82981844863377,13.170181551366227,1000
rn,-39.703192200856584,52.296807799143416,1000
do,-21.69095088206466,6.30904911793534,1000
aq,-35.629719816942504,52.370280183057496,1000
ox,-45.63026277566329,10.369737224336706,1000
xu,-59.14341803352615,25.856581966473843,1000
nn,-19.54539382183277,97.45460617816723,1000
ev,-42.274978196138726,38.725021803861274,1000
sg,-40.81974247116264,86.18025752883736,1000
ke,-20.05503223693275,13.94496776306725,1000
ch,-61.50015668418061,21.499843315819394,1000
vk,-87.0310119629577,32.968988037042294,1000
xv,-47.173518073841635,58.826481926158365,1000
gx,-63.48573060567265,7.514269394327349,1000
gf,-45.33841313365341,21.66158686634659,1000
ps,-59.324953832175396,6.675046167824605,1000
uk,-41.68020796346619,51.31979203653381,1000
uu,-90.82672649108152,29.17327350891848,1000
cc,-33.818286980858055,91.18171301914194,1000
gt,-12.72441528120016,96.27558471879983,1000
jq,-61.775249199061484,67.22475080093851,1000
he,-45.3861232515278,66.61387674847221,1000
ni,-11.667213911501083,65.33278608849892,1000
ez,-89.16585709110242,33.83414290889758,1000
xf,-9.848637127213886,78.15136287278611,1000
ax,-44.214477983150786,58.785522016849214,1000
cn,-51.47629417036366,30.523705829636338,1000
ab,-38.37485519366583,87.62514480633416,1000
wi,-49.12187935967171,49.87812064032829,1000
kc,-2.381797546273126,37.61820245372687,1000
kx,-67.03914309779124,33.96085690220876,1000
ig,-71.07797688923792,21.922023110762087,1000
rp,-13.48370529016578,39.51629470983422,1000
wv,-14.08059674414106,28.919403255858942,1000
me,-66.67267596705645,98.32732403294355,1000
it,-10.449396831126043,67.55060316887396,1000
ar,-64.26591920809238,75.73408079190762,1000
tb,-59.237040142522865,53.762959857477135,1000
iy,-6.6879336756002346,93.31206632439977,1000
gj,-40.45879862841256,69.54120137158745,1000
zm,-49.74653157323055,47.25346842676945,1000
pq,-31.91542325998014,26.08457674001986,1000
ci,-72.98789398900001,16.01210601099999,1000
sy,-11.35086141186878,63.64913858813122,1000
vu,-22.38670692708108,68.61329307291892,1000
zy,-67.1443031059317,36.8556968940683,1000
kq,-81.29183678583027,61.70816321416972,1000
br,-59.552287832002385,8.447712167997611,1000
ze,-44.71360079008435,1.2863992099156483,1000
as,-55.231022067299484,94.76897793270051,1000
pd,-36.724013602971105,69.27598639702889,1000
ek,-74.31044108946074,73.68955891053926,1000
cs,-36.2047102518814,79.7952897481186,1000
jo,-62.657420081071564,39.342579918928436,1000
ab,-64.75741569108818,56.242584308911816,1000
we,-80.69098578019037,19.30901421980962,1000
rf,-80.95450959003932,28.045490409960678,1000
ww,-67.0192525390777,6.980747460922298,1000
sm,-60.923864901592395,61.076135098407605,1000
uz,-44.25432097651504,18.74567902348496,1000
zx,-82.35473993311712,17.645260066882877,1000
kc,-52.30602569918682,59.69397430081318,1000
wh,-87.8876606294061,45.11233937059391,1000
fp,-82.04435391119397,41.95564608880603,1000
kh,-50.74280088633246,94.25719911366754,1000
cu,-41.65888961195477,3.34111038804523,1000
lr,-50.978913121699534,49.021086878300466,1000
bu,-81.05992966275602,26.94007033724398,1000
zh,-6.999893189538242,0.00010681046175764486,1000
zo,-5.101884215739756,61.89811578426024,1000
xj,-31.61130618097647,44.38869381902353,1000
yf,-97.18011310407488,14.819886895925116,1000
li,-0.19394855337721062,82.80605144662279,1000
ly,-59.57977606170917,14.420223938290832,1000
gy,-70.5365876641533,73.4634123358467,1000
jy,-18.89549097443741,24.10450902556259,1000
hl,-41.646646108877114,68.35335389112288,1000
tt,-97.16483367775749,22.835166322242518,1000
bf,-40.55282687038314,18.447173129616854,1000
lo,-27.168362486546744,88.83163751345326,1000
xd,-36.61558893766624,10.384411062333763,1000
dm,-72.72907467407141,20.270925325928594,1000
wj,-62.328999503503205,42.671000496496795,1000
qe,-31.676504898271737,86.32349510172826,1000
wg,-55.22136675055639,62.77863324944361,1000
td,-77.47365924608681,2.5263407539131912,1000
fy,-51.04643064531308,47.95356935468692,1000
wv,-16.879744297974824,31.120255702025176,1000
ng,-84.38411592244519,37.61588407755482,1000
ml,-52.087746069831574,69.91225393016842,1000
qh,-77.04549057076358,27.954509429236424,1000
ur,-32.46654142580191,20.533458574198093,1000
om,-71.91796289162298,51.08203710837703,1000
gr,-91.7816116362011,61.2183883637989,1000
so,-63.31276291861362,8.687237081386376,1000
ql,-93.572600992697,73.427399007303,1000
yl,-21.438762997750686,35.561237002249314,1000
am,-7.747343719068005,48.252656280931994,1000
zb,0.9187035724818576,8.918703572481858,1000
gx,-63.079329269063926,69.92067073093607,1000
qe,0.1779303679394203,45.17793036793942,1000
nk,-6.53114801893823,42.46885198106177,1000
ax,-60.841512331164786,73.15848766883522,1000
it,-58.37816649925301,85.62183350074699,1000
dd,-92.80089768680389,49.19910231319611,1000
ow,-40.53235057007752,28.46764942992248,1000
hl,-26.112740640979272,18.887259359020728,1000
iu,-94.20992079774089,0.7900792022591024,1000
mh,-69.49361003096693,18.50638996903307,1000
vw,-39.300850610537964,68.69914938946204,1000
xo,-27.529078167800208,96.47092183219979,1000
ts,-45.57710751193066,33.42289248806934,1000
ga,-68.53493948338924,54.46506051661076,1000
xb,-87.27271974012761,7.727280259872393,1000
hq,-71.19204665798372,77.80795334201628,1000
bp,-58.70990806846149,72.29009193153851,1000
hq,-1.4779916589100264,59.52200834108997,1000
wk,-62.164008251819915,12.835991748180085,1000
zt,-25.677508977751295,36.322491022248705,1000
fn,-65.67216378511206,60.327836214887945,1000
fp,-58.88355269126036,51.11644730873964,1000
dt,-64.93470069369822,10.06529930630178,1000
eg,-97.08265217278718,36.91734782721283,1000
mz,-12.960212859669427,96.03978714033057,1000
da,-9.743146301639332,84.25685369836067,1000
eq,-1.7905414641526902,87.2094585358473,1000
sy,-14.720092454061414,7.2799075459385865,1000
ui,-48.54614755363849,3.453852446361511,1000
cg,-59.61145330108017,23.388546698919836,1000
iq,-57.9953221601768,23.004677839823202,1000
jn,-59.21372324201703,19.786276757982968,1000
ro,-45.58933810050131,24.410661899498688,1000
ue,-11.72472002967859,61.27527997032141,1000
am,-22.11083135995872,48.889168640041284,1000
gi,-46.72509764248037,16.27490235751963,1000
mf,-79.30163868481996,35.69836131518004,1000
ui,-19.21220924608593,35.787790753914074,1000
zs,-87.87345419933851,89.12654580066149,1000
at,-72.23297140213768,14.767028597862323,1000
yz,-16.086419127377717,20.913580872622283,1000
ur,-15.692454145447714,5.307545854552286,1000
ue,-35.81994747947768,65.18005252052231,1000
tc,-79.06279702573383,53.93720297426618,1000
ks,-8.01307419191562,14.98692580808438,1000
iu,-65.78970784163721,74.21029215836279,1000
cd,-72.35381200207605,47.64618799792394,1000
jl,-15.903917215411168,37.09608278458883,1000
bu,-25.288033883488957,47.71196611651104,1000
fk,-2.500540338169439,83.49945966183056,1000
rn,-12.266277259122047,55.73372274087795,1000
yp,-46.447990928741184,73.55200907125881,1000
xi,-40.04019556244063,26.95980443755937,1000
qh,-66.85488026981439,68.14511973018561,1000
yt,-38.617293224296155,96.38270677570384,1000
tf,-61.13753511742195,10.862464882578056,1000
qd,-83.46151442402402,3.5384855759759777,1000
fg,-87.11160282041254,73.88839717958746,1000
yx,-50.08878151067082,15.91121848932918,1000
sf,-3.9649499682459455,36.035050031754054,1000
iz,-42.21698607450206,46.78301392549794,1000
gl,-3.2615759900099763,32.73842400999003,1000
jn,-78.02164189637159,39.978358103628416,1000
jv,-37.18032544633227,32.81967455366773,1000
id,-13.197800082796954,94.80219991720304,1000
dj,-6.866310205926677,63.13368979407333,1000
ah,-64.86431650859701,60.13568349140299,1000
ip,-49.82323117233556,27.176768827664436,1000
xl,-10.334242550187604,68.66575744981239,1000
aw,-34.338768042258664,42.661231957741336,1000
bx,-7.965692142584634,88.03430785741537,1000
us,-94.19440567762989,91.80559432237011,1000
cq,-89.84332203957399,62.15667796042601,1000
yf,-64.83979930201099,48.16020069798901,1000
sv,-19.23171374975291,21.76828625024709,1000
lb,-77.62495030300539,58.3750496969946,1000
hc,-87.10591149166949,35.89408850833051,1000
yh,-61.64523827170312,49.35476172829688,1000
sc,-7.6043122501384515,58.39568774986155,1000
ge,-89.48369524953574,11.516304750464265,1000
dx,-59.23913167528705,84.76086832471294,1000
hp,-32.257861387873504,12.742138612126492,1000
ok,-30.918760809413577,93.08123919058642,1000
yx,-21.289808289526754,19.710191710473246,1000
hi,0.03223066449806167,22.032230664498062,1000
ew,-76.39707980167515,43.60292019832485,1000
rm,-33.45612969173781,83.5438703082622,1000
an,-93.29484894925963,26.705151050740366,1000
ni,-21.55395373912241,23.44604626087759,1000
cm,-8.44339390682655,69.55660609317346,1000
py,-43.91837608785205,70.08162391214795,1000
wf,0.3761982781765887,88.37619827817659,1000
ct,-5.886187208759278,69.11381279124072,1000
fa,-88.52827802270286,69.47172197729714,1000
nu,-91.10678152281906,96.89321847718094,1000
ur,-42.911439199571134,18.088560800428862,1000
ey,-95.93351468009278,19.06648531990722,1000
tm,-30.405389253675796,77.59461074632421,1000
jn,-48.23192729919955,20.768072700800452,1000
as,-59.94138083093384,81.05861916906616,1000
vl,-50.612841255385355,19.387158744614645,1000
fg,-33.602832480007066,98.39716751999293,1000
jc,-47.20815332578152,32.79184667421848,1000
ps,-3.565088018457547,33.434911981542456,1000
ar,-72.34328480369537,19.656715196304624,1000
lc,-84.32599231206981,71.67400768793019,1000
iy,-21.901822724729627,64.09817727527037,1000
nu,-29.91354109148779,41.086458908512206,1000
wq,0.8122295317168294,49.81222953171683,1000
mk,-73.75397461964522,60.24602538035478,1000
mu,-54.06875621022035,51.93124378977965,1000
sr,-48.49017738140207,44.50982261859793,1000
wy,-18.149678842448125,6.850321157551874,1000
jo,-86.85829945798982,30.141700542010184,1000
kg,-91.29623860584628,24.70376139415371,1000
dt,-35.07926476678308,55.92073523321692,1000
ui,-18.13513757865098,82.86486242134902,1000
cu,-12.05738096265538,46.94261903734462,1000
gq,-79.32912166837788,41.67087833162212,1000
vs,-66.70052014269086,47.29947985730914,1000
va,-87.55081182295068,46.44918817704932,1000
kr,-79.52883753660637,61.47116246339363,1000
fk,-45.629041104113085,21.370958895886915,1000
jp,-22.602917956090565,24.397082043909435,1000
pf,-40.97571419110245,17.024285808897556,1000
as,-32.76448425556503,56.23551574443497,1000
kz,-56.22187365550579,7.778126344494209,1000
gx,-6.1169745566685965,95.8830254433314,1000
jz,-0.49899989404360723,74.5010001059564,1000
eo,-3.6447243367294018,10.355275663270598,1000
xj,-47.369393521478116,1.6306064785218806,1000
ig,-19.91915814444339,79.08084185555661,1000
py,-66.1011184640404,60.8988815359596,1000
fw,-16.822475385504802,5.177524614495198,1000
bb,-29.913742048787494,29.086257951212506,1000
md,-84.79417060597729,0.20582939402271982,1000
lu,-70.22657605368578,12.773423946314221,1000
so,-23.810702016341352,29.189297983658648,1000
dd,-69.77182658771724,22.228173412282757,1000
oq,-48.666873273647866,4.333126726352137,1000
iw,-42.7866503561626,18.213349643837397,1000
zr,-50.240149559510236,92.75985044048976,1000
jz,-74.22349482076429,41.77650517923571,1000
rb,-80.2153137700215,66.7846862299785,1000
qb,-33.00824769579798,84.99175230420202,1000
op,-0.8997957578080644,76.10020424219194,1000
cr,-44.54350088148628,51.45649911851372,1000
ig,-26.019806987943305,39.980193012056695,1000
tk,-67.75910114204582,19.24089885795418,1000
fi,-14.401067006318877,67.59893299368112,1000
sp,-68.29069642183477,69.70930357816523,1000
dz,-63.95556518349801,64.04443481650199,1000
or,-0.5857448485848086,53.41425515141519,1000
qn,-16.913439596884935,0.08656040311506596,1000
wv,-93.96597111850011,10.034028881499887,1000
vz,-96.75659543267741,67.24340456732259,1000
fz,-41.74182960114571,22.25817039885429,1000
fl,-80.03300959948754,63.96699040051246,1000
cq,-51.54096602280005,86.45903397719995,1000
di,-29.66847335388875,94.33152664611124,1000
pl,-24.91938363888433,5.080616361115669,1000
ef,-93.1778385489199,57.822161451080106,1000
ud,-53.115903548123896,39.884096451876104,1000
fr,-11.883867223591736,38.116132776408264,1000
gi,-16.381176443761408,9.618823556238592,1000
mg,-25.354668829088986,45.645331170911014,1000
ul,-24.942986825713216,70.05701317428678,1000
xh,-69.36065680146531,90.63934319853469,1000
dk,-70.6927106665901,85.3072893334099,1000
wz,-57.768885670447105,36.231114329552895,1000
ay,-1.0585590940490937,17.941440905950905,1000
cy,-10.396541724949728,7.603458275050273,1000
lu,-38.96013172635881,88.03986827364119,1000
ex,-41.25440106438531,23.745598935614687,1000
wi,-65.15367854238042,55.84632145761958,1000
yt,-70.604293664677,74.395706335323,1000
pg,-58.766662457643555,9.233337542356443,1000
hr,-18.38444523795482,88.61555476204518,1000
dm,-23.33938000710593,25.66061999289407,1000
mq,-10.117833147790304,74.88216685220969,1000
lx,-24.744635153441834,47.255364846558166,1000
wk,-42.746441169597745,55.253558830402255,1000
oy,-65.92924545480413,51.07075454519587,1000
tg,-65.76692377362548,14.23307622637452,1000
vp,-1.2308689086433993,7.7691310913566,1000
iv,-38.027104207452794,88.9728957925472,1000
vx,-8.761544635728045,83.23845536427196,1000
cg,-56.97860331445975,19.021396685540257,1000
fp,-49.83581000628737,17.164189993712636,1000
po,-56.692894488561464,48.307105511438536,1000
vj,-36.34342854150348,69.65657145849653,1000
kf,-40.116764280664704,85.88323571933529,1000
bu,-36.109149457196345,84.89085054280365,1000
zy,-30.25763338721444,9.74236661278556,1000
at,-54.14702880426665,24.852971195733357,1000
bl,-90.3316754769844,38.6683245230156,1000
rv,-5.133508486922557,58.86649151307744,1000
qw,-72.73953522761795,94.26046477238205,1000
hc,-67.34320640513816,26.656793594861835,1000
qa,-49.2297458765819,65.7702541234181,1000
tg,-53.55745137529458,73.44254862470541,1000
yk,-82.57077722402916,32.42922277597085,1000
iv,-83.39548942274465,98.60451057725535,1000
bg,-49.033652707250894,88.9663472927491,1000
hw,-87.26533800395696,78.73466199604304,1000
ku,-60.18199704059323,2.8180029594067717,1000
aj,-1.9300302759458872,20.06996972405411,1000
gp,-36.879560170648524,82.12043982935148,1000
sv,-10.017558345849274,58.982441654150726,1000
qu,-2.4737271323296266,20.526272867670375,1000
ws,-28.479491774660953,60.52050822533905,1000
sp,-65.40508294405645,71.59491705594355,1000
cw,-0.736120774684152,79.26387922531585,1000
qs,-28.116588539934625,77.88341146006537,1000
wr,-68.0691632452481,12.930836754751889,1000
pd,-4.093579502870667,41.90642049712933,1000
wz,-68.0601677207163,14.939832279283703,1000
on,-94.25328677017956,40.74671322982044,1000
pw,-89.14361801921407,72.85638198078593,1000
mp,-73.18496510782317,69.81503489217683,1000
qk,-66.20309958113775,28.796900418862254,1000
ew,-4.142385664737777,35.85761433526223,1000
on,-0.9467730402759088,32.05322695972409,1000
qi,-46.92099224437404,58.07900775562596,1000
we,-15.295404331459945,94.70459566854005,1000
ff,-91.84425129700104,28.15574870299896,1000
qq,-16.34005948943214,70.65994051056786,1000
wk,-93.61780422193102,98.38219577806898,1000
uj,-63.8172654966617,34.1827345033383,1000
ll,-46.76116638209748,34.23883361790252,1000
vx,-67.39206134826668,18.607938651733328,1000
uv,-92.14669796131247,30.853302038687538,1000
up,-64.84301523483305,82.15698476516695,1000
mx,-97.04385220999664,29.956147790003364,1000
mv,-0.09797081440153155,52.902029185598465,1000
ie,-62.85800964115898,27.141990358841024,1000
uw,-57.48357312889344,49.51642687110656,1000
im,-52.765422864969004,30.234577135030996,1000
ok,-54.99183743128727,98.00816256871273,1000
pu,-89.36802818923297,87.63197181076703,1000
jg,-35.97816937322929,90.02183062677071,1000
yh,-42.59650295300213,6.40349704699787,1000
zh,-22.49526701851424,47.50473298148576,1000
ze,-82.84374982064855,7.156250179351448,1000
jq,-79.53159173321382,57.46840826678618,1000
ki,-39.20095083177142,32.79904916822858,1000
la,-95.35546486801294,4.64453513198706,1000
yz,-31.825995386272737,53.17400461372726,1000
zd,-83.91534564821922,22.084654351780777,1000
uw,-57.82017994489377,24.179820055106223,1000
yv,-6.795718851886139,40.204281148113864,1000
kq,-78.80636973381951,54.1936302661805,1000
yh,-76.89434659909269,54.10565340090732,1000
pf,-43.49164053169654,3.508359468303461,1000
bm,-84.36117594108886,1.6388240589111347,1000
ng,-25.39795698616543,0.6020430138345712,1000
kq,-24.86862050470225,29.13137949529775,1000
yt,-52.856523875902575,1.143476124097428,1000
ub,-84.03654137090815,44.963458629091846,1000
gp,-51.90336183519926,92.09663816480074,1000
qx,-43.41638374122129,55.58361625877871,1000
eo,-43.70228824025873,98.29771175974128,1000
lh,-58.912040746854736,78.08795925314526,1000
kn,-71.53381936312712,87.46618063687288,1000
qy,-6.852112456955241,80.14788754304476,1000
pf,-6.68527185314141,46.31472814685859,1000
jk,-76.64719774318039,11.35280225681961,1000
fx,-38.62374919110602,13.376250808893976,1000
ze,-95.20770017964323,2.7922998203567793,1000
ei,-57.18471871136005,91.81528128863995,1000
gq,-39.61170143563631,10.38829856436369,1000
tv,-59.504768410874384,43.495231589125616,1000
fc,-84.29400101599815,52.70599898400185,1000
bq,-81.88496732043777,11.11503267956223,1000
xv,-64.56161528674623,43.43838471325377,1000
jf,-21.634243324028308,79.3657566759717,1000
be,-60.0684087635051,5.931591236494905,1000
uj,-94.77581071622524,2.2241892837747645,1000
be,-60.479963639980134,15.52003636001987,1000
gv,-65.61585259458225,24.384147405417746,1000
qg,-43.09706512526291,23.90293487473709,1000
ci,-44.729488252355914,16.270511747644086,1000
fn,-33.30629202151155,19.693707978488447,1000
vz,-54.49919001991283,61.50080998008717,1000
ba,-62.29449964978443,54.70550035021557,1000
ca,-51.925354777574306,51.074645222425694,1000
hl,-36.559692421495605,95.44030757850439,1000
cr,-60.40133521130687,97.59866478869313,1000
dg,-46.77872912751223,83.22127087248776,1000
ra,-58.01262664853981,7.987373351460189,1000
xj,-71.58561100252803,74.41438899747197,1000
yl,-56.05999436479168,79.94000563520832,1000
hv,-74.40480633549863,26.595193664501366,1000
tx,-71.23210463800118,55.76789536199882,1000
ty,-10.05326151666044,6.946738483339559,1000
kk,-26.048087043816455,12.951912956183545,1000
xb,-40.54067962420452,32.45932037579548,1000
ic,-61.506619287650494,37.493380712349506,1000
cg,-77.71888652264009,86.28111347735991,1000
by,-15.55323380238042,57.44676619761958,1000
sq,-11.449156450695174,17.550843549304826,1000
uh,-54.87954519779538,41.12045480220462,1000
hn,-74.04901886047215,21.950981139527855,1000
qj,-26.80693766629128,83.19306233370872,1000
be,-19.426467295995355,84.57353270400465,1000
uz,-69.51509277280161,49.4849072271984,1000
gi,0.6576308480337038,26.657630848033705,1000
tu,-16.80914694831124,51.19085305168876,1000
ew,-41.309695819029926,87.69030418097007,1000
mb,-73.63458985166162,22.365410148338388,1000
he,-3.490044020541137,7.509955979458863,1000
oc,-25.557867682870473,35.44213231712953,1000
gi,-14.378921285939377,32.62107871406062,1000
sz,-55.15572804027007,67.84427195972994,1000
ue,-41.56805518301081,78.43194481698919,1000
ff,-39.0375867187555,86.96241328124451,1000
co,-86.78138727723783,9.218612722762169,1000
uq,-12.269235641807983,17.73076435819202,1000
jx,-31.13839012219106,13.861609877808942,1000
sm,-87.30633947901039,24.693660520989607,1000
mc,-1.4038791715623666,25.596120828437634,1000
fz,-8.907605059138596,19.092394940861404,1000
qa,-59.73564616248273,59.26435383751727,1000
qc,-27.29474944834152,30.70525055165848,1000
ec,-84.48074565685225,66.51925434314775,1000
wp,-84.98029688637801,36.019703113621986,1000
ph,-12.631043942938446,55.36895605706155,1000
md,-19.68108261147541,1.3189173885245897,1000
rl,-47.20844128160454,53.79155871839546,1000
oa,-79.96692256887866,13.033077431121345,1000
al,-0.13104583126774727,83.86895416873226,1000
kx,-21.421300792647607,49.57869920735239,1000
ul,-18.093542270656343,28.906457729343657,1000
bb,-23.340213525664776,47.65978647433523,1000
bk,-65.82877766809469,87.17122233190531,1000
xm,-87.3097082464241,63.690291753575906,1000
rj,-74.25243792387371,92.74756207612629,1000
th,-55.0139493610171,33.9860506389829,1000
mk,-12.978541611659598,84.0214583883404,1000
uj,-70.70565550524725,34.29434449475275,1000
ho,-67.41974432449379,34.58025567550621,1000
cm,-30.60972024682853,51.39027975317147,1000
sq,-1.1015740354240546,31.898425964575946,1000
ml,-95.48402527921336,13.515974720786643,1000
ka,-91.04370613085787,38.95629386914213,1000
lq,-62.486394024864516,63.513605975135484,1000
zj,-44.9936794365298,69.0063205634702,1000
jf,-90.02921108507691,78.97078891492309,1000
ry,-38.79036482233653,12.209635177663474,1000
md,-58.22066912946945,62.77933087053055,1000
nu,-76.57937035445856,81.42062964554144,1000
od,-23.869331627286616,48.13066837271338,1000
mi,-34.04084069587513,94.95915930412487,1000
fy,-29.5495767340966,21.4504232659034,1000
mm,-35.59421421427314,46.40578578572686,1000
dn,-69.29077740612244,80.70922259387756,1000
cn,-77.75904646916277,17.24095353083724,1000
wc,-59.407875823005796,31.592124176994208,1000
gj,-19.538379450424603,21.461620549575397,1000
mq,-57.39896401736628,71.60103598263372,1000
ao,-47.97434130451718,62.02565869548282,1000
kp,-18.774725626042613,54.22527437395738,1000
iq,-80.46218809903024,47.53781190096975,1000
sc,-77.71911382075228,63.28088617924771,1000
rx,-86.41659324397425,27.583406756025752,1000
kz,-1.7223203846032313,6.277679615396769,1000
pz,-49.49132905681221,33.50867094318779,1000
xf,-74.0895151296592,70.9104848703408,1000
ru,-21.968816116003165,71.03118388399683,1000
kb,-41.52664943431888,7.473350565681127,1000
yw,-35.43579416029264,54.56420583970736,1000
ul,-78.36479719087203,52.635202809127975,1000
kg,-94.22445793148634,32.775542068513666,1000
jb,-10.946037482390267,4.053962517609732,1000
nn,-57.13629073162062,83.86370926837938,1000
iw,-33.738242498933054,8.261757501066942,1000
by,-28.22180204407501,34.778197955924995,1000
hs,-79.74787174440799,7.252128255592016,1000
kz,-69.79363225353859,0.2063677464614142,1000
qe,-89.11883913655412,67.88116086344588,1000
ay,-79.90325923187265,58.09674076812735,1000
si,-30.528471272030497,92.4715287279695,1000
xx,-64.22833093059324,63.771669069406755,1000
mi,-46.14207645283195,72.85792354716804,1000
fn,-23.154944684431964,73.84505531556803,1000
vu,-75.81751684426918,93.18248315573082,1000
wn,-64.35581748370406,91.64418251629594,1000
rf,-92.74434557039454,26.25565442960546,1000
jv,-86.00589757894949,79.99410242105051,1000
df,-29.514993118133066,62.48500688186693,1000
lc,-0.15944230962182948,77.84055769037818,1000
jv,-52.711843950145955,70.28815604985404,1000
zj,-0.7058061124353474,29.294193887564653,1000
sj,-75.55132374395184,15.448676256048167,1000
ln,-7.896457453151175,39.10354254684883,1000
nk,-48.91122742738647,24.088772572613525,1000
cf,-18.757474761813366,55.24252523818663,1000
so,-49.496929483696064,38.503070516303936,1000
kc,-24.717025300679822,89.28297469932018,1000
iu,-8.03337099109277,74.96662900890723,1000
fq,-86.37590721657038,8.624092783429615,1000
rm,-96.37619265428604,27.62380734571396,1000
pb,-97.23077641016285,91.76922358983715,1000
ei,-34.88946710006121,28.11053289993879,1000
xy,-31.615180443317957,29.384819556682043,1000
zl,-22.579832963914782,17.420167036085218,1000
ss,-63.60045654152221,77.39954345847778,1000
lr,-40.205964032297615,8.794035967702387,1000
us,-96.26740371944491,69.73259628055509,1000
xm,-52.34999511869667,69.65000488130333,1000
uu,-53.46955506061477,11.530444939385228,1000
ts,-79.83476458354424,36.165235416455765,1000
xx,-42.98957386485468,23.010426135145323,1000
mh,-95.14426908644646,5.855730913553536,1000
bh,-5.079753222253597,77.9202467777464,1000
hy,-71.48767993106141,83.51232006893859,1000
co,-44.50851219305081,49.49148780694919,1000
vc,-74.87459486592087,2.1254051340791364,1000
zi,-54.576219308412306,53.423780691587694,1000
wv,-45.85981778802229,8.14018221197771,1000
pf,-41.688740634559196,72.3112593654408,1000
ie,-74.8774763706571,64.1225236293429,1000
re,-77.60736608203517,67.39263391796483,1000
ra,-52.36716107428185,91.63283892571815,1000
rr,-72.0218854753246,17.9781145246754,1000
gq,-59.71278774560989,74.28721225439011,1000
gp,-65.95304048829853,93.04695951170147,1000
jp,-69.59886586722592,89.40113413277408,1000
pj,-80.69205238966765,51.30794761033235,1000
wj,-7.788952719972953,42.211047280027046,1000
la,-1.2524981938635924,84.74750180613641,1000
bm,-17.332895323621255,11.667104676378745,1000
tm,-33.050023074583,56.949976925417,1000
zd,-2.7179365960474393,25.28206340395256,1000
fk,-26.629341878367804,31.370658121632196,1000
dp,-48.982880125401735,27.017119874598265,1000
nm,-51.20866297811757,43.79133702188243,1000
mv,-97.35468036349106,49.645319636508944,1000
iv,-50.353962303245865,37.646037696754135,1000
xq,-72.15791699509958,18.842083004900417,1000
pz,-91.19444177238411,4.805558227615892,1000
ln,-21.742137244250554,50.25786275574945,1000
uk,-26.50847343706349,70.49152656293651,1000
ta,-82.40373860895347,64.59626139104653,1000
xt,-37.88152206088772,4.118477939112283,1000
ds,-95.33059777044714,8.669402229552865,1000
ta,-0.6410643847407518,18.35893561525925,1000
bh,-23.005875321366975,10.994124678633026,1000
bv,-80.95206257314638,61.04793742685363,1000
at,-72.11869057825535,83.88130942174465,1000
vq,-47.66264505056247,97.33735494943754,1000
kg,-33.435116052283824,97.56488394771617,1000
ri,-46.518574726320956,63.481425273679044,1000
hq,-75.54866695535657,78.45133304464343,1000
fy,-64.37075064172507,27.629249358274926,1000
fs,-44.38426729576953,93.61573270423047,1000
ha,-19.36321276987719,68.6367872301228,1000
gz,-15.889412278811113,9.110587721188887,1000
op,-79.13321952817088,1.8667804718291179,1000
px,-31.296560251849296,38.7034397481507,1000
rk,-62.28057010724196,33.71942989275804,1000
bk,-34.733032517677216,12.266967482322782,1000
cf,-71.43371330990998,51.566286690090024,1000
pu,-40.9190784253078,59.0809215746922,1000
ub,-66.60775370962929,8.392246290370714,1000
kt,-59.970495513694694,90.02950448630531,1000
lz,-17.856408694286305,8.143591305713695,1000
td,-11.79253603915495,58.20746396084505,1000
pi,-52.76823141411342,90.23176858588657,1000
bo,-20.091421528758545,74.90857847124146,1000
tb,-95.36081368146168,71.63918631853832,1000
ue,-64.42298501847428,28.577014981525718,1000
ij,-73.59344449553062,74.40655550446938,1000
qa,-94.71507638784907,43.28492361215093,1000
un,-20.50677830500929,89.49322169499071,1000
lk,-19.627573869979283,94.37242613002071,1000
cf,-36.96271883436659,5.037281165633409,1000
vh,-41.2423719872313,93.7576280127687,1000
xl,-47.13130000293894,48.86869999706106,1000
gc,-65.00709333275033,23.992906667249663,1000
tb,-17.69442144259035,49.30557855740965,1000
pf,-42.988671700016155,48.011328299983845,1000
kk,-96.71350477791616,27.286495222083836,1000
uq,-29.40791250698061,64.59208749301939,1000
yb,-40.04355209592789,39.95644790407211,1000
np,-67.60030742414823,11.399692575851779,1000
br,-13.701191260485787,83.29880873951421,1000
gw,-75.50276977258264,76.49723022741736,1000
jc,-83.24374951836324,24.756250481636762,1000
vr,-63.69497007325253,28.305029926747476,1000
nn,-31.709450704386555,38.290549295613445,1000
wm,-54.76625370201415,61.23374629798585,1000
id,-36.156853190584684,69.84314680941532,1000
ut,-65.32369123220757,73.67630876779243,1000
uh,-89.6612957064578,91.3387042935422,1000
ty,-69.80916658237432,87.19083341762568,1000
va,-62.72187739115962,91.27812260884038,1000
ws,-59.22360651764657,70.77639348235343,1000
tk,-25.25472482567532,95.74527517432468,1000
ze,-64.044045653506,35.95595434649399,1000
ws,-37.47306868138951,8.526931318610487,1000
hd,-78.04717377142823,66.95282622857177,1000
lt,-7.1576777823592375,68.84232221764076,1000
mn,-7.94480864156939,56.05519135843061,1000
sg,-17.460032790271004,94.539967209729,1000
cg,-81.51791535789336,69.48208464210664,1000
zy,-61.405163576304425,60.594836423695575,1000
ov,-74.71456167474685,3.285438325253157,1000
vz,-37.41740821874644,68.58259178125356,1000
wo,-41.81343380623155,19.186566193768446,1000
sl,-28.287499655534976,7.712500344465024,1000
su,-32.48026939985799,38.51973060014201,1000
tp,-50.60284733305848,0.3971526669415215,1000
sm,-78.4587113848875,86.5412886151125,1000
yg,-3.829125617607082,97.17087438239292,1000
tc,-56.855702497511494,32.144297502488506,1000
lt,-47.9441032527387,67.0558967472613,1000
mi,-85.45618529367978,28.543814706320216,1000
bc,-20.421426519318153,24.578573480681847,1000
gh,-66.1114112056381,13.888588794361898,1000
ft,-22.899646220541015,56.100353779458985,1000
yt,-57.28345210662188,70.71654789337812,1000
bx,-5.712923203303743,49.287076796696255,1000
sy,-47.5793968894875,82.4206031105125,1000
dl,-77.53930739355796,53.46069260644204,1000
hu,-91.00902516646066,21.990974833539344,1000
up,-48.06999521380539,21.93000478619461,1000
sa,-62.04551627166041,78.95448372833958,1000
ds,-88.29410092615639,7.705899073843618,1000
os,-8.694626450627435,95.30537354937256,1000
ls,-11.035098685146886,92.96490131485311,1000
pj,-95.33207075168366,55.667929248316334,1000
au,-40.97562982543366,50.02437017456634,1000
rh,-79.3299878048039,29.67001219519609,1000
dj,-6.37884352971327,80.62115647028673,1000
kx,-78.06236736994322,45.93763263005678,1000
xl,-91.46591260998326,59.53408739001674,1000
vq,-56.8638085666958,90.1361914333042,1000
wy,-82.96227097828897,85.03772902171103,1000
sb,-39.48233606877908,46.51766393122092,1000
hs,-67.29996063122344,93.70003936877656,1000
tf,-27.222924106324257,80.77707589367574,1000
na,-38.08357197271005,49.91642802728995,1000
hf,-90.1712213010577,48.82877869894231,1000
ys,-32.38203969375612,24.61796030624388,1000
fe,-55.82537762261698,0.17462237738301312,1000
ke,-35.008188529015285,31.991811470984718,1000
ff,-74.35560647950292,24.64439352049707,1000
zo,-31.53438844680563,67.46561155319438,1000
gr,-52.33624587126481,19.66375412873519,1000
yt,-48.6216098510842,96.3783901489158,1000
gj,-43.632755287889,96.367244712111,1000
lv,-84.32982514164972,55.67017485835028,1000
xn,-55.66998572993087,56.33001427006913,1000
rm,-81.06806981481223,1.9319301851877657,1000
wo,-22.886722905358752,75.11327709464125,1000
pn,-21.527103705157504,11.472896294842496,1000
qh,-19.625292553454297,11.3747074465457,1000
zo,-31.131638570904762,23.868361429095238,1000
jy,-71.11893161029329,20.881068389706712,1000
cx,-95.32004822884538,94.67995177115462,1000
hp,-88.00265291883582,44.99734708116418,1000
er,-80.46020236172369,80.53979763827631,1000
ad,-14.120033437553582,32.87996656244642,1000
vm,-91.87175529959075,50.12824470040925,1000
uu,-90.0398353436636,38.9601646563364,1000
fs,-15.719756237097336,18.280243762902664,1000
ad,-61.48851443819159,47.51148556180841,1000
le,-14.481058018137897,25.518941981862103,1000
hw,-29.489964611863762,40.51003538813624,1000
cy,-90.96921395286412,36.03078604713587,1000
cz,-59.29515061497283,62.70484938502717,1000
sd,-82.42691721208547,65.57308278791453,1000
cm,-39.229678526615885,70.77032147338412,1000
vg,-77.81864474919381,41.181355250806185,1000
wi,-50.207127624814575,3.7928723751854223,1000
xi,-75.7655031783537,81.2344968216463,1000
mi,-45.81446579741915,71.18553420258084,1000
md,-23.35567630761114,39.64432369238886,1000
yx,-24.03300277004888,11.966997229951119,1000
io,-97.37260939158905,92.62739060841095,1000
go,-20.588181641232552,81.41181835876745,1000
dm,-51.114992015560304,41.885007984439696,1000
jj,-74.04278744528052,69.95721255471948,1000
vc,-73.70888987152878,64.29111012847122,1000
zl,-51.00419245665586,61.99580754334414,1000
ek,-94.18798846808996,63.81201153191004,1000
vx,-63.625433719806225,94.37456628019378,1000
zv,-54.91270961153191,92.08729038846809,1000
fc,-88.78762640199834,36.21237359800166,1000
rh,-3.2298169249054824,6.7701830750945176,1000
xw,-12.098772748718527,84.90122725128147,1000
uv,-15.493510501681916,24.506489498318086,1000
pj,-20.425583760548513,38.57441623945149,1000
tv,-44.70875349426195,29.291246505738055,1000
fx,-88.71166518006626,11.288334819933743,1000
os,-14.36266356731254,57.63733643268746,1000
dy,-96.39490169022004,56.605098309779954,1000
aw,-92.56447208438505,91.43552791561495,1000
rg,-92.93960328872852,93.06039671127148,1000
hm,-13.664965534905873,81.33503446509413,1000
ji,-44.49182259377414,26.508177406225858,1000
ns,-64.47620266696408,77.52379733303592,1000
kg,-2.1254776363729566,76.87452236362704,1000
ob,-41.95124308762356,23.048756912376444,1000
hs,-22.771677899822276,55.22832210017772,1000
ah,-21.356670238622776,22.643329761377224,1000
sy,-9.988362142208143,20.011637857791857,1000
jd,-16.906411439379514,18.093588560620486,1000
gx,-1.703458861855819,4.296541138144181,1000
jm,-72.13380903422915,72.86619096577085,1000
ic,-25.504619123241916,88.49538087675808,1000
mn,-15.166789329513545,18.833210670486455,1000
ya,-19.833712364238227,43.166287635761776,1000
tv,-24.52869654225616,29.47130345774384,1000
rd,-92.95868564812724,73.04131435187276,1000
nn,-87.91235486524745,0.08764513475254998,1000
vw,-64.5265378055688,74.4734621944312,1000
ko,-67.82628197266654,49.173718027333464,1000
sv,-27.928618620166397,95.0713813798336,1000
rf,-32.180792422208036,46.819207577791964,1000
zz,-47.22802957690653,91.77197042309348,1000
kp,-15.570260893780617,38.42973910621939,1000
tu,-4.2626484236347535,8.737351576365246,1000
tr,-55.32289986332617,74.67710013667383,1000
iq,-45.299980173602705,26.7000198263973,1000
fb,-22.335833370925798,82.6641666290742,1000
bg,-88.98487989630046,57.01512010369954,1000
yk,-57.00072584565688,64.99927415434313,1000
wh,-68.94147454740913,80.05852545259087,1000
hm,-40.2049158912194,46.7950841087806,1000
pf,-83.7171113977243,43.28288860227571,1000
zb,-69.36187480745967,34.63812519254032,1000
xr,-20.779544369867146,90.22045563013285,1000
pu,-26.693196208187647,44.30680379181236,1000
ho,-34.37277579202447,12.62722420797553,1000
dz,-40.02586676635105,27.97413323364895,1000
qx,-92.65104958588252,74.34895041411748,1000
sg,-87.68809111853973,28.311908881460276,1000
zz,-82.71997912494149,73.28002087505851,1000
fr,-14.110189940734791,73.8898100592652,1000
tr,-85.60929205998525,48.39070794001475,1000
fy,-65.76936256197013,28.23063743802987,1000
de,-29.70738848693788,58.29261151306212,1000
mh,-67.67102370721021,96.32897629278979,1000
cg,-57.187396626866004,50.812603373133996,1000
fe,-9.179533481829534,83.82046651817046,1000
gx,-52.65145271506764,18.348547284932355,1000
kx,-19.78928314339497,67.21071685660503,1000
ba,-51.345423939171866,92.65457606082813,1000
iv,-30.328969053686418,26.671030946313582,1000
ik,-66.02220573703309,54.97779426296691,1000
pe,-93.36876660576606,43.631233394233945,1000
gy,-77.09286374185155,19.90713625814845,1000
yj,-51.32250899932016,81.67749100067984,1000
vk,-55.25265115701016,69.74734884298984,1000
hg,-35.41618534470589,21.583814655294116,1000
pm,-10.494816905305532,49.505183094694466,1000
pg,-11.841567137061205,57.158432862938795,1000
zx,-0.6480691664613711,60.35193083353863,1000
tl,-27.65762826642043,80.34237173357957,1000
fh,-84.43171054632899,16.568289453671017,1000
du,-92.94044725029352,71.05955274970648,1000
us,-25.64337667470605,13.35662332529395,1000
ej,-50.21257912046854,35.78742087953146,1000
qa,-50.13178568344274,44.86821431655726,1000
fo,-65.63492408426072,84.36507591573928,1000
zx,-88.25228362389254,5.747716376107463,1000
ca,-65.21075192504551,84.78924807495449,1000
pu,-65.38617813045886,62.613821869541134,1000
uh,-66.37160415618249,73.62839584381751,1000
bz,-31.210579258176914,59.789420741823086,1000
xs,-47.681534330035234,21.318465669964763,1000
hx,-40.75059511956103,28.249404880438973,1000
vz,-63.27042461763603,38.72957538236397,1000
rl,-4.845146375800616,73.15485362419939,1000
ru,-4.35560152361868,86.64439847638133,1000
na,-1.95509060842544,14.04490939157456,1000
ac,-40.52368538196476,0.4763146180352361,1000
gf,-65.11732534275767,74.88267465724233,1000
ol,-0.4256041398949221,7.574395860105078,1000
im,-27.195534410423708,21.804465589576292,1000
ew,-50.313210239708404,18.686789760291592,1000
qm,-14.82970902008203,78.17029097991797,1000
px,-33.743863789544356,52.256136210455644,1000
zb,-65.77196143415789,7.22803856584211,1000
su,-56.289099960402844,34.710900039597156,1000
ql,-86.05308393607253,12.94691606392748,1000
ep,-24.70901313917117,13.29098686082883,1000
lr,-31.196490590430898,57.8035094095691,1000
fd,-67.74776295959579,37.252237040404204,1000
vg,-36.48456591564259,35.51543408435741,1000
mk,-68.03373186216902,75.96626813783098,1000
ot,-72.6770538736172,9.322946126382798,1000
ae,-9.359511562026029,94.64048843797397,1000
de,-47.52830462737487,33.47169537262513,1000
ek,-34.42391826049567,44.57608173950433,1000
pd,-35.869149657442044,5.130850342557955,1000
ru,-36.328370977349934,53.671629022650066,1000
hv,-9.830744491348751,64.16925550865125,1000
tm,-0.9318715872901632,91.06812841270984,1000
bq,-47.26259282125544,61.73740717874456,1000
zm,-38.52378392237434,34.47621607762566,1000
yp,-88.74240406038224,95.25759593961776,1000
tu,-84.18145776731158,47.81854223268841,1000
um,-96.09677474627838,97.90322525372162,1000
hr,-95.0066673329657,64.9933326670343,1000
tz,-58.83425726873532,38.16574273126468,1000
wd,-57.54193339091774,55.45806660908226,1000
xk,-9.117173150907202,98.8828268490928,1000
uu,-32.95225444521761,58.04774555478239,1000
ra,-59.92835559720996,24.071644402790042,1000
xg,-24.21684425845544,49.78315574154456,1000
dv,-62.13438389562979,47.86561610437021,1000
ue,-32.99236550820773,30.007634491792267,1000
de,-95.24629377084925,18.753706229150755,1000
wb,-30.809673681308038,29.190326318691962,1000
gb,-62.53614327889487,84.46385672110513,1000
gb,-40.769092080475396,91.2309079195246,1000
qw,-28.072447016620025,20.927552983379975,1000
mz,-18.432197009557807,95.56780299044219,1000
sj,-21.65841479048092,61.34158520951908,1000
ow,-11.596822992332523,66.40317700766748,1000
yv,-26.988415852704474,76.01158414729552,1000
yk,-18.225761951638145,65.77423804836185,1000
ds,-32.64828652610865,73.35171347389135,1000
zb,-46.53920511783011,20.460794882169896,1000
ns,-27.764146917503165,53.23585308249684,1000
jq,-36.56661490406647,39.43338509593353,1000
bm,-60.33524770429921,11.664752295700783,1000
tv,-82.16970139423407,55.83029860576593,1000
ok,-23.74310696527544,63.25689303472456,1000
ln,-90.99779724492961,34.00220275507038,1000
mm,-33.14232904936849,88.85767095063152,1000
uw,-53.06928801149949,17.930711988500516,1000
ey,-21.527103327955054,67.47289667204494,1000
gg,-91.58992355027591,44.41007644972409,1000
im,-67.59706134285283,19.402938657147168,1000
tt,-70.70561694368634,97.29438305631366,1000
wp,-54.910057519250095,67.08994248074991,1000
bv,-0.04011222081480881,82.9598877791852,1000
uh,-48.913729063034914,73.0862709369651,1000
lw,-37.101163791187155,17.898836208812842,1000
ii,-37.59089620808146,2.4091037919185405,1000
hy,-79.30041403029709,97.69958596970291,1000
lq,-68.96993056675888,16.030069433241117,1000
sx,-80.28728866621233,21.712711333787666,1000
qp,-80.75670086763675,79.24329913236325,1000
br,-20.989315538815056,16.010684461184944,1000
hi,-86.73609796173552,62.263902038264476,1000
yz,-31.80038832500646,9.199611674993541,1000
kg,-43.85128988006986,36.14871011993014,1000
as,-11.033992607920919,53.96600739207908,1000
sn,-35.72459303158383,95.27540696841618,1000
nl,-97.59359784625296,21.406402153747038,1000
qc,-22.068550498012275,6.931449501987726,1000
bc,-57.79176443968788,7.208235560312118,1000
zw,-96.43612116315023,96.56387883684977,1000
jt,-50.169113229519795,50.830886770480205,1000
kx,-69.60987353508011,65.39012646491989,1000
bp,-37.97822020405233,80.02177979594768,1000
hv,-93.66017617317466,43.33982382682533,1000
hg,-16.794491228943837,50.20550877105616,1000
vv,-72.5166271562782,71.4833728437218,1000
vi,-49.32489449215723,49.67510550784277,1000
op,-33.267443880557494,39.732556119442506,1000
hm,-66.14927816434263,38.85072183565737,1000
pz,-56.32188515674619,35.67811484325381,1000
ri,-79.16828720288265,76.83171279711735,1000
dr,-77.36534562330715,77.63465437669285,1000
aa,-91.91630398844103,71.08369601155897,1000
ja,-7.002714690190372,82.99728530980963,1000
md,-50.875093192296355,63.124906807703645,1000
bz,-49.20326313096441,75.7967368690356,1000
ym,-64.24049146352603,68.75950853647397,1000
my,-12.387944731110299,11.612055268889701,1000
kz,-81.41126428247416,33.588735717525836,1000
ff,-49.32054444313871,74.6794555568613,1000
gp,-89.86000687218312,20.139993127816876,1000
ec,-85.27717847405141,24.72282152594859,1000
uy,-51.76657884905805,84.23342115094195,1000
jm,-75.990318322185,26.009681677814996,1000
px,-29.60275237699181,11.397247623008193,1000
ci,-7.694021208706487,27.305978791293512,1000
nf,-53.27755301353913,82.72244698646087,1000
bs,-39.86142410026583,61.13857589973417,1000
dg,-61.28752882187037,69.71247117812963,1000
no,-55.44504821932118,68.55495178067882,1000
ek,-16.33387913506612,31.66612086493388,1000
fx,-80.99927262256443,37.00072737743557,1000
zt,-52.32206978795843,22.677930212041566,1000
pm,-89.33801572578663,30.661984274213367,1000
fh,-10.389414635745098,22.610585364254902,1000
by,-94.81020309532396,44.189796904676044,1000
nz,-58.92779832086782,64.07220167913218,1000
gv,-5.056279302225983,13.943720697774017,1000
yw,-81.31535944103125,59.68464055896876,1000
jb,-78.47539506263577,20.52460493736423,1000
ha,-83.82642404700582,66.17357595299418,1000
wa,-8.23087334521072,75.76912665478928,1000
yk,-4.97260891749745,6.02739108250255,1000
xy,-95.80312534439108,26.196874655608923,1000
jo,-86.73373296059384,75.26626703940616,1000
pp,-11.509533936658924,8.490466063341076,1000
ru,-97.06434017682487,45.93565982317513,1000
cx,-24.591266251056275,81.40873374894373,1000
