nm,-96.98821376104885,52.01178623895115,1000
hy,-33.15334846911196,28.846651530888035,1000
xd,-5.600678437127933,36.39932156287207,1000
pg,-10.304844654155634,87.69515534584437,1000
vl,-20.38108780343049,27.61891219656951,1000
tx,-89.303799179024,29.696200820976,1000
wz,-16.988140320549018,87.01185967945098,1000
vg,-20.751986376140856,81.24801362385914,1000
lx,-37.24794379459847,8.752056205401527,1000
dv,-26.980724244175715,54.01927575582429,1000
ro,-58.87650727576775,23.12349272423225,1000
pw,-92.23621284857803,65.76378715142197,1000
bv,-60.44590579448732,76.55409420551268,1000
et,-61.53164211629725,20.468357883702755,1000
jt,-28.11055962552391,42.889440374476095,1000
fu,-97.13779410899424,78.86220589100576,1000
on,-70.72397343770594,77.27602656229406,1000
ap,-44.93029629383462,60.06970370616538,1000
dx,-29.436522434801688,52.56347756519831,1000
jh,-2.3503705224562603,46.64962947754374,1000
qn,-11.395222838008374,39.60477716199163,1000
rn,-31.827373122299456,15.172626877700544,1000
fn,-56.046558193682664,50.953441806317336,1000
xt,-56.52188004070371,85.4781199592963,1000
bq,-79.61982989936769,94.38017010063231,1000
mq,-66.2933464735454,65.7066535264546,1000
im,-55.131748064386585,0.8682519356134116,1000
wt,-4.888128008660282,71.11187199133971,1000
el,-43.14352628423008,58.85647371576992,1000
ay,-76.50553357823595,80.49446642176405,1000
ts,-71.92048165243024,64.07951834756976,1000
sb,-77.10196925703752,55.89803074296248,1000
bz,-48.280416262583316,69.71958373741668,1000
wg,-63.71549625645737,8.284503743542633,1000
tm,-33.668923399633094,47.331076600366906,1000
bq,-52.97683265906694,93.02316734093306,1000
zx,-23.349392258141965,52.65060774185804,1000
ke,-68.16488421102152,51.83511578897849,1000
ma,-82.48238752352344,75.51761247647656,1000
xz,-58.578081084183,46.421918915817,1000
st,-37.67176642071878,62.32823357928122,1000
pe,-77.69238808071837,15.307611919281632,1000
ru,-62.7198020483482,52.2801979516518,1000
ln,-60.86084202112013,48.13915797887987,1000
kq,-49.80685997471834,38.19314002528166,1000
ov,-76.85251427550482,89.14748572449518,1000
uj,-30.312016910319613,4.687983089680387,1000
nz,-5.403031998416552,85.59696800158345,1000
gz,-81.4863072884684,84.5136927115316,1000
cx,-2.9415206862347603,86.05847931376523,1000
xd,-96.35771758489197,89.64228241510803,1000
on,-92.70724342336099,90.29275657663901,1000
mt,-11.678548750617358,52.32145124938264,1000
xd,-14.554710426720556,84.44528957327944,1000
yn,-62.04618089725191,15.953819102748094,1000
ao,-7.1193775300648525,32.88062246993515,1000
cu,-87.24351273888743,17.756487261112564,1000
va,-8.905039115193205,72.0949608848068,1000
vj,-65.75049021239694,3.2495097876030643,1000
lo,-81.26069834096609,9.73930165903391,1000
sx,-29.468764224384717,19.531235775615283,1000
ao,-72.57981075020741,72.42018924979259,1000
ss,-4.958627130272167,23.041372869727834,1000
mk,-37.86033662917617,77.13966337082384,1000
nw,-89.46099417736914,5.5390058226308545,1000
vf,-12.768583134092395,6.2314168659076055,1000
da,-11.226173250212081,47.77382674978792,1000
gs,-0.14851413808347136,40.85148586191653,1000
pp,-69.06841003900462,46.93158996099539,1000
mh,-90.75437324626765,26.24562675373235,1000
pt,-13.795430167314175,72.20456983268582,1000
tu,-13.949422576074394,18.050577423925606,1000
xk,-21.838309142618545,90.16169085738146,1000
gf,-25.63098775141392,83.36901224858609,1000
mb,-7.058679622895768,75.94132037710423,1000
ii,-75.31524052471812,43.68475947528188,1000
hv,-29.83096924578315,83.16903075421685,1000
ed,-54.16699336539577,54.83300663460423,1000
ca,-50.55357597727414,89.44642402272585,1000
vm,-37.214585854147614,32.785414145852386,1000
rq,-42.751029852715824,26.248970147284172,1000
qj,-69.46677318312017,46.53322681687983,1000
ri,-9.463818300458748,64.53618169954125,1000
ag,-14.794031749434442,38.20596825056556,1000
op,-21.20449182901291,52.79550817098709,1000
mb,-51.41653171350007,52.58346828649993,1000
cl,0.8624577318388629,15.862457731838862,1000
eh,-29.382006954653605,87.6179930453464,1000
bk,-5.994333738323205,51.005666261676794,1000
fd,-25.7986310706915,65.2013689293085,1000
tg,-4.890968062870116,84.10903193712988,1000
tb,-79.78347961962137,63.216520380378626,1000
is,-72.0067389925402,49.99326100745979,1000
ld,-91.87524781227928,45.12475218772071,1000
qk,-8.305010714042208,13.694989285957792,1000
bh,-52.50831356766399,8.491686432336014,1000
tw,-74.13732637823817,34.86267362176183,1000
lh,-88.19032885185901,6.809671148140987,1000
ge,-32.449090989787194,20.550909010212806,1000
wu,-69.50995629141627,47.49004370858373,1000
bi,-94.95429277360564,94.04570722639436,1000
dx,-20.26799363716166,51.73200636283834,1000
zg,-82.8716214718262,11.1283785281738,1000
dz,-32.936858476055306,42.063141523944694,1000
ws,-31.044425280309763,42.95557471969023,1000
kt,-5.099155474509778,25.90084452549022,1000
ch,-82.9520932096965,55.04790679030349,1000
zd,-11.63938774495808,49.36061225504192,1000
jf,-91.26301149375057,24.73698850624944,1000
or,-80.78987180684888,26.210128193151117,1000
hs,-75.48493814842145,36.51506185157855,1000
gn,-37.44509013400113,46.55490986599887,1000
xi,-94.48382559608935,86.51617440391065,1000
sg,-35.01274167843992,31.987258321560077,1000
yn,-26.46757185315503,15.532428146844971,1000
qy,-62.957198116755286,75.04280188324472,1000
ok,-85.17744633389964,3.822553666100362,1000
qk,-46.13288354492784,85.86711645507215,1000
yc,-58.56421399583895,19.435786004161052,1000
rn,-25.992749116228783,67.00725088377122,1000
io,-51.63660295391228,81.36339704608773,1000
et,-68.2919896818446,14.7080103181554,1000
nt,-15.134872535290418,26.86512746470958,1000
ua,-19.944231130054785,52.05576886994521,1000
ki,-47.939196565664915,22.06080343433508,1000
sk,-76.3190812401376,76.6809187598624,1000
hg,-57.58834948359337,79.41165051640664,1000
ez,-91.0516157306151,2.948384269384896,1000
xg,-11.535618699486545,59.46438130051345,1000
bm,-31.104212608071705,96.8957873919283,1000
yg,-46.03856574199303,36.96143425800697,1000
wp,-90.20214728336659,28.797852716633408,1000
tu,-35.9795427932778,85.0204572067222,1000
jm,-89.26839057512544,9.73160942487456,1000
wj,-30.117986377192008,15.88201362280799,1000
pm,-66.86287055329372,38.13712944670628,1000
bx,-47.04506953040838,30.95493046959162,1000
wd,-59.22674786227421,13.773252137725791,1000
lt,-37.37838773847294,40.62161226152706,1000
lu,-27.33704793596548,96.66295206403451,1000
qt,-25.498595519900196,71.50140448009981,1000
yy,-30.49864190729632,10.50135809270368,1000
py,-40.74645659604154,6.253543403958458,1000
np,-84.47343903902853,84.52656096097147,1000
lo,-31.057449263271113,90.94255073672889,1000
lj,-88.3038078077156,23.696192192284403,1000
nh,-58.66434059882833,49.33565940117167,1000
yz,-67.80670657038529,16.193293429614712,1000
xk,-5.614572995967803,43.385427004032195,1000
hc,-61.91389352428245,92.08610647571754,1000
sw,-59.711998106649915,91.28800189335008,1000
xq,-12.329992711056992,28.670007288943008,1000
mv,-13.55142280013347,73.44857719986653,1000
uk,-41.14532006247265,79.85467993752735,1000
av,-61.04048750519935,25.959512494800645,1000
kr,-21.0839221808488,57.9160778191512,1000
tz,-85.67018350200142,20.329816497998586,1000
yq,-7.111762367390254,91.88823763260974,1000
hb,-16.920976613580233,70.07902338641976,1000
xh,-20.814369378746516,10.185630621253484,1000
iz,-4.023363926884251,90.97663607311574,1000
jh,-35.81508094706976,90.18491905293024,1000
lx,-2.2313394607572694,83.76866053924273,1000
nz,-78.32993179502033,90.67006820497967,1000
qh,-58.56753601498721,34.43246398501279,1000
kw,-22.899745103559187,30.100254896440813,1000
bv,0.15359178849044075,79.15359178849044,1000
xa,-72.72674137013011,23.273258629869886,1000
wt,-49.75992142762943,97.24007857237058,1000
wl,-27.09948550934193,69.90051449065807,1000
rp,-37.374728661135265,31.62527133886473,1000
iz,-54.319886017739044,97.68011398226095,1000
uh,-86.4301428849896,32.569857115010386,1000
fu,-89.97295039727818,80.02704960272182,1000
vq,-47.379661517315746,48.620338482684254,1000
wq,-80.82635477117735,61.17364522882265,1000
jm,-94.11664585185594,27.88335414814406,1000
ha,-23.891746828314776,5.108253171685224,1000
cb,-85.78486835499184,19.215131645008157,1000
ul,-7.842578307953946,19.157421692046054,1000
dn,-20.86707268127113,46.13292731872887,1000
nm,-0.18478224586311864,61.81521775413688,1000
zg,-23.399921695083403,40.60007830491659,1000
ty,-2.520041934950139,32.479958065049864,1000
ue,-9.943327216333897,49.0566727836661,1000
fk,-41.0593226919783,93.94067730802169,1000
rv,-89.17075261907395,79.82924738092605,1000
pn,-56.69704697659735,14.30295302340265,1000
tv,-59.615171040060396,38.384828959939604,1000
pk,-77.94168235875942,86.05831764124058,1000
dv,-23.309017474886918,13.690982525113082,1000
bn,-36.92796813390749,52.07203186609251,1000
yn,-50.13442583938276,94.86557416061724,1000
bv,-86.17576317981857,89.82423682018143,1000
gg,-88.23508431239503,94.76491568760497,1000
bt,-1.1794474801119796,98.82055251988803,1000
ys,-7.58309082550719,36.41690917449281,1000
fr,-35.938537628727595,91.0614623712724,1000
nj,-16.824711877644155,46.175288122355845,1000
ri,-95.48209144654601,63.51790855345399,1000
sk,-40.62729343423876,1.3727065657612447,1000
db,-15.663128165474898,27.336871834525102,1000
yy,-4.884156127328083,17.115843872671917,1000
el,-19.188495996750156,90.81150400324984,1000
bq,-54.08030779889921,77.91969220110079,1000
am,-81.67195992506059,76.32804007493941,1000
pn,-79.88017511120852,18.119824888791477,1000
hi,-23.697066276565952,94.30293372343405,1000
yj,-0.42271738698264905,45.57728261301735,1000
fv,-36.13779196236603,80.86220803763398,1000
xx,-77.3216835277139,0.678316472286103,1000
ti,-63.73473943707254,5.26526056292746,1000
qk,-53.33984589968101,79.66015410031899,1000
gc,-93.9267235868149,23.073276413185095,1000
lu,-19.629301160004413,78.37069883999558,1000
wz,-37.86481452737551,40.13518547262449,1000
so,-69.86569314397573,8.134306856024274,1000
tk,-26.321859905204043,37.67814009479596,1000
if,-38.95366131047659,54.04633868952341,1000
tc,-28.239300433441766,42.76069956655823,1000
uq,-46.95884689670185,65.04115310329814,1000
tp,-51.819463657786415,91.18053634221359,1000
zx,-41.24408827900188,35.75591172099812,1000
xo,-11.938728400353481,91.06127159964652,1000
gc,-91.09224825646952,95.90775174353048,1000
sz,-68.16229152450197,75.83770847549803,1000
jk,-1.0738188352579732,61.926181164742026,1000
qp,-62.86635734858553,53.13364265141447,1000
fv,-85.74160292833325,0.2583970716667424,1000
wf,-83.71402750440517,46.28597249559484,1000
pl,-7.5782967864953665,68.42170321350463,1000
jz,-68.57685192132833,1.4231480786716784,1000
yz,-4.371611711833911,64.6283882881661,1000
hr,-20.323993416705047,88.67600658329495,1000
zt,-16.693199133208843,29.306800866791157,1000
pa,-85.54029738672627,53.459702613273734,1000
mw,-16.667529367717478,68.33247063228252,1000
gv,-95.06028017727195,49.93971982272805,1000
jy,-74.7591623067448,90.2408376932552,1000
rs,-10.88133417780804,94.11866582219196,1000
yy,-4.5463609480500935,55.45363905194991,1000
yz,-46.82570823639386,95.17429176360615,1000
bt,-70.52720771961421,44.4727922803858,1000
rp,-76.02904785071681,86.97095214928319,1000
nk,-70.16058173726479,74.83941826273521,1000
lf,-93.2487479021982,26.751252097801803,1000
ns,-14.45389679897777,62.54610320102223,1000
ww,-53.75418065011829,21.24581934988171,1000
sz,-33.744651540849794,25.255348459150206,1000
di,-51.62334139086355,96.37665860913646,1000
xu,-93.5016229865425,36.4983770134575,1000
tg,-85.30227404131169,1.6977259586883153,1000
ro,-36.44345212738389,46.55654787261611,1000
ma,-54.54978477287589,75.45021522712412,1000
ue,-88.50806269638348,2.49193730361652,1000
ry,-64.19727501073886,21.802724989261133,1000
fa,-56.27110181038904,34.72889818961096,1000
sn,-82.63052494076223,88.36947505923777,1000
ng,-0.6122907964808657,89.38770920351914,1000
ms,-54.64769049759029,50.35230950240971,1000
pa,-97.07048206107191,16.929517938928083,1000
dz,-42.59054595465935,48.40945404534065,1000
zx,-47.26591998758527,77.73408001241474,1000
fu,-97.01590831311894,82.98409168688106,1000
zg,-64.20374755676112,15.796252443238888,1000
yc,-15.423874701126175,5.5761252988738255,1000
ey,-71.30830992919184,92.69169007080816,1000
rw,-77.59854671296515,51.40145328703486,1000
xx,-82.1297442762089,64.8702557237911,1000
bd,-91.76420519545196,79.23579480454804,1000
vg,-29.287360144037287,34.71263985596271,1000
fw,-66.54268388583394,97.45731611416606,1000
jx,-8.19988146019837,68.80011853980163,1000
wp,-35.06552161727454,80.93447838272546,1000
mi,-15.482914932245157,32.51708506775484,1000
iy,-61.758649358549576,24.241350641450428,1000
zj,-11.022922438887328,89.97707756111268,1000
uy,-78.60929332427793,90.39070667572207,1000
pl,-81.87417000529122,65.12582999470878,1000
yc,-21.324188425137145,24.675811574862855,1000
pw,-2.5964015924867105,70.40359840751329,1000
mu,-86.6229541809251,19.377045819074887,1000
ad,-8.91215311559714,28.087846884402857,1000
oc,-32.94649500211998,76.05350499788001,1000
xj,-21.83924635999161,93.1607536400084,1000
pz,-66.05586460951021,5.944135390489796,1000
iz,-71.76132099593012,14.238679004069878,1000
io,-36.07697440847867,81.92302559152132,1000
tf,-14.265932845837465,82.73406715416253,1000
ry,-58.74547964667843,36.25452035332157,1000
wk,-67.3393339203769,34.6606660796231,1000
do,-1.9614903511367312,26.03850964886327,1000
dn,-59.07779640924847,82.92220359075152,1000
ec,-53.005915478193856,29.99408452180614,1000
wl,-45.681220147563366,89.31877985243663,1000
lk,-59.1125022640727,31.887497735927298,1000
zb,-25.361503000591153,3.638496999408849,1000
bk,-50.5427667480432,2.4572332519568016,1000
zn,-45.04985955530859,53.95014044469141,1000
pl,-26.094380979808374,63.90561902019162,1000
ow,-42.2110430461837,21.788956953816303,1000
bt,-20.268080743225294,45.73191925677471,1000
be,-69.82696657940741,79.17303342059259,1000
zc,-62.60595438084328,10.39404561915672,1000
cm,-49.031083786730264,23.968916213269736,1000
tz,-92.06561602450681,21.934383975493184,1000
dl,-29.171597818375837,52.82840218162416,1000
io,-16.72661321334768,12.273386786652319,1000
ie,-54.826032661718514,34.173967338281486,1000
rz,-49.19354842564454,58.80645157435546,1000
ue,-6.954936237676415,63.045063762323586,1000
en,-79.49770612428418,73.50229387571582,1000
iw,-24.545807478547918,27.454192521452082,1000
bo,-79.2435457051725,39.75645429482751,1000
mq,-9.525339135833265,34.47466086416674,1000
ya,-86.77049794598521,26.22950205401479,1000
rd,-33.363506620412984,0.6364933795870144,1000
jw,-91.13073967402673,0.8692603259732679,1000
zq,-39.93241818012372,0.0675818198762782,1000
ww,-73.00314219816408,53.99685780183592,1000
zx,-33.997450625670496,41.002549374329504,1000
ub,-58.181725102009715,17.818274897990285,1000
eh,-6.990250352295397,83.00974964770461,1000
jt,-47.597577797579376,88.40242220242062,1000
qu,-33.362146711457484,70.63785328854252,1000
qz,-14.263273202006337,3.7367267979936636,1000
wi,-16.656179318177212,66.34382068182279,1000
tq,-12.780896934161543,52.21910306583845,1000
jl,-89.22941578190547,62.77058421809452,1000
kk,-74.95800237662262,45.041997623377384,1000
xh,-47.360241803019434,49.639758196980566,1000
cl,-40.461678987440195,20.538321012559805,1000
jf,-76.42733194010427,17.57266805989574,1000
kj,-25.085816520549646,11.914183479450356,1000
fc,-68.30233320439154,18.697666795608455,1000
kx,-86.08739599125282,7.912604008747182,1000
ob,-69.1969867271927,37.803013272807306,1000
tf,-24.544457159542425,57.455542840457575,1000
hi,-36.508437096374834,52.491562903625166,1000
sl,-47.21323118537617,63.78676881462383,1000
os,-63.086827449651736,94.91317255034826,1000
xq,-14.981074931058512,83.01892506894148,1000
hd,-49.24140736527095,9.758592634729046,1000
im,-92.19611405294553,64.80388594705447,1000
eh,-76.03736322202289,28.96263677797711,1000
tf,-53.986431842495634,11.013568157504366,1000
at,-89.41679109693426,98.58320890306574,1000
yh,-71.90696435674512,70.09303564325488,1000
va,-42.54173020818379,74.4582697918162,1000
ow,-58.37435537401474,32.62564462598526,1000
zk,-92.57737328709307,22.42262671290693,1000
qr,-12.910697430784396,48.089302569215604,1000
sh,-16.995047545303475,63.00495245469653,1000
qe,-8.68705929003714,81.31294070996286,1000
vu,-92.41255306748876,63.58744693251125,1000
nu,-6.511745606918341,60.48825439308166,1000
cs,-28.487020613705074,38.51297938629493,1000
of,-39.647530054832956,4.352469945167043,1000
ea,-73.60908481652223,1.39091518347777,1000
xx,-9.195314620531693,50.80468537946831,1000
jq,-26.04831262478117,75.95168737521882,1000
yy,-66.68940055088477,78.31059944911523,1000
om,-68.10497638511347,40.895023614886526,1000
ld,-71.29327011038964,83.70672988961036,1000
lk,-74.38871811680711,82.61128188319289,1000
cx,-79.19668734140305,23.803312658596944,1000
py,-17.046497865714056,93.95350213428594,1000
gg,-65.11650172421946,0.8834982757805403,1000
db,-56.17219472082981,92.82780527917019,1000
hr,-71.38895220056116,25.61104779943883,1000
bo,-0.0660351296238273,76.93396487037617,1000
qb,-2.969638896063792,59.03036110393621,1000
ja,-67.37862988488247,51.621370115117536,1000
zw,-66.50377871566175,82.49622128433825,1000
pe,-57.4563820029821,78.5436179970179,1000
sg,-92.22976062152318,23.770239378476813,1000
lp,-75.58723005803581,82.41276994196419,1000
ok,-35.413908048047524,44.586091951952476,1000
xm,-30.791908379863425,24.208091620136575,1000
ta,-76.62571117103523,79.37428882896477,1000
sx,-8.481794888461794,29.518205111538208,1000
up,-39.35040505149748,63.64959494850252,1000
rb,-28.414350373492255,11.585649626507747,1000
ox,-49.60882535251733,26.391174647482675,1000
ed,-68.09828445025884,53.90171554974115,1000
ms,-8.255348161190417,63.74465183880958,1000
ap,-92.90192220592468,63.09807779407532,1000
vt,-27.366958463287858,68.63304153671214,1000
ad,-70.35723386339231,68.64276613660769,1000
zj,-30.454525100544178,57.545474899455826,1000
ze,-10.08845986389586,86.91154013610414,1000
sl,-95.02384347949966,52.97615652050033,1000
wr,-43.160298273461315,57.839701726538685,1000
cu,0.5068505771238354,98.50685057712384,1000
pj,-8.462745213816905,52.53725478618309,1000
yp,-15.306403289692662,47.69359671030734,1000
ya,-81.57635466675886,15.42364533324114,1000
cn,-11.31678683298549,54.68321316701451,1000
tt,-21.138141938933835,44.861858061066165,1000
tl,-58.780791444990015,20.219208555009985,1000
ef,-83.75480997208314,98.24519002791686,1000
au,-29.63000648338467,48.36999351661533,1000
dj,-97.1905164578207,16.809483542179297,1000
nm,0.12734920401987915,76.12734920401988,1000
gz,-26.167219738863707,32.83278026113629,1000
ma,-85.28092525458806,62.719074745411945,1000
sx,-27.47298075546204,91.52701924453797,1000
wv,-44.008143824453214,13.991856175546785,1000
oh,-40.43139518432465,92.56860481567534,1000
fg,-29.716178416835525,25.283821583164475,1000
mp,-57.164158183082,25.835841816918,1000
zg,-87.26706443334838,73.73293556665162,1000
os,-38.615693065787475,30.38430693421252,1000
ur,-16.78094596196145,54.21905403803855,1000
cr,-86.60853332754199,92.39146667245801,1000
vz,-62.2478539801463,45.7521460198537,1000
bi,-81.25825601751373,81.74174398248627,1000
rb,-37.35190296378528,81.64809703621472,1000
no,-0.30111966495914066,54.69888033504086,1000
sc,-61.076819062458824,81.92318093754118,1000
jj,-73.44650319793034,61.55349680206965,1000
zh,-60.13206868270897,81.86793131729104,1000
nl,-62.08001590676381,82.9199840932362,1000
ro,-13.157912870723491,7.842087129276509,1000
ne,-56.87263944136631,97.12736055863368,1000
wk,-62.898132802622,88.101867197378,1000
rq,-37.769562150524195,23.230437849475805,1000
wl,-64.90453170656882,66.09546829343118,1000
bn,-17.530335113355648,28.469664886644352,1000
pu,-11.848386706020303,83.1516132939797,1000
fl,-77.73761997452428,21.262380025475725,1000
gy,-64.01986011781692,32.98013988218308,1000
so,-9.01211341811786,73.98788658188214,1000
rv,-0.20203209641252007,12.79796790358748,1000
iy,-5.4673593805759175,47.53264061942408,1000
yz,-19.715902775404402,82.2840972245956,1000
du,-7.006362819466416,28.993637180533586,1000
ml,-23.788011192944428,9.21198880705557,1000
do,-73.68425241709188,37.31574758290812,1000
ts,-35.44040929504759,6.559590704952412,1000
pa,-72.32744922948591,53.6725507705141,1000
pj,-72.09261429526249,51.907385704737514,1000
wd,-82.82825870829332,33.17174129170668,1000
rb,0.8438536662978524,1.8438536662978524,1000
dz,-86.30256713827877,85.69743286172123,1000
tt,-61.140875414470564,64.85912458552943,1000
np,-22.805715102159166,86.19428489784083,1000
sz,-43.23117736406855,26.76882263593145,1000
gl,-30.912173696491298,43.087826303508706,1000
pj,-57.89738904912873,43.10261095087127,1000
di,-18.677517892801998,74.322482107198,1000
ra,-11.04190724780231,42.958092752197686,1000
ez,-48.93588211523659,95.0641178847634,1000
jq,-32.35291741449342,31.647082585506585,1000
mo,-51.62434806061775,80.37565193938225,1000
he,-23.286883398458713,26.713116601541287,1000
gc,-84.60829004189458,24.391709958105427,1000
se,-56.4065608891385,13.593439110861503,1000
nb,-5.394984983050788,38.60501501694921,1000
ey,-90.6927299930002,19.307270006999804,1000
gs,-20.751929408455133,96.24807059154486,1000
ts,-81.3056292933068,71.6943707066932,1000
ij,-77.22799180551867,73.77200819448133,1000
tw,-76.56707202441198,95.43292797558802,1000
eg,-63.15847271061394,6.841527289386055,1000
xz,-15.677761905738388,85.3222380942616,1000
uc,-17.316524526331513,34.68347547366849,1000
bd,-85.61652876208913,19.383471237910875,1000
zs,-0.22852453912721093,77.7714754608728,1000
yb,-73.14711611821404,61.85288388178596,1000
lf,-23.78608803160077,36.21391196839923,1000
uw,-48.856043905901295,50.143956094098705,1000
ex,-33.37194918876211,95.6280508112379,1000
ot,-17.893309827136157,78.10669017286385,1000
jc,-10.085546070536477,35.91445392946352,1000
su,-90.75087315557244,86.24912684442756,1000
no,-0.006136920810309587,27.99386307918969,1000
hh,-70.27167332159938,69.72832667840062,1000
ne,-18.624853476859432,75.37514652314057,1000
ei,-27.00835444216753,25.99164555783247,1000
dr,-7.0028862653434265,34.99711373465657,1000
bx,-1.379811252954088,24.620188747045912,1000
ih,-33.62051740022737,23.37948259977263,1000
tv,-83.54947695427063,22.450523045729373,1000
sy,-80.59536049663224,90.40463950336776,1000
uz,-75.09356981557781,53.906430184422184,1000
yg,-96.82701196517291,88.17298803482709,1000
qn,-61.45487528148408,85.54512471851592,1000
tj,-41.3487004590932,70.65129954090679,1000
we,-76.36184429309682,88.63815570690318,1000
td,-18.958176579551406,18.041823420448594,1000
ut,-27.472615553890055,25.527384446109945,1000
iy,-47.85686026543301,47.14313973456699,1000
ef,-40.555109793991015,83.44489020600898,1000
lg,-62.38227024253181,84.61772975746818,1000
hj,-59.57762841496302,14.422371585036979,1000
ja,-70.28692169713192,58.71307830286809,1000
wh,-88.26500627839677,9.734993721603237,1000
ru,-40.10577743214356,61.89422256785644,1000
xi,-16.81716667644166,45.18283332355834,1000
jo,-91.7678947600827,30.232105239917306,1000
dg,-54.09386373229833,1.9061362677016696,1000
bj,-51.07149724575453,21.92850275424547,1000
lp,-50.85013195695375,63.14986804304625,1000
jv,-29.985739090417717,35.01426090958228,1000
zk,-1.0591096631922747,10.940890336807724,1000
so,-91.43073976904446,14.569260230955543,1000
tr,-4.355827017964938,61.64417298203506,1000
ng,-51.936880929666614,65.06311907033339,1000
vh,-6.513291200147007,82.48670879985299,1000
jv,-73.03738569698511,10.962614303014892,1000
mj,-87.44123222890445,4.55876777109555,1000
qj,-21.67704476343163,53.32295523656837,1000
ff,0.652138482903838,56.65213848290384,1000
np,-80.80753030916094,25.192469690839065,1000
bo,-7.939559658704971,84.06044034129503,1000
gz,-6.962411431536943,97.03758856846305,1000
uq,-61.161025362800245,74.83897463719975,1000
ty,-72.5355356130355,63.46446438696449,1000
dm,-23.76344648622519,18.23655351377481,1000
eo,-76.71506844858608,42.28493155141391,1000
kj,-86.90106072455488,67.09893927544512,1000
yc,-50.22030892160352,84.77969107839648,1000
lv,-44.1653059599175,55.8346940400825,1000
vn,-13.340779915305825,88.65922008469417,1000
he,-33.84086573789764,24.15913426210236,1000
kt,-4.596217811249962,25.40378218875004,1000
lo,-51.83684070828513,75.16315929171486,1000
jq,-62.61799510876942,6.3820048912305785,1000
xs,-12.441549098122154,25.558450901877848,1000
oz,-4.2663143510973685,72.73368564890264,1000
ok,-35.23848726531677,23.76151273468323,1000
fj,-60.74743430090527,40.25256569909473,1000
wc,-26.171826561670034,47.82817343832997,1000
jy,-56.20372955388242,55.79627044611758,1000
sn,-39.75084237299697,9.249157627003026,1000
ur,-82.93906850238479,4.060931497615213,1000
qc,-62.5516403854763,45.4483596145237,1000
wn,-47.753963164980426,84.24603683501957,1000
kk,-67.16023466468884,25.839765335311156,1000
jo,-29.926645733162694,27.073354266837306,1000
xh,-90.30856903301517,94.69143096698483,1000
zx,-92.05935750042708,93.94064249957292,1000
mb,-27.239318655543748,4.760681344456254,1000
kz,-65.47909937996556,20.520900620034446,1000
bo,-6.911275193919266,28.088724806080734,1000
ci,-25.998262210398725,85.00173778960128,1000
rl,-32.78584888052109,3.214151119478913,1000
fm,-76.71320134248788,41.28679865751212,1000
rt,-51.22034600475471,75.7796539952453,1000
au,-70.6088983196813,67.3911016803187,1000
xd,-3.431420253598744,93.56857974640126,1000
hg,-88.62725686805555,84.37274313194445,1000
vz,-70.14259915444033,18.857400845559667,1000
gz,-57.685831896085794,57.314168103914206,1000
pd,-53.95588015547788,2.044119844522122,1000
xd,-87.70089590610074,41.29910409389926,1000
nb,-41.56826236066044,52.43173763933956,1000
od,-44.32409811964458,11.675901880355417,1000
hi,-60.52658523942076,56.47341476057924,1000
de,-29.30957431772803,90.69042568227198,1000
ng,-86.76959329976079,61.230406700239215,1000
pd,-6.43040569068389,39.56959430931611,1000
rd,-60.16159659593448,71.83840340406552,1000
tc,-38.004533224006884,45.995466775993116,1000
ow,-69.71431372174806,86.28568627825194,1000
oi,-49.522011361843724,41.477988638156276,1000
ru,-46.46986933119924,63.53013066880076,1000
io,-44.244693889572154,21.755306110427842,1000
ga,-19.063123925848608,66.9368760741514,1000
sd,-53.42906347505074,66.57093652494926,1000
dg,-56.20416964007164,24.79583035992836,1000
xp,-75.6237160403648,74.3762839596352,1000
ch,-2.0721452504046005,49.9278547495954,1000
um,-59.99139357376663,51.00860642623337,1000
vs,-74.82706788208147,15.172932117918535,1000
yf,-4.922483467665883,47.077516532334116,1000
em,-9.505878201614777,77.49412179838522,1000
dy,-58.90797284649825,92.09202715350175,1000
ic,-9.894490423412513,63.10550957658749,1000
iu,-91.01276276164228,60.98723723835773,1000
az,-1.099339332746713,64.90066066725329,1000
jw,-14.498202064827135,96.50179793517286,1000
oe,-43.82700891850243,3.172991081497571,1000
fg,-51.99488118120312,21.00511881879688,1000
nh,-50.59214772759833,0.40785227240166944,1000
zu,-19.321991867142824,84.67800813285717,1000
qw,-73.05427296745025,63.945727032549755,1000
jx,-64.05393586828184,73.94606413171816,1000
md,-78.83715339827361,62.16284660172639,1000
qi,-63.058944316809125,41.941055683190875,1000
hb,-28.588120668193916,2.411879331806084,1000
dz,-38.128958958930454,24.871041041069546,1000
xq,-0.7775127807891675,86.22248721921083,1000
ak,-41.078751624182836,27.921248375817164,1000
mc,-20.373997235112284,86.62600276488772,1000
qi,-84.9024220834511,95.0975779165489,1000
mr,-11.006707344737812,26.993292655262188,1000
bf,-31.1987805184261,7.8012194815738996,1000
hk,-90.35699079467754,59.643009205322464,1000
sz,-64.66560879990186,77.33439120009814,1000
jt,-70.55322134210665,80.44677865789335,1000
uv,-97.61805460818378,23.381945391816217,1000
ir,-85.26035385435584,47.73964614564415,1000
yo,-45.6357608714825,15.3642391285175,1000
xy,-38.00794267102417,87.99205732897583,1000
fu,-8.999212285203527,79.00078771479647,1000
bu,-8.207142724226115,4.792857275773885,1000
ja,-63.30007791817715,15.699922081822848,1000
io,-50.11744943676504,96.88255056323496,1000
wq,-1.1302803009363833,29.869719699063616,1000
tq,-22.587720196114176,90.41227980388582,1000
ld,-6.993246840367328,23.006753159632673,1000
uz,-94.29713156604802,84.70286843395198,1000
ce,-21.982806571491757,93.01719342850825,1000
vz,-53.92439414907491,40.07560585092509,1000
ft,-38.04903696469659,2.950963035303408,1000
gt,-33.722934636635124,60.277065363364876,1000
wf,-18.416050216923217,88.58394978307679,1000
ff,-96.05156818378309,56.94843181621691,1000
am,-12.034028857622777,50.96597114237722,1000
es,-26.266230444747094,23.733769555252906,1000
iw,-13.617359005115937,45.38264099488406,1000
bo,-41.59678973268271,7.40321026731729,1000
qx,-94.11799436384044,56.882005636159555,1000
za,-43.83680195022938,30.16319804977062,1000
fc,-48.57850636024345,72.42149363975655,1000
zk,-77.27237965481038,17.727620345189624,1000
qe,-45.194328204047466,56.805671795952534,1000
uq,-69.04884406324705,92.95115593675295,1000
bt,-22.57251084356345,20.42748915643655,1000
tk,-4.941284887300657,89.05871511269935,1000
ug,-72.9795811652398,63.020418834760214,1000
fa,-53.389777819881644,13.610222180118358,1000
pq,-78.7606783963745,82.2393216036255,1000
ki,-92.21064229703556,2.7893577029644376,1000
eh,-82.01189309225629,60.98810690774371,1000
ph,-62.842032494782345,88.15796750521766,1000
az,-70.82269974542766,75.17730025457234,1000
vy,-83.6144418049745,40.385558195025496,1000
tq,-1.1483361561566745,9.851663843843326,1000
gg,-84.38331244846077,20.616687551539226,1000
ia,-86.90921151457192,71.09078848542808,1000
ed,-44.48238311525131,66.51761688474869,1000
yy,-92.39960489659467,80.60039510340533,1000
lj,-17.863969293252012,12.136030706747986,1000
rn,-31.45146196102853,83.54853803897147,1000
tr,-75.4127619412774,0.5872380587226114,1000
tc,-10.458228222048756,47.54177177795124,1000
ag,-90.76309856869528,4.236901431304719,1000
mh,-21.142078420261992,69.857921579738,1000
zt,-9.067650877236442,53.93234912276356,1000
je,-29.754587887481573,57.24541211251842,1000
on,-78.17204756354361,48.827952436456385,1000
mh,-70.97886812557846,14.021131874421535,1000
zu,-32.254717807281516,49.745282192718484,1000
ja,-45.67267481437272,40.32732518562728,1000
pz,-62.72005349446873,94.27994650553127,1000
du,-95.46090547923984,37.53909452076016,1000
yu,-58.03058241082975,66.96941758917025,1000
ki,-29.265477918811737,95.73452208118826,1000
zp,-60.675528746284975,82.32447125371503,1000
vy,-75.61531905501072,76.38468094498928,1000
sw,-15.165062487518165,48.83493751248184,1000
wf,-94.01139540254833,13.988604597451666,1000
hp,-12.510492667634356,88.48950733236565,1000
mw,-40.247111809649574,86.75288819035042,1000
xc,-93.0559260956137,54.9440739043863,1000
uu,-89.83041660260247,86.16958339739753,1000
lg,-56.14727335911633,76.85272664088367,1000
bt,-73.99749605977883,4.002503940221178,1000
jq,-3.331153251392413,43.668846748607585,1000
wa,-6.8567946183355035,79.1432053816645,1000
uh,-11.942392206813537,18.057607793186463,1000
gd,-78.75996741109076,25.24003258890924,1000
gx,-22.151911605076087,12.848088394923913,1000
ww,-81.1223106801146,14.877689319885398,1000
xf,-14.871309944971708,6.128690055028291,1000
qp,-16.08249585620819,19.91750414379181,1000
ep,-29.77540880463748,62.22459119536252,1000
ef,-27.567735265027522,49.43226473497248,1000
qp,-20.121566740890128,84.87843325910987,1000
rh,-28.44499484810075,50.55500515189925,1000
cw,-90.13814583284517,1.86185416715483,1000
sp,-96.60248531598381,31.39751468401619,1000
iq,-43.623526103248906,84.3764738967511,1000
sy,-22.936726054393315,11.063273945606685,1000
qm,-30.628087865969245,5.371912134030754,1000
bb,-19.03546604643321,51.96453395356679,1000
ry,-47.09350980914994,9.906490190850057,1000
ou,-77.68688923350058,16.313110766499424,1000
ej,-90.43958161095603,57.56041838904398,1000
mb,-75.92430477852142,2.0756952214785818,1000
fc,-86.36661568132914,76.63338431867086,1000
wa,-12.380317310592378,4.619682689407621,1000
xl,-97.02721706303554,18.972782936964467,1000
wy,-55.18020783160872,16.81979216839128,1000
lc,-58.827511527942,54.172488472058,1000
xr,-36.39655400328866,69.60344599671134,1000
us,-65.10665267373571,7.893347326264285,1000
pw,-45.333999727286376,36.666000272713624,1000
cr,-31.824991426058308,15.175008573941694,1000
ne,-1.6186305227783075,13.381369477221693,1000
rz,-93.69313125072709,28.306868749272912,1000
eq,-57.430418210722216,54.569581789277784,1000
ac,-47.05524801849859,4.944751981501411,1000
gg,-34.70425355780195,94.29574644219805,1000
nj,-49.5155326059458,69.48446739405419,1000
ba,-89.76432269325862,22.235677306741383,1000
gm,-84.1003409586562,75.8996590413438,1000
ix,-33.52577180342486,32.47422819657514,1000
mk,-17.459192911840653,22.540807088159347,1000
ab,-2.186453409405043,15.813546590594957,1000
ce,-13.038405150396647,51.96159484960335,1000
pm,-35.47841453888479,77.52158546111521,1000
gy,-77.1689682794574,21.8310317205426,1000
pc,-85.87337323150952,7.126626768490479,1000
tt,-94.35756355667891,64.64243644332109,1000
wf,-3.1408074632466083,3.8591925367533917,1000
ms,-79.6171807408091,4.382819259190902,1000
rc,-43.59180039579092,46.40819960420908,1000
gg,-50.91867107784571,27.081328922154288,1000
gi,-83.34640187820243,10.653598121797579,1000
ds,-74.53914406878758,81.46085593121242,1000
km,-26.327612307562813,35.672387692437184,1000
gc,-7.569257240671879,45.43074275932812,1000
lp,-24.950249022775907,29.049750977224093,1000
nh,-41.10420257022318,63.89579742977682,1000
fm,-81.61454261134433,22.38545738865567,1000
yt,-33.51612586695292,11.483874133047083,1000
xp,-11.26689388711278,53.73310611288722,1000
rw,-14.757914371783402,92.2420856282166,1000
ai,-38.4222791900338,98.5777208099662,1000
jo,-92.33580422442193,63.664195775578065,1000
ux,-96.92044715226446,14.079552847735545,1000
cp,-12.833699646003621,66.16630035399638,1000
qd,-47.11547840518379,86.88452159481622,1000
ba,-59.5546874615793,61.4453125384207,1000
bx,-82.7061715344823,10.293828465517706,1000
ve,-96.94780140953499,71.05219859046501,1000
yy,-94.33691834756513,1.6630816524348706,1000
iw,-11.334788334541024,85.66521166545898,1000
ih,-3.7655778019109376,47.234422198089064,1000
hr,-1.4712307463305163,63.52876925366948,1000
sw,-97.81451306025845,43.18548693974156,1000
ee,-13.49625029283078,85.50374970716922,1000
ro,-29.301976397544053,73.69802360245595,1000
yb,-41.36054138811823,15.639458611881771,1000
vr,-96.73673504631354,41.26326495368645,1000
vx,-59.94949216793013,12.050507832069869,1000
df,-90.61706168666609,87.38293831333391,1000
by,-64.067311445267,28.932688554733,1000
wn,-87.03878565450235,63.961214345497645,1000
or,-90.19240684296234,55.80759315703766,1000
si,-41.38836609641177,93.61163390358823,1000
gz,-26.234886778309452,47.76511322169055,1000
sv,-11.111810086746353,18.888189913253647,1000
nl,-48.58634648348637,20.413653516513627,1000
ih,-94.11374245040719,34.886257549592806,1000
rj,-67.76344243008492,34.23655756991507,1000
dp,-97.83229527562216,30.16770472437784,1000
ds,-72.56445594608768,78.43554405391232,1000
om,-53.241138406511844,61.758861593488156,1000
wf,-88.86609616950243,68.13390383049757,1000
wk,-5.102414352279087,61.897585647720916,1000
ux,-92.65356192815729,42.34643807184271,1000
qx,-16.131390152810173,11.868609847189827,1000
ip,-36.94098747648123,33.05901252351877,1000
fz,-92.68660309608298,87.31339690391702,1000
dy,0.7758598765481376,90.77585987654814,1000
qi,-35.9320374175575,50.0679625824425,1000
wf,-60.55342631928806,49.44657368071194,1000
fg,-83.77120862172862,17.228791378271385,1000
fc,-3.1846669298463164,1.8153330701536836,1000
iu,-96.06840589947991,55.93159410052008,1000
rx,-86.26396168866681,70.73603831133319,1000
gz,-42.33902111795227,94.66097888204773,1000
rn,-97.59182078080038,38.40817921919962,1000
in,-27.333462236737923,26.666537763262077,1000
ni,-75.1103466278513,28.889653372148704,1000
tl,-23.85320165995113,22.14679834004887,1000
kn,-56.655022988762994,3.344977011237007,1000
rw,-25.41690948977328,0.5830905102267225,1000
ho,-43.196412829791505,29.8035871702085,1000
bq,-42.48797082869797,1.5120291713020313,1000
qm,-97.13298060166187,31.867019398338133,1000
ih,-38.061078693892604,56.938921306107396,1000
bv,-57.47285934221574,2.5271406577842592,1000
vp,-44.50478534510079,83.49521465489921,1000
uf,-15.698281259875946,21.301718740124052,1000
mw,-53.06817889961486,76.93182110038515,1000
mo,-87.19309998026849,74.80690001973151,1000
mb,-83.57248857395398,24.42751142604602,1000
hk,-38.206523729262834,13.793476270737166,1000
yb,-71.16973397274855,60.83026602725145,1000
ah,-38.810059232516195,59.189940767483805,1000
jq,-41.004898104759576,77.99510189524042,1000
bc,-94.85773169577475,56.142268304225254,1000
hz,-47.959073368604834,17.04092663139517,1000
wp,-83.36932619338869,45.63067380661132,1000
jd,-25.363323387553052,2.636676612446948,1000
im,0.36540234355374457,13.365402343553745,1000
ag,-38.8569884975672,41.1430115024328,1000
eq,-26.24087252399631,32.75912747600369,1000
fe,-49.491120714731174,25.508879285268822,1000
ys,-73.25808787857805,48.74191212142195,1000
to,-55.82595873577114,91.17404126422886,1000
gf,-63.28228957106366,52.71771042893634,1000
rf,-30.988816115794258,32.01118388420574,1000
ae,-79.49558446848278,42.504415531517225,1000
uy,-49.93518075335046,92.06481924664955,1000
bv,-33.8549490268829,17.1450509731171,1000
sm,-92.22743098050057,97.77256901949943,1000
mt,-52.07189762955589,62.92810237044411,1000
xs,-94.8644433596851,12.135556640314906,1000
ux,-71.30282841412323,48.69717158587677,1000
rl,-93.2005852497705,58.799414750229495,1000
uu,-80.69604647189128,96.30395352810872,1000
aq,-20.64913415032807,83.35086584967193,1000
lu,-76.06260398995038,46.93739601004963,1000
kz,-49.30241263448427,38.69758736551573,1000
sn,-57.82011139832262,24.179888601677384,1000
da,-58.386746969189886,74.61325303081011,1000
qw,-83.21578997181638,77.78421002818362,1000
pl,-46.474216702947636,18.525783297052367,1000
pp,-34.82842948891646,15.171570511083537,1000
wt,-91.14334500916749,12.856654990832512,1000
ec,-32.68330446309535,35.31669553690465,1000
vw,-46.15672993707777,36.84327006292223,1000
rg,-16.474804287018557,98.52519571298144,1000
us,-37.80903771933722,91.19096228066279,1000
aa,-54.0224494712044,34.9775505287956,1000
yg,-74.67086139888812,83.32913860111188,1000
qb,-15.148281013604038,50.85171898639596,1000
fo,-85.27212102746998,35.72787897253002,1000
xa,-24.490509334798308,40.50949066520169,1000
lf,-76.27676810594998,58.72323189405001,1000
bc,-76.12106337646843,85.87893662353157,1000
bw,-80.59877846133598,97.40122153866402,1000
hm,-23.38934621282208,0.6106537871779204,1000
rp,-19.675757693399852,60.32424230660015,1000
cn,-19.326622542430933,50.67337745756907,1000
hx,-77.82150888011188,40.17849111988813,1000
hk,-20.616340806383693,33.3836591936163,1000
fi,-41.87760633396956,67.12239366603045,1000
yh,-13.181804142571401,0.8181958574285993,1000
qm,-77.57993418637507,93.42006581362493,1000
jv,-14.470591654218751,79.52940834578125,1000
sp,-23.623435077980353,73.37656492201965,1000
mf,-74.31154641886592,60.68845358113408,1000
wu,-50.13546330226313,62.86453669773687,1000
pp,-95.2394580568398,51.760541943160206,1000
bv,-19.05568331097198,96.94431668902801,1000
wd,-17.68016710361853,24.31983289638147,1000
qn,-80.81782375259556,31.18217624740444,1000
uh,-81.89814147332069,77.10185852667931,1000
jo,-87.33774467846446,89.66225532153554,1000
br,-12.81773629818108,49.18226370181892,1000
nf,-57.2376771486268,66.7623228513732,1000
ht,-92.75608290125027,27.243917098749733,1000
nf,-5.541788258100645,32.458211741899355,1000
rp,-88.11740236238117,20.882597637618826,1000
ju,-28.178671040175452,19.821328959824548,1000
jt,-18.231900499942846,90.76809950005716,1000
gg,-66.49531857081587,44.504681429184124,1000
bm,-93.75029692700875,35.249703072991245,1000
kx,-59.324858286315866,88.67514171368413,1000
bt,-27.249872118167684,72.75012788183231,1000
hl,-21.355198929825068,57.644801070174935,1000
nj,-51.83860086194564,19.16139913805436,1000
jy,-47.88922859139851,40.11077140860149,1000
km,-70.387006948487,66.612993051513,1000
pq,-44.38526135574308,76.61473864425692,1000
qj,-61.82796011561025,86.17203988438975,1000
ur,-78.9063335234775,0.09366647652250315,1000
ev,-26.171572389099474,31.828427610900526,1000
px,-18.04123259348425,85.95876740651575,1000
xe,-58.325802002527794,6.674197997472206,1000
wd,-68.51394064950598,43.48605935049402,1000
kb,-92.61348434031473,0.386515659685275,1000
py,-25.625022864853914,81.37497713514608,1000
jm,-79.02704493777131,5.972955062228694,1000
wd,-2.7889505834739268,66.21104941652608,1000
ru,-73.11722437250796,51.88277562749203,1000
pk,-62.77223900149885,33.22776099850115,1000
ed,-45.6360100827711,19.363989917228896,1000
qf,-71.62749527543392,54.37250472456608,1000
sp,-10.277297759584322,86.72270224041567,1000
as,-43.0224595224394,32.9775404775606,1000
ek,-19.132096883758365,45.867903116241635,1000
op,-22.368786983322277,8.631213016677723,1000
nj,-61.981226416757664,87.01877358324234,1000
cb,-56.65351021851404,4.346489781485955,1000
hd,-79.01921523700055,50.980784762999455,1000
ig,-70.98169254483042,98.01830745516958,1000
lr,-63.29122601881219,79.7087739811878,1000
ey,-4.762740312120884,12.237259687879117,1000
vy,-57.28355752235143,69.71644247764857,1000
wr,-20.615772106126578,40.38422789387342,1000
dc,-9.409379383377232,54.590620616622765,1000
eu,-11.694136509355506,60.30586349064449,1000
eq,-56.6587831068836,88.34121689311641,1000
da,-6.714284055056119,49.28571594494388,1000
op,-67.72568867018104,4.274311329818963,1000
tu,-75.85070300411694,38.149296995883056,1000
gl,-70.59678121099323,88.40321878900677,1000
xd,-50.857372538241584,38.142627461758416,1000
pk,-4.35771967665997,37.64228032334003,1000
wy,-54.95808482150746,87.04191517849254,1000
cq,-40.251685103677936,29.748314896322064,1000
uw,-51.50238946950762,43.49761053049238,1000
ff,-52.51319646566747,81.48680353433252,1000
at,-70.38919055659126,10.610809443408739,1000
bm,-37.13012541901397,86.86987458098602,1000
je,-11.84138468185299,77.15861531814701,1000
qn,-54.48729031079714,33.51270968920286,1000
jp,-28.68311385956559,34.316886140434406,1000
kh,-41.48490876794411,51.51509123205589,1000
fh,-42.181860596051486,95.81813940394852,1000
xg,-2.055569007599515,40.944430992400484,1000
lw,-13.718418585829276,62.281581414170724,1000
gr,-61.25849922991869,58.74150077008131,1000
vp,-29.893352710184388,50.10664728981561,1000
yf,-63.48276197835898,11.517238021641024,1000
ir,-60.0466409793468,58.9533590206532,1000
uw,-35.60918900884036,32.39081099115964,1000
td,-87.5693432968476,86.4306567031524,1000
eo,-56.09440202966058,20.905597970339425,1000
zm,-63.89575758078224,86.10424241921777,1000
zm,-47.3773412619074,92.6226587380926,1000
gv,-58.15911930569611,59.84088069430389,1000
zs,-94.59163312066485,16.408366879335144,1000
bf,-18.80820296109623,55.19179703890377,1000
yx,-29.427711728232218,12.572288271767782,1000
mu,-28.594122651498683,24.405877348501317,1000
js,-93.96778203069702,75.03221796930298,1000
lr,-48.904114164790236,88.09588583520977,1000
ox,-67.87163228625262,30.128367713747373,1000
nl,-23.061135973569684,15.938864026430316,1000
lm,-59.20209740647026,54.79790259352974,1000
vi,-2.3295034584014775,5.6704965415985225,1000
br,-82.01178108993535,4.988218910064641,1000
ti,-10.110909508176794,26.889090491823207,1000
il,-22.3985251236556,72.6014748763444,1000
cn,-60.10297018582938,15.897029814170622,1000
ou,-21.93163823343467,72.06836176656533,1000
hs,-40.1769108633259,56.8230891366741,1000
js,-26.222731231237702,55.7772687687623,1000
tf,-89.54911295573277,71.45088704426723,1000
kz,-66.0278504433872,75.9721495566128,1000
px,-11.692826273920629,98.30717372607937,1000
hb,-59.92647533576133,16.073524664238665,1000
xi,-43.43162718744264,83.56837281255736,1000
lx,-97.07731392122855,72.92268607877145,1000
py,-3.346964193998814,13.653035806001185,1000
ma,-48.820328090985846,31.179671909014157,1000
wx,-11.827465004023296,18.172534995976704,1000
pi,-87.75205238315492,28.24794761684509,1000
ry,-42.34077931863826,55.65922068136174,1000
kl,-79.96893390597091,52.031066094029086,1000
nh,-28.304147947176954,90.69585205282304,1000
yw,-78.80308764246932,71.19691235753068,1000
mk,-38.486047834819416,77.51395216518058,1000
ta,-22.16935777551599,36.83064222448401,1000
qc,-82.17108002935979,72.82891997064021,1000
oj,-57.29836159135212,81.70163840864788,1000
ez,-19.15675966000843,78.84324033999157,1000
wn,-64.51154594919164,59.48845405080836,1000
ax,-67.85728481570747,74.14271518429253,1000
wi,-70.9397202184428,66.0602797815572,1000
ya,-24.97791051394361,22.02208948605639,1000
tm,-43.929045328961216,53.070954671038784,1000
ma,-56.35495420722279,22.64504579277721,1000
jw,-82.35130235812113,83.64869764187887,1000
ji,-4.932075795505858,91.06792420449415,1000
nv,-36.81499856615087,49.18500143384913,1000
ph,-37.52956285581388,22.47043714418612,1000
bp,-93.73198902381748,19.268010976182524,1000
lq,-58.402977055298294,44.597022944701706,1000
xp,-55.01593008836161,66.9840699116384,1000
fl,-61.88129823882668,91.11870176117331,1000
xy,-55.02510159391284,22.974898406087163,1000
av,-38.95620185116038,75.04379814883961,1000
xa,-3.4466915416537693,58.55330845834623,1000
cu,-81.2745606125735,51.7254393874265,1000
xw,-46.61187547701193,6.3881245229880745,1000
cf,-46.75780885285476,94.24219114714525,1000
hq,-55.482693162878256,64.51730683712175,1000
ey,-70.62783766880021,81.37216233119979,1000
af,-97.726828446682,69.273171553318,1000
ek,-11.135131949109411,21.86486805089059,1000
oi,-0.7946156601228678,0.20538433987713223,1000
mg,-95.33571820643127,23.664281793568733,1000
lr,-44.32704127745241,89.67295872254759,1000
vt,-86.71199946698945,10.288000533010543,1000
in,-93.18504558366789,0.8149544163321114,1000
de,-55.33728563156412,39.66271436843588,1000
rq,-57.67162583765091,12.328374162349096,1000
rb,-33.655071732321105,57.344928267678895,1000
ut,-25.21796799261038,86.78203200738962,1000
my,-3.8918967141662475,0.1081032858337524,1000
