at,-91.51483831875024,58.485161681249764,100
aa,-20.929248111448544,12.070751888551456,100
ib,-32.47930691644583,27.52069308355417,100
rk,-22.433646642807336,4.566353357192662,100
lh,-6.408158770458471,47.59184122954153,100
tb,-55.78299520930019,21.217004790699807,100
da,-1.8510432113436868,67.1489567886563,100
le,-55.280029224656204,24.719970775343793,100
gr,-32.64789513434399,56.35210486565601,100
nn,-59.34813529159877,5.651864708401225,100
de,-42.35166496135959,10.648335038640411,100
ld,-91.95493054989448,50.045069450105515,100
kf,-43.99427838275283,27.00572161724717,100
sr,-15.489858674499427,22.510141325500573,100
td,-17.885615334993254,19.114384665006746,100
dv,-80.20835972904347,79.79164027095653,100
ou,-0.22600302754785107,68.77399697245215,100
bw,-73.67608837529582,43.323911624704174,100
uo,-51.60239979267048,72.39760020732952,100
vw,-19.365783425360004,4.634216574639996,100
sc,-80.66980359009703,92.33019640990297,100
yv,-30.31370140279898,83.68629859720102,100
oq,-11.884587402532086,80.11541259746791,100
ad,-55.56688245638242,75.43311754361757,100
mg,-88.1786093162267,35.82139068377331,100
hd,-2.432982189780655,6.567017810219345,100
bp,-59.90983424578044,68.09016575421956,100
gv,-3.057910368155663,38.94208963184434,100
zy,-13.682200014332237,66.31779998566776,100
oe,-96.15571709611595,58.84428290388405,100
jt,-25.571754146243283,94.42824585375672,100
wl,-67.04721002525895,22.952789974741048,100
zv,-51.80287046985983,42.19712953014017,100
ph,-42.196286755276155,14.803713244723845,100
fy,-20.311453888426524,10.688546111573476,100
pw,-93.15243571393981,73.84756428606019,100
tu,-94.7434266939385,42.256573306061505,100
is,-28.99645126745455,35.003548732545454,100
vn,-4.549096477615939,0.4509035223840604,100
so,-72.31112276062558,83.68887723937442,100
ho,-83.13135663451465,36.86864336548535,100
zm,-41.11832846559594,75.88167153440406,100
tw,-68.94111220475087,50.058887795249134,100
dy,-96.98002770320537,92.01997229679463,100
tc,-75.58324152686419,61.416758473135815,100
qy,-2.0185616290877855,62.981438370912215,100
zq,-13.318815410908252,93.68118458909174,100
fo,-26.31542000305372,92.68457999694628,100
vk,-33.819177870850126,63.180822129149874,100
ua,-33.25542851478872,76.74457148521128,100
mn,-93.65016503723483,46.34983496276518,100
ph,-41.1062694829079,94.89373051709211,100
oi,-72.14160648057624,2.858393519423756,100
ih,-40.00441046252329,68.99558953747672,100
ks,-61.70741967852748,66.29258032147253,100
qe,-40.26279941629243,10.73720058370757,100
tr,-22.61593043278779,62.38406956721221,100
nr,-19.498298248388142,52.50170175161186,100
yq,-23.681944101730036,28.318055898269964,100
pb,-81.38698176257068,77.61301823742932,100
qm,-85.12792686916787,90.87207313083213,100
mb,-24.33297619188142,14.667023808118579,100
eu,-87.36374580360221,91.63625419639779,100
xq,-31.372636626124677,90.62736337387533,100
bs,-25.470429738930626,79.52957026106938,100
qr,-77.34480199090704,22.65519800909296,100
yy,-23.927938828958954,7.072061171041045,100
em,-49.19901876188566,67.80098123811433,100
zf,-13.534932980695043,73.46506701930495,100
cg,-72.15924622642632,46.84075377357369,100
sm,-42.8711215253457,81.1288784746543,100
wt,-59.878219150740065,56.121780849259935,100
ze,-71.5594587891446,97.4405412108554,100
fc,-84.41943311110504,59.580566888894964,100
ad,-96.1042296792628,59.8957703207372,100
nc,-19.65853229332004,41.341467706679964,100
dx,-90.08109666594484,19.918903334055152,100
qw,-14.882732242575717,29.117267757424283,100
ck,-28.517183370127547,79.48281662987246,100
wh,-26.03606462121311,7.96393537878689,100
ju,-37.32808675842731,75.6719132415727,100
iz,-32.15654985211412,27.843450147885882,100
vl,-26.641814895947633,26.358185104052367,100
zq,-28.065314880864538,67.93468511913547,100
kr,-19.526259254263266,34.473740745736734,100
nu,-83.10218542882643,14.897814571173562,100
ku,-0.3530506551658801,22.64694934483412,100
bl,-60.522725382012155,68.47727461798785,100
yz,-11.115142320023155,51.88485767997685,100
ar,-57.20624652648306,9.793753473516936,100
db,-56.69493797188942,89.30506202811057,100
vi,-85.3988488485953,60.6011511514047,100
lv,-35.8263165851679,82.1736834148321,100
vq,-48.05757617654809,66.94242382345192,100
fb,-94.49772033595677,18.502279664043236,100
zh,-75.76461686480678,31.235383135193214,100
fi,-4.973186446302484,23.026813553697515,100
zn,-25.654292187496008,29.345707812503992,100
rl,-20.451432337480615,6.548567662519386,100
vk,-18.703539295560745,35.296460704439255,100
ck,-41.33764591165629,46.66235408834371,100
bl,-41.590131475887524,52.409868524112476,100
yb,-42.05114470507011,13.948855294929894,100
mw,-28.546844802898207,40.45315519710179,100
sn,-39.021460980889096,36.978539019110904,100
xl,-59.24379784327944,75.75620215672056,100
ul,-66.44021894769566,52.559781052304345,100
qt,-52.32559501759924,38.67440498240076,100
mn,-54.648128676707124,42.351871323292876,100
tq,-86.08032141612597,47.91967858387403,100
cq,-62.404740617216284,87.59525938278372,100
kl,-96.71803663389548,83.28196336610452,100
mh,-20.894424981169696,29.105575018830304,100
iv,-51.720178859514824,1.279821140485176,100
ub,-91.45549452037481,89.54450547962519,100
ag,-48.75623922618381,84.24376077381619,100
xd,-85.96803894819355,10.031961051806451,100
tp,-52.16684800731667,24.833151992683327,100
pa,-21.198594968547862,24.801405031452138,100
rc,-95.73248064889752,53.267519351102486,100
mb,-72.43692363072084,86.56307636927916,100
kt,-11.28510797916331,42.714892020836686,100
xo,-14.544180068134517,44.455819931865484,100
fh,-11.41947088948979,27.58052911051021,100
es,-6.595603441787035,66.40439655821297,100
xf,-83.83118870191339,48.16881129808662,100
bo,-21.962821855384835,53.03717814461516,100
mg,-86.59710335815919,93.40289664184081,100
kk,-81.09159052147304,15.908409478526966,100
ki,-4.521469051295394,18.478530948704606,100
my,-86.24781646699101,6.752183533008992,100
us,-59.53128677109568,22.468713228904324,100
us,-63.378172668312956,84.62182733168704,100
eh,-28.692125739973378,59.30787426002662,100
gt,-22.324718656630356,42.67528134336965,100
ua,-8.257915059898101,11.742084940101899,100
jd,-57.18390109071723,53.81609890928277,100
nw,-14.535835128958526,37.464164871041476,100
jg,-9.392749023389293,79.60725097661071,100
mj,-33.48466734790296,76.51533265209704,100
xv,-65.27015251769141,23.729847482308585,100
fm,-35.332865490186066,97.66713450981393,100
qw,-47.238237261844255,92.76176273815574,100
ml,-21.204271731433828,39.79572826856617,100
lt,-82.4327546453639,98.5672453546361,100
cf,-52.6896164683423,89.31038353165769,100
rq,-59.430712139242125,62.569287860757875,100
wp,-70.29279153080266,59.70720846919734,100
de,-86.78300567730979,98.21699432269021,100
yj,-88.93210664715876,98.06789335284124,100
md,-34.29402959257669,56.70597040742331,100
tq,-66.51397988614738,27.486020113852614,100
dr,-38.732577725161896,70.26742227483811,100
ft,-38.16363931193267,95.83636068806733,100
ze,-92.32906054808956,20.670939451910442,100
di,-87.70926203997678,55.290737960023215,100
tf,-74.97550560090338,82.02449439909662,100
yz,-18.707692147501056,88.29230785249894,100
np,-79.65044150579044,69.34955849420956,100
ir,-87.91985932148015,14.080140678519859,100
ja,-21.308789036126512,94.69121096387349,100
ra,-21.851591379322535,67.14840862067747,100
js,-4.967349345435854,98.03265065456415,100
zf,-37.1631035931834,72.83689640681659,100
fh,-71.4014664150947,5.598533584905302,100
ev,-21.62174841557679,49.37825158442321,100
cs,-79.62556650613911,88.37443349386089,100
rf,-62.429432494740546,73.57056750525946,100
bs,-19.152096787144146,23.847903212855854,100
yx,-4.002673843494124,66.99732615650588,100
zr,-68.44589150415109,29.55410849584891,100
aq,-92.32759394546237,82.67240605453763,100
jb,-48.76164433213405,10.23835566786595,100
no,-88.57526789726442,25.424732102735575,100
na,-29.362741806642177,90.63725819335782,100
kc,-92.88750467763684,85.11249532236316,100
hu,-16.49310850666732,10.50689149333268,100
pm,-5.943767702346516,34.05623229765349,100
do,-3.047270499943821,26.95272950005618,100
nb,-21.400177782880466,15.599822217119536,100
oh,-31.545264950436206,36.454735049563794,100
wz,-49.70125524766878,65.29874475233122,100
ae,-68.39128779024207,33.608712209757925,100
ic,-62.19045269832505,25.80954730167495,100
ji,-83.17808272635422,2.8219172736457763,100
wi,-35.119145158615,48.880854841385,100
xz,-7.60658892712093,65.39341107287908,100
sk,-5.680157179291339,58.31984282070866,100
xi,-36.31220476862079,43.68779523137921,100
wu,-76.69581073736407,48.30418926263592,100
wr,-72.63545691395963,98.36454308604037,100
xa,-36.99624093987159,27.003759060128413,100
gg,-22.514963942955184,10.485036057044816,100
yg,-74.92306069951583,3.0769393004841734,100
mg,-59.954358822491315,63.045641177508685,100
hf,-95.05992454148324,62.94007545851676,100
us,-51.80892710329514,75.19107289670485,100
xz,-67.84180403809397,40.15819596190603,100
qv,-33.242161110657975,20.757838889342025,100
ze,-67.75334846087078,58.24665153912922,100
un,-15.32053522894776,33.67946477105224,100
mu,-40.17278405590834,79.82721594409166,100
xm,-51.18367730485952,98.81632269514047,100
qr,-77.00363082776035,7.996369172239652,100
vx,-90.6151329860187,59.38486701398131,100
up,-14.88611709766271,76.1138829023373,100
zj,-36.70811638488255,63.29188361511745,100
uf,-87.02575015722233,48.97424984277767,100
uh,-27.67299117036752,86.32700882963248,100
ya,0.7337331816368294,97.73373318163684,100
ag,-54.788872851959,40.211127148041,100
le,-68.54912440391172,24.450875596088288,100
nz,-8.048253625654558,51.95174637434544,100
sk,-72.93158360572599,39.06841639427402,100
jz,-45.75004466746245,95.24995533253755,100
ap,-11.492601008369032,82.50739899163096,100
sx,-59.63145574864531,19.36854425135469,100
hz,-84.3615778617374,52.63842213826259,100
qz,-7.578651777213579,94.42134822278642,100
po,-74.05587912253706,37.94412087746294,100
cn,-71.68023938571925,62.31976061428075,100
nk,-46.58066124269613,92.41933875730386,100
me,-39.72752012354247,81.27247987645752,100
mf,-97.68759837715128,57.31240162284872,100
fa,-38.72494411983573,66.27505588016426,100
js,-87.93275625833161,93.06724374166839,100
gu,-63.109685117100746,55.890314882899254,100
fx,-61.47555528782772,78.52444471217228,100
gh,-19.43586943632679,95.5641305636732,100
nf,-61.63328687661549,18.36671312338451,100
ou,-76.32676107839141,71.67323892160859,100
qo,-15.215703487505884,20.784296512494116,100
vh,-88.40535975770315,63.59464024229685,100
nh,-74.7717854246661,45.2282145753339,100
mq,-60.59974317200062,13.400256827999376,100
vp,-59.726831736247185,32.273168263752815,100
rl,-71.77436380992673,93.22563619007327,100
vd,-87.45591905568872,50.54408094431127,100
zb,-29.48606306201733,50.51393693798267,100
oy,-6.344131872455321,69.65586812754468,100
on,-67.85962897114639,81.14037102885361,100
pk,-71.93208908279024,77.06791091720976,100
sp,-27.339817262619,49.660182737381,100
ik,-80.31435033554301,20.685649664456992,100
fe,-86.27382589662719,93.72617410337281,100
vz,-97.10902854442614,22.890971455573865,100
zu,-83.95099463525919,33.049005364740815,100
xo,-29.050714016854,88.949285983146,100
zt,-52.321325554230896,9.678674445769106,100
af,-55.90877600269814,86.09122399730185,100
dp,-25.569828768079205,84.4301712319208,100
la,-39.164459845381735,44.835540154618265,100
ir,-14.360557130788132,14.639442869211868,100
pd,-69.74095490409917,64.25904509590083,100
oz,-59.79270145545838,6.207298544541622,100
eu,-66.92226695305426,93.07773304694574,100
pv,-17.579579834621462,41.42042016537854,100
ao,-55.66696046721381,7.3330395327861915,100
nr,-90.9886328863752,45.01136711362479,100
ui,-84.58374527613681,27.416254723863197,100
re,-13.803098986618382,42.19690101338162,100
ij,-63.22778434447761,0.7722156555223855,100
xb,-45.16557575412285,13.834424245877148,100
xh,-44.92409828711633,0.07590171288367187,100
xl,-77.44927636770267,71.55072363229733,100
rc,-28.477856545988956,96.52214345401104,100
qh,-26.62560723725755,96.37439276274245,100
eo,-66.38471649879152,74.61528350120848,100
xx,-29.519195291752695,78.4808047082473,100
bo,-62.48090086282655,37.51909913717345,100
wh,-26.203505851543103,8.796494148456896,100
kz,-6.510903575169044,5.489096424830956,100
to,-34.27623056735377,82.72376943264622,100
fc,-56.05666964397204,72.94333035602796,100
ad,-50.595755723869615,56.404244276130385,100
bc,-72.75916546147333,19.240834538526666,100
uq,-2.4368984594499326,21.56310154055007,100
sx,-11.61150303487458,83.38849696512541,100
ap,-74.09900861827806,15.900991381721933,100
we,-12.293684826327683,69.70631517367232,100
sn,-70.78159091399108,86.21840908600892,100
vm,-83.6276744529746,22.372325547025394,100
fa,-95.76642028652755,69.23357971347245,100
bo,-39.27806020251368,48.72193979748632,100
pi,-20.043298655054176,55.95670134494583,100
zd,-85.81919335992335,73.18080664007665,100
xv,-81.01908083641429,68.98091916358571,100
ck,-12.415694311458317,97.58430568854168,100
lm,-30.88526137899001,11.114738621009991,100
od,-25.00056807661153,54.99943192338847,100
id,-25.42667052057918,48.57332947942082,100
di,-27.204069907473666,45.79593009252633,100
os,-91.5379110389824,32.46208896101759,100
zq,-9.86175840103162,9.13824159896838,100
ai,-40.544903148230716,98.45509685176928,100
wx,-20.410683554366294,82.58931644563371,100
ff,-88.97830792261219,93.02169207738781,100
js,-12.19618098359012,12.80381901640988,100
yl,-19.320284277413478,97.67971572258652,100
so,-66.3379037821461,24.662096217853897,100
hv,-76.23734223132884,94.76265776867116,100
sp,0.7411113227448569,4.741111322744857,100
hr,-79.65199003767212,62.34800996232788,100
pw,-50.975843557554626,96.02415644244537,100
iw,-95.62605197206777,39.37394802793223,100
an,-88.92793736523515,12.072062634764853,100
sr,-73.9881549389869,66.0118450610131,100
xd,-30.30698605763235,73.69301394236766,100
xb,-33.26510856592288,18.734891434077117,100
wo,-27.469536288296148,20.530463711703852,100
ii,-5.018898953540908,83.98110104645909,100
de,-71.84528585240032,94.15471414759968,100
hn,-64.21908593657668,64.78091406342332,100
ba,-29.166502384273045,77.83349761572696,100
pt,-59.360719792322435,18.639280207677565,100
jb,-53.23238972053198,78.76761027946802,100
sg,-54.59769984337507,71.40230015662493,100
vp,-59.9055414752265,48.0944585247735,100
kd,-12.148795222778286,42.85120477722172,100
lx,-16.929405377193135,63.070594622806865,100
ve,-88.19335886582917,84.80664113417083,100
zp,-59.72368198356911,31.276318016430892,100
rq,-42.786033371962795,48.213966628037205,100
ce,-23.44862965651601,35.55137034348399,100
uz,-67.88220842392008,70.11779157607992,100
ma,-64.83857476004968,80.16142523995032,100
fn,-55.4554391853299,74.54456081467009,100
ts,-91.69148841966842,57.30851158033158,100
iv,-76.1820584298936,91.8179415701064,100
hh,-65.54954589543257,31.450454104567427,100
ud,-26.223124881522235,21.776875118477765,100
qk,-80.70852804008445,2.2914719599155617,100
wi,-9.143738233260164,47.856261766739834,100
ps,-89.72241887523165,58.27758112476834,100
xi,-88.70423773384935,84.29576226615065,100
fu,-14.44696396273646,74.55303603726354,100
dn,-54.752023795551246,85.24797620444875,100
mk,-91.92403482403152,19.07596517596847,100
pk,-27.332159198839612,37.66784080116039,100
oi,-39.84207673656179,81.1579232634382,100
kw,-79.63892981303802,19.36107018696198,100
cs,-76.35848801170563,26.641511988294376,100
rw,-97.65154187156998,15.348458128430028,100
jh,-31.601858753494543,52.39814124650545,100
os,-86.1578684692001,14.842131530799906,100
kn,-96.5163257430965,40.48367425690349,100
te,-55.403948526079006,15.596051473920994,100
jx,0.40991432655310045,16.4099143265531,100
xm,-11.404900727617607,44.59509927238239,100
pj,-45.227957206889904,31.772042793110096,100
rb,-64.61521086174479,38.38478913825521,100
lx,-27.56519584339835,28.43480415660165,100
fz,-82.32848634902689,97.67151365097311,100
re,-85.4334578685276,23.5665421314724,100
ux,-14.712968729575781,20.28703127042422,100
hq,-39.241048736650015,63.758951263349985,100
oc,-1.3508699224278962,26.649130077572103,100
pq,-69.85059703834709,23.149402961652907,100
km,-29.660910087249416,96.33908991275058,100
nj,-16.995550740964745,89.00444925903525,100
xf,-46.88680874482677,85.11319125517323,100
mh,-30.80085933174528,74.19914066825473,100
za,-14.78184538564827,23.218154614351732,100
he,-79.86627525264201,40.13372474735798,100
uf,-44.91880511131099,43.08119488868901,100
ft,-82.3689650346827,11.631034965317303,100
lu,-86.52217036623809,67.47782963376191,100
uz,-78.77176557891141,12.228234421088592,100
rp,-36.12006749379146,23.879932506208544,100
cv,-26.063913826004768,17.936086173995232,100
kz,-6.967134480422679,68.03286551957733,100
ra,-81.88909300333178,87.11090699666822,100
wm,-36.142881690344566,37.857118309655434,100
zm,-46.82544510595602,77.17455489404398,100
kw,-33.32530022240327,4.674699777596727,100
vt,-58.16957316772146,17.83042683227854,100
mo,-33.60489691234238,38.39510308765762,100
dd,-70.31599044564858,68.68400955435142,100
an,-56.94281060685336,2.0571893931466425,100
dc,-24.964368427860517,32.03563157213948,100
sg,-9.156550419891701,14.843449580108299,100
yu,-32.857290803033095,93.1427091969669,100
is,-59.86173583653956,18.13826416346044,100
ts,-28.537513450370476,82.46248654962953,100
gm,-33.058805389761915,56.941194610238085,100
vq,-41.88674431208357,73.11325568791642,100
zy,-43.55056882259682,36.44943117740318,100
fz,-56.033684505635705,57.966315494364295,100
py,-11.618044408295294,21.381955591704706,100
ma,-96.93561387936552,2.064386120634485,100
fe,-77.32462970128861,70.67537029871139,100
kr,-55.85071527160719,7.14928472839281,100
yn,-20.58920152620832,51.41079847379168,100
de,-88.34027063243806,88.65972936756194,100
lz,-2.064641019650659,97.93535898034933,100
io,-35.88938596163449,87.11061403836551,100
rt,-71.35294865133689,10.647051348663107,100
df,-43.076456145466885,38.923543854533115,100
wv,-90.60145486321984,59.39854513678016,100
oq,-72.67492330261243,41.32507669738757,100
og,-64.1330386895562,66.8669613104438,100
le,-21.85365829994267,75.14634170005733,100
lq,-36.80104338940594,2.1989566105940583,100
hu,-13.093589086392667,17.90641091360733,100
po,-83.34639661459059,57.653603385409404,100
nn,-36.84193941055942,1.1580605894405818,100
mr,-38.977931670597215,31.022068329402785,100
gr,-11.806131599201628,35.19386840079837,100
dr,-3.428816476888463,98.57118352311154,100
xy,-92.3738327807997,18.626167219200294,100
ap,-6.384530542820009,78.61546945718,100
ot,-91.9228646497208,90.0771353502792,100
jx,-33.83199551607999,30.168004483920004,100
nj,-39.599049006291025,31.400950993708978,100
wp,-33.43676532624199,64.563234673758,100
sx,-36.59485106836224,61.40514893163776,100
hy,-76.32433695567163,27.675663044328378,100
fo,-60.70290419614388,48.29709580385612,100
no,-19.430580530076824,14.569419469923176,100
sp,-14.165981069966485,52.834018930033515,100
vk,-37.096752313941934,69.90324768605807,100
uz,-29.351012752246064,78.64898724775394,100
cb,-43.70814642132302,6.2918535786769745,100
yu,-46.31287709183074,39.68712290816926,100
xq,-92.6765635599955,38.3234364400045,100
zk,-55.88578828821366,76.11421171178634,100
ia,-61.393315269411566,29.606684730588434,100
zc,-58.48040958551092,35.51959041448908,100
qy,-8.831377749349473,73.16862225065053,100
sn,-12.121176165525396,91.8788238344746,100
rz,-88.53885862794392,8.461141372056082,100
ii,-66.92264295327492,28.077357046725083,100
wr,-94.72147860505042,59.27852139494958,100
lp,-25.072663084689836,11.927336915310162,100
yi,-45.7010965006421,25.298903499357895,100
km,-42.788207528000406,49.211792471999594,100
ch,-89.71544930515726,28.28455069484273,100
sb,-78.80938436196185,36.19061563803815,100
nl,-83.12839181908464,6.871608180915359,100
kv,-78.66668377613539,11.333316223864609,100
eg,-76.25242651609217,42.74757348390783,100
qz,-27.776515598090505,16.223484401909495,100
bn,-31.440087882122153,54.55991211787784,100
bz,-54.83571587568404,32.16428412431596,100
wg,-36.94529787909564,48.05470212090436,100
ua,-69.62858940654063,81.37141059345937,100
sy,-26.60163947461463,7.398360525385369,100
ax,-28.842103390926837,36.15789660907316,100
pe,-43.23361153406803,94.76638846593197,100
pj,-34.47351677976195,41.52648322023805,100
mz,-47.27386962116611,66.72613037883389,100
qx,-82.06392445080975,86.93607554919025,100
cl,-16.823071194980763,94.17692880501924,100
wj,-74.06665248809679,66.93334751190321,100
hy,-75.87795744050183,96.12204255949817,100
gq,-52.383026928053255,25.616973071946745,100
lo,-75.78851816527698,1.2114818347230223,100
mr,-5.813981415898148,12.186018584101852,100
yk,-82.97017091309424,53.02982908690577,100
mt,-51.018455952848285,72.98154404715171,100
oc,-75.40781728416174,31.592182715838266,100
mt,-67.48727762141075,18.51272237858925,100
xg,-67.17344407023757,62.826555929762435,100
cf,-37.92499331572379,87.07500668427622,100
oq,-21.82354123591147,48.17645876408853,100
sa,-86.8717896104085,60.1282103895915,100
uw,-47.2288914615281,67.77110853847189,100
jc,-68.39459037473631,78.60540962526369,100
sm,-94.50272165468739,17.49727834531261,100
cj,-75.30523008631951,82.69476991368049,100
ex,-75.50092347049407,64.49907652950593,100
nx,-36.85915319002882,27.140846809971176,100
fn,-3.0936597565520927,7.906340243447907,100
of,-23.76447230535192,93.23552769464808,100
eu,-6.2383765102079005,22.7616234897921,100
uq,-38.78892009974331,2.2110799002566925,100
vu,-36.11958428369634,35.88041571630366,100
jj,-94.62906483553935,24.370935164460644,100
rf,-15.460581218556019,55.53941878144398,100
it,-22.817246741496852,9.182753258503148,100
sb,-46.610271365093595,84.3897286349064,100
nw,-12.196652398357998,7.803347601642002,100
iv,-84.73856428191836,30.26143571808165,100
pk,-68.60809556526169,93.39190443473831,100
ss,-5.885047374746764,6.114952625253236,100
yo,-63.13774954502148,82.86225045497852,100
zy,-34.098730905028795,65.9012690949712,100
jo,-26.33864543982613,68.66135456017388,100
rl,-18.304295512284185,60.695704487715815,100
oz,-89.86507697973649,85.13492302026351,100
uc,-21.318927184243105,0.6810728157568965,100
ls,-28.295254953120885,95.70474504687911,100
xw,-24.787764434047254,95.21223556595275,100
we,-73.55943495890885,41.44056504109114,100
tp,-52.51027072958108,6.489729270418917,100
xi,-26.885925957093185,26.114074042906815,100
kj,-87.11590406560445,78.88409593439555,100
de,-50.914608111454555,39.085391888545445,100
sp,-93.07060678133534,84.92939321866466,100
pj,-24.569947901589092,46.430052098410904,100
pq,-71.33162285777728,66.66837714222272,100
im,-70.14463745706252,55.85536254293749,100
co,-28.215886231327154,56.784113768672846,100
oc,-58.588561487203634,38.411438512796366,100
io,-25.73993106803301,68.260068931967,100
yg,-75.12678212154661,62.87321787845338,100
ny,-82.0513880893667,52.94861191063331,100
qu,-3.639927865220324,57.36007213477968,100
yv,-80.46224093021723,12.53775906978276,100
gi,-48.88493792431753,70.11506207568246,100
dv,-33.326008238872504,29.6739917611275,100
tj,-71.16475279624512,51.835247203754875,100
rg,-61.70648514452386,9.293514855476138,100
gs,-18.528490896555063,87.47150910344493,100
vq,-96.65605707132501,3.3439429286749887,100
el,-86.31820234270451,84.68179765729549,100
ic,-76.75346064911294,9.246539350887069,100
tq,-76.51900144855732,23.48099855144268,100
cw,-77.24479269786,48.75520730213999,100
jr,-76.650683862722,1.3493161372779898,100
op,-96.13306581616018,37.866934183839824,100
el,-35.09254602403529,95.9074539759647,100
qu,-25.5086005775928,85.4913994224072,100
ac,-40.53536554549582,19.464634454504182,100
qb,-74.36638638067703,68.63361361932297,100
nq,-14.622434134371593,65.37756586562841,100
vo,-29.95248522401074,20.04751477598926,100
ek,-86.90627068250272,10.093729317497278,100
hs,-39.98027142301026,2.019728576989745,100
bi,-41.44074826309885,87.55925173690115,100
cy,-57.17124687764121,91.82875312235879,100
ew,-52.19493108626435,7.805068913735654,100
hh,-83.56096734773993,73.43903265226007,100
jy,-46.89434338833162,97.10565661166838,100
gs,-43.32009689835519,88.67990310164481,100
dj,-8.132657449706329,92.86734255029367,100
tn,-71.63224387791037,98.36775612208963,100
hv,-80.43581790018264,51.56418209981736,100
kh,-2.6185952998862274,46.38140470011377,100
yw,-48.09582419912754,42.90417580087246,100
zn,-74.17436690993138,59.825633090068614,100
nb,-43.45494285129301,33.54505714870699,100
dn,-57.11450923236968,2.885490767630325,100
df,-31.068550127177254,84.93144987282274,100
gf,-48.40731941418321,37.59268058581679,100
xb,-46.37463292930759,12.625367070692413,100
tj,-26.768708017543194,13.231291982456808,100
ea,-51.70729845206252,92.29270154793748,100
va,-60.11410414381606,89.88589585618395,100
mj,-48.030918433306574,95.96908156669342,100
iz,-4.5827163817635705,30.41728361823643,100
ne,0.48403619632964245,38.48403619632964,100
wm,-53.624896105410514,82.37510389458949,100
xs,-3.3283128731414373,1.6716871268585627,100
id,-18.76272308624734,12.237276913752659,100
ov,-11.952504344805313,1.0474956551946866,100
ul,-39.72960570489538,48.27039429510462,100
wz,-57.05240382125362,54.94759617874638,100
rg,-8.934562197362991,0.06543780263700782,100
ux,-21.202194703897057,13.797805296102942,100
su,-26.47172170434204,74.52827829565796,100
gt,-74.09104175010503,78.90895824989497,100
dx,-20.4088487073569,29.5911512926431,100
dw,-2.3738004743113414,42.626199525688655,100
fo,-71.4570330723465,20.542966927653495,100
mc,-27.41549602653658,3.5845039734634185,100
jz,-77.60351027386135,39.396489726138654,100
fz,-12.736022199116636,98.26397780088337,100
gq,-1.3195662895870552,5.680433710412945,100
pp,-94.71037752325111,91.28962247674889,100
mo,-90.26188180049729,57.738118199502715,100
jw,-37.223948429908276,66.77605157009172,100
gr,-61.473644571231084,38.526355428768916,100
hd,-49.58016522181386,64.41983477818614,100
tt,-1.8491065675238814,26.150893432476117,100
ir,-29.824642676506944,5.175357323493057,100
kf,-69.74182206883141,17.258177931168586,100
ul,-16.752662177788718,37.24733782221128,100
tg,-66.44896028062487,79.55103971937513,100
kb,-43.20503674641791,23.79496325358209,100
fi,-78.44726667275393,42.552733327246074,100
ny,-84.62734503663152,63.372654963368475,100
gw,-21.73381972622824,46.26618027377176,100
fo,-8.964089681991943,92.03591031800805,100
vo,-53.99966570613475,83.00033429386525,100
hs,-85.55964068200244,0.44035931799755923,100
lo,-95.11016158737722,75.88983841262278,100
fg,-1.008671488530077,9.991328511469924,100
hg,-69.4347112830954,22.5652887169046,100
uk,-26.151873583794103,67.8481264162059,100
cz,-68.13972329023674,63.86027670976326,100
nf,-21.783195479953815,28.216804520046185,100
xp,-16.235121717672556,72.76487828232744,100
hx,-71.12280293993211,43.87719706006789,100
wg,-80.81986022364131,17.180139776358683,100
wn,-42.02865419633313,70.97134580366686,100
cq,-6.530792249651014,74.46920775034899,100
ld,-4.892829472644461,87.10717052735554,100
pb,-82.58866378150323,69.41133621849677,100
lq,-75.54152824840982,7.458471751590185,100
vz,-69.47630798431005,19.52369201568994,100
dy,-54.70422274227212,3.2957772577278774,100
co,-72.19807056461987,92.80192943538013,100
ex,-57.27622539841526,87.72377460158474,100
ny,-85.4221282829977,75.5778717170023,100
lc,-94.0706993085678,73.9293006914322,100
ma,-4.372557874615339,79.62744212538466,100
yl,-4.974522520617227,3.025477479382773,100
zx,-2.6257984001493897,83.37420159985061,100
rz,-95.27344487703819,63.726555122961805,100
se,-96.76337414949649,96.23662585050351,100
az,-88.72481447553729,64.27518552446271,100
te,-6.826820270518416,30.173179729481582,100
zb,-72.87745623619298,59.12254376380701,100
eo,-90.81394543016356,88.18605456983644,100
mt,-76.02264451825751,68.97735548174249,100
ys,-62.78096754260271,51.21903245739729,100
ji,-46.458727118601225,35.541272881398775,100
vm,-16.056743964919313,72.94325603508068,100
ln,-94.89528822617984,28.10471177382016,100
fy,-10.223728257268197,44.7762717427318,100
yq,-97.21545581321242,25.784544186787592,100
eu,-39.723355916853464,7.276644083146536,100
cb,-24.60102295264063,92.39897704735937,100
hh,-29.619232708836144,37.380767291163856,100
uh,-3.9259185399715957,33.0740814600284,100
jx,-30.47552264678366,93.52447735321634,100
lj,-68.60183200077778,97.39816799922222,100
xl,-84.91355845592732,34.086441544072684,100
pt,-46.10794871799562,70.89205128200437,100
mk,-71.45754217837055,45.54245782162945,100
yw,-29.854021729496093,77.1459782705039,100
oa,-8.382076546048506,82.61792345395149,100
hg,-8.987749477689864,81.01225052231014,100
gy,-89.54141908935604,95.45858091064396,100
bf,-72.22591312364483,76.77408687635517,100
tg,-89.01683937915551,42.98316062084449,100
ly,-71.71913784580394,79.28086215419606,100
bq,-28.26718974119666,23.73281025880334,100
rn,-8.491238647222684,73.50876135277731,100
gw,-60.500738515258305,46.499261484741695,100
gb,-70.39619192905997,13.60380807094003,100
kp,-76.50147965897052,41.498520341029476,100
qt,-30.63549689630853,90.36450310369148,100
tt,-15.062409678548558,75.93759032145144,100
ob,-37.14946624226883,8.85053375773117,100
xn,-38.268366294015294,7.7316337059847084,100
im,-55.795256098891834,9.204743901108168,100
rz,-39.45274738963575,97.54725261036424,100
bb,-45.401929389105234,79.59807061089477,100
al,-75.79030853210216,79.20969146789784,100
lk,-13.312919470125841,12.687080529874159,100
aw,-71.99094829632504,80.00905170367496,100
tg,-67.41643059275641,12.583569407243589,100
ym,-92.24671095074082,49.75328904925919,100
pa,-26.368507831107838,45.631492168892166,100
wz,-13.103591145332087,25.89640885466791,100
zp,-20.855183968478933,93.14481603152106,100
qv,-82.21040380799003,98.78959619200997,100
as,-66.38715398977963,21.61284601022037,100
jl,-14.472679431120413,42.52732056887959,100
qm,-97.49845877187545,32.50154122812456,100
zz,-58.802529198939084,71.19747080106092,100
jl,-23.67736176055388,39.32263823944612,100
lp,-44.69760179141529,95.3023982085847,100
nz,-68.97363704196735,69.02636295803265,100
lg,-2.501666519523021,19.49833348047698,100
kr,-42.34177460830217,90.65822539169783,100
tb,-65.89214150196094,1.1078584980390644,100
xy,-56.730829564837286,6.269170435162713,100
jg,-47.736000012092006,21.263999987907997,100
fw,-37.37225125467645,86.62774874532354,100
ld,-22.83705685568342,58.16294314431658,100
lx,-27.836547262496047,34.16345273750395,100
dq,-20.204194587264343,47.79580541273565,100
tr,-31.84407468171905,48.15592531828095,100
en,-69.95835334753795,22.041646652462045,100
ht,-50.59776970973912,49.40223029026088,100
xy,-94.1643452830717,3.8356547169282997,100
si,-61.373631906314806,76.62636809368519,100
cl,-7.13281717842102,11.86718282157898,100
ou,-14.246547408110695,15.753452591889305,100
wx,-21.500593436675643,34.49940656332436,100
uu,-76.55980964922497,66.44019035077503,100
vu,-26.38946050275397,63.61053949724603,100
gh,-63.32752107909,85.67247892091001,100
lq,-21.56510828926032,88.43489171073968,100
oc,-5.921838557961305,43.0781614420387,100
ll,-23.385023336668084,91.61497666333192,100
nj,-5.031948373713007,20.968051626286993,100
dc,-20.322340578723722,4.677659421276279,100
lq,-96.6704849090817,15.329515090918312,100
yp,-71.30512380214282,11.69487619785718,100
qo,-88.77073395400488,94.22926604599512,100
na,-27.24958504951539,42.75041495048461,100
dz,-35.73803172035086,52.26196827964914,100
dn,-61.941932865697474,75.05806713430253,100
ub,-47.67299130803294,0.32700869196705684,100
gf,-69.79357471782889,5.206425282171108,100
et,-66.4958664507249,74.5041335492751,100
vg,-34.72931469337502,79.27068530662498,100
eg,-19.815127912053644,12.184872087946358,100
fb,-30.821910913174484,82.17808908682552,100
nm,-14.081516819322692,14.918483180677308,100
mm,-47.786893539748974,22.213106460251026,100
ku,-88.84996079470183,6.1500392052981665,100
ki,-94.47334690208064,70.52665309791936,100
wg,-92.40095930763268,44.59904069236732,100
ow,-35.85899507996254,55.14100492003746,100
yg,-78.68006887080823,58.319931129191765,100
ld,-85.43600791822549,86.56399208177451,100
na,-40.20317072298805,42.79682927701195,100
lx,-52.72536003625272,74.27463996374728,100
ix,-6.9424790462729185,27.05752095372708,100
io,-58.220187414172024,80.77981258582797,100
fa,-56.95478099545987,27.04521900454013,100
py,-77.59863613252386,76.40136386747614,100
vj,-50.29106993801497,18.708930061985026,100
qb,-33.07642156612863,72.92357843387137,100
kh,-62.18507259342367,76.81492740657633,100
ox,-76.0751294685669,76.9248705314331,100
pl,-43.32968260359916,80.67031739640085,100
kn,-31.073907736333602,32.9260922636664,100
kq,-49.21850989143927,12.781490108560732,100
vb,-34.70040683761121,33.29959316238879,100
se,-0.9935705278952065,70.0064294721048,100
fh,-92.9425612725065,59.05743872749351,100
yk,-56.06235491486271,79.93764508513729,100
iz,-20.026598747495665,19.973401252504335,100
ra,-0.5651541202756228,1.434845879724377,100
zt,-72.16945903236743,63.83054096763257,100
nf,-86.7262555033833,85.2737444966167,100
xw,-30.1662266319447,16.8337733680553,100
zx,-87.35247086256369,0.6475291374363148,100
lr,-57.764214913954376,8.235785086045624,100
le,-11.04126570441838,49.95873429558162,100
de,-82.38356812192183,55.61643187807818,100
qm,-0.14001424570332355,65.85998575429667,100
zh,-35.47782356400226,1.5221764359977414,100
qa,-16.735084897330196,53.264915102669804,100
az,-62.89352762662149,41.10647237337851,100
px,-22.46434581157777,19.53565418842223,100
qv,-14.892239105304034,43.107760894695964,100
cb,-30.947351298559173,71.05264870144083,100
mb,-81.37339402864224,86.62660597135776,100
ub,-55.23726042484019,70.76273957515981,100
og,-82.99620320225559,36.00379679774441,100
yg,-54.570357139039864,18.429642860960136,100
vn,-82.92204549094413,52.07795450905587,100
pg,-61.621061083424514,41.378938916575486,100
ox,-44.656887284132736,28.343112715867264,100
xl,-65.26268042393559,48.737319576064415,100
si,-49.52785475205753,4.472145247942468,100
fa,-30.850717586226292,76.1492824137737,100
ig,-78.9468170588282,95.0531829411718,100
dg,-78.48526954990983,6.514730450090172,100
ju,-58.06590206978126,17.934097930218744,100
xl,-17.44691500340851,93.5530849965915,100
mt,-54.6447667272367,35.3552332727633,100
hf,-80.73106710742809,6.268932892571915,100
xl,-65.98405525551692,19.015944744483082,100
tl,-57.40033359136314,89.59966640863686,100
po,-95.78206875056037,44.21793124943964,100
bq,-94.29785995156307,42.70214004843693,100
hp,-59.46209393059805,84.53790606940194,100
xa,-33.00126011920452,77.99873988079548,100
an,-27.412510880495383,43.58748911950462,100
ao,-91.5383827197979,81.4616172802021,100
vl,-10.765399610452667,7.234600389547333,100
xg,-61.12603423698676,82.87396576301325,100
sl,-74.4809473079568,9.519052692043198,100
as,-9.68034314176362,28.31965685823638,100
dr,-46.15838543627686,26.84161456372314,100
hc,-84.94291699285435,14.057083007145653,100
gd,-78.64073016467223,6.359269835327768,100
pb,-92.07316992583927,71.92683007416073,100
ka,-30.183649687718713,21.816350312281287,100
lz,-47.28055486264503,22.719445137354967,100
dg,-48.64136154198553,22.358638458014468,100
gy,-33.55839937770694,60.44160062229306,100
ny,-1.86606101008632,35.13393898991368,100
ga,-47.04358887481089,18.956411125189113,100
nn,-68.9522059993359,40.047794000664105,100
ey,-68.64408492816844,92.35591507183156,100
aa,-65.53679628109023,29.463203718909764,100
yz,-42.42876257984448,69.57123742015551,100
fm,-1.2996168221378435,95.70038317786215,100
ey,-93.8747963583673,42.125203641632694,100
ur,-73.03771485800239,49.96228514199761,100
sh,-62.82879122020305,28.171208779796952,100
ln,-56.75859007317632,23.241409926823682,100
sm,-15.160799902598956,42.83920009740104,100
kw,-95.76796496459622,44.23203503540379,100
bg,-87.06334958593428,24.93665041406572,100
yv,-3.374317221018211,28.62568277898179,100
qy,-50.64517254871131,29.35482745128869,100
hb,-37.28034689277246,8.719653107227543,100
gf,-29.04130099487173,33.95869900512827,100
cp,-3.835151246622956,92.16484875337704,100
rn,-58.191798065640995,33.808201934359005,100
io,-44.10329945817521,5.896700541824793,100
br,-17.222125883325553,46.77787411667445,100
yd,0.1875207005366265,0.1875207005366265,100
tg,-17.28765996212133,82.71234003787868,100
wu,-70.66250091887079,41.3374990811292,100
fo,-14.345919367747014,38.654080632252985,100
wg,-86.5165263288041,30.483473671195895,100
po,-9.884383986435058,17.115616013564942,100
ji,-71.52477058473936,15.475229415260648,100
dh,-24.91859531996795,30.08140468003205,100
ph,-24.388704449169282,51.61129555083072,100
gk,-0.6796444481812197,85.32035555181878,100
hj,-33.7366201049585,0.26337989504150217,100
oh,-63.853902851206385,86.14609714879361,100
xr,-53.87423125718684,3.1257687428131566,100
eo,-39.24360980277144,39.75639019722856,100
cu,-27.62983873211333,14.37016126788667,100
jr,-3.5372890970926925,21.462710902907308,100
jx,-75.7021589192269,0.297841080773092,100
ky,-47.76354648430822,66.23645351569178,100
kf,-83.0251936314023,52.97480636859769,100
sa,-23.559063755327465,13.440936244672534,100
rf,-73.89345940194086,77.10654059805914,100
sq,-17.579328024315238,5.420671975684762,100
ry,-66.37727040956172,4.6227295904382855,100
ed,-24.541791033026016,8.458208966973983,100
xx,-42.11737526414503,7.882624735854968,100
vt,-11.134727049717604,70.86527295028239,100
au,-53.05105931371954,97.94894068628047,100
vz,-70.02723832654293,75.97276167345707,100
yp,-93.84944488711879,0.1505551128812067,100
az,-42.73893619152873,66.26106380847126,100
uy,-31.921032445932898,43.078967554067106,100
ux,-20.837396388159476,49.162603611840524,100
fu,-54.548256962227875,61.451743037772125,100
qb,-22.39473309396892,62.605266906031076,100
du,-9.736657004786466,77.26334299521353,100
ez,-3.330314181903924,94.66968581809607,100
dn,-70.91443397011476,73.08556602988524,100
fk,-26.92643982092859,21.07356017907141,100
rc,-76.57728451364115,31.422715486358847,100
bz,-23.52532022000685,52.474679779993146,100
ik,-3.650608131330812,13.349391868669189,100
eh,-91.84275617590659,85.15724382409341,100
ui,-41.526751027591715,18.473248972408285,100
cq,-94.4618410528405,16.538158947159506,100
gn,-61.83246107207857,81.16753892792143,100
ou,-86.70917817481,82.29082182519,100
tv,-2.1116477986594395,56.88835220134056,100
gd,0.9171792801597557,55.91717928015976,100
im,-27.611247533367404,21.388752466632596,100
ha,-8.176908370330146,89.82309162966986,100
se,-63.846643308302,34.153356691698,100
pj,-21.171306344958143,22.828693655041857,100
dr,-18.416767275423933,97.58323272457606,100
gr,-80.02598236215886,25.974017637841143,100
rz,-60.72831389433402,75.27168610566598,100
oi,-81.61770492560566,33.38229507439433,100
fh,-9.75898250933852,29.24101749066148,100
ya,-7.288873430673247,53.71112656932675,100
rk,-58.66809335702913,50.33190664297087,100
kb,-42.44014868283789,61.55985131716211,100
qe,-28.650051293524633,75.34994870647536,100
zn,-27.9181794814957,91.0818205185043,100
qg,-91.42166241310929,73.57833758689071,100
aw,-37.2542940529665,24.7457059470335,100
af,-29.0927165218295,21.9072834781705,100
dm,-42.006791420075245,29.993208579924755,100
pu,-20.082177171064803,87.9178228289352,100
bz,-61.78654343052763,88.21345656947237,100
te,-18.4826662618948,70.5173337381052,100
xf,-96.07828135683884,64.92171864316116,100
up,-87.96551850535246,6.034481494647542,100
pz,-89.91769460062683,67.08230539937317,100
qh,-22.897251041646243,20.102748958353757,100
kg,-20.353908020331048,78.64609197966895,100
bi,-26.130938167014502,9.869061832985496,100
om,-23.396030669661048,48.60396933033895,100
lr,-82.84483109019169,19.15516890980831,100
hy,-75.37047176968517,10.629528230314838,100
nj,-26.969445290459625,32.030554709540375,100
mc,-25.153576785382935,11.846423214617065,100
ts,-11.038470375737013,18.961529624262987,100
eu,-21.717740246281053,72.28225975371895,100
xa,-53.38874012402052,76.61125987597948,100
wj,-87.5678158011766,6.432184198823413,100
jr,-10.872465647924725,73.12753435207527,100
jv,-33.60302728361206,47.39697271638794,100
tz,-12.576565976798905,15.423434023201095,100
lk,-89.42768720378983,59.57231279621017,100
zs,-52.54135740539271,52.45864259460729,100
kn,-26.534985452977015,82.46501454702299,100
ez,-38.56126783151836,56.43873216848164,100
tv,-16.51842704406756,89.48157295593244,100
ej,-57.133947174962444,34.866052825037556,100
ss,-75.55130859371776,31.448691406282233,100
vu,-97.47933586732422,88.52066413267578,100
ne,-34.9403129767203,24.059687023279704,100
jp,-89.8027909712411,55.19720902875891,100
pe,-63.07801481424153,51.92198518575847,100
nw,-60.87088036859356,28.12911963140644,100
cq,-47.71723131841342,12.28276868158658,100
hx,-30.325956617757356,44.674043382242644,100
is,-56.95790754525585,66.04209245474415,100
ci,-10.988338086282814,16.011661913717184,100
yy,-97.97977685787887,64.02022314212113,100
dv,-79.31106669235766,74.68893330764234,100
sd,-68.48054063956594,82.51945936043406,100
oc,-88.2591133119353,66.7408866880647,100
cb,-52.30880329862764,23.691196701372363,100
gq,-40.264827336088594,15.735172663911403,100
oo,-94.71949320868185,54.280506791318146,100
rr,-38.940430886420025,75.05956911357997,100
nu,-77.05260172286162,29.94739827713837,100
ud,-29.582334322783826,83.41766567721618,100
ks,-83.52026520897944,2.479734791020568,100
dj,-4.340791300246204,53.6592086997538,100
vl,-56.78685142745417,77.21314857254583,100
rc,-59.46996008546365,91.53003991453636,100
sl,-66.4065460912721,25.59345390872789,100
fh,-80.2205068715829,6.779493128417096,100
lu,-59.535938454231776,65.46406154576822,100
ix,-26.851655785022416,19.148344214977584,100
qw,-14.277726487055086,74.72227351294491,100
vv,-4.090597895730192,58.90940210426981,100
lp,-6.971190629764672,78.02880937023532,100
oh,-9.784051583151836,74.21594841684816,100
wu,-71.25107261821515,4.748927381784847,100
op,-16.510742817655935,27.489257182344065,100
da,-60.969196387030344,71.03080361296966,100
om,-59.89118773963175,61.10881226036825,100
wo,-61.17363322429176,80.82636677570824,100
zm,-68.26026698795174,90.73973301204826,100
ra,-50.837202580891606,71.1627974191084,100
cw,-16.485618697433104,91.51438130256689,100
st,-8.55808464273768,69.44191535726232,100
uv,-37.095934511594734,60.904065488405266,100
pw,-61.59818825475478,75.40181174524521,100
fk,-9.060357912839413,6.939642087160587,100
ha,-8.962659574873635,47.03734042512637,100
wc,-47.034473500775825,93.96552649922418,100
fa,-1.1968445714064502,2.80315542859355,100
ls,-70.72471470074511,30.27528529925489,100
ta,-51.82893971768917,81.17106028231083,100
kq,-27.052390486007784,28.947609513992216,100
ix,-68.47591657025771,65.52408342974229,100
qb,-11.11979977166956,37.88020022833044,100
cr,-82.33716727368552,5.662832726314472,100
sy,-90.21418915831127,7.785810841688733,100
fl,-82.48679999330491,72.51320000669509,100
kl,-18.30804844250252,8.691951557497479,100
in,-24.884622891379195,74.1153771086208,100
fr,-86.81403463279993,24.18596536720007,100
dr,-1.329381452178812,25.67061854782119,100
yc,-53.284325673016774,42.715674326983226,100
gg,-8.236202747063865,72.76379725293613,100
zb,-21.38853958834607,42.61146041165393,100
zd,-24.881770745192643,2.118229254807355,100
jx,-40.00841485141371,94.99158514858628,100
rm,-24.141046269415337,90.85895373058466,100
pr,-48.2809151242608,25.719084875739203,100
kx,-71.39372042963815,91.60627957036185,100
rl,-9.052099093915821,25.94790090608418,100
nm,-35.183104819779146,40.816895180220854,100
wz,-37.5105295094181,68.4894704905819,100
ca,-59.5544884001118,0.4455115998882011,100
so,-38.16043766098366,44.83956233901634,100
hz,-2.374657292823582,96.62534270717642,100
dk,-21.264878397253234,5.735121602746766,100
ap,-20.23343475781028,77.76656524218971,100
un,-93.18094592686042,3.8190540731395792,100
ch,-53.598152364460525,16.401847635539475,100
if,-84.71059012487947,26.28940987512052,100
wi,-2.0507960863570696,39.94920391364293,100
zy,-78.5311306268473,94.4688693731527,100
vc,-74.70289950413485,53.29710049586516,100
gp,-57.74067195167894,5.25932804832106,100
vz,-10.566221920807466,97.43377807919254,100
qi,-54.56052594093843,77.43947405906157,100
iz,-28.700320999431035,96.29967900056896,100
rm,-71.14422761376522,64.85577238623478,100
sl,-41.054859231011065,67.94514076898894,100
cr,-62.66173627962595,16.33826372037405,100
xb,-64.12086392097908,64.87913607902092,100
rq,-49.91344972349818,9.086550276501814,100
rn,-29.709146977410402,12.290853022589598,100
so,-28.744490431033555,60.255509568966445,100
rx,-80.9810119507272,61.01898804927281,100
yv,-89.78749865424574,95.21250134575426,100
kk,-9.661753512461589,37.33824648753841,100
vg,-86.02263851782769,57.97736148217231,100
xd,-78.93691995434799,94.06308004565201,100
nk,-41.963400497584246,46.036599502415754,100
jp,-67.70848831644683,9.291511683553166,100
av,-39.33658487960166,23.66341512039834,100
ry,-91.61567159295589,52.38432840704411,100
mw,-92.80492437452548,7.195075625474511,100
ui,-70.76819928715223,97.23180071284777,100
cm,0.5164216576428927,0.5164216576428927,100
rv,-16.35338434169176,37.64661565830824,100
vf,-28.059799605412334,86.94020039458766,100
