oy,-68.04462632579278,41.95537367420722,25
ny,-94.69819820352494,7.301801796475067,25
dt,-79.56237727903851,59.437622720961485,25
xo,-60.21600259512708,43.78399740487292,25
ou,-14.316933478238742,26.68306652176126,25
os,-67.00515496715265,43.99484503284735,25
ds,-15.781673334915354,42.218326665084646,25
dk,-21.868182673374744,84.13181732662525,25
gw,-48.29024780340536,17.709752196594643,25
fs,-46.04799778195039,5.952002218049609,25
wk,-24.704134770367958,14.295865229632042,25
jz,-30.407703079381932,28.592296920618068,25
du,-92.54102597293429,67.45897402706571,25
vq,-66.00352604187995,44.99647395812005,25
vh,-58.523524461609384,31.476475538390616,25
lu,-31.932330258623047,87.06766974137695,25
kh,-20.84366410724768,26.15633589275232,25
qv,-57.357879060401906,15.642120939598094,25
kk,-7.541385739693602,39.4586142603064,25
rz,-13.587284738066419,40.412715261933585,25
mn,-75.99113825520458,96.00886174479542,25
sk,-18.54379921783171,73.4562007821683,25
mf,-76.71538926191253,74.28461073808747,25
vb,-69.927499153367,53.072500846633005,25
aw,-93.00392262022675,6.996077379773251,25
vd,-42.60066631264538,50.39933368735462,25
fk,-35.90156805417559,78.09843194582442,25
iq,-14.03691293100475,40.96308706899525,25
vt,-45.49218012875302,62.50781987124698,25
yq,-27.235334560604045,85.76466543939596,25
us,-56.13140398909476,16.868596010905247,25
cg,0.8802429983822861,30.880242998382286,25
ya,-50.89900702385657,97.10099297614343,25
ex,-34.4460811571218,36.5539188428782,25
go,-69.89093553128103,90.10906446871897,25
kw,-6.904695019939091,91.09530498006092,25
di,-68.18454842533664,16.815451574663353,25
dm,-18.191364105698877,95.80863589430112,25
ui,0.9628353557747962,68.9628353557748,25
ww,-83.44703538942991,60.552964610570086,25
nb,-27.903643409370478,64.09635659062953,25
nv,-58.63868710503398,69.36131289496602,25
yo,-1.4319819205842095,91.5680180794158,25
hr,-4.662429801602528,7.337570198397472,25
gp,-47.43044088053146,92.56955911946855,25
zz,-10.901839837622967,54.098160162377035,25
sm,-3.5289334067142892,71.47106659328571,25
gq,-64.22232320527318,30.777676794726812,25
ut,-51.02917618138918,45.97082381861082,25
kn,-47.76782979190308,74.23217020809692,25
fu,-11.85869026089804,26.14130973910196,25
gx,0.65768261429976,88.65768261429976,25
hp,-74.46548147007076,72.53451852992924,25
et,-88.5446348017595,7.455365198240505,25
op,-54.39940605674792,53.60059394325208,25
kb,-77.70286499327896,3.2971350067210383,25
lz,-66.10062143698381,83.89937856301619,25
ee,-71.8533200730173,59.1466799269827,25
eh,-88.1186667468422,71.8813332531578,25
qk,-33.666300002053575,28.333699997946425,25
pd,-19.53959543027337,19.46040456972663,25
tm,-19.867002601845602,79.1329973981544,25
zr,-42.5398712264635,31.460128773536503,25
hr,-22.30764632963795,57.69235367036205,25
sl,0.8253060120467548,12.825306012046754,25
kj,-85.63051179510006,38.36948820489993,25
vz,-22.4506963858081,25.5493036141919,25
bx,-74.72393437664606,60.276065623353944,25
hh,-11.641566370830791,45.35843362916921,25
hy,-0.5152269384712803,54.48477306152872,25
xe,-44.3513210677964,76.64867893220361,25
al,0.16209929691429914,82.1620992969143,25
hw,-55.31527971533246,89.68472028466753,25
go,-40.24093169753624,97.75906830246376,25
tb,-47.08601321058652,48.91398678941348,25
zt,-86.10195115687236,72.89804884312764,25
hk,-51.87714640910721,57.12285359089279,25
mt,-17.388400446614796,35.611599553385204,25
gv,-16.418249331530053,20.581750668469947,25
qk,-15.481924701483395,46.51807529851661,25
pb,-38.169521987399165,47.830478012600835,25
gk,-55.66914415913125,22.330855840868747,25
dq,-44.21473547709879,18.785264522901212,25
ff,-10.43370266882389,43.56629733117611,25
df,-62.07703162934635,95.92296837065365,25
ka,-97.3199448135719,10.680055186428103,25
ou,-77.09712256847848,40.90287743152151,25
ct,-47.94335116858856,67.05664883141144,25
qc,-32.13472882531885,31.865271174681148,25
mn,-87.12615781787186,39.87384218212814,25
jf,-82.65088897020202,49.34911102979799,25
iz,-81.96423715791515,47.03576284208486,25
ql,-38.83465729935389,10.165342700646109,25
nv,-82.22057554304273,6.779424456957271,25
um,-72.8505418042619,75.1494581957381,25
yx,0.6222045575978554,47.622204557597854,25
at,-79.3110701053217,36.688929894678296,25
kz,-5.270280584049342,34.72971941595066,25
aq,-38.271892236326885,16.728107763673115,25
gk,-45.4795178790563,16.520482120943697,25
tk,-80.85100842782626,95.14899157217374,25
my,-28.0886739759316,12.9113260240684,25
ly,-53.1015822520328,36.8984177479672,25
vg,-12.735862593912506,25.264137406087492,25
wo,-9.350971710700154,87.64902828929985,25
fr,-1.3270150801033338,29.672984919896667,25
ui,-29.674858873478968,20.325141126521032,25
is,-2.058351296391898,1.9416487036081018,25
xr,-79.4548690657677,29.545130934232308,25
rl,-13.4102938281341,6.5897061718659,25
zg,-90.1585536280915,91.8414463719085,25
df,-35.99495260351675,54.00504739648325,25
cp,-56.43427029874166,29.56572970125834,25
vd,-49.618883134391105,91.38111686560889,25
tp,-24.130595661012688,5.8694043389873105,25
uf,-70.61806735790272,30.38193264209728,25
zv,-20.957065189129356,40.04293481087064,25
sp,-86.17317755410897,49.826822445891025,25
kx,-89.3117462751075,62.688253724892505,25
nt,-9.601450046280982,13.398549953719018,25
ba,-41.20992188807966,31.790078111920337,25
px,-44.79965842632128,86.20034157367871,25
wv,-3.1295678787448074,72.87043212125519,25
ka,-47.58311844122405,46.41688155877595,25
yd,-51.41713587548692,22.582864124513083,25
dg,-50.83364592024737,80.16635407975262,25
iw,-57.59950922182966,79.40049077817034,25
uj,-43.5021022037466,65.4978977962534,25
cq,-72.59832719032038,87.40167280967962,25
ww,-95.28003424085422,18.719965759145783,25
ih,-87.85967691573035,0.14032308426964835,25
op,-79.16474195257402,55.83525804742598,25
bw,-77.0588606475017,70.9411393524983,25
ew,-92.80701685223703,9.19298314776298,25
xg,-1.570450772233147,9.429549227766852,25
gc,-26.487173938196094,32.512826061803906,25
jo,-69.90148796063808,93.09851203936192,25
vo,-74.25327201448377,54.74672798551622,25
hq,-96.61368537982321,94.38631462017679,25
ja,-61.54265713798995,54.45734286201005,25
vw,-8.220148427627144,39.779851572372856,25
rq,-68.13533613003857,67.86466386996143,25
tk,-73.46340905517901,53.536590944820986,25
fa,-22.78071862544523,79.21928137455477,25
wv,-84.81197193247505,80.18802806752495,25
ed,-37.26690882059875,63.73309117940125,25
vz,-15.244559147570248,40.75544085242975,25
qd,-37.26571341808277,25.73428658191723,25
qq,-90.5123484159775,55.48765158402251,25
ae,-69.63488930378922,25.365110696210774,25
ji,-6.2008292341529145,32.79917076584709,25
wy,-96.53765649670481,89.46234350329519,25
uh,-69.06555756242564,58.934442437574354,25
ft,-90.81398486619408,37.186015133805924,25
tv,-22.687378470787575,98.31262152921242,25
nf,-13.504746093339547,30.49525390666045,25
nq,-4.323486113186355,60.676513886813645,25
as,-19.717683386906657,24.282316613093343,25
ef,-64.17560655251067,61.824393447489335,25
by,-52.95481025602175,66.04518974397824,25
pr,-4.45531058192778,32.54468941807222,25
fv,-43.54969142556209,75.45030857443791,25
it,-90.57775653100659,70.42224346899341,25
bc,-35.003993427065765,45.996006572934235,25
cv,-36.684643692903826,94.31535630709617,25
li,-53.85881872212882,89.14118127787118,25
on,-87.48291035709552,86.51708964290448,25
da,-23.71033086773036,23.28966913226964,25
dw,-44.03584878950035,94.96415121049965,25
pe,-43.91976083555796,1.0802391644420397,25
rv,-10.013304632541347,42.98669536745865,25
gu,-27.669897962524487,64.33010203747551,25
at,-0.7937085163203775,14.206291483679623,25
qt,-84.74999910077209,85.25000089922791,25
px,-82.84375199644063,6.156248003559367,25
co,-30.32288271599335,19.67711728400665,25
oh,-89.4737746789583,62.52622532104169,25
aw,-75.08606771495074,41.91393228504926,25
wk,-95.67919444456498,20.32080555543502,25
sg,-21.36205147325048,33.63794852674952,25
us,-36.97837887097413,49.02162112902587,25
eg,-93.33094229472559,45.66905770527442,25
ly,-16.264918353929712,44.735081646070284,25
iq,-95.00303591023408,35.99696408976592,25
lj,-23.908246575594873,63.09175342440513,25
ap,-63.98774268955203,50.01225731044797,25
ha,-10.348295271678143,41.65170472832185,25
fz,-6.848080894439342,20.15191910556066,25
ic,-61.12014211143162,25.879857888568377,25
rt,-1.569236374631009,67.430763625369,25
vd,-84.17416973690183,80.82583026309817,25
ii,-61.855752926584614,80.14424707341539,25
ry,-82.53295309987226,22.467046900127745,25
tf,-97.59289296158984,58.40710703841016,25
am,-25.257719756736535,74.74228024326347,25
cw,-96.43524299535831,76.56475700464169,25
ax,-44.23838910430253,94.76161089569747,25
on,-73.62466878175508,14.37533121824492,25
qz,-56.10686446959627,50.89313553040373,25
gf,-29.860369268806796,25.139630731193204,25
ea,-48.332645899019624,96.66735410098038,25
ag,-96.86093826235441,31.139061737645594,25
cz,-19.252941379609453,20.747058620390547,25
ry,-57.58524016132333,43.41475983867667,25
ju,-1.12259013435043,17.877409865649568,25
al,-19.434211627523887,15.565788372476112,25
sr,-69.18074054964737,72.81925945035263,25
oi,-66.24163837542021,0.758361624579798,25
vr,-77.59765380704494,48.402346192955065,25
su,-57.893822744795095,40.106177255204905,25
nk,-60.44753896852495,46.55246103147505,25
mg,-63.02555466313203,68.97444533686797,25
pc,-64.10950848510473,57.890491514895274,25
az,-15.957790115594719,91.04220988440528,25
yt,-96.08262424093832,22.917375759061688,25
xk,-45.62905467722613,55.37094532277387,25
yb,-76.48580112073687,78.51419887926313,25
vp,-97.01289662902683,58.98710337097318,25
yc,-46.64024817465052,11.35975182534948,25
ge,-58.51907536955555,34.48092463044445,25
tt,-74.97988224656696,73.02011775343304,25
fs,-79.40830456105425,97.59169543894575,25
oc,-82.85704018937373,45.14295981062626,25
in,-15.51240398360202,61.48759601639798,25
xk,-15.605827452117932,25.394172547882068,25
vd,-43.388883898055624,35.611116101944376,25
em,-48.70287604449681,10.297123955503192,25
jl,-72.11180775025562,88.88819224974438,25
ry,-84.62817406478996,58.37182593521003,25
ee,-95.42320021512775,94.57679978487225,25
wm,-72.55209940943125,49.44790059056876,25
ne,-45.382835911569806,4.617164088430197,25
lq,-18.63643536258761,0.3635646374123932,25
hh,-42.726207488592124,18.27379251140788,25
yx,-4.623012611145434,8.376987388854566,25
gp,-45.94030608001394,52.05969391998606,25
jv,-3.6649494790805304,81.33505052091947,25
wq,-78.33831752870165,26.661682471298356,25
mn,-10.889279974988517,38.11072002501148,25
bf,-72.49656042274374,47.50343957725626,25
wt,-63.19206720862624,10.80793279137376,25
ot,-29.74609745613369,7.25390254386631,25
jx,-5.177999432965833,64.82200056703417,25
ft,-72.76732129712254,41.232678702877465,25
uy,-14.245267890000623,5.7547321099993765,25
ov,-85.25019128379981,79.74980871620019,25
eh,-50.50113678684124,38.49886321315876,25
jq,-36.875275642832314,60.124724357167686,25
lb,-45.07275588869101,26.92724411130899,25
rr,-7.659468389377109,64.34053161062289,25
my,-29.966256098217386,92.03374390178261,25
th,-52.16863243525952,27.83136756474048,25
ue,-64.0046733741492,93.9953266258508,25
dl,-97.79873076358739,94.20126923641261,25
nq,-8.362916044220755,54.63708395577925,25
li,-59.508577897633785,87.49142210236622,25
qy,-25.84969904496041,35.15030095503959,25
ch,-26.40090625947908,39.59909374052092,25
fm,-55.687288975166325,68.31271102483367,25
th,-25.83011481691163,0.16988518308836953,25
me,-61.97547236441986,1.0245276355801414,25
kr,-71.38986400258379,85.61013599741621,25
mh,-2.8321526383424365,71.16784736165756,25
cr,-90.9407411900189,89.0592588099811,25
yc,-64.99063712455086,23.009362875449145,25
fg,-47.79571681646391,47.20428318353609,25
sa,-19.164778243932002,37.835221756067995,25
gi,-95.42780363156584,59.572196368434156,25
mx,-57.21428795003379,84.78571204996621,25
tx,-19.361472668957454,88.63852733104254,25
lb,-20.207332490726923,71.79266750927307,25
dl,-90.50170743332883,61.498292566671175,25
hu,-64.32286276068562,75.67713723931438,25
dc,-49.78768470201831,0.2123152979816928,25
fr,-20.586477463543492,89.41352253645651,25
mn,-70.14771016319757,13.852289836802434,25
hf,-53.24702718195513,52.75297281804487,25
sp,-13.75077805844738,47.24922194155262,25
ty,-30.911953759461454,86.08804624053855,25
qk,-7.655967717493839,91.34403228250616,25
ye,-57.54731981870579,84.45268018129421,25
sq,-90.80719797618414,88.19280202381586,25
kp,-97.64402384991261,40.355976150087386,25
qi,-29.29638205058921,70.70361794941078,25
ti,-83.3329482527316,94.6670517472684,25
hx,-28.528538026246206,96.47146197375379,25
jr,-33.30858257440385,31.691417425596153,25
rp,-29.337319543774186,45.662680456225814,25
lh,-79.65121965512641,58.34878034487358,25
el,-18.765664052161572,71.23433594783843,25
xc,-3.913028133746007,22.086971866253993,25
oj,-68.84758281064993,19.152417189350068,25
ht,-76.74801580837982,62.25198419162019,25
lm,-43.8350256281664,64.1649743718336,25
ho,-48.92178016933384,93.07821983066616,25
us,-83.4312843206199,49.56871567938011,25
hl,0.37010364600283974,76.37010364600285,25
qs,-46.98094403136881,60.01905596863119,25
hb,-54.492824121919575,75.50717587808042,25
xl,-26.69587732416176,69.30412267583824,25
rs,-88.65014315189939,78.34985684810061,25
lj,-65.8448988242847,36.15510117571531,25
zk,-61.769499063348654,7.230500936651349,25
sx,-3.5368052754831347,91.46319472451687,25
ga,-48.87709628584423,9.122903714155767,25
dr,-57.137207635198216,87.86279236480179,25
nu,-27.135898162804185,59.86410183719582,25
va,-56.56888266737647,51.43111733262353,25
ac,-79.00040770309406,2.9995922969059476,25
qp,-66.84736297043274,4.152637029567265,25
yg,-44.45193336259621,10.54806663740379,25
sl,-32.63017098643588,32.36982901356412,25
gb,-93.66597370502016,35.33402629497984,25
jj,-44.35606535156618,30.64393464843382,25
in,-88.66131164613441,40.338688353865585,25
mw,-43.25499738571801,1.7450026142819872,25
my,-34.84288781061923,10.157112189380767,25
ai,-82.81226132292328,33.18773867707673,25
ma,-36.76531070942472,41.23468929057528,25
wp,-25.757609244945904,64.24239075505409,25
oy,-4.953945945885255,46.04605405411475,25
ra,-92.80406525148749,36.195934748512514,25
nr,-3.7898474007624268,85.21015259923757,25
lo,-77.14869518589724,96.85130481410276,25
ni,-25.72278614806844,71.27721385193156,25
ze,-51.140082175232656,52.859917824767344,25
uk,-31.27509204999861,26.72490795000139,25
ti,-68.58346129347986,80.41653870652014,25
de,-55.48305456686655,55.51694543313345,25
ze,-56.335188710237745,45.664811289762255,25
my,-85.4673719745326,72.5326280254674,25
uy,-87.80390207449312,16.19609792550687,25
kl,-10.427039579756919,79.57296042024308,25
hf,-56.94834094371017,52.05165905628983,25
gj,-48.74802235237847,31.251977647621526,25
pk,-22.735256560031473,13.264743439968525,25
xb,-53.267532853895766,49.732467146104234,25
it,-40.42333727014985,78.57666272985016,25
ua,-69.27627009683636,37.723729903163644,25
de,-64.57243733118567,56.42756266881433,25
ho,-24.106889267289493,9.893110732710507,25
pf,-72.32034240745334,54.67965759254666,25
ki,-69.65704842906865,82.34295157093135,25
cb,-75.32389841872575,89.67610158127425,25
ab,-62.89459259708002,80.10540740291998,25
am,-88.62999396633144,35.37000603366856,25
jt,-79.07804431061689,75.92195568938311,25
ad,-28.834084129952693,67.1659158700473,25
ue,-57.19325492031339,35.80674507968661,25
xl,-77.7060319436835,76.2939680563165,25
tv,-11.230020938829407,63.769979061170595,25
ck,-65.09941371924513,61.90058628075487,25
rf,-14.159475959716689,50.84052404028331,25
ph,-74.70261174437664,60.29738825562336,25
au,-20.282260029706293,81.7177399702937,25
tv,-46.01772923680391,6.982270763196087,25
ab,-26.272393130034015,92.72760686996598,25
bl,-68.50269286860133,72.49730713139867,25
hr,-47.47427507034972,45.52572492965028,25
nq,-56.69574408196229,90.30425591803771,25
da,-39.27684814386179,42.72315185613821,25
kj,-72.58631748666791,91.41368251333209,25
iw,-91.06121612362142,76.93878387637858,25
om,-83.45378428214848,88.54621571785152,25
fb,-10.66574921758158,20.33425078241842,25
dw,-0.8564390975294656,96.14356090247054,25
kl,-68.0239110383695,47.9760889616305,25
ck,-89.32835088207928,5.671649117920728,25
vh,-29.779161330862422,10.220838669137578,25
vp,-13.858229976395194,19.141770023604806,25
yg,-48.12469731434049,84.87530268565952,25
ur,-46.97819709126663,59.02180290873337,25
kx,-35.782807934817626,85.21719206518237,25
vc,-15.060923010295578,58.939076989704425,25
ko,-19.186389379149617,75.81361062085038,25
dn,-73.84600738792656,33.153992612073445,25
yw,-38.0322220755231,0.9677779244769,25
vg,-73.43271256657562,58.567287433424376,25
ba,-43.91645939387825,8.083540606121751,25
sa,-66.43111420314645,48.56888579685355,25
qp,-91.92206784614577,45.077932153854235,25
wc,-29.90116560248894,75.09883439751106,25
am,-8.992074357114957,34.00792564288504,25
yy,-22.675601149034264,86.32439885096574,25
mt,-80.25189977045343,75.74810022954657,25
bv,-42.893356254078704,2.106643745921299,25
vr,-79.871095036947,58.128904963052996,25
wm,-69.99498383868446,26.00501616131554,25
rm,-38.93014405906632,58.06985594093368,25
lq,-45.49323461734452,65.50676538265549,25
jn,-56.911732763636095,53.088267236363905,25
cm,-18.594137308287596,42.40586269171241,25
kk,-6.888836046873083,64.11116395312692,25
br,-97.16214725024399,78.83785274975601,25
wa,-11.235174741977838,76.76482525802216,25
ll,-14.032930161955619,72.96706983804438,25
md,-76.28685871604489,58.71314128395512,25
hf,-72.76078199386787,85.23921800613213,25
br,-81.40482478275733,40.59517521724266,25
la,-10.765741875948393,44.23425812405161,25
ez,-46.177080340774594,59.822919659225406,25
lh,-33.23835127783227,66.76164872216772,25
qd,-19.81681128222349,62.18318871777651,25
tj,-75.2205893584379,45.779410641562094,25
nb,-67.37026227758744,95.62973772241256,25
am,-90.21934016224232,51.780659837757675,25
jx,-75.20718410525154,33.79281589474845,25
zy,-37.96242859031594,25.037571409684062,25
zg,-2.4010123752087846,32.598987624791214,25
rs,-38.526554513394515,29.47344548660549,25
of,-35.979497473898086,1.0205025261019178,25
mk,-33.53749347652725,3.462506523472746,25
kj,-19.114664394522368,46.88533560547763,25
xs,-84.57928519479132,36.42071480520868,25
or,-79.09661365609644,39.90338634390356,25
tm,-31.226301008667075,67.77369899133292,25
vh,-22.20521807905468,86.79478192094531,25
dh,-83.83013255828216,18.169867441717837,25
bq,-89.85379613977268,85.14620386022732,25
ue,-8.566197002582877,24.433802997417125,25
zu,-24.679138780657635,6.320861219342365,25
ia,-50.81349967771363,29.186500322286367,25
bu,-41.662524562204666,65.33747543779533,25
pt,-80.79848729121419,30.201512708785806,25
dn,-58.99321731351875,93.00678268648126,25
ig,-12.3970721797608,76.6029278202392,25
aw,-95.19698901390846,39.80301098609154,25
dd,-59.333363521186804,30.666636478813196,25
nq,-14.62444501931806,25.37555498068194,25
gt,-8.283488116763245,0.7165118832367561,25
yr,-89.29109829188225,98.70890170811775,25
be,-82.78016752500795,26.219832474992053,25
kr,-56.660827266579616,66.33917273342038,25
uj,-38.24302515157144,24.756974848428566,25
xn,-71.32788087190983,64.67211912809017,25
im,-31.05229137550125,31.94770862449875,25
ae,-17.58998870573694,14.410011294263063,25
ju,-7.331478760399035,83.66852123960096,25
bf,-56.17130364876188,88.82869635123812,25
bg,-89.44661384969005,72.55338615030995,25
gv,-26.174842493713015,91.82515750628698,25
fj,-88.36401817097914,23.635981829020867,25
bu,-79.51699846211166,85.48300153788834,25
sl,-11.003518836322439,35.99648116367756,25
rm,-44.82270783833334,39.17729216166666,25
ke,-75.43681395622875,65.56318604377125,25
om,-95.68321940060598,52.31678059939402,25
vm,-90.5232132400445,7.4767867599554965,25
gw,-10.91838009347502,79.08161990652498,25
vn,-89.70609719703842,28.293902802961583,25
yb,-40.52009538598612,23.479904614013886,25
ie,-80.56485148343316,85.43514851656684,25
av,-91.51809658907791,82.48190341092209,25
qb,-64.59354779535113,20.40645220464888,25
qm,-14.340523017923765,56.659476982076235,25
nb,-37.93039814855104,82.06960185144897,25
rk,-57.1109133688044,97.8890866311956,25
po,-38.64678232714417,18.35321767285583,25
pp,-18.081484243045153,13.918515756954845,25
ox,-20.06584229970105,25.93415770029895,25
oe,0.4877647056023854,82.48776470560239,25
yc,-78.71160744048326,88.28839255951674,25
re,-56.44848367858333,65.55151632141667,25
xy,-31.414266788652117,45.58573321134788,25
bi,-48.216046963266294,12.783953036733706,25
iy,-24.395262105891625,57.604737894108375,25
cw,-89.9916934746419,7.008306525358098,25
dy,-36.010925328769076,15.989074671230922,25
ih,-51.13907841534071,46.86092158465929,25
mx,-59.28598726604594,28.714012733954053,25
bx,-60.84011898696198,27.159881013038017,25
uu,-84.53343705476787,44.46656294523213,25
ju,-76.85406896224288,42.14593103775712,25
ws,-63.280302127938114,58.719697872061886,25
sq,-29.466907356669402,85.53309264333059,25
ko,-95.83375606042928,7.166243939570716,25
re,-92.70871572786393,80.29128427213607,25
ey,-45.09406764233271,15.905932357667286,25
jx,-28.153462729299708,18.846537270700292,25
wv,-9.198329059831817,85.80167094016818,25
pv,-86.86151217084411,50.138487829155885,25
yb,-74.17737795474582,23.822622045254175,25
vv,-65.59365531932986,17.40634468067015,25
yj,-22.96051993990497,57.03948006009503,25
en,-78.07616662366614,47.92383337633386,25
og,-50.08480314982892,85.91519685017107,25
fn,-6.188886268703706,2.811113731296295,25
sa,-65.8846023885067,67.1153976114933,25
nw,-0.7805082629495725,92.21949173705043,25
kh,-56.29188119470421,6.7081188052957925,25
nx,-64.38689407985872,48.61310592014128,25
vz,-89.64432801515247,56.35567198484753,25
xq,-74.4123146818223,39.5876853181777,25
gz,-27.866272031494926,62.13372796850507,25
xx,-21.78737272972738,39.21262727027262,25
yq,-9.854494962680215,26.145505037319783,25
fy,-51.324380109300655,51.675619890699345,25
zh,-38.52472023615261,85.47527976384738,25
br,-35.37706020463098,31.62293979536902,25
sp,-56.933111913674395,23.066888086325605,25
ux,-96.76214285414005,5.237857145859946,25
hm,-69.5333899652116,51.4666100347884,25
pp,-48.77740606306308,17.222593936936917,25
sl,-75.70548968888932,16.29451031111068,25
uj,-43.510724144461186,76.4892758555388,25
me,-86.03532489900572,64.96467510099428,25
wh,-18.663922827146564,48.336077172853436,25
xc,-32.683085517225315,65.31691448277468,25
ua,0.8507552735501628,22.850755273550163,25
hq,-97.89717530319439,75.10282469680561,25
zv,-13.894311848534327,19.105688151465674,25
vu,-8.476811924269542,70.52318807573046,25
jw,-0.12098980849047147,44.87901019150953,25
fb,-61.52490090882818,70.47509909117181,25
hm,-53.91207223402056,90.08792776597943,25
cu,-26.867207561169582,69.13279243883042,25
cd,-33.10088508512133,60.89911491487867,25
bu,-38.58997757959171,4.4100224204082865,25
gk,-10.533650989979783,39.46634901002022,25
yz,-62.7533038767361,78.2466961232639,25
nd,-17.658487618559715,34.34151238144029,25
im,-1.5919224160278787,2.4080775839721213,25
pm,-81.66494888105225,75.33505111894775,25
xj,-34.787945962040084,19.212054037959916,25
ei,-69.9268495738456,74.0731504261544,25
cb,-3.104836267147748,37.895163732852254,25
mb,-22.361371867049648,61.63862813295035,25
vk,-8.693455354547817,89.30654464545218,25
jo,-32.03557446748413,61.96442553251587,25
az,-64.31473385022782,52.68526614977217,25
vi,-83.87324861063853,88.12675138936147,25
ze,-15.915439044338127,12.084560955661873,25
im,-40.16313659480774,31.836863405192265,25
zk,-90.82377891435718,62.176221085642815,25
ig,-86.18198437073914,62.818015629260856,25
da,-88.44467161318268,5.555328386817326,25
lo,-66.92427681286573,84.07572318713427,25
kz,-8.542545987108657,29.457454012891343,25
ow,-43.14936697209895,13.85063302790105,25
ki,-63.588984332467575,48.411015667532425,25
yf,-32.985742642124094,23.014257357875906,25
pj,-55.48807371117404,81.51192628882596,25
vf,-75.82512134166079,59.17487865833921,25
sw,-28.323721742483798,22.676278257516202,25
wx,-90.97335489865219,95.02664510134781,25
nb,-45.27181025573124,35.72818974426876,25
am,-41.14174815615763,23.858251843842368,25
zb,-29.17418458543563,12.82581541456437,25
nn,-10.583498842196692,67.41650115780331,25
rd,-52.21951458150941,23.780485418490592,25
hd,-39.308388588960995,23.691611411039002,25
iv,-37.4601980914696,48.5398019085304,25
iy,-24.98723580343233,35.012764196567666,25
as,-76.82136426505234,3.178635734947659,25
bh,-52.477070173305876,76.52292982669412,25
ug,-90.68035362303137,53.319646376968635,25
fw,-73.84192732072637,70.15807267927363,25
el,-50.84681951410013,67.15318048589987,25
lw,-25.42283104559707,11.577168954402927,25
qj,-2.3231313489528493,30.67686865104715,25
wg,-21.776386544587066,88.22361345541293,25
hb,-37.64379642662887,25.35620357337113,25
vj,-77.27455264173517,91.72544735826483,25
eh,-63.04155320563863,27.95844679436137,25
wh,-11.68253043652185,20.317469563478152,25
nu,-35.634805291454974,16.365194708545026,25
xc,-58.121652393978536,17.878347606021464,25
bu,-15.544222053872044,87.45577794612795,25
wd,-8.361797817279701,6.6382021827203,25
rf,-64.71965766917263,32.280342330827374,25
yi,-44.362814656051256,45.637185343948744,25
kx,-96.93700119386467,38.062998806135326,25
aw,-81.77317714257383,31.226822857426168,25
nv,-7.34052577065958,53.65947422934042,25
we,-38.92907733261165,57.07092266738835,25
xf,-87.66104543071592,56.338954569284084,25
wu,-43.557493371850896,68.4425066281491,25
ym,-28.39420513251018,44.60579486748982,25
oe,-60.87640141329077,88.12359858670922,25
mj,-79.8289753565591,77.1710246434409,25
aq,-88.24734246440624,98.75265753559376,25
ui,-25.818189867345634,0.18181013265436674,25
wd,-85.75542371032704,83.24457628967296,25
hu,-74.2408750361392,56.7591249638608,25
ru,-81.68344512580508,2.3165548741949236,25
fj,-76.03003821118324,75.96996178881676,25
eg,-52.10117601594864,48.89882398405136,25
tq,-14.871785155002312,2.128214844997687,25
yw,-63.70887124979092,5.291128750209079,25
im,-7.660363025814505,46.339636974185495,25
es,-3.126437655284671,28.873562344715328,25
td,-60.44432102463827,41.55567897536173,25
sc,-95.88195795670636,33.11804204329364,25
bg,-69.958586496729,97.041413503271,25
kp,-66.72697870855548,85.27302129144452,25
sh,-22.259658114551513,58.74034188544849,25
nk,-25.999275358035366,65.00072464196464,25
sq,-12.279495982367731,97.72050401763227,25
bc,-10.392826719624772,43.60717328037523,25
ek,-2.364535586687623,79.63546441331238,25
gx,-15.429868243708482,47.57013175629152,25
uq,-17.821391106824375,84.17860889317562,25
uu,-16.98965570431654,90.01034429568347,25
ku,-87.08170377350203,82.91829622649797,25
bj,-86.49401908651207,4.505980913487933,25
ce,-46.208445476844716,93.79155452315528,25
tj,-16.838303924986448,71.16169607501355,25
nk,-90.04489870114483,34.955101298855176,25
dr,-32.96849526053272,17.031504739467277,25
za,-73.87921624054658,94.12078375945342,25
uf,-7.690135268206402,4.309864731793598,25
qh,-30.919101188979617,34.08089881102038,25
lk,-62.91705755206277,61.08294244793723,25
iw,-4.891387251464356,52.10861274853564,25
yk,-24.867076852358792,65.13292314764121,25
ze,-33.20316469454676,49.79683530545324,25
zo,-88.69253575714058,82.30746424285942,25
id,-84.44539019027522,91.55460980972478,25
ax,-75.36953940266278,97.63046059733722,25
wg,-61.676359754556124,92.32364024544388,25
mg,-63.86376595093412,92.13623404906588,25
kg,-66.41894581505949,46.58105418494051,25
we,-20.545349269118425,49.454650730881575,25
vr,-85.53914210536574,47.460857894634266,25
un,-44.165090131756166,64.83490986824384,25
gd,-49.07872872102123,54.92127127897877,25
mg,-59.88774348920051,35.11225651079949,25
zx,-43.7347894958214,67.2652105041786,25
iu,-21.42880042549061,58.57119957450939,25
ro,-52.48663972939038,57.51336027060962,25
xo,-43.79185369483725,84.20814630516274,25
ke,-30.043391675783987,80.956608324216,25
tw,-56.67773896315815,34.32226103684185,25
ui,-71.41728364248591,17.582716357514094,25
vh,-20.62944715572144,90.37055284427856,25
ty,-51.299736083823824,33.700263916176176,25
pf,-9.145245090102973,53.854754909897025,25
mx,-79.67781998308203,40.32218001691797,25
ux,-70.6483807768315,16.351619223168505,25
ds,-16.88675643489913,98.11324356510087,25
hg,-13.876682102101515,37.12331789789848,25
qf,-10.300396398714733,6.699603601285266,25
uj,-96.04194977645008,17.95805022354991,25
ch,-16.65026202656088,35.34973797343912,25
ht,-81.61706780095685,94.38293219904315,25
pu,-51.84480315215096,96.15519684784904,25
hh,-23.519674254423325,26.480325745576675,25
ns,-61.032051511173655,60.967948488826345,25
ez,-25.33470516389421,9.665294836105788,25
bx,-76.93937374062142,13.060626259378576,25
nu,-95.83410177425611,84.16589822574389,25
so,-0.5175454997219336,16.482454500278067,25
zv,-56.623162913602464,94.37683708639753,25
sr,-7.706831675262705,18.293168324737294,25
qj,-6.0914436064924,60.9085563935076,25
it,-30.52204243980389,30.47795756019611,25
ei,-46.53759563794371,11.462404362056294,25
le,-66.56888752330545,58.43111247669455,25
uu,-17.85579071974153,36.144209280258465,25
zm,-79.98611874368044,3.0138812563195705,25
df,-70.55470985868266,49.44529014131735,25
td,-54.496917842873664,87.50308215712633,25
nf,-16.54449496157275,1.4555050384272512,25
tt,-42.11420922973696,15.88579077026304,25
ee,-17.659459806704437,28.340540193295563,25
bv,-12.13019769712784,16.86980230287216,25
ja,-92.13935198222482,98.86064801777518,25
uj,-1.2654568165503695,20.73454318344963,25
nj,-11.896844835504082,87.10315516449592,25
dy,-36.00339150965619,94.99660849034382,25
mv,-61.73302578679318,89.26697421320682,25
dz,-93.88739969318006,56.11260030681994,25
wi,-72.16878126496306,27.83121873503695,25
pq,-12.554846299792802,59.4451537002072,25
gv,-2.1437294735155534,2.8562705264844466,25
fs,-15.450054873472356,32.549945126527646,25
dm,-85.46016333626662,21.539836663733386,25
el,-49.785567116752084,38.214432883247916,25
zq,-51.26366093499965,88.73633906500035,25
bh,-50.15944240631551,10.840557593684483,25
pg,-51.38620824626193,23.613791753738074,25
ym,-58.92487411074226,53.07512588925774,25
zu,-70.78322450645413,31.21677549354587,25
fi,-97.76637773204916,67.23362226795084,25
lw,-85.69203820826901,98.30796179173099,25
df,-73.39067922527178,98.60932077472822,25
rq,-0.1305681522374682,26.86943184776253,25
si,-74.03597064358254,29.96402935641746,25
pf,-18.277118779938007,54.72288122006199,25
vy,-58.53399654476242,41.46600345523758,25
su,-0.24449525008320516,93.7555047499168,25
iu,-91.04064698994989,1.9593530100501106,25
gk,-75.2075494781478,61.792450521852196,25
kh,-1.1244665281479083,15.875533471852092,25
lw,-71.78394382479449,88.21605617520551,25
ja,-90.3106630458777,9.689336954122298,25
hw,-61.80846832490023,34.19153167509977,25
gn,-74.52073682007017,11.479263179929834,25
nm,-2.3712548113203935,54.62874518867961,25
nv,-7.93282740899644,2.06717259100356,25
dt,-47.95293449740922,81.04706550259078,25
rb,-66.3701113021694,34.6298886978306,25
cy,-63.25542510104632,83.74457489895367,25
ii,-80.0711028573972,29.9288971426028,25
ne,-10.497870551145466,74.50212944885453,25
hq,-60.64637410218323,9.35362589781677,25
xt,-52.34094535694282,75.65905464305719,25
sj,-11.549115343926692,13.450884656073308,25
fa,-36.62792251184576,22.372077488154236,25
az,-62.964245619483066,5.035754380516936,25
ql,-60.595153846142644,2.4048461538573553,25
wr,-79.91528231734564,54.08471768265436,25
qb,-58.78577359777537,29.21422640222463,25
nw,-89.53830119571664,88.46169880428336,25
cm,-61.47280255752146,47.52719744247854,25
ad,-58.95667092719212,78.04332907280788,25
ly,-21.74664239999911,35.25335760000089,25
jr,-47.12349139395151,28.87650860604849,25
ci,-64.32003478967981,55.67996521032019,25
ju,-55.38982486204086,92.61017513795913,25
ag,-57.38684651248044,14.613153487519563,25
tp,-52.806153073676036,55.193846926323964,25
ex,-11.45916534949408,95.54083465050591,25
ce,-73.5660165245137,61.4339834754863,25
ya,-3.5091296038295505,56.49087039617045,25
wu,-84.23453498299969,66.76546501700031,25
pv,-49.66426566382814,93.33573433617187,25
ua,-47.31123798302584,43.68876201697416,25
oi,-42.36274849040054,86.63725150959945,25
ci,-27.98469163813517,78.01530836186483,25
dt,-0.5348224825205875,34.46517751747941,25
sz,-67.11071191074332,12.889288089256679,25
ch,-56.38146499058459,51.61853500941541,25
xd,-95.60942210634242,11.39057789365758,25
hs,-23.429117463312295,43.570882536687705,25
hh,-14.160121058128853,67.83987894187115,25
uv,-79.54805966926796,76.45194033073204,25
la,-56.77878550784857,72.22121449215143,25
fl,-95.73214364156522,10.267856358434779,25
ob,-85.2128034939791,19.787196506020912,25
yv,-62.01405108095703,1.985948919042971,25
yx,-63.64539463772237,52.35460536227763,25
va,-7.96983716244781,66.03016283755218,25
rw,-23.512246777423595,95.4877532225764,25
ew,-44.624455637605415,6.375544362394586,25
nu,-54.744064989165416,79.25593501083459,25
ec,-64.20116820771389,66.79883179228611,25
sy,-80.71249104421406,38.287508955785945,25
lw,-75.5432747158908,44.456725284109204,25
vd,-93.60634223768403,72.39365776231597,25
zx,-80.4772001016109,0.5227998983890904,25
fp,-26.200779888061994,51.799220111938006,25
zh,-42.36048410310323,58.63951589689677,25
va,-50.030174722335644,83.96982527766436,25
lp,-51.487547770127726,94.51245222987228,25
md,-85.3658694043604,47.634130595639604,25
qq,-60.64896866648546,76.35103133351454,25
pv,-40.61392360854518,17.386076391454825,25
pz,-81.47721086748281,91.52278913251719,25
cp,-88.4174370674792,67.5825629325208,25
ns,-58.63331825748832,77.36668174251167,25
yu,-14.104893418116818,65.89510658188318,25
xt,-4.445780184964576,80.55421981503542,25
xs,-12.77183243840418,14.22816756159582,25
bi,-68.38528742688679,79.61471257311321,25
nm,-75.54051572846979,22.459484271530215,25
eg,-27.107450277834577,15.892549722165423,25
lg,-92.06298356329816,94.93701643670184,25
pg,-49.84883486279702,57.15116513720298,25
ar,-57.509335029162706,72.49066497083729,25
cj,-85.81237805538046,10.18762194461954,25
kc,-81.522931911007,17.477068088992997,25
oq,-29.467181448493157,18.532818551506843,25
gu,-20.614567507682832,55.385432492317165,25
ko,-12.96948900243765,96.03051099756235,25
mo,-58.70787213785996,4.292127862140042,25
ik,-82.52608810044707,25.47391189955293,25
hf,-28.825469143799054,20.174530856200946,25
hm,-52.3096380185365,81.6903619814635,25
rx,-37.78105976046268,91.21894023953732,25
in,-60.945181299043334,4.05481870095667,25
gc,-10.553010419593063,88.44698958040694,25
li,-60.74843965965016,64.25156034034984,25
mj,-64.365923368583,17.63407663141701,25
de,-80.34713927752591,4.652860722474084,25
tb,-91.76691546251044,59.23308453748955,25
ie,-80.51720082717655,52.482799172823455,25
gp,-33.047236711768356,1.9527632882316466,25
ir,-58.963661822373346,44.036338177626654,25
yv,-47.0515229966104,32.9484770033896,25
rg,-11.302800804876789,47.69719919512321,25
ss,-67.6012833929196,91.3987166070804,25
tl,-30.102616885718046,43.89738311428195,25
oe,-58.43800253663087,53.56199746336913,25
wo,-38.526985151148075,14.473014848851925,25
sp,-51.10404523897729,23.895954761022708,25
af,-38.40060966745919,23.599390332540807,25
eq,-38.07623750479719,91.92376249520281,25
qn,-64.86975060398917,13.130249396010818,25
cv,-43.204939954651,2.7950600453489973,25
ip,-35.92016522687843,53.07983477312157,25
ab,-97.94558310819399,66.05441689180601,25
ov,-3.4742270159235384,66.52577298407647,25
gl,-87.65015789040757,5.349842109592428,25
ii,-20.540805797764897,9.459194202235105,25
ym,-33.76566305925003,1.2343369407499678,25
vn,-54.95216570766391,35.04783429233609,25
eh,-10.450730226910421,24.54926977308958,25
yi,-35.117025986862416,5.882974013137587,25
cf,-79.63431723058832,80.36568276941168,25
ut,-41.041937811726875,98.95806218827312,25
tf,-19.92058585172178,93.07941414827822,25
xy,-49.26810251221577,92.73189748778422,25
uq,-59.90978084557703,48.09021915442297,25
ix,-19.154374209605567,43.84562579039443,25
fi,-35.2080096945385,24.791990305461503,25
ka,-52.71454161306994,52.28545838693006,25
cf,-73.70521319034516,80.29478680965484,25
th,-79.86015275247605,8.139847247523942,25
ja,-74.72116097147004,50.27883902852996,25
jf,-37.70652318041191,2.2934768195880926,25
ab,-65.60333052458016,83.39666947541984,25
mz,-63.260824858303096,57.739175141696904,25
pm,-22.85273292355696,10.14726707644304,25
zh,-29.67642422106992,33.32357577893008,25
pj,-36.3214236171873,25.6785763828127,25
ci,-33.79663477289677,25.203365227103223,25
ds,-69.5773679995488,60.422632000451195,25
ko,-64.00471705974533,65.99528294025467,25
st,-90.42849638490532,53.571503615094684,25
na,-89.79309139597052,61.20690860402948,25
ew,-56.37179928648228,31.62820071351772,25
ee,-29.094222406371514,81.90577759362849,25
yz,-66.64956660460618,92.35043339539382,25
rr,-7.162763152693077,83.83723684730693,25
ue,-28.36882637674234,34.63117362325766,25
ln,-62.130905067182525,44.869094932817475,25
vg,-71.16161815018192,70.83838184981808,25
iy,-66.48285820104215,21.517141798957844,25
ge,-30.997071315384073,95.00292868461592,25
rx,-80.08251499937826,22.91748500062174,25
gq,-8.651003351589639,77.34899664841036,25
my,-96.60227493175331,86.39772506824669,25
tu,-34.69018652968123,55.30981347031877,25
dn,-5.527201890492437,22.47279810950756,25
lx,-42.92165957963366,95.07834042036633,25
ft,-3.4769699764857878,13.523030023514213,25
ev,-2.415714731998303,83.5842852680017,25
hy,-56.13134446075016,50.86865553924984,25
re,-45.45584529194694,92.54415470805306,25
em,-89.74933611203282,58.25066388796717,25
oo,-68.0590680153304,92.9409319846696,25
qe,-7.001282521557034,93.99871747844297,25
py,-12.99891141630131,8.00108858369869,25
fb,-11.30910880591476,21.69089119408524,25
ya,-64.49834161068037,52.50165838931963,25
gf,-36.56157386201902,12.438426137980986,25
vv,-4.1246428285581755,26.875357171441824,25
lz,-69.68999888300672,98.31000111699328,25
iq,-4.341215640679607,43.65878435932039,25
kt,-86.62110391273698,38.378896087263016,25
ki,-53.59579674336277,19.404203256637228,25
ng,-5.886742797468864,66.11325720253113,25
ry,-9.749668554217719,58.25033144578228,25
kz,-3.7974775914921195,41.20252240850788,25
zz,-58.02259462083847,50.97740537916153,25
pz,-7.1370796691091885,34.86292033089081,25
lt,-14.250179183279327,89.74982081672067,25
db,-36.69365506646394,96.30634493353605,25
ar,-41.63048471921834,55.36951528078166,25
uq,-41.310261774130254,13.689738225869748,25
uh,-44.73935851395246,7.260641486047543,25
fn,-60.16192635541645,80.83807364458356,25
za,-69.77416928537316,48.22583071462684,25
oo,-27.604505755507493,41.39549424449251,25
pe,-93.41118115192349,70.58881884807651,25
li,-62.04294551838346,89.95705448161654,25
qi,-25.27770206869349,98.72229793130651,25
ge,-48.68789879317688,89.31210120682312,25
ag,-51.35617340674262,89.64382659325737,25
zj,-33.03275278387304,17.967247216126957,25
lb,-21.10371700676664,52.89628299323336,25
xd,-96.42275658288774,18.57724341711225,25
tr,-21.77430798763418,6.225692012365821,25
rc,-25.138612384382945,2.8613876156170543,25
xv,-0.5628885748751279,82.43711142512487,25
ls,-58.713643094450035,33.286356905549965,25
qe,-37.221210490318164,90.77878950968184,25
rl,-33.65511006407939,61.34488993592061,25
dv,-2.0488688247387277,23.95113117526127,25
ja,-43.495048322637246,60.504951677362754,25
ol,-42.80768139534436,37.19231860465564,25
yd,-11.883843875430356,94.11615612456964,25
qk,-81.64826220187727,96.35173779812273,25
an,-87.95906503119171,44.04093496880829,25
ww,-93.29901443792976,50.70098556207024,25
fx,-90.10056928238973,8.899430717610267,25
py,-58.37814738916191,84.62185261083809,25
un,-10.028311359149175,23.971688640850825,25
ic,-92.22951049730486,70.77048950269514,25
pq,-53.35370687813448,57.64629312186552,25
ha,-84.84927518274117,87.15072481725883,25
dr,-1.5075094972111023,3.4924905027888977,25
mv,-56.152751090088344,47.847248909911656,25
em,-68.14197842698913,7.85802157301088,25
wg,-66.85295901804672,22.14704098195328,25
dz,-51.228499553419915,16.771500446580085,25
cq,-88.70707435640915,69.29292564359085,25
sa,-58.4042050954118,22.595794904588203,25
yl,-90.79351286497678,86.20648713502322,25
np,-31.107636031912484,52.892363968087516,25
kb,-14.86408383223083,37.13591616776917,25
ip,-32.819747878893715,70.18025212110629,25
yi,-6.335512620163413,57.66448737983659,25
ok,-70.69276799756173,6.307232002438264,25
bn,-66.35061292314526,29.649387076854737,25
pd,-45.43751550134675,39.56248449865325,25
wv,-94.77817656507126,43.22182343492874,25
in,-85.97366305609506,6.026336943904943,25
ln,-24.706235191804637,83.29376480819536,25
vd,-29.742933403480244,0.25706659651975694,25
dh,-16.906621910378732,67.09337808962127,25
dc,-17.669133045373126,26.330866954626874,25
fb,-30.38964027242016,73.61035972757983,25
sg,-81.97084217434437,9.02915782565563,25
fg,-86.60455843957776,54.395441560422235,25
ep,-0.3381363640487084,47.66186363595129,25
vh,-78.78035764151215,88.21964235848785,25
yr,-79.20777492968122,98.79222507031878,25
gi,-30.447574980978104,32.552425019021896,25
om,-42.636397748774954,46.363602251225046,25
er,-72.93286705251676,29.067132947483245,25
rs,-43.69960203864518,4.300397961354816,25
oh,-92.92897381769359,23.07102618230641,25
ge,-43.590678646331156,35.409321353668844,25
qs,-97.11286740367774,88.88713259632226,25
mw,-24.981386536554407,49.01861346344559,25
pf,-71.81861630790854,56.18138369209145,25
yk,-31.081638407827548,17.918361592172452,25
nu,-29.71705520402466,2.28294479597534,25
lt,-48.38640223519492,32.61359776480508,25
mf,-57.068980742270575,74.93101925772942,25
gw,-22.900947332211825,92.09905266778817,25
ls,-12.309329613000074,48.690670386999926,25
fj,-47.2571908390264,37.7428091609736,25
cd,-11.444893717172723,85.55510628282728,25
kc,-4.042108470311051,40.95789152968895,25
zs,-87.22277972676453,32.777220273235464,25
ar,-59.59464590672963,91.40535409327038,25
rc,-20.23684215885247,5.763157841147532,25
bc,-63.756711223531944,93.24328877646806,25
la,-51.38481890416559,51.61518109583441,25
hl,-62.9316262270527,4.068373772947298,25
yo,-56.96213399583352,38.03786600416648,25
uv,-67.74799959050375,83.25200040949625,25
lo,-92.1680638172223,49.831936182777696,25
bm,-1.5409566865768154,72.45904331342318,25
bf,-61.721201925133634,5.2787980748663665,25
oe,-45.37777521357165,29.62222478642835,25
lw,-12.120160537107713,52.879839462892285,25
ch,-66.43687387857969,89.56312612142031,25
ox,-69.92626871023137,36.07373128976864,25
tk,-84.15025502051117,70.84974497948883,25
jx,-1.2104639423822596,76.78953605761774,25
wv,-71.80839844549008,14.191601554509917,25
kd,-32.43653172019516,55.56346827980484,25
cw,-17.820332573139336,11.179667426860666,25
oh,-1.052070835457985,20.947929164542014,25
dj,-77.99996061156229,12.000039388437711,25
yy,-5.5060669372742135,75.49393306272579,25
sx,-59.337639770870936,38.662360229129064,25
vi,-49.16568465932612,29.834315340673886,25
di,-35.01710963333831,23.982890366661692,25
ox,-26.528201998065956,51.47179800193405,25
lq,-74.96121923921669,37.03878076078331,25
lk,-82.3693899687256,1.6306100312744078,25
qh,-85.21178531637169,86.78821468362831,25
bu,-2.485162846755273,52.51483715324473,25
dd,-72.43241027456062,8.56758972543938,25
ze,0.11108344586730501,65.11108344586731,25
ik,-78.57886665440589,75.42113334559411,25
ee,-46.650538107886305,65.3494618921137,25
yx,-76.25698432790601,5.743015672093996,25
hx,-67.22522944784438,89.77477055215562,25
gz,-36.20544974447385,32.79455025552615,25
tk,-67.1271016798842,10.872898320115793,25
ag,-22.853712365576044,67.14628763442396,25
vh,-49.444926048565904,82.5550739514341,25
xi,-14.275818819526684,7.724181180473316,25
pf,-33.75959383825853,56.24040616174147,25
dz,-56.84894110463738,12.151058895362619,25
pw,-76.10806649143984,65.89193350856016,25
sc,0.9553382873998417,45.95533828739984,25
fc,-1.4331859424741387,97.56681405752586,25
ff,-63.82871391269983,77.17128608730016,25
nw,-55.11450436394469,49.88549563605531,25
wc,-49.98537058042068,18.014629419579325,25
ed,-21.559732612423,89.440267387577,25
pb,-37.31552101231067,62.68447898768933,25
nb,-69.39725810777048,5.602741892229515,25
ju,-51.335641806035085,91.66435819396492,25
