ku,-68.81937207543876,14.180627924561234,25
ph,-93.67799102020344,5.3220089797965695,25
go,-62.12072752594212,58.87927247405788,25
ox,-82.27525809193256,19.724741908067436,25
pq,-32.21762292927516,30.782377070724838,25
mk,-52.33748225486624,67.66251774513377,25
id,-13.49269633352483,34.50730366647517,25
ut,-22.293369006977574,29.706630993022426,25
of,-68.65305217642782,18.34694782357218,25
xk,-60.8112138387655,63.1887861612345,25
nm,-10.003172366608071,50.99682763339193,25
vc,-11.094462916740373,50.905537083259624,25
ml,-70.68939867129298,85.31060132870702,25
gz,-51.89396163665998,18.10603836334002,25
aj,-77.64529283151246,84.35470716848754,25
ml,-24.90281496119676,53.09718503880324,25
fz,-91.1045199534757,71.8954800465243,25
xb,-95.90898270847553,41.09101729152447,25
ef,-47.002538721459246,5.997461278540757,25
ke,-96.38979661677145,35.610203383228544,25
ga,-80.70818956740484,33.291810432595156,25
vu,-2.041474297276722,98.95852570272328,25
fa,-93.4485403175124,24.551459682487607,25
vg,-52.87347496318033,72.12652503681967,25
xh,-47.04841619461373,58.95158380538627,25
mo,-45.018035391489306,57.981964608510694,25
yn,-10.155844977781872,50.84415502221813,25
bo,-44.08801211329346,11.911987886706545,25
un,-3.8725264469711025,60.1274735530289,25
oc,-23.23425552886278,24.76574447113722,25
yb,-13.674001052164677,8.325998947835323,25
al,-87.44267997171693,9.557320028283073,25
vm,-69.01384878560978,34.98615121439022,25
yt,-90.79171830869089,25.208281691309104,25
qu,-4.092824025882845,41.90717597411715,25
yw,-41.594998383186876,7.405001616813124,25
ja,-69.15602939302894,87.84397060697106,25
jk,-0.9167429304322511,37.08325706956775,25
qa,-63.63477028146615,3.3652297185338456,25
xp,-83.62411368095813,23.375886319041868,25
hh,-93.9885381760654,23.01146182393459,25
do,-79.1488562450203,91.8511437549797,25
tx,-50.83667179674435,26.163328203255652,25
yr,-12.584114876608174,53.415885123391824,25
ae,-60.994207701439734,1.0057922985602628,25
rs,-70.63113295239063,98.36886704760937,25
at,-70.27928570228946,33.720714297710536,25
ei,-16.57489464991514,36.425105350084856,25
lo,-77.60294595246081,14.397054047539182,25
lk,-69.84972332280829,91.15027667719171,25
xn,-82.33542144022901,70.66457855977099,25
ca,-42.46137291175532,63.53862708824468,25
xt,-37.94864537532769,5.0513546246723084,25
re,-43.32050904526372,86.67949095473628,25
jm,-61.606293621220274,93.39370637877973,25
tx,-30.409253756644794,26.590746243355206,25
jp,-77.44018895688659,12.559811043113413,25
ew,-94.41054551603894,10.589454483961065,25
qx,-78.32342779150439,10.676572208495609,25
cs,-24.149308164489923,65.85069183551008,25
ae,-38.25038042059843,75.74961957940157,25
lr,-82.74996775652748,24.25003224347251,25
nt,-17.260675422036044,70.73932457796396,25
fd,-24.223106589479677,67.77689341052032,25
cm,-97.74034814531598,95.25965185468402,25
os,-60.08942952121231,27.91057047878769,25
kp,-41.455336589256724,45.544663410743276,25
mh,-35.677585732061104,38.322414267938896,25
xe,-67.53502461425558,46.464975385744424,25
vs,-82.16981279299668,60.83018720700331,25
vc,-32.98523270888948,97.01476729111053,25
pj,-29.31167302212116,52.68832697787884,25
vp,-84.4083445551172,37.591655444882804,25
kx,-2.8789803887946084,95.1210196112054,25
ts,-51.26096637113255,84.73903362886745,25
wb,-71.66170682960554,1.3382931703944694,25
oa,-45.23957195254621,37.76042804745379,25
wj,-54.08788401913632,71.91211598086369,25
xe,-9.27483104902809,9.72516895097191,25
tq,-5.6464696164231265,15.353530383576873,25
pf,-49.494146762052196,65.5058532379478,25
xv,-90.67056879202597,88.32943120797403,25
ub,-54.37663899800034,42.62336100199966,25
ao,-61.29114807695664,83.70885192304335,25
go,-93.34119843235058,30.65880156764942,25
ui,-17.56857314173294,59.43142685826706,25
uy,-38.82934700282055,55.17065299717945,25
og,-23.532430937381,41.467569062619,25
gi,-60.13653411627415,35.86346588372585,25
py,-17.911919527910488,17.088080472089512,25
ot,-71.90488266423667,14.095117335763327,25
ne,-1.5448184502855522,75.45518154971445,25
kw,-74.08660422293042,32.91339577706958,25
dp,-74.15973910382374,42.840260896176254,25
hh,-17.437066446343973,87.56293355365602,25
dp,-35.904022338895416,72.09597766110458,25
gd,-44.89828392595586,81.10171607404413,25
du,-62.56511990993736,24.43488009006264,25
zj,-27.773416255639763,97.22658374436024,25
ly,-41.664661391316294,28.335338608683703,25
pu,-13.017150111406302,37.9828498885937,25
bh,-67.4096354195795,24.59036458042049,25
dk,-82.65680888714773,72.34319111285227,25
dp,-70.2243429797033,72.7756570202967,25
fb,-17.242968873195583,35.757031126804414,25
ca,-28.283174791412844,70.71682520858715,25
nj,-49.247765463474245,85.75223453652576,25
lj,-68.54038878209515,52.45961121790485,25
md,-33.724953441562405,16.275046558437595,25
sa,-11.60702616614267,52.392973833857326,25
tj,-78.31196862488474,34.68803137511526,25
ib,-72.05272166534516,86.94727833465484,25
ym,-56.51984190519636,58.48015809480364,25
qo,-10.326019788849324,7.673980211150676,25
sk,-4.1402750706156874,33.85972492938431,25
em,-72.01474102465465,76.98525897534535,25
kb,-70.67413878448978,11.325861215510214,25
wo,-6.184367542737444,35.81563245726256,25
vt,-49.57351553821176,83.42648446178823,25
rt,-28.15446854669864,23.84553145330136,25
uu,-65.2448654920249,59.7551345079751,25
cq,-62.407873537638665,82.59212646236134,25
hr,-35.72966721075719,25.27033278924281,25
sr,-75.31829551693825,40.68170448306174,25
qx,-28.209714875043026,69.79028512495698,25
la,-3.2670621787431897,90.73293782125681,25
mx,-4.668332542922767,8.331667457077232,25
bx,-80.30221044978154,75.69778955021846,25
lv,-2.089648947416093,60.910351052583906,25
pm,-97.37275763780534,54.62724236219466,25
hi,-95.43451710927897,90.56548289072103,25
as,-48.78314799334675,53.21685200665325,25
kj,-77.9873387548858,69.0126612451142,25
mv,-51.444054128089235,81.55594587191077,25
jg,-49.41187831851729,52.58812168148271,25
nt,-62.379699261367016,80.62030073863298,25
dq,-66.7501244764467,58.24987552355329,25
uj,-39.44137459595896,11.558625404041035,25
cm,-59.29579529489795,66.70420470510204,25
at,-8.438646676184568,43.56135332381543,25
zp,-87.19640649746158,57.80359350253841,25
jt,-35.20417633125778,2.7958236687422233,25
kd,-82.13287435443235,47.86712564556765,25
eo,-93.65529303186477,68.34470696813523,25
im,-48.30662577872268,77.69337422127732,25
ep,-16.171461448450543,89.82853855154946,25
ja,-66.24605697978676,98.75394302021324,25
rv,-43.70057948703367,0.2994205129663283,25
hd,-96.88072639144184,80.11927360855816,25
rw,-9.059796536053511,86.94020346394649,25
zr,-75.2526064129177,21.747393587082303,25
yk,-51.76424013973139,50.23575986026861,25
nx,-84.74098095087425,1.2590190491257527,25
tv,-38.72673396787807,35.27326603212193,25
vh,-58.53773853592736,12.46226146407264,25
ia,-50.6273666924403,64.37263330755971,25
xg,-87.31216717608157,73.68783282391843,25
wl,-30.195623029891816,9.804376970108184,25
zp,-76.60828803037478,9.391711969625224,25
pl,0.8773831641721413,19.87738316417214,25
tl,-80.87992746421045,58.12007253578955,25
pz,-2.619400623988431,34.38059937601157,25
on,-49.49868035263319,90.50131964736681,25
gm,-0.32837555520553685,67.67162444479446,25
ji,-46.57126881545365,33.42873118454635,25
ac,-27.08522633844275,54.91477366155725,25
qw,-53.35459796879792,2.6454020312020825,25
tk,-91.68795668998769,95.31204331001231,25
nf,-19.94660828850616,42.05339171149384,25
ow,-95.18219179257274,72.81780820742726,25
uh,-50.18139944818861,22.818600551811397,25
ov,-25.032733718772196,89.96726628122781,25
dj,-92.17968926932669,2.820310730673312,25
ao,-58.31558276193019,8.684417238069816,25
uh,-39.682389662414714,40.317610337585286,25
al,-73.36181911828653,9.638180881713472,25
rx,-71.75017813118056,57.24982186881943,25
xk,-67.75465633646196,20.245343663538033,25
dp,-57.474868407799406,55.525131592200594,25
zx,-34.99275848657331,74.00724151342669,25
da,-75.87042388724322,61.12957611275678,25
wq,-37.106068462377046,73.89393153762296,25
vi,-56.19284282188998,68.80715717811002,25
va,-40.77248060666185,96.22751939333814,25
wj,0.8174025213568092,95.81740252135681,25
en,-20.76833135741446,24.23166864258554,25
pk,-24.245189096810893,6.754810903189105,25
gt,-37.70534401116235,18.294655988837647,25
xu,-40.19692482918711,38.80307517081289,25
io,-66.72566989304462,84.27433010695538,25
rd,-2.804338696959188,26.19566130304081,25
ig,-28.747402158882963,5.252597841117038,25
mt,-56.892671176355854,8.107328823644146,25
dr,-14.708705453520292,53.291294546479705,25
qe,-36.668022887234315,81.33197711276568,25
yv,-58.54460709895342,48.45539290104658,25
jf,-88.32902977534967,91.67097022465033,25
qh,-84.52446436058025,62.47553563941975,25
ju,-78.61891117575709,7.381088824242902,25
hu,-77.34541388958459,56.65458611041541,25
qp,-48.61250741336889,14.38749258663111,25
ix,-83.21153932396243,91.78846067603757,25
pq,-0.6181031236481709,96.38189687635183,25
yc,-73.63040963986973,70.36959036013027,25
mq,-75.68363695026119,2.316363049738817,25
kw,-95.67615150608043,72.32384849391957,25
ce,-20.854348755786223,37.145651244213774,25
nm,-61.3156095932868,17.6843904067132,25
yd,-34.03894569207855,40.96105430792145,25
yd,-74.08405689320072,4.915943106799272,25
fj,-42.218801384753434,79.78119861524657,25
wz,-19.287226812047813,1.7127731879521875,25
lb,-17.84582525246617,27.15417474753383,25
xi,-23.826632454282187,91.17336754571781,25
qw,-45.929698125917945,91.07030187408206,25
db,-67.47806167928165,79.52193832071835,25
mb,-14.35021912384359,68.64978087615641,25
fl,-18.604451383423857,74.39554861657614,25
sx,-68.17034653449825,30.829653465501746,25
jk,0.9090750147197569,83.90907501471976,25
yp,-77.88714551581613,27.112854484183874,25
kc,-31.457409794332925,71.54259020566707,25
kr,-63.171989394795865,35.828010605204135,25
vr,-59.396453634570925,75.60354636542907,25
rb,-50.44802160204825,98.55197839795174,25
ot,-79.39776403050728,92.60223596949272,25
md,-32.99593003104983,21.004069968950166,25
wh,-22.355977850850685,72.64402214914932,25
tw,-47.5764112700341,94.4235887299659,25
ll,-51.38122084978749,33.61877915021251,25
ea,-89.69947238770428,65.30052761229572,25
hy,-47.25081774328808,98.74918225671192,25
cn,-49.175364413277485,97.82463558672252,25
sz,-5.008594306807758,38.99140569319224,25
wf,-25.370007274971698,25.629992725028302,25
qy,-6.149468707557066,45.85053129244294,25
kq,-81.92602192133558,54.07397807866442,25
og,-18.050089841180405,85.94991015881959,25
ga,-13.698045105437581,86.30195489456241,25
vb,-6.318538027063516,8.681461972936484,25
ia,-86.3937353366205,61.606264663379505,25
qo,-6.24728829392054,74.75271170607947,25
qi,-90.67590531536078,20.324094684639228,25
fz,-84.92755895929741,44.072441040702586,25
jc,-60.766603147790114,39.233396852209886,25
ec,-6.876633179191734,25.123366820808265,25
ki,-60.961721363781564,26.03827863621844,25
xr,-66.3404484839508,23.659551516049202,25
xe,-48.817963797869034,33.182036202130966,25
nj,-87.73753598103274,59.262464018967265,25
ie,-38.850275932792805,97.14972406720719,25
fq,-43.182208944760035,97.81779105523997,25
vo,-76.22313250067998,72.77686749932002,25
zf,-73.79494968426563,38.20505031573437,25
jn,-65.43791486385909,67.56208513614091,25
vp,-4.016159025998164,50.983840974001836,25
gu,-63.29104426133216,93.70895573866784,25
as,-56.32938125105706,30.670618748942946,25
xn,-41.09424841046037,33.90575158953963,25
rb,-97.69349940018928,83.30650059981072,25
om,-67.62264483564476,23.377355164355233,25
sa,-84.1776379781766,74.8223620218234,25
ur,-10.689342190694513,25.31065780930549,25
la,-87.79872581729514,69.20127418270486,25
lo,-40.409076972575775,97.59092302742422,25
zo,-47.17301057021088,12.826989429789123,25
nh,-96.91608477225107,74.08391522774893,25
ex,-53.47174663287352,26.52825336712648,25
jy,-78.29888308724902,32.701116912750976,25
gf,-48.928388987176895,4.071611012823105,25
ic,-52.173424137803906,41.826575862196094,25
bk,-30.941926205483885,50.05807379451611,25
lm,0.208426109103089,37.20842610910309,25
yk,-45.82865785308369,79.17134214691632,25
kl,-59.72848600568462,76.27151399431537,25
pk,-95.52966150755707,78.47033849244293,25
zf,-44.976466785205915,5.0235332147940825,25
un,-79.89296903158542,53.10703096841458,25
xf,-42.558168748884874,32.441831251115126,25
qf,-64.34602770378153,61.65397229621846,25
bj,-41.65299631818909,61.34700368181091,25
tr,-20.264780848042797,32.7352191519572,25
hi,-41.58977315212858,73.41022684787143,25
rz,-72.74892126255749,9.25107873744251,25
uj,-66.71484674079073,97.28515325920927,25
ch,-49.82663511098776,66.17336488901223,25
dz,-24.608749410209047,40.39125058979096,25
yi,-59.96887623539222,50.03112376460778,25
uy,-85.52966965241711,29.470330347582895,25
bt,-79.74000415923776,86.25999584076224,25
ic,-89.1284255047452,15.871574495254801,25
nv,-29.424063636219508,29.575936363780492,25
zx,-80.00911323407222,46.99088676592778,25
zj,-15.144894553306798,30.8551054466932,25
js,-46.39056367141019,68.60943632858981,25
xi,-84.27610333354602,45.72389666645399,25
zv,-94.5389289509004,98.4610710490996,25
mt,-93.58279621994039,53.417203780059616,25
ua,-73.46825246537819,42.53174753462182,25
wv,-72.83494986564736,80.16505013435264,25
el,0.05892447139938539,71.05892447139938,25
il,-44.970271899439055,72.02972810056094,25
fx,-12.159321280574932,83.84067871942507,25
wv,-33.34870809022168,94.65129190977832,25
op,-75.53819136639295,61.46180863360705,25
vb,-47.537008532643085,4.462991467356917,25
xw,-72.02579675639902,28.97420324360099,25
ju,-77.71936793524617,67.28063206475383,25
qf,-4.845372692115232,49.154627307884766,25
mb,-19.935184960069215,94.06481503993078,25
ok,-13.2619726687154,32.7380273312846,25
dz,-67.5168503687841,10.483149631215902,25
ns,-7.808253107717364,80.19174689228264,25
es,-0.8519401047051535,6.148059895294846,25
oi,-84.85058646712793,94.14941353287207,25
au,-75.03465771589438,7.965342284105615,25
zp,-1.538173345562901,96.4618266544371,25
dh,-59.347576240089346,28.65242375991065,25
ae,-92.0178633646294,40.982136635370594,25
ic,-45.57634914609908,98.42365085390092,25
kn,-0.35955765353977254,68.64044234646023,25
tf,-89.9314110052758,64.0685889947242,25
mp,-75.28541073057403,86.71458926942597,25
uv,-14.652911219276422,5.347088780723578,25
vi,-65.40432741934934,0.5956725806506584,25
rt,-80.5125661001449,16.4874338998551,25
vn,-47.07207203513869,42.92792796486131,25
qv,-28.89232017305113,50.107679826948875,25
md,-8.581173056227676,5.4188269437723235,25
zz,-78.61706881771882,84.38293118228118,25
ez,-34.84219315388916,93.15780684611083,25
oe,-14.338432417422839,49.66156758257716,25
yi,-17.506811317995382,82.49318868200461,25
xh,-14.507908414196462,59.492091585803536,25
of,-58.87895800825361,77.1210419917464,25
qg,-1.8067101247744963,87.1932898752255,25
jg,-6.31637429588501,58.68362570411499,25
md,-32.49778227059364,1.5022177294063597,25
er,-85.07579964843463,6.92420035156537,25
cb,-14.029029121676299,57.970970878323705,25
xw,-84.25048443479932,2.7495155652006886,25
cx,-76.26059420801947,14.739405791980532,25
dv,0.016608515560761816,11.016608515560762,25
wa,-58.387536713489865,44.612463286510135,25
rs,-82.22641840173654,23.77358159826347,25
ro,-55.014920958686446,71.98507904131355,25
ne,-41.76402530864111,67.23597469135889,25
nk,-38.004094330908906,8.995905669091092,25
aq,-25.181480395567437,35.818519604432566,25
ba,-57.02655442094889,25.973445579051113,25
jl,-42.10089992083125,95.89910007916875,25
nb,-70.894265073144,60.105734926856,25
ol,-2.303948657402665,62.696051342597336,25
zm,-45.89939920014514,42.10060079985486,25
qc,-28.75585678041037,48.24414321958963,25
ol,-65.3710268627945,54.6289731372055,25
rk,-3.0213558324847285,14.978644167515272,25
sg,-83.88491078976978,60.11508921023022,25
pf,-67.76788459441015,19.232115405589855,25
mz,-80.03560010661249,33.96439989338751,25
iy,-82.90157611265198,63.09842388734801,25
sy,-64.10563747239135,88.89436252760865,25
ki,-97.53109855720594,17.46890144279407,25
uj,-11.360224653340191,12.639775346659809,25
vl,-19.18477433654069,20.81522566345931,25
rn,-64.70919945521713,58.290800544782876,25
db,-42.80855738677928,7.191442613220723,25
iq,-32.10817629694133,7.891823703058668,25
ql,0.21416438056058618,21.214164380560586,25
gf,-7.553741171987504,87.4462588280125,25
qj,-70.31652853233693,34.683471467663075,25
jk,-65.63412144833127,63.36587855166873,25
db,-9.50278513085292,2.49721486914708,25
pw,-39.149557226389874,13.850442773610126,25
wm,-56.92478830392138,8.075211696078618,25
rl,-67.95284590371439,17.047154096285606,25
xq,-37.21007695701803,83.78992304298197,25
es,-92.56875784777773,74.43124215222227,25
ae,-21.687987201663795,38.312012798336205,25
gk,-89.72372947117677,38.276270528823225,25
nd,-72.80051998000245,16.199480019997555,25
tw,-58.64338879888505,92.35661120111496,25
lx,-50.787694259602404,69.2123057403976,25
in,-70.05167366876051,75.94832633123949,25
xm,-94.46383980076256,81.53616019923744,25
rn,-45.5239595544919,88.47604044550809,25
um,-59.10945591206859,77.8905440879314,25
vf,-69.32708729906632,90.67291270093368,25
oq,-41.58044771717201,19.419552282827997,25
qp,-27.470147496427305,69.5298525035727,25
bv,0.6069061767255868,67.60690617672559,25
qr,-81.10361456636389,70.89638543363611,25
wa,-81.98867292907843,8.011327070921562,25
aw,-61.95027783561528,69.04972216438472,25
cc,-86.39343854582579,6.60656145417421,25
lw,-13.705197955163419,31.294802044836583,25
wy,-40.664789428228865,1.3352105717711378,25
ke,-67.55924637874186,2.440753621258141,25
me,-26.103383148332494,8.896616851667504,25
bd,-64.00666002992992,11.993339970070085,25
ee,-36.50633632230662,25.49366367769338,25
lo,-42.29074503447196,26.709254965528036,25
rc,-36.172149886933695,18.827850113066308,25
bo,-9.22352895235073,96.77647104764927,25
af,-26.815019694598945,34.184980305401055,25
zz,-72.56946994779159,7.430530052208411,25
nw,-77.57388861315921,23.426111386840784,25
vu,-24.31751639718273,98.68248360281727,25
pv,-6.648583731563745,37.35141626843625,25
xr,-85.78058474994887,64.21941525005113,25
hk,-83.93565076352012,61.06434923647989,25
sn,-60.324299702252524,6.675700297747473,25
mq,-81.5170696364279,67.4829303635721,25
bo,-49.38644067615116,48.61355932384884,25
rc,-50.940422403252555,98.05957759674745,25
mf,-96.63890605219936,44.36109394780065,25
cq,-81.31882406528241,33.681175934717594,25
aj,-40.50749323455645,68.49250676544355,25
gk,-37.15110544427184,25.84889455572816,25
xd,-11.849465760438358,69.15053423956164,25
ys,-67.72481583752567,91.27518416247433,25
do,-43.088809433048816,34.911190566951184,25
jz,-42.149206489688595,74.8507935103114,25
qs,-33.525104685347976,26.474895314652024,25
qb,-29.683725628693807,78.31627437130619,25
lo,-35.4437044629983,74.5562955370017,25
ev,-73.633261261546,75.366738738454,25
ey,-16.01551738729587,63.984482612704134,25
ba,-6.993567898552031,85.00643210144797,25
uu,-11.892691854398441,13.107308145601559,25
zi,-8.086651478878633,49.91334852112137,25
zn,-19.11363210022411,61.88636789977589,25
sa,-69.36987923419488,58.630120765805124,25
tv,-92.79360602828122,40.20639397171878,25
mk,-67.32892953324458,40.67107046675542,25
lq,-19.53069230100538,93.46930769899463,25
ok,-24.78065222057842,65.21934777942158,25
dw,-63.30007554586468,81.69992445413531,25
vo,-80.54311710358695,51.45688289641305,25
yc,-4.982824721398359,18.01717527860164,25
zj,-53.46614916754342,6.533850832456578,25
wn,-39.7114794354407,84.28852056455929,25
eh,-2.919603337609959,52.080396662390044,25
ew,-48.73807873982296,64.26192126017703,25
rx,-55.85458552615641,24.14541447384359,25
fv,-93.96181367465846,94.03818632534154,25
fi,-70.51939828189099,93.48060171810901,25
dp,-30.76850931879622,43.23149068120378,25
ov,-81.28409159027996,92.71590840972004,25
gd,-39.94945619336118,58.05054380663882,25
kt,-60.561298555145235,69.43870144485476,25
ih,-13.924676970366804,60.075323029633196,25
fl,-24.59487901552624,25.40512098447376,25
jy,-30.92951131309536,74.07048868690464,25
oz,-81.83656418777629,70.16343581222371,25
es,-23.1721630590975,65.8278369409025,25
is,-37.30699494538499,77.69300505461501,25
to,-96.42415930766145,26.575840692338538,25
nb,-55.81621601743943,5.183783982560573,25
go,-61.685982338786026,76.31401766121397,25
pj,-25.69572353384125,67.30427646615875,25
xm,-23.561492964822264,58.438507035177736,25
bv,-50.561671831903936,5.438328168096066,25
jb,-14.86329110371226,96.13670889628774,25
rx,-80.74996932591631,42.25003067408369,25
wo,-95.37062429995406,18.62937570004594,25
fr,-10.623434194362357,92.37656580563764,25
bf,-24.16987712430178,32.830122875698216,25
er,-81.49701283770702,50.502987162292975,25
jz,-89.37936287500962,27.62063712499038,25
xd,-79.34624656241914,71.65375343758086,25
ki,-0.6520591617346597,77.34794083826534,25
rb,-45.20726599077151,78.7927340092285,25
jd,-77.73596076450721,37.26403923549279,25
ht,-72.86590877080984,66.13409122919016,25
za,-36.856292591267795,91.14370740873221,25
fu,-53.461168488970905,24.53883151102909,25
hs,-92.54573009259751,98.45426990740249,25
mb,-1.7748335637994965,44.2251664362005,25
fa,-24.69649737395828,15.303502626041718,25
ki,-58.72242605633318,67.27757394366682,25
ov,-13.4905547067705,62.509445293229504,25
ks,-9.03629330164901,23.96370669835099,25
go,-21.248576181415398,57.7514238185846,25
zs,-20.404632779774737,64.59536722022526,25
op,-44.95097031830332,4.049029681696679,25
na,-5.664731800751883,98.33526819924812,25
rv,-9.243266074455123,67.75673392554488,25
rh,-18.28036636417725,93.71963363582275,25
ru,-81.73638533649779,31.263614663502207,25
io,-56.49622620772899,62.50377379227101,25
cq,-50.101110783933365,23.89888921606664,25
nj,-71.83418367012358,25.165816329876424,25
ur,-27.139192227708524,59.86080777229148,25
hu,-79.94614314343072,32.053856856569276,25
gj,-71.8769840519083,74.1230159480917,25
tp,-91.48282916477488,57.517170835225116,25
xj,-76.05832694814325,39.94167305185675,25
oy,-21.692349134975554,19.307650865024446,25
fj,-12.853609887785273,61.146390112214725,25
pb,-40.8289734363626,82.1710265636374,25
dn,-0.8988784404873307,72.10112155951266,25
kn,-61.76143416710201,54.23856583289799,25
wt,-68.03186986587892,8.968130134121076,25
sn,-24.27454361838996,5.725456381610042,25
yp,-92.24769064957421,43.75230935042578,25
mu,-68.26272718014947,9.737272819850526,25
so,-96.69555463064104,5.304445369358955,25
ny,-1.994837172480749,81.00516282751926,25
ce,-65.27343214405441,74.72656785594559,25
iz,-13.639593322031727,90.36040667796827,25
bu,-76.66263796498053,54.33736203501947,25
lp,-52.44783003749087,84.55216996250913,25
kh,-93.69522355808634,35.30477644191367,25
vg,-85.33570179366168,72.66429820633832,25
th,-18.088457101923456,8.911542898076542,25
bk,-44.435169378282076,91.56483062171793,25
ql,-36.88013789648039,44.11986210351961,25
ny,-24.17245747559641,12.82754252440359,25
yq,-85.90116146669087,25.09883853330913,25
fl,-93.34192202899492,62.658077971005085,25
da,-57.3364540602592,59.6635459397408,25
sq,-93.04286767216118,82.95713232783882,25
jk,-12.127620555809438,32.872379444190564,25
by,-45.273512052338354,78.72648794766164,25
yb,-61.415561655904675,70.58443834409533,25
af,-14.056777453104417,9.943222546895583,25
zy,-38.23822839240293,36.76177160759707,25
cw,-31.712155513215937,11.287844486784063,25
ax,-83.0069466808374,57.99305331916259,25
za,-26.508461401380025,14.491538598619975,25
lj,-51.90727460822545,91.09272539177455,25
bt,-62.72500014478943,43.27499985521057,25
ex,-29.237738631554837,96.76226136844517,25
xs,-44.8382672205396,4.161732779460398,25
xf,-25.93632361690759,87.06367638309241,25
pa,-20.440135618124764,52.55986438187524,25
eb,-97.74045222465634,82.25954777534366,25
oo,-45.89972495947818,40.10027504052182,25
kp,-47.19413604681688,41.80586395318312,25
yg,-27.181085532349663,67.81891446765033,25
mr,-2.786770032618397,13.213229967381602,25
jb,-83.260997378887,75.739002621113,25
yn,-52.191671801203086,65.80832819879691,25
uh,-58.584045432078405,96.4159545679216,25
mz,-67.59207246801036,37.40792753198965,25
zf,-50.24029967930747,89.75970032069253,25
un,-59.234503753877426,96.76549624612257,25
ak,-34.888656844238945,51.111343155761055,25
hs,-71.12870834093815,42.87129165906185,25
yi,-53.69433868434864,17.305661315651363,25
wh,-24.80786847430595,12.192131525694053,25
jw,-76.16641983562592,69.83358016437408,25
ue,-72.61998685935896,87.38001314064104,25
du,-71.56669034568135,68.43330965431865,25
cn,-45.76192169254963,30.238078307450373,25
am,-52.142336736891515,68.85766326310848,25
vb,-19.013409525608054,67.98659047439195,25
su,-64.20846409869033,18.791535901309672,25
jg,-39.19872675661433,5.801273243385675,25
nr,-84.38186034892065,17.618139651079346,25
zc,-67.80975396264371,31.190246037356285,25
zb,-30.053725889046923,40.94627411095308,25
xy,-18.563663745615038,52.43633625438496,25
ls,-93.39582949445628,67.60417050554372,25
oy,-4.007726088872252,29.99227391112775,25
to,-72.02739278356455,28.972607216435442,25
ae,-80.37115852981181,52.62884147018819,25
sf,-85.90962519473663,51.090374805263366,25
xh,-22.301735604020116,44.69826439597988,25
yd,-80.76741335720547,68.23258664279453,25
dh,-62.67977099059337,90.32022900940663,25
vy,-66.73731632845494,25.26268367154506,25
oy,-87.84490110696035,36.15509889303965,25
bu,-34.429458254430415,83.57054174556959,25
md,-54.88278149819422,56.11721850180578,25
pt,-88.03773303542089,69.96226696457911,25
pl,-56.45186470111215,73.54813529888784,25
xe,-27.5331757887604,91.4668242112396,25
mt,-65.49440639794514,31.505593602054855,25
qk,-41.10610824900079,56.89389175099921,25
gy,-44.79207865495796,90.20792134504204,25
fm,-82.12720455554222,72.87279544445778,25
pg,-22.1301048213049,79.8698951786951,25
pu,-51.93153828786238,35.06846171213762,25
yb,-35.905126111951006,20.094873888048994,25
us,-19.718114590635725,87.28188540936428,25
bu,-23.689303467903947,38.31069653209605,25
qi,-22.61775720150285,53.38224279849715,25
ig,-93.05707716652327,90.94292283347673,25
ah,-89.98434223138533,4.015657768614676,25
kj,-53.243263853346136,4.7567361466538625,25
ax,-56.75427583385524,46.24572416614476,25
kx,-65.98595455082923,20.014045449170766,25
wv,-49.698126828254324,50.301873171745676,25
oc,-85.00482608252375,88.99517391747625,25
ul,-84.37390085322188,84.62609914677812,25
kd,-31.104305173949417,95.89569482605059,25
os,-34.717487141505664,86.28251285849433,25
kt,-5.010477236843078,84.98952276315693,25
vg,-35.57225002855143,71.42774997144858,25
li,-51.82520892154647,22.17479107845353,25
ni,-41.75063444806705,63.24936555193295,25
ok,-5.13975962448364,5.86024037551636,25
dw,-89.65344547350306,95.34655452649694,25
yy,-24.505203047774614,76.49479695222539,25
ia,-2.443327247636188,66.55667275236381,25
ac,-57.44628729345965,55.55371270654035,25
bq,-88.03940478995159,66.96059521004841,25
lz,-71.96889647590717,93.03110352409283,25
kf,-5.538565026390612,98.46143497360939,25
eb,-5.049654461596362,20.95034553840364,25
fu,-14.36820494300261,25.63179505699739,25
mm,-53.58269218134263,21.41730781865737,25
fq,-20.250303377238975,41.74969662276103,25
sw,-70.69729207392763,54.30270792607237,25
fr,-3.4172004600239063,27.582799539976094,25
xg,-46.30770145900358,18.69229854099642,25
py,-58.22749411353961,0.7725058864603901,25
td,-9.329571630750142,66.67042836924986,25
rw,-10.149403473259458,18.850596526740542,25
os,-18.300135708401346,43.69986429159866,25
xc,-2.8938822910185213,81.10611770898147,25
lr,-91.62074564655047,89.37925435344953,25
rk,-12.5429556039984,73.4570443960016,25
ph,-95.24725762460169,68.75274237539831,25
fw,-6.716392851190834,98.28360714880917,25
fg,-77.18711097169121,46.812889028308796,25
rs,-90.06703740079833,91.93296259920167,25
mk,-83.37220462579943,41.62779537420057,25
cg,-32.5592140431789,52.4407859568211,25
ua,-94.90716404135432,94.09283595864568,25
ir,-2.087311897272656,85.91268810272734,25
se,-82.48216126131896,59.51783873868103,25
sy,-20.937026522197073,61.06297347780293,25
hl,-24.496312733641574,10.503687266358424,25
xf,-23.36916508088295,80.63083491911705,25
lz,-5.033647155331739,41.96635284466826,25
xt,-51.31749859811035,79.68250140188965,25
wp,-35.309616367834536,83.69038363216546,25
rc,-36.99040998340617,3.0095900165938345,25
ap,-32.03769628992239,17.962303710077613,25
cf,-37.86738529231356,1.1326147076864432,25
nd,-81.67733234490449,35.32266765509551,25
mi,-64.37274263566428,93.62725736433572,25
jq,-10.636177842848936,14.363822157151064,25
wf,-25.129873249592816,84.87012675040718,25
ab,-11.522028815806053,81.47797118419395,25
cv,-69.17192808055776,93.82807191944224,25
lw,-74.41523444598393,3.5847655540160708,25
id,-42.545265007923604,42.454734992076396,25
ee,-72.4876030347961,90.5123969652039,25
gc,-42.887746141649046,22.112253858350957,25
ut,-38.100272860434835,93.89972713956517,25
te,-79.86217260890935,58.13782739109065,25
dr,-3.2443896527763076,44.755610347223694,25
ki,-35.87533232648231,17.124667673517692,25
ol,-0.6235903474013117,22.37640965259869,25
jw,-46.108537280583256,98.89146271941674,25
lo,-70.482560676964,71.517439323036,25
mw,-52.685289562695274,58.314710437304726,25
mv,-94.58480672555757,71.41519327444243,25
fq,-97.49910243907624,1.500897560923766,25
vg,-23.097435238395192,54.90256476160481,25
vn,-23.29970884634758,1.7002911536524183,25
qz,-71.8661682547015,18.13383174529849,25
qc,-13.223907419160035,9.776092580839965,25
kk,-72.78759929050362,65.21240070949638,25
ur,-77.88326054354145,81.11673945645855,25
cs,-57.592443183165564,20.407556816834436,25
pa,-18.47069622797085,17.52930377202915,25
tb,-57.023513519057595,97.9764864809424,25
wr,-63.47205995423466,64.52794004576535,25
za,-39.20920070421251,85.7907992957875,25
do,-72.1226577592034,29.877342240796594,25
iv,-59.59370879968039,66.40629120031961,25
dw,-7.056069627458501,6.943930372541499,25
av,-40.22087968430482,57.77912031569518,25
pg,-24.66195646645273,33.33804353354727,25
sq,-10.334689586776404,59.665310413223594,25
ql,-95.44352593560282,13.556474064397175,25
pp,-36.21189372418815,25.78810627581185,25
gb,-89.75445427335647,75.24554572664353,25
tq,-87.47698918797009,39.523010812029916,25
eh,-80.52175545798946,8.478244542010541,25
sl,-95.67438203722818,61.32561796277182,25
dx,-64.37644115555729,63.62355884444271,25
kk,-31.666534383094252,77.33346561690576,25
rz,-75.08162256218326,66.91837743781674,25
hc,-14.241154247582392,52.758845752417606,25
hv,-51.866871405374035,8.133128594625962,25
zp,-59.47282113054314,75.52717886945686,25
vy,-40.272683718068684,40.727316281931316,25
ov,-52.42970008137101,96.57029991862899,25
tf,-44.282788085162466,3.7172119148375327,25
zp,-95.97392329392477,31.02607670607523,25
qu,-64.59442132491739,89.40557867508261,25
av,-49.677026100331396,4.3229738996686065,25
yz,-74.32988976751282,44.67011023248718,25
kd,-58.72663189270147,7.273368107298533,25
nh,-96.46460028383191,71.53539971616809,25
ul,-46.7951513826817,30.204848617318298,25
pi,-58.04061791073575,13.959382089264254,25
fb,-42.76974348095541,62.23025651904459,25
iz,-50.34949760424378,24.650502395756217,25
yl,-55.344445674226705,7.655554325773295,25
ju,-48.523577017789144,79.47642298221085,25
pl,-54.70971572924358,90.29028427075643,25
xq,-68.22489787541562,98.77510212458438,25
cx,-64.77162408146236,84.22837591853764,25
rk,-60.24148660400694,88.75851339599306,25
kb,-66.66868568777642,9.331314312223578,25
bx,-2.759779287858958,36.24022071214104,25
fg,-28.522233231936784,74.47776676806322,25
eb,-66.00767076041636,0.9923292395836449,25
uz,-54.64165355008076,42.35834644991924,25
sj,-56.0851959078838,72.9148040921162,25
xu,-50.72948501712607,19.270514982873927,25
cl,-20.067706781215307,30.932293218784693,25
cu,-0.300029762670719,81.69997023732928,25
qf,-50.355959822016096,10.644040177983905,25
bc,-22.587720969023053,77.41227903097695,25
mp,-54.408585652682625,32.591414347317375,25
jz,-26.814077781421886,38.18592221857811,25
px,-80.50315338696394,77.49684661303606,25
cm,-62.26311033287535,59.73688966712465,25
du,-6.675247994775325,71.32475200522468,25
te,-91.28230601208323,86.71769398791677,25
cz,-33.64331767561735,77.35668232438266,25
vg,-78.62755855221653,45.37244144778347,25
wg,-72.373809870358,76.626190129642,25
il,-3.757226049575405,50.24277395042459,25
pe,-9.659378549161657,68.34062145083834,25
zf,-49.199326499311226,32.800673500688774,25
if,-81.61960645373757,8.380393546262418,25
wb,-69.82123410108487,41.17876589891513,25
oq,-89.61337452865912,82.38662547134088,25
hi,-54.03287252450985,82.96712747549014,25
ur,-13.34666395459863,62.65333604540137,25
sa,-82.31556637767018,61.68443362232983,25
fe,-26.43126894954963,92.56873105045037,25
of,-91.28396033362085,4.71603966637915,25
qr,-4.270330779605269,67.72966922039473,25
sc,-97.60199025192435,12.398009748075655,25
ru,-92.22979345162005,54.77020654837994,25
at,-71.92954261228319,2.070457387716818,25
kn,-13.742239868425496,12.257760131574504,25
ws,-56.24342664428987,13.756573355710131,25
pj,-79.54246886696271,84.45753113303729,25
cx,-96.34399217160798,6.656007828392027,25
ax,-46.81219752097489,57.18780247902511,25
om,0.3581243736410108,20.35812437364101,25
ax,-21.439241318969724,23.560758681030276,25
st,-61.19628942637051,94.80371057362949,25
td,-36.54969017870218,30.45030982129782,25
ah,-89.53136458677507,11.46863541322493,25
ob,-9.897169031160233,51.10283096883977,25
rr,-72.06747348707587,90.93252651292413,25
yy,-29.97382734369341,0.026172656306589825,25
eu,-45.64492309809198,29.35507690190802,25
nz,-27.59504207479532,73.40495792520468,25
oi,-30.636703068605748,68.36329693139425,25
fi,-53.76354808481464,16.236451915185366,25
sv,-9.350508275537631,32.649491724462365,25
uy,-96.99359879994887,22.006401200051123,25
at,-47.97178013519351,33.02821986480649,25
aa,-77.4256409425617,0.5743590574383004,25
yg,-1.9493763852030346,16.050623614796965,25
jq,-81.808990688387,58.191009311613,25
ej,-87.23219195333233,2.7678080466676653,25
uk,-36.1789792427563,95.8210207572437,25
gh,-96.00855586721276,9.991444132787233,25
xd,-92.76539978730665,89.23460021269335,25
sk,-33.239219629948636,14.760780370051364,25
hu,-30.68874926443405,23.31125073556595,25
tb,-97.72502367775066,75.27497632224934,25
at,-12.249507557331745,81.75049244266826,25
zw,-56.79531853577941,59.20468146422059,25
vx,-69.61363997934967,91.38636002065033,25
hs,-66.01564532421513,85.98435467578487,25
lz,-50.3514207644986,56.6485792355014,25
oc,-92.63605860406354,69.36394139593646,25
jb,-81.78002164697662,48.219978353023386,25
lp,-34.706773841021345,43.293226158978655,25
ek,-57.80223937233461,3.1977606276653874,25
sl,-60.93672160487546,92.06327839512454,25
jl,-45.64382829599581,25.356171704004193,25
pq,-10.970108703833017,85.02989129616698,25
zf,-79.26519863222859,87.73480136777141,25
zi,-57.11232070654698,53.88767929345302,25
db,-0.8475809765004415,3.1524190234995584,25
mb,-29.038875101765118,4.96112489823488,25
ja,-62.50244287466683,22.497557125333167,25
iu,-7.590963306637452,90.40903669336255,25
io,-65.77302945424483,55.226970545755165,25
uc,-44.438881487297955,56.561118512702045,25
bv,-9.572607528297116,4.427392471702885,25
jy,-56.72576950766765,67.27423049233235,25
cg,-31.07068813819087,46.929311861809126,25
nv,-92.33271006345383,91.66728993654617,25
ox,-55.58342619211655,3.4165738078834518,25
cg,-47.685672159222946,14.31432784077705,25
yt,-52.50079729844972,86.49920270155027,25
dl,-32.60845296080164,70.39154703919836,25
do,-20.687452451900914,3.312547548099088,25
vc,-29.687236337640297,48.31276366235971,25
we,-46.47126094323319,3.5287390567668115,25
yu,-43.97283422527551,21.027165774724484,25
ck,-74.17751061766029,37.82248938233972,25
zl,-82.32784244472859,3.672157555271408,25
mq,-27.19388127481346,98.80611872518654,25
uy,-90.81406071199719,11.185939288002817,25
gg,-51.05357225432972,19.946427745670274,25
rd,-40.489999926196404,29.510000073803596,25
tk,-59.21654722720219,62.78345277279781,25
rb,-95.7740554787258,24.225944521274194,25
lp,-6.036581006726368,59.963418993273635,25
bb,-14.79671813175699,43.20328186824301,25
uk,-18.86261433561594,23.13738566438406,25
ut,-8.803509427638687,61.19649057236131,25
tr,-82.8236483694781,7.1763516305219115,25
yk,-43.088253192746016,22.911746807253987,25
vi,-66.76927146659489,45.23072853340511,25
id,-25.561015535945963,94.43898446405403,25
mf,-60.96074617294666,14.039253827053335,25
ad,-57.31723035454912,29.68276964545088,25
or,-85.88000697891643,64.11999302108357,25
ko,-19.675128435723018,16.324871564276982,25
hs,-19.35565276844176,75.64434723155824,25
cp,-75.58113455286379,89.41886544713621,25
me,-94.41044636115394,97.58955363884606,25
se,-27.94798488090062,13.052015119099378,25
gm,-29.88503452045029,92.11496547954971,25
wv,-10.488463210953517,70.51153678904649,25
fe,-78.83981064150333,16.160189358496673,25
sj,-52.97948705989023,95.02051294010977,25
eu,-31.235601646496693,27.764398353503307,25
tu,-24.425017332297404,65.5749826677026,25
fx,-23.650956008514648,79.34904399148535,25
yx,-3.6545214128988066,75.3454785871012,25
qt,-60.74657108012611,97.2534289198739,25
zg,-46.71658919946799,47.28341080053201,25
lj,-63.54684601389118,97.45315398610883,25
yt,-53.73150677790668,2.2684932220933165,25
re,-8.34524783838022,27.65475216161978,25
wx,-15.542695110132621,22.45730488986738,25
vq,-45.403385518950444,6.596614481049557,25
ol,-22.890408071291386,9.109591928708612,25
ne,-34.41286614184355,80.58713385815645,25
nk,-86.18548210870571,62.81451789129429,25
ty,-57.16931558023417,31.830684419765834,25
zp,-75.64669966543002,62.35330033456998,25
ag,0.1529776752322699,85.15297767523226,25
rp,-51.94042206802742,72.05957793197258,25
ml,-84.09780928375282,38.902190716247176,25
bp,-89.61964077943705,42.38035922056295,25
yz,-38.05969961288176,29.940300387118242,25
ut,-34.48353536017293,12.51646463982707,25
jb,-83.23356990949165,90.76643009050835,25
ha,-13.419250683079254,74.58074931692074,25
nb,-38.570598935571915,89.42940106442808,25
jc,-41.08772261120668,2.91227738879332,25
rg,-24.277494149285896,19.722505850714104,25
qy,-80.70726924169313,29.29273075830688,25
ek,-7.954298841899499,66.0457011581005,25
ko,-4.707380493175084,69.29261950682492,25
dk,-97.63655768964622,34.363442310353776,25
ef,-95.91305278582698,19.086947214173023,25
ck,-88.58061115562569,1.419388844374308,25
ae,-62.82873477092368,24.171265229076322,25
ue,-87.31540425722788,64.68459574277212,25
wd,-69.49148150611448,85.50851849388552,25
eh,-95.12748762760583,98.87251237239417,25
fi,-7.8753141489430405,62.12468585105696,25
it,-1.7506652182187077,25.249334781781293,25
jm,-11.67513528106891,58.32486471893109,25
jk,-30.417853917826637,86.58214608217337,25
ux,-10.536852870866296,85.4631471291337,25
mo,-90.8075935763294,45.192406423670604,25
rb,-22.516717294292512,12.48328270570749,25
hu,-0.8614204428650588,38.13857955713494,25
am,-38.516975029719255,48.483024970280745,25
cj,-77.64362413106672,29.356375868933284,25
ql,-42.71559919976639,11.284400800233612,25
gi,-46.8567290177892,98.14327098221081,25
hb,-4.338056934521044,97.66194306547895,25
xg,-6.482752346367933,10.517247653632067,25
bg,-43.165706184636335,86.83429381536367,25
tx,-45.41800257373153,74.58199742626847,25
re,-45.52417678482772,40.47582321517228,25
jd,-5.940366138390533,42.05963386160947,25
qc,-37.24870232854587,88.75129767145413,25
ec,-12.397290688448107,41.60270931155189,25
jz,-83.22855296233503,43.77144703766496,25
nr,-79.2197424166268,40.780257583373206,25
qd,-59.135667416594046,75.86433258340595,25
jl,-25.369265772766315,54.63073422723368,25
fu,-96.87308764562967,6.126912354370335,25
cr,-31.162765343659057,86.83723465634094,25
ri,-61.180624221821205,1.8193757781787943,25
sr,-84.27028802430316,26.729711975696848,25
qj,-31.239158996561994,86.760841003438,25
fm,-96.81421575353032,43.18578424646967,25
lv,-86.70801891248274,8.291981087517254,25
in,-2.1476415487882985,65.8523584512117,25
tp,-52.180046101151554,90.81995389884844,25
au,-54.685419714026,70.314580285974,25
ys,-82.83459910834281,44.16540089165718,25
iz,-25.04378599621851,84.95621400378148,25
so,-63.36799433630566,62.63200566369434,25
ev,-63.250146074035314,1.749853925964684,25
lp,-80.15085126556988,88.84914873443012,25
rj,-97.04495669747709,97.95504330252291,25
vm,-87.48253736009717,49.51746263990284,25
fz,-41.83360694594392,24.166393054056083,25
yq,-12.0821936741752,46.9178063258248,25
rn,-24.295152244547207,73.70484775545279,25
ky,-92.5459899422564,53.4540100577436,25
zs,-91.26990846133019,84.73009153866981,25
ec,-59.91570002475502,86.08429997524497,25
ck,-23.888833075038843,76.11116692496115,25
us,-90.50248796960273,38.497512030397274,25
qa,-43.64815712212485,63.35184287787515,25
ht,-14.078792651256526,97.92120734874348,25
il,-0.02065534867431207,60.97934465132569,25
xi,-63.2825287322775,35.7174712677225,25
dl,-87.69478683785972,66.30521316214028,25
pb,-9.612531962074396,97.3874680379256,25
lq,-17.727346726920054,41.272653273079946,25
je,-26.757280315700484,46.242719684299516,25
nl,-66.91060540486471,67.08939459513529,25
mq,-68.3847218488398,88.6152781511602,25
vi,-34.979328841163905,88.0206711588361,25
jr,-20.330040887209318,68.66995911279068,25
fm,-81.13333183089432,82.86666816910568,25
rw,-5.40189166794507,48.59810833205493,25
gq,-60.359201320863335,45.640798679136665,25
jk,-69.11834228626532,65.88165771373468,25
he,-45.34467884529396,94.65532115470604,25
sw,-49.297186005349744,61.702813994650256,25
em,-34.00405974989541,93.99594025010458,25
qj,-35.228900440297245,13.771099559702755,25
mr,-51.287265905737975,95.71273409426202,25
pb,-25.03111476165689,16.96888523834311,25
ur,-64.67500648409603,68.32499351590397,25
ta,-50.44184448076169,84.55815551923831,25
qe,-78.55611363136292,44.44388636863709,25
aq,-1.3170402060049842,93.68295979399501,25
dc,-24.154224809754226,91.84577519024577,25
cu,-10.470284365442701,90.5297156345573,25
ai,-92.17082617012768,72.82917382987232,25
ep,-74.4954783968927,73.5045216031073,25
bm,-15.013756482865487,93.98624351713451,25
pw,-82.54623942555222,87.45376057444778,25
zb,-4.51490773402421,36.48509226597579,25
dg,-33.03363343712242,18.966366562877578,25
yr,-62.68222306009487,88.31777693990513,25
fh,-49.739301009681995,6.260698990318007,25
ai,-57.80272041174313,93.19727958825688,25
ul,-20.19728468078362,65.80271531921638,25
rz,-78.29249967943507,13.707500320564938,25
wf,-90.44365568879093,39.556344311209074,25
px,-29.77388480600316,52.22611519399684,25
lk,-26.84598257477365,81.15401742522636,25
ml,-35.065741625412166,26.934258374587838,25
gq,-34.860023301119334,90.13997669888067,25
iw,-0.5457919930987819,18.45420800690122,25
vv,-28.20937190076488,60.79062809923512,25
ks,-42.02430529360159,54.97569470639841,25
dm,-83.71181756865232,6.2881824313476855,25
ve,-30.448799200093656,42.55120079990634,25
kt,-85.61114016252483,91.38885983747517,25
kg,-62.71497937545469,94.28502062454531,25
wd,-81.149136374056,63.850863625943994,25
zs,-70.65969559520323,52.34030440479677,25
mb,-29.30055758151745,14.699442418482553,25
qm,-10.943736169937532,68.05626383006246,25
ac,-88.87891780909581,53.12108219090418,25
sm,-30.746429719525302,77.2535702804747,25
xc,0.12118100794137254,50.121181007941374,25
vh,-50.919025547606104,48.080974452393896,25
jc,-81.99657031338586,10.003429686614137,25
yy,-85.42841326344524,14.571586736554767,25
qr,-94.21836561821283,54.781634381787164,25
vh,-90.77959475698431,41.2204052430157,25
oi,-25.976191057523028,19.023808942476972,25
af,-63.28053666571917,93.71946333428083,25
uu,-48.45317872671569,72.54682127328431,25
fl,-18.312937315957,61.687062684043,25
hw,-1.9051218778986225,96.09487812210138,25
sw,-21.510122842078584,72.48987715792141,25
cs,-29.15385041510455,74.84614958489544,25
ai,-85.15686810469387,28.843131895306122,25
pz,-40.88904753665428,26.11095246334572,25
tt,-71.90518545062424,40.094814549375755,25
vw,-1.692282073748145,61.307717926251854,25
zi,-75.92942491369789,60.070575086302114,25
ld,-76.03828576228638,57.96171423771362,25
gs,-79.1889943889156,61.8110056110844,25
tk,-87.51548283613883,83.48451716386117,25
lu,-6.811301397815415,43.18869860218459,25
