wo,-34.1158131884466,82.8841868115534,500
kd,-28.676725766469495,47.323274233530505,500
qm,-22.783842829700593,26.216157170299407,500
ze,-62.56393888632889,53.43606111367111,500
ij,-74.88586257486385,90.11413742513615,500
be,-13.809547928322328,3.190452071677672,500
ku,-43.94492666608372,16.055073333916283,500
kx,-93.71944149304538,5.280558506954626,500
wr,-34.038897821857844,87.96110217814216,500
gy,-53.09202116543801,55.90797883456199,500
iw,-32.26066422310689,66.73933577689311,500
os,-64.46372629339221,5.536273706607783,500
fd,-88.86481601488917,62.13518398511082,500
zs,-36.325167726377245,73.67483227362275,500
an,-30.351733563397804,52.6482664366022,500
zz,-21.72848450654695,64.27151549345305,500
jk,-78.64592853540421,69.35407146459579,500
ew,-18.72310551869002,40.27689448130998,500
wh,-10.401521937152001,92.598478062848,500
il,-46.53022913892762,14.469770861072378,500
dn,-43.94775641395372,7.052243586046283,500
sl,-11.661803937857224,59.33819606214278,500
gf,-61.67200093161652,9.327999068383479,500
tn,-48.7593358135253,85.2406641864747,500
mq,-11.641835666533991,34.35816433346601,500
vx,-58.06473185218489,39.93526814781511,500
ki,-90.41537294764544,63.58462705235456,500
bx,-41.820505745881206,20.179494254118797,500
ru,-27.24714777554002,64.75285222445999,500
cc,-40.52146804121639,63.47853195878361,500
mr,-18.81990505043279,58.18009494956721,500
oh,-5.94928704633519,93.05071295366481,500
qb,-55.53554647735713,29.464453522642874,500
sy,-45.5087252976465,72.4912747023535,500
dq,-26.397500629428297,32.6024993705717,500
yy,-72.34893108746391,87.65106891253609,500
ff,-46.06061710788351,72.9393828921165,500
aa,-53.01470268758815,40.98529731241185,500
ba,-36.93850331972146,93.06149668027854,500
od,-24.906676698719146,55.093323301280854,500
st,-80.3201627304549,28.6798372695451,500
am,-25.139421297486596,52.8605787025134,500
zy,-80.71278914253516,48.28721085746485,500
un,-94.3344415820563,92.6655584179437,500
hh,-43.22141978519509,62.77858021480491,500
bq,-92.42080567198819,27.579194328011805,500
uz,-1.1142783542233796,12.88572164577662,500
nj,-6.686700044758019,81.31329995524199,500
sw,-47.97082376072235,65.02917623927766,500
ho,-77.91402719889645,81.08597280110355,500
gs,-1.7903495653073829,86.20965043469262,500
pi,-9.57083047831273,68.42916952168727,500
ke,-0.23944569534075377,82.76055430465925,500
ez,-40.576607167154464,16.423392832845536,500
td,-94.78772274936362,4.212277250636371,500
yf,-52.11651308680727,29.88348691319273,500
ri,-92.68181685058768,80.31818314941232,500
fu,-21.714431734707464,35.28556826529253,500
ec,-56.992716010343074,29.00728398965693,500
ru,-7.298458956077027,28.701541043922973,500
kg,-85.21708184511655,84.78291815488345,500
ir,-9.481821677314917,51.51817832268508,500
fn,-32.23674023168156,16.763259768318445,500
wt,-65.9220233928071,84.0779766071929,500
va,-5.5122512763490805,13.48774872365092,500
yv,-39.873482606941124,50.126517393058876,500
hh,-35.0768302841461,11.923169715853904,500
xp,-95.70787517717767,90.29212482282233,500
nz,-96.82792017742621,91.17207982257379,500
az,-36.1436893624621,2.856310637537901,500
ri,-83.9851819740863,78.0148180259137,500
no,-74.04369851208502,0.9563014879149886,500
zj,-90.69083693865471,49.30916306134529,500
bb,-36.02182347253444,39.97817652746556,500
lv,-78.45820510196481,27.541794898035185,500
xt,-85.95133513562922,46.04866486437077,500
da,-6.5478352203642665,83.45216477963574,500
tn,-59.8201347435098,36.1798652564902,500
lx,-54.98647032645731,76.01352967354269,500
jm,-75.17062583230728,62.82937416769273,500
ug,-16.64574620749335,62.35425379250665,500
lr,-90.65025431674576,17.34974568325424,500
wn,-94.02230527668385,72.97769472331615,500
lt,-6.865856528069903,96.1341434719301,500
cj,-12.539130567385635,47.460869432614366,500
je,-48.406413680320874,58.593586319679126,500
ws,-44.01822180563939,95.9817781943606,500
vc,-3.4039705289860045,74.59602947101399,500
dc,-46.78474965806164,94.21525034193836,500
po,-57.590911988234645,96.40908801176536,500
nd,-95.2247854280455,33.775214571954514,500
bm,-79.93289635288478,6.0671036471152116,500
zw,-95.23396190813196,45.76603809186804,500
so,-29.766199380748063,93.23380061925194,500
cb,-39.51804472922342,91.48195527077658,500
he,-55.322475464548255,37.677524535451745,500
dj,-20.132126244249324,36.86787375575067,500
mj,-9.896927987197621,56.10307201280238,500
qa,-50.313575387258204,88.68642461274179,500
dv,-25.150729646444134,17.849270353555866,500
oc,-35.98750414428389,22.012495855716107,500
wy,-35.66414652520436,78.33585347479564,500
se,-48.47884244677601,7.521157553223994,500
mz,-91.41080522262268,57.58919477737731,500
he,-34.084474880412586,87.91552511958741,500
ex,-50.30879725878671,53.69120274121329,500
dc,-70.06923087828933,71.93076912171067,500
nl,-31.25427809987733,62.745721900122675,500
xq,-39.40783432035757,41.59216567964243,500
sc,-23.732301561327567,97.26769843867244,500
ns,-65.29482270378267,31.705177296217325,500
iu,-13.6627288455257,85.3372711544743,500
bg,-60.299733029895656,29.700266970104348,500
qa,-18.876312978275006,14.123687021724995,500
vv,-91.371190182044,65.628809817956,500
ci,-34.90461403094154,14.095385969058462,500
iv,-33.37045095403856,41.62954904596144,500
us,-52.134105502657434,42.865894497342566,500
ve,-75.29207104796716,80.70792895203284,500
uw,-97.23130716015058,47.768692839849415,500
vs,-94.97864625924383,9.02135374075617,500
za,-60.66311962048346,27.336880379516547,500
zr,-24.740104115331807,5.259895884668192,500
mc,-1.6288606548683604,77.37113934513164,500
jh,-2.521766622666233,61.478233377333765,500
in,-32.88697291433426,30.113027085665745,500
pk,-85.19747947428952,58.802520525710484,500
uq,-94.39154189580525,98.60845810419475,500
ct,-84.31559497968283,43.68440502031717,500
mq,-86.98244716343329,19.01755283656671,500
cx,-34.69441773039895,88.30558226960105,500
mn,-11.217148646265752,84.78285135373424,500
oi,-5.064037891999563,83.93596210800044,500
dg,-95.64358571409426,7.356414285905742,500
rs,-75.25244196785147,8.747558032148532,500
aj,-13.0650450395378,78.9349549604622,500
iq,-92.05657260201619,59.94342739798381,500
sn,-67.21081420618567,38.78918579381433,500
lx,-50.022803870652275,82.97719612934772,500
zl,-67.02500095295981,41.97499904704019,500
gn,-9.06848415770899,41.931515842291006,500
lf,-29.477228178035585,48.52277182196442,500
ch,-40.49047985518563,13.509520144814365,500
vg,-80.68229225055256,74.31770774944744,500
jl,0.7450256059431619,47.74502560594316,500
xs,-25.021115664692932,38.97888433530707,500
ob,-1.291929340476227,14.708070659523774,500
de,-37.098258361007794,13.901741638992208,500
cn,-20.991714186355665,55.008285813644335,500
ka,-86.7026280268444,40.297371973155606,500
lw,-46.247560907179476,87.75243909282052,500
pb,-54.210151936911686,28.78984806308831,500
yw,-11.353308250926977,92.64669174907303,500
gp,-85.28036875585178,41.71963124414822,500
wt,-53.04487946871338,2.9551205312866147,500
wc,-53.36078213970141,30.639217860298587,500
fz,-35.45378322904155,94.54621677095845,500
wk,-48.31389751811853,70.68610248188148,500
uw,-72.74092797570935,77.25907202429065,500
cc,-91.80206079209103,13.197939207908979,500
vb,-42.52004867655034,90.47995132344965,500
jb,-48.44403637692955,69.55596362307044,500
ww,-33.429951173917026,62.570048826082974,500
gx,-24.980431958697974,26.019568041302026,500
rm,-44.2936235412468,56.7063764587532,500
br,-65.74619580852819,39.25380419147182,500
be,-33.0077563491809,33.9922436508191,500
hd,-48.39378743568212,78.60621256431789,500
cp,-88.88696472097124,8.113035279028766,500
rq,-0.7039866683912285,6.296013331608772,500
pi,-11.199002841710751,16.80099715828925,500
df,-43.07446735173254,66.92553264826746,500
ew,-63.54386857928633,2.4561314207136666,500
wu,-11.58181169078313,1.4181883092168688,500
kv,-65.25192018282571,52.748079817174286,500
aw,-39.72979538952866,23.270204610471335,500
fw,-50.54546022372205,19.454539776277947,500
dt,-47.32512096696633,23.674879033033672,500
ae,-90.38681684270404,10.61318315729596,500
el,-38.977524234316874,8.022475765683126,500
mp,-92.93417439555984,37.06582560444016,500
pf,-84.8330265511209,56.166973448879105,500
il,-51.19992077140486,10.800079228595136,500
qc,-65.93688285507882,22.063117144921183,500
fb,-58.10730049529243,72.89269950470756,500
lv,-24.684882825340637,85.31511717465936,500
lt,-23.657715379035103,91.34228462096489,500
su,-35.34902773871253,87.65097226128746,500
qa,-31.842903966341524,40.157096033658476,500
hp,-56.0134935878619,13.986506412138098,500
wc,-9.522412552700006,27.477587447299992,500
zv,-77.10625280434893,41.89374719565107,500
re,-51.58098014857166,38.41901985142834,500
jf,-60.45420950081183,46.54579049918817,500
br,-39.2577960688706,19.742203931129403,500
rd,-86.15151092637309,4.848489073626907,500
cy,-83.5531627892887,57.4468372107113,500
ae,-25.152642991045806,17.847357008954194,500
wu,-47.958491792165184,97.04150820783481,500
sa,-28.24532864906975,9.75467135093025,500
ln,-46.79766182173483,79.20233817826518,500
pg,-37.82320400379609,34.17679599620391,500
yu,-62.70707451659598,31.292925483404016,500
xh,-2.050674339272777,24.949325660727222,500
wp,-9.273576359876897,26.7264236401231,500
fs,-80.1089145189078,76.8910854810922,500
vo,-92.60178229625379,65.39821770374621,500
dy,-13.679521670987418,39.32047832901258,500
yd,-36.884409593850016,5.115590406149984,500
mk,-37.11621259086933,96.88378740913066,500
nj,-3.2115472181332136,70.78845278186678,500
bh,-45.008980887639524,74.99101911236048,500
ig,-3.0863202163268677,26.913679783673132,500
ei,-70.10661090150671,48.89338909849328,500
lr,-50.96316270158283,64.03683729841717,500
kt,-45.75598795385203,74.24401204614797,500
if,-86.57876544545599,7.4212345545440135,500
sf,-39.19769768088393,25.802302319116073,500
vu,-71.57143850860923,6.428561491390759,500
ce,-0.49660374901658444,29.503396250983414,500
zz,-86.68590341450455,19.314096585495452,500
rf,-41.76898633976472,96.23101366023528,500
sr,-14.587395965037306,51.41260403496269,500
sn,-60.1203541061765,77.8796458938235,500
or,-35.70596294861915,24.29403705138085,500
jp,-26.02327721515236,9.976722784847642,500
lv,-83.16037169276747,41.83962830723253,500
in,-38.51636726632543,5.48363273367457,500
ve,-26.28028928240719,52.71971071759281,500
ze,-94.31228131748698,78.68771868251302,500
px,-56.61835388712597,64.38164611287402,500
mo,-12.091949867959428,24.90805013204057,500
lw,-78.60617850908689,27.39382149091312,500
yw,-52.957798521335995,70.04220147866401,500
lw,0.968047430639927,97.96804743063993,500
aa,-11.720338639124483,43.279661360875515,500
ck,-81.80805629240167,62.19194370759832,500
tx,-83.54648461124842,75.45351538875158,500
mh,-88.06197179348723,87.93802820651277,500
as,-56.916011645694006,63.083988354305994,500
wy,-11.887346645904156,10.112653354095844,500
sb,-84.82214768155544,55.17785231844456,500
cp,-90.34618445016203,12.65381554983798,500
gn,-61.478200993535154,92.52179900646485,500
tl,-62.87722043180446,51.12277956819554,500
ga,-43.39598248450176,34.60401751549824,500
fl,-56.63606928279772,68.36393071720228,500
rj,-25.57585655117515,44.42414344882485,500
jd,-3.746945779416197,33.253054220583806,500
tt,-25.657333257146806,32.34266674285319,500
uv,-49.4231536301353,93.5768463698647,500
cf,-31.895847144126662,80.10415285587334,500
uh,-5.393595947026858,67.60640405297315,500
rt,-92.23425319395345,86.76574680604655,500
ty,-40.96448886185887,55.03551113814113,500
do,-6.544637605434675,70.45536239456533,500
uf,-24.17851448527675,39.82148551472325,500
ef,-80.83283994104735,49.167160058952646,500
lx,-18.96930650285062,45.03069349714938,500
lz,-37.792132997414626,1.2078670025853753,500
mm,-6.348243384696101,42.6517566153039,500
yl,-40.00082328531059,45.99917671468941,500
md,-52.197874541828,26.802125458172,500
gh,-74.15206681019578,4.847933189804223,500
jo,-51.54356911272962,1.4564308872703764,500
dx,-83.19551410032751,0.804485899672485,500
nk,-61.57648497785965,59.42351502214035,500
xu,-70.4975973351802,30.5024026648198,500
ld,-94.7331631273497,46.2668368726503,500
jb,-42.55239917729445,14.44760082270555,500
iv,-85.58527143683793,61.41472856316207,500
sd,-71.79340496058379,74.20659503941621,500
sl,-73.13817541413518,63.86182458586483,500
cx,-23.634604146435734,38.365395853564266,500
kd,-92.40234459397244,18.597655406027556,500
nn,-7.907737675592933,21.092262324407066,500
bk,-20.1984454930141,83.80155450698591,500
bq,-74.21927698264967,2.780723017350328,500
qa,-59.78908408901994,4.210915910980064,500
zp,-84.73429594515156,50.265704054848435,500
jh,-91.9093954040606,73.0906045959394,500
wj,-92.43509847857442,66.56490152142558,500
go,-80.67110831473927,72.32889168526073,500
bc,-56.40397253034802,97.59602746965199,500
ru,-81.21920473734652,94.78079526265348,500
os,-34.53755889242715,44.46244110757285,500
ej,-66.0990587743095,98.9009412256905,500
nt,-79.28171362481325,79.71828637518675,500
ic,-27.212811475308296,63.7871885246917,500
dk,-10.972143065069433,28.027856934930565,500
bk,-19.361342155225778,91.63865784477422,500
xb,-12.913507351624508,14.086492648375492,500
zi,-30.526627645617275,48.473372354382725,500
ie,-57.269308696972416,77.73069130302758,500
fq,-67.14435541787665,56.85564458212335,500
za,-64.13392100431814,57.86607899568186,500
ft,-88.10662759833745,62.89337240166254,500
ii,-87.26852388943483,56.73147611056517,500
li,-29.81257051376586,13.187429486234143,500
dr,-78.04165234185379,77.95834765814621,500
ki,-55.91184142884665,34.08815857115335,500
yf,-88.13704511026152,12.862954889738473,500
kc,-29.685975787554305,77.3140242124457,500
if,-37.59520511751097,55.40479488248903,500
vl,-18.294687724461898,88.7053122755381,500
wt,-80.64371401146323,74.35628598853677,500
wa,-53.95397896007255,56.04602103992745,500
fx,-91.75375124452786,52.246248755472145,500
lk,-55.67473800568971,82.3252619943103,500
fn,-76.81095538665528,46.18904461334473,500
ef,-21.995153667316828,15.004846332683172,500
ba,-51.55572285491347,79.44427714508653,500
vm,-81.64815363489696,83.35184636510304,500
cr,-51.260888728980845,34.739111271019155,500
od,-56.64621187701183,74.35378812298816,500
sm,-73.66864703494582,9.331352965054183,500
tj,-60.022021272558405,72.9779787274416,500
cz,-12.230545635350486,47.76945436464951,500
su,-0.8153723290621873,21.184627670937815,500
ax,-34.95465421990675,36.04534578009325,500
kz,-42.14074519608641,5.859254803913594,500
mi,-59.11164710638731,30.88835289361269,500
aw,-41.25499143544069,6.745008564559312,500
nt,-2.4991300381587234,85.50086996184127,500
ya,-26.93653080255346,62.063469197446544,500
rb,-84.44764031967729,3.552359680322714,500
ic,-57.896941152334286,76.10305884766571,500
ql,-21.777458307080447,16.222541692919553,500
ml,-72.20485592015795,98.79514407984205,500
yi,-19.610355529238372,40.389644470761624,500
le,-29.51220780436138,11.487792195638619,500
mg,-81.66563028728514,33.33436971271487,500
xp,-46.95698742336123,92.04301257663877,500
ix,-93.84183208124958,25.158167918750426,500
hu,-50.60324081177426,77.39675918822573,500
uc,-33.067993199976456,69.93200680002354,500
da,-42.54533905510356,44.45466094489644,500
ep,-18.040817015283615,60.959182984716385,500
jp,-10.530471827745874,12.469528172254126,500
yo,-15.184617951120977,10.815382048879023,500
sa,-77.93096899508598,12.069031004914029,500
ai,-70.58660644090305,91.41339355909695,500
zh,-55.964634379318944,40.035365620681056,500
ze,-61.58347631882802,78.41652368117198,500
ba,-29.845524631943476,33.154475368056524,500
za,-33.89429806173319,35.10570193826681,500
wc,-56.981214090446365,89.01878590955364,500
uw,-82.79120700270306,44.20879299729694,500
tr,-23.450578676567844,4.549421323432156,500
xu,-52.11291621067913,12.887083789320865,500
fq,-94.29410540928602,92.70589459071398,500
va,-83.53273424197128,33.46726575802872,500
nh,-26.59447083478613,64.40552916521388,500
jx,-22.94390332271235,38.05609667728765,500
xg,-34.017988503415935,66.98201149658406,500
jg,-82.26808741636484,51.731912583635165,500
qk,-40.26296415744975,11.737035842550247,500
og,-94.52439783849617,27.475602161503833,500
gf,-63.78809992888352,91.21190007111649,500
yt,-18.28981087058409,18.71018912941591,500
th,-50.10975740435866,44.89024259564134,500
lj,-33.095110122109126,55.904889877890874,500
hb,-43.997281385472036,64.00271861452796,500
oz,-81.50833665770115,79.49166334229885,500
yx,-94.87434328333775,20.125656716662252,500
rs,-17.694844805353906,54.3051551946461,500
rg,-71.53493252748312,6.465067472516882,500
yk,-81.01584779132422,29.98415220867578,500
ni,-77.05104095633247,51.94895904366753,500
xx,-93.07247223318521,53.92752776681479,500
dn,-18.269857930635023,24.730142069364977,500
vd,-46.487805516026285,2.512194483973718,500
ta,-30.295064678330906,21.704935321669094,500
um,-21.24967348004654,66.75032651995346,500
ow,-21.143121159345213,86.85687884065479,500
xo,-9.513145246032478,17.486854753967524,500
lf,-95.17556879844223,2.8244312015577764,500
tx,-62.726913420792805,36.273086579207195,500
at,-5.840892722770493,9.159107277229507,500
yx,-17.992784759242056,46.007215240757944,500
pv,-8.610775050010062,28.389224949989938,500
ag,-36.039885168503915,74.96011483149609,500
dw,-88.52312983672049,28.476870163279518,500
tp,-39.746585942692704,49.253414057307296,500
xm,-21.204188522280933,80.79581147771907,500
xr,-16.377402907237066,93.62259709276293,500
op,-13.747725922396729,78.25227407760327,500
va,-89.18596948836755,0.8140305116324469,500
oe,-17.952365039510617,27.047634960489383,500
uj,-56.778487542817736,50.221512457182264,500
pb,-82.1168926614406,91.8831073385594,500
ld,-92.02344622119473,25.976553778805265,500
nq,-57.260500828217054,58.739499171782946,500
bj,-1.3351047244107068,45.664895275589295,500
oh,-1.3060949095831358,50.69390509041686,500
lo,-29.72141580029501,44.278584199704994,500
nx,-58.1214191182789,94.87858088172109,500
pz,-0.6030981533245441,88.39690184667546,500
pj,-97.22614112262748,49.773858877372525,500
pf,-57.92265258868923,96.07734741131077,500
cd,-82.26800445167393,54.73199554832607,500
et,-94.527432349058,13.472567650941993,500
ik,-26.455593499188506,71.54440650081149,500
ps,-43.03356566965643,75.96643433034357,500
rr,-23.97944183184572,6.020558168154282,500
if,-70.6262495502809,2.3737504497190933,500
uy,-59.88840008023868,32.11159991976132,500
xr,-69.16676961352806,95.83323038647194,500
dd,-22.09883717310853,62.901162826891465,500
uo,-69.19330127089614,50.80669872910386,500
lg,-61.16374064142884,56.83625935857116,500
dv,-32.754242326153296,3.245757673846705,500
tv,-16.46909873355531,79.53090126644469,500
ht,-91.92607187171956,46.07392812828044,500
wx,-10.826691501015775,1.173308498984225,500
yt,-0.16564857058293336,11.834351429417067,500
ix,-52.77294683792302,42.22705316207698,500
ur,-88.52347744997783,10.476522550022167,500
ph,-23.446567033809778,96.55343296619023,500
ka,-47.57538644008434,32.42461355991566,500
hv,-47.908179841831284,94.09182015816872,500
te,-3.8965921500903242,52.10340784990967,500
jl,-36.433232283646724,42.566767716353276,500
yn,-35.93540594240487,42.06459405759513,500
zn,-43.02021637072558,16.979783629274426,500
ra,-14.285122253185236,76.71487774681476,500
xv,-81.63225191271957,63.36774808728043,500
wn,-57.093742610979426,35.906257389020574,500
qj,-34.43477839404548,24.565221605954523,500
kw,-2.935682799018459,15.064317200981542,500
mm,-28.10669556291726,98.89330443708275,500
qm,-97.51376981218066,74.48623018781934,500
qt,-97.23955347856808,96.76044652143192,500
fv,-81.80819717681034,6.191802823189668,500
tg,-88.51367905924654,54.486320940753465,500
xy,-24.819121454697278,68.18087854530272,500
xb,-45.74358324365075,5.256416756349255,500
hj,-93.43179306516942,21.56820693483058,500
fo,-94.83819505593021,29.161804944069782,500
ct,-46.80214349493376,4.197856505066245,500
be,-28.1254966744115,79.87450332558849,500
qt,-2.969985253586385,37.03001474641361,500
zo,0.13369041388976988,82.13369041388977,500
uk,-73.53673684764946,25.463263152350528,500
fr,-86.84832816330133,37.15167183669867,500
tj,-51.31545321922093,94.68454678077907,500
xc,-71.50905338546639,54.49094661453362,500
hg,-35.480284715558604,69.51971528444139,500
qd,-8.848806324258419,60.15119367574158,500
ft,-66.59701736072289,32.40298263927711,500
ax,-92.62422169795025,82.37577830204975,500
gt,-53.127399842202436,81.87260015779756,500
hr,-13.124833089144047,21.875166910855953,500
ox,-80.88118521018939,31.11881478981061,500
vn,-50.49487672262594,95.50512327737405,500
mz,-47.739078610945164,48.260921389054836,500
gi,-93.23566985159164,15.764330148408364,500
bq,-90.46449138567338,42.53550861432661,500
tm,-78.62847587096796,37.371524129032046,500
pc,-58.23681930816431,56.76318069183569,500
rp,-43.58085341126992,83.41914658873007,500
ge,-76.03630872710373,68.96369127289627,500
mt,-91.69660280983105,92.30339719016895,500
tl,-41.822012621408405,43.177987378591595,500
dp,-93.33050130999688,93.66949869000312,500
xk,-23.414717128689876,33.58528287131012,500
uv,-41.216502538368786,14.783497461631214,500
oo,-88.8527428643689,60.1472571356311,500
zb,-25.13057888306324,73.86942111693676,500
ew,-57.565019435238796,97.4349805647612,500
cu,-97.52798679010488,58.472013209895124,500
iy,-74.1234444067058,5.876555593294196,500
fq,-57.159790192423934,44.840209807576066,500
xu,-60.030260017015365,72.96973998298463,500
ys,-49.572319525680136,53.427680474319864,500
eh,-42.59751091873526,76.40248908126473,500
ay,-83.17142601389035,5.828573986109644,500
vo,-42.41457768723853,13.585422312761471,500
jc,-10.384419060886541,6.6155809391134595,500
kv,-12.009163839337637,49.99083616066236,500
gx,-0.0365612911265355,62.96343870887346,500
xl,-35.098989385880834,85.90101061411916,500
cl,-26.151705005728203,82.8482949942718,500
iv,-60.26178524559888,23.73821475440112,500
kt,-72.11562385217631,22.884376147823684,500
dn,-13.663904728411476,39.336095271588526,500
xq,-30.805303807409903,69.1946961925901,500
il,-65.32069262073647,31.67930737926354,500
pj,-90.50762445053965,16.492375549460352,500
kf,-37.89275295643479,53.10724704356521,500
gv,-20.68846473552169,38.31153526447831,500
we,-83.1998796320929,9.800120367907091,500
wt,0.5284915067093842,57.528491506709386,500
py,-16.416847321818448,42.583152678181555,500
zw,-87.749139091345,44.25086090865501,500
ug,-26.859434746054994,18.140565253945006,500
ie,-56.142406847420325,47.857593152579675,500
yt,-8.858260887708017,3.141739112291984,500
la,-77.30771839332884,41.69228160667115,500
vl,-35.20545669409423,29.794543305905766,500
hk,-93.64553686563194,25.354463134368054,500
vm,-38.902673476697956,64.09732652330204,500
wa,-64.31370191443587,25.68629808556413,500
hu,-56.76709307746859,11.232906922531413,500
rp,-72.41944268770081,19.58055731229919,500
iv,-14.63077520639149,56.36922479360851,500
kh,-83.28276745738067,38.71723254261933,500
ey,-13.969021120681958,43.03097887931804,500
is,-27.629081387798852,94.37091861220115,500
ys,-71.04347791618835,68.95652208381165,500
lb,-29.610996057058898,92.3890039429411,500
er,-10.568307109489266,43.43169289051073,500
qt,-46.3187927734838,45.6812072265162,500
vs,-27.77189118674835,32.22810881325165,500
so,-60.33312645640824,68.66687354359176,500
iy,-45.69172638878575,86.30827361121425,500
fw,-24.901794872549807,55.09820512745019,500
cd,-85.4271134627832,80.5728865372168,500
gb,-75.15719030481839,25.842809695181618,500
ph,-44.85808578457288,55.14191421542712,500
cf,-68.33483002186159,2.6651699781384117,500
ik,-55.927388940683784,70.07261105931622,500
mn,-5.590014642150559,1.4099853578494406,500
hg,-68.80638423025744,19.193615769742568,500
mm,-60.62125539153094,6.378744608469065,500
zq,-17.125125023917477,71.87487497608252,500
lq,-34.61995669219807,83.38004330780193,500
iy,-29.99848371831899,84.001516281681,500
km,-90.96663200107797,56.033367998922024,500
aj,-62.79022270393622,38.20977729606378,500
za,-94.43272949803142,77.56727050196858,500
vb,-94.01469554399333,77.98530445600667,500
wu,-23.818905138745937,37.18109486125406,500
vy,-18.413872451548745,0.5861275484512561,500
mx,-21.958133472012687,9.041866527987315,500
ay,-4.906725230952253,64.09327476904775,500
qg,-64.4692689603963,52.5307310396037,500
dq,-95.81635810976282,22.183641890237183,500
xg,-3.532262532821932,64.46773746717807,500
rh,-34.0357149942405,69.9642850057595,500
gc,-72.80475835654613,80.19524164345387,500
hq,-33.32803112467246,91.67196887532755,500
cz,-0.20725840652860172,23.792741593471398,500
bl,-37.70449659374691,12.295503406253092,500
te,-44.214860153599936,62.785139846400064,500
qu,-6.563823868063704,24.436176131936296,500
pk,-60.41701762349147,3.582982376508534,500
yl,-51.80444000947078,28.19555999052922,500
zf,-75.98797206926754,48.01202793073246,500
bs,-2.6404031216950195,84.35959687830498,500
mr,-10.571074281452992,93.428925718547,500
kq,-52.99654316565908,74.00345683434092,500
sl,-54.52379483590187,44.47620516409813,500
ta,-3.0758733193215475,45.924126680678455,500
oi,-16.093034756578774,88.90696524342123,500
yh,-15.899986011135137,77.10001398886486,500
ua,-29.615195405398456,90.38480459460155,500
cm,-59.35751671008825,29.642483289911755,500
ce,-57.090082802346934,50.909917197653066,500
xw,-91.55111251475279,64.44888748524721,500
vm,-84.97111705212005,63.02888294787995,500
gi,-25.399563460861284,35.60043653913871,500
ej,-25.673845419870215,38.32615458012978,500
zc,-84.3367991954244,91.6632008045756,500
hq,-13.733511985950507,43.26648801404949,500
ad,-9.304067486648593,39.69593251335141,500
qn,-23.924627071293195,49.075372928706805,500
ck,-12.867478434777293,66.1325215652227,500
ez,-70.0013118975312,33.9986881024688,500
hc,-84.64665831898922,82.35334168101078,500
ku,-38.39508052180439,76.60491947819561,500
qf,-73.30418355400832,7.695816445991678,500
yy,-18.352572612627156,39.647427387372844,500
jd,-60.43130354639376,31.568696453606243,500
dk,-2.1493430141137186,50.85065698588628,500
xl,-35.91436526149846,34.08563473850154,500
ud,-9.273256902142647,1.7267430978573526,500
cp,-48.01412843986359,79.98587156013642,500
oc,-79.8993969513269,51.100603048673094,500
ht,-35.7666624617587,48.2333375382413,500
an,-59.63560153438393,89.36439846561608,500
jx,-88.38674786656898,11.613252133431015,500
im,-97.60651684099656,50.39348315900343,500
dq,0.976903999521432,59.97690399952143,500
fk,-64.64961896317588,58.350381036824125,500
qf,-39.12546143800171,8.874538561998294,500
of,-89.534683449678,6.465316550322004,500
cq,-48.879079062825674,85.12092093717432,500
ib,-74.61275159915945,5.387248400840547,500
ee,-18.838299107082328,94.16170089291768,500
ny,-55.27304861573987,17.726951384260133,500
mi,-14.013803061640164,82.98619693835984,500
nh,-23.361371475730813,66.63862852426918,500
ll,-71.2031288913341,10.796871108665904,500
nd,-78.85216729271004,59.14783270728996,500
bb,-22.803784904454982,69.19621509554501,500
tf,-84.6322602278222,24.367739772177796,500
xp,-45.52727954605443,18.472720453945573,500
bs,-35.494995493928165,46.505004506071835,500
vo,-85.48405359344483,91.51594640655517,500
bp,-92.04090038456147,39.95909961543853,500
th,-67.7983786952018,95.2016213047982,500
lt,-89.51152478566725,63.48847521433276,500
xo,-1.793923764725076,27.206076235274924,500
vg,-95.06480843618155,83.93519156381845,500
zh,-65.31366064659666,28.686339353403337,500
yo,-59.77569744338911,38.22430255661089,500
gn,-27.90314849862651,66.0968515013735,500
uz,-66.60676482136068,26.39323517863931,500
ni,-27.44338932157435,24.55661067842565,500
je,-5.641216156482733,67.35878384351727,500
mp,-21.574018720181392,44.42598127981861,500
se,-75.78852064035743,83.21147935964257,500
ii,-35.90581919985225,94.09418080014775,500
xc,-28.50192562003224,11.498074379967761,500
kp,-57.48837466472884,4.5116253352711615,500
jy,-94.36211876407177,0.6378812359282319,500
sh,-16.73156754512367,28.26843245487633,500
tx,-49.75813992030477,82.24186007969523,500
sl,-7.323019365495759,98.67698063450425,500
ve,-81.63098537651254,79.36901462348746,500
hg,-18.961669809338353,8.038330190661647,500
fi,-54.2880655969462,84.7119344030538,500
od,-45.924426436890926,6.075573563109075,500
sc,-38.11130890616811,87.88869109383188,500
yq,-66.55010497917188,23.44989502082812,500
qd,-86.43122181406792,19.568778185932082,500
oo,-15.032059091765905,80.9679409082341,500
hs,-58.40941482608207,32.59058517391793,500
ek,-47.02757920163669,96.97242079836332,500
yt,-51.613419745900025,73.38658025409997,500
og,-4.540338079688658,81.45966192031135,500
xv,-87.07064055816154,62.929359441838464,500
vm,-97.27460655223989,91.72539344776011,500
ap,-27.668801246524062,54.33119875347594,500
yj,-9.856861934940024,63.14313806505998,500
mc,-16.420397421328005,41.579602578671995,500
yq,-90.025746148937,19.974253851062997,500
mr,-38.79324260651148,86.20675739348853,500
kb,-49.957107845832816,42.042892154167184,500
wc,-24.848150174138258,31.151849825861742,500
nm,-60.69595567915648,75.30404432084352,500
zy,-57.03080807445733,56.96919192554267,500
qg,-68.04434090588627,9.955659094113734,500
zf,-31.907651792715694,51.09234820728431,500
od,-44.84660715941903,5.153392840580969,500
tk,-83.02139066510519,34.978609334894806,500
wt,-48.08196117240077,42.91803882759923,500
ix,-95.04214815281621,16.95785184718379,500
sw,-49.30837523727107,2.6916247627289303,500
ya,-26.729694320804114,80.27030567919589,500
jz,-39.51976420566162,34.48023579433838,500
hi,-7.4548589665279295,23.54514103347207,500
zy,-78.1159967678907,24.88400323210929,500
lz,-15.38348476329581,44.61651523670419,500
kx,-2.453274721685866,77.54672527831413,500
si,-44.13945685760484,45.86054314239516,500
wz,-25.02041593865453,9.979584061345472,500
dq,-72.41798654123778,73.58201345876222,500
lt,-44.3436212386678,36.6563787613322,500
ta,-33.0258347547687,79.9741652452313,500
lv,-53.6585588018353,85.3414411981647,500
cs,-58.03309900401596,33.96690099598404,500
bv,-68.38269463870148,78.61730536129852,500
np,-58.558531676798545,97.44146832320146,500
sh,-92.47153339173916,93.52846660826084,500
jh,-42.96975183839543,76.03024816160456,500
lg,-21.83290882501694,46.16709117498306,500
uv,-59.744740388018414,32.255259611981586,500
il,-55.20134351082923,27.798656489170767,500
lk,-52.906982588710704,6.093017411289298,500
iq,-16.22585575587473,41.774144244125274,500
gu,-28.883177020912672,27.116822979087328,500
gb,-14.37840694173947,9.62159305826053,500
ox,0.4880708799958352,83.48807087999583,500
rx,-18.530007548533117,44.46999245146688,500
pf,-79.50243583213542,19.497564167864578,500
uy,-76.48194843388332,97.51805156611668,500
ol,-59.643358831960164,40.356641168039836,500
gs,-59.30800875575675,16.691991244243248,500
ib,-93.45376120025036,96.54623879974964,500
at,-20.415172304368166,3.584827695631834,500
gh,-26.020169400895288,35.979830599104716,500
ga,-9.547202463799723,47.45279753620028,500
kg,-70.18352516244175,62.81647483755825,500
pq,-79.01156283393483,65.98843716606517,500
fl,-91.64443681902526,34.35556318097474,500
ls,-61.45827467860337,47.54172532139663,500
ef,-45.85461222650087,53.14538777349913,500
cc,-80.94200972713665,10.05799027286335,500
gz,-27.34326604147142,24.65673395852858,500
kr,-88.17508249841563,81.82491750158437,500
se,-34.32307924765359,75.6769207523464,500
jg,-40.0420485835444,59.9579514164556,500
gl,-77.1774505806502,40.82254941934979,500
tv,-79.89743764637137,14.102562353628624,500
ov,-4.997371540777741,78.00262845922227,500
by,-78.0870463072234,67.9129536927766,500
rj,-95.8594530162137,54.1405469837863,500
sg,-15.41668611785609,85.58331388214391,500
xd,-38.025246737231,10.974753262768997,500
mr,-50.21724722912466,98.78275277087535,500
uu,-30.273881210783493,90.72611878921651,500
yl,-45.49492540029539,5.505074599704615,500
bu,-85.17201551529828,87.82798448470172,500
me,-61.60104650767261,43.39895349232739,500
zg,-72.73660043287151,0.26339956712849044,500
cb,-94.76734637082927,3.23265362917073,500
bf,-39.02427491604286,49.97572508395714,500
jm,-15.491045242076515,58.50895475792348,500
si,-24.32142764812044,98.67857235187957,500
is,-76.04084936457795,48.95915063542204,500
lu,-57.1394853380762,9.8605146619238,500
tv,-59.024949008933284,86.97505099106671,500
uj,-79.07207050524504,29.927929494754967,500
gk,-50.9770459654083,37.0229540345917,500
db,-7.049786391884165,27.950213608115835,500
kh,-3.4532897489670282,50.54671025103297,500
xs,-79.9813349774296,83.0186650225704,500
gw,-84.61708002788374,66.38291997211626,500
gj,-14.666297531692683,77.33370246830732,500
dr,-83.218265457605,37.781734542395,500
ga,-39.367050935182334,23.63294906481767,500
nm,-16.708505569797534,63.29149443020246,500
qg,-38.014570504554364,31.985429495445633,500
mo,-4.858826466138014,35.14117353386199,500
bx,-66.99876520233569,96.00123479766431,500
wz,-15.54173038343164,37.45826961656836,500
fb,-9.010610219587726,26.989389780412274,500
wu,-93.97083738085757,65.02916261914243,500
jl,-94.46220007428114,32.53779992571886,500
vp,-68.25578627666206,96.74421372333794,500
yn,-89.07052430512888,67.92947569487112,500
zd,-26.808498161440134,95.19150183855986,500
ze,-63.38637685971678,20.613623140283217,500
dq,-89.08756568227884,32.912434317721164,500
mg,-71.20668267081868,64.79331732918132,500
br,-8.193916434269044,38.80608356573096,500
yb,-91.34983418678708,11.650165813212919,500
lp,-63.63640916601171,29.36359083398829,500
rs,-5.393589601217802,5.606410398782198,500
cj,-82.5794880504045,76.4205119495955,500
ni,-7.874991421402635,75.12500857859736,500
nt,-57.034167828546636,27.96583217145336,500
tm,-75.86954879445831,88.13045120554169,500
uq,-29.399340865018683,50.60065913498131,500
qq,-25.669375498132617,31.330624501867383,500
uj,-12.724480462543081,14.275519537456919,500
kt,-18.03512048442594,69.96487951557405,500
ul,-0.975095064903157,36.02490493509684,500
cq,-84.12080731821162,75.87919268178838,500
rk,-53.94189134354144,67.05810865645856,500
xq,-94.80789365695458,37.19210634304542,500
ll,-51.927272983607665,37.072727016392335,500
bl,-62.04486839969161,25.95513160030839,500
vc,-91.86437914318991,63.135620856810085,500
ja,-69.93019327386224,48.069806726137756,500
tw,-86.80638867812904,76.19361132187096,500
jn,-58.65276863180763,72.34723136819237,500
la,-53.555571581128476,59.444428418871524,500
sm,-65.78102222666894,13.218977773331067,500
mv,-67.149344324574,91.850655675426,500
fi,-68.0867532166347,49.91324678336529,500
nf,-11.351987579433363,69.64801242056663,500
yj,-59.74439447231476,65.25560552768523,500
ip,-74.46782357824337,92.53217642175663,500
pj,-72.36598243996959,95.63401756003041,500
jd,-6.198756346699843,53.801243653300155,500
bo,-39.84554492357635,87.15445507642364,500
zr,-65.9450405337607,22.05495946623929,500
ma,-35.354905324101026,26.645094675898974,500
ww,-77.6839415440897,96.3160584559103,500
or,-67.79291389712893,17.20708610287107,500
py,-56.12899947713375,19.871000522866247,500
ys,-11.603303504086117,3.396696495913882,500
lz,-91.1283780381891,5.871621961810906,500
ti,-61.57360094231701,66.426399057683,500
sl,-33.36935757843647,43.63064242156353,500
cy,-17.158571706548223,21.841428293451777,500
af,-31.984905421181843,3.015094578818156,500
kf,-10.983647935827676,17.016352064172324,500
ql,-42.69500285457407,98.30499714542593,500
rl,-47.29980410816584,40.70019589183416,500
sx,-96.56100313840481,34.43899686159518,500
si,-3.8908770795182375,71.10912292048177,500
aw,-11.418596546153731,19.58140345384627,500
jp,-75.31161391650002,69.68838608349998,500
aw,-4.474845314814359,90.52515468518564,500
fl,-97.18147117678534,40.81852882321466,500
ag,-94.43079116583888,72.56920883416112,500
kb,-30.09837181144586,94.90162818855414,500
av,0.7535725143788209,71.75357251437882,500
sh,-89.99437814040303,73.00562185959697,500
ox,-92.0852429109335,36.9147570890665,500
jj,-6.372444306622695,58.6275556933773,500
rb,-60.6850865982969,20.314913401703098,500
rw,-2.557216329855472,9.442783670144529,500
fr,-90.37284211698103,29.627157883018974,500
qg,-30.180582740236822,3.819417259763179,500
sz,-86.57642993360645,31.42357006639355,500
su,-16.011118663463332,41.98888133653667,500
up,-31.56506438205779,66.43493561794222,500
eo,-32.691078113756724,46.308921886243276,500
su,-61.96782817166888,73.03217182833113,500
ye,-2.8362245781119553,69.16377542188805,500
nc,-12.41028688033379,38.58971311966621,500
ty,-74.65641827785304,20.343581722146965,500
dv,-72.32592034418889,50.674079655811106,500
lw,-70.24441851096084,29.75558148903916,500
lo,-49.39821463665815,94.60178536334185,500
qp,-97.59044192471848,57.40955807528152,500
fw,-55.69231554823637,62.30768445176363,500
gz,-3.117434593923482,11.882565406076518,500
gz,-29.71944494835878,90.28055505164122,500
or,-39.978693607668944,86.02130639233106,500
to,-61.7893473151579,40.2106526848421,500
bh,-56.60425149619962,49.39574850380038,500
zz,-8.910040368462921,38.08995963153708,500
nb,-92.70714276869712,8.292857231302877,500
ot,-15.922610187043803,70.0773898129562,500
sz,-79.35122098939834,52.64877901060166,500
ic,-26.091942899005517,78.90805710099448,500
jk,-66.4495862069193,25.55041379308069,500
ax,-10.123313204163257,19.876686795836743,500
nl,-77.19136865742895,53.80863134257105,500
dp,-55.0444870362305,39.9555129637695,500
qd,-64.55919512167924,35.44080487832076,500
ab,-82.3426633319666,4.6573366680334,500
da,-39.65540069804877,19.344599301951224,500
iq,-60.526382706706435,67.47361729329356,500
hl,-23.14172051874669,79.8582794812533,500
io,-35.57205951426068,40.42794048573932,500
go,-62.62245631421369,26.377543685786303,500
da,-57.72492535120889,0.2750746487911139,500
so,-80.73428212205643,32.26571787794358,500
tc,-65.68919632928412,87.31080367071588,500
nw,-14.2404143529055,16.7595856470945,500
og,-86.7862360867648,86.2137639132352,500
cw,-29.912874092522355,72.08712590747764,500
km,-23.733253078208396,53.26674692179161,500
kq,-89.97938929164683,23.02061070835318,500
vb,-71.14905115750565,62.85094884249435,500
fa,-32.031000009515964,1.9689999904840347,500
rh,-34.55463700351438,94.44536299648561,500
hp,-13.752360718065463,57.24763928193454,500
zb,-53.46553663413475,37.53446336586525,500
yw,-26.371137763890626,49.62886223610937,500
rs,-38.942689537427576,47.057310462572424,500
oc,-94.79879263893058,58.20120736106942,500
vt,-26.804636705685017,54.19536329431499,500
xw,-71.17896973141917,4.82103026858083,500
uc,-83.5297222820407,8.4702777179593,500
fr,-8.539087292174223,92.46091270782578,500
ih,-85.63027647461865,67.36972352538135,500
be,-31.947138556119928,24.052861443880072,500
zk,-17.96633206418773,45.033667935812275,500
zb,-33.89319387734361,55.10680612265639,500
va,-56.842720873409114,7.157279126590885,500
fa,-46.852190971056636,4.147809028943365,500
xl,-85.827424525459,76.172575474541,500
md,-83.68509117048823,37.314908829511765,500
dg,-1.2614026771717581,47.73859732282824,500
zb,-9.135739012662457,50.864260987337545,500
zc,-47.57637714940173,52.42362285059827,500
xb,-13.83113328455682,85.16886671544317,500
rw,-28.07554234945575,13.924457650544252,500
dv,-69.37702454725607,95.62297545274393,500
jr,-33.326970317159336,94.67302968284066,500
hw,-29.914341428590042,68.08565857140997,500
du,-0.3215384535328285,42.67846154646717,500
ju,-76.96026536886126,43.03973463113874,500
mk,-20.57757774627509,0.4224222537249117,500
lx,-35.648604492377295,42.351395507622705,500
mu,-39.97719479982617,59.02280520017383,500
in,-41.11530445997178,46.88469554002822,500
ua,-24.44873390698856,67.55126609301144,500
rn,-24.917227141600133,76.08277285839986,500
bi,-60.15671643883687,62.84328356116313,500
ja,-12.846595168838169,41.15340483116183,500
qq,-35.21107746789656,14.78892253210344,500
ky,-71.87243322938576,88.12756677061424,500
cy,-27.709365523610703,86.2906344763893,500
vd,-0.9123531148370247,53.087646885162975,500
ls,-9.50629758504679,42.49370241495321,500
vl,-14.325591845804478,12.674408154195522,500
ae,-46.536669161830424,9.463330838169572,500
hh,-64.07292793613419,98.92707206386581,500
re,-52.32350936502592,61.67649063497408,500
eo,-6.9677821048682445,35.03221789513176,500
rk,-16.646173619428872,26.353826380571128,500
dk,-50.92217171190107,89.07782828809893,500
hl,-34.30521968657857,74.69478031342143,500
zn,-53.43675633444782,19.563243665552175,500
gg,-78.25480362111378,25.74519637888622,500
sv,-67.45918567340736,48.540814326592646,500
pz,-56.677426994834974,88.32257300516503,500
mc,-46.26637768348745,11.733622316512553,500
ay,-13.677284340590383,51.32271565940962,500
tc,-9.156208102159706,53.84379189784029,500
mg,-51.18939772005836,77.81060227994163,500
ln,-68.81707229149784,69.18292770850216,500
bb,0.21202940102004886,68.21202940102005,500
bc,-90.66179741903328,28.338202580966726,500
qz,-80.47722234471935,20.522777655280652,500
yj,-54.056059314239185,32.943940685760815,500
kv,-85.33996193239054,79.66003806760946,500
gc,-84.38665514215135,14.61334485784865,500
zr,-20.709116950076755,70.29088304992325,500
qf,-64.15607480124615,17.84392519875385,500
zu,-9.811331253651813,84.18866874634818,500
du,-53.90553964764994,75.09446035235005,500
ac,-8.441927409133614,47.55807259086639,500
hw,-94.39316801501714,71.60683198498286,500
ul,-4.929658975669937,50.07034102433006,500
ji,-39.24918669725392,66.75081330274608,500
yj,-57.5026016737308,91.4973983262692,500
zr,-43.66698768129928,84.33301231870072,500
io,-93.95623134467196,43.04376865532803,500
sc,-23.40555371736512,59.59444628263488,500
im,-51.84437917563494,40.15562082436506,500
ia,-4.956577308929423,2.0434226910705773,500
ag,-26.120682488851134,45.87931751114887,500
jq,-19.289707316387243,97.71029268361276,500
pn,-61.077877549363436,86.92212245063656,500
ru,-73.46594364608873,49.53405635391126,500
zv,-21.320017019726247,44.679982980273756,500
vl,-49.69049225006173,46.30950774993827,500
ji,-31.26515878478904,42.73484121521096,500
co,-72.39144046636578,73.60855953363422,500
ew,-44.015309555447,95.98469044455301,500
up,-3.5520020229751212,71.44799797702488,500
ii,-94.91254233176547,46.087457668234535,500
cr,-32.93196528287721,88.0680347171228,500
xg,-55.8758637363085,22.124136263691494,500
gp,-72.44088966984599,58.559110330154006,500
ll,-4.973561109839006,22.026438890160996,500
oh,-22.419141792560264,12.580858207439736,500
rx,-25.18268448431466,50.81731551568534,500
fg,-86.9328972860497,66.0671027139503,500
ax,-37.005534834797736,72.99446516520226,500
vu,-73.35806102123328,21.641938978766714,500
cw,-31.806793748298205,43.193206251701795,500
kh,-44.71766793278286,22.282332067217137,500
og,-49.65343231632976,36.34656768367024,500
tx,-65.08113952113649,59.91886047886351,500
fx,-21.606525121999013,87.39347487800099,500
ue,-97.18513579610138,39.81486420389862,500
yv,-93.82983591761578,2.1701640823842236,500
eq,-14.607467411377149,72.39253258862286,500
oe,-61.05777482815222,63.94222517184778,500
os,-2.8826845167441304,71.11731548325587,500
ch,-46.407182503757035,35.592817496242965,500
jk,-46.038434835373934,90.96156516462607,500
ur,-87.84131492479663,20.15868507520337,500
ah,-32.192842911768885,31.807157088231115,500
dq,-65.42632395222698,96.57367604777302,500
wg,-64.43563198154254,48.564368018457465,500
zb,-58.59545751495377,26.40454248504623,500
rp,-68.96681368203738,79.03318631796262,500
qm,-91.23265162553801,6.767348374461986,500
qm,-20.540608534217622,7.459391465782379,500
cq,-75.93427242918773,59.065727570812264,500
dn,-17.27160182776757,84.72839817223243,500
xs,-90.76918478852726,65.23081521147274,500
lx,-34.1237599763365,91.8762400236635,500
va,-22.834552249262803,56.165447750737194,500
em,-42.57516689912548,87.42483310087452,500
kw,-26.869098644584046,67.13090135541596,500
vn,-14.674199594719571,21.32580040528043,500
sw,-10.697734246361598,84.30226575363841,500
is,0.2760828304269092,24.27608283042691,500
sc,-49.409350430606686,39.590649569393314,500
hf,-75.54435409315369,40.45564590684632,500
cc,-44.431753712320685,65.56824628767932,500
do,-18.343217246244457,24.656782753755543,500
ki,-34.890710199526644,65.10928980047335,500
xb,-24.737251865432224,84.26274813456777,500
tz,-79.32894068544019,31.67105931455982,500
qj,-48.95442796216754,16.045572037832457,500
wd,-39.52000801954384,70.47999198045616,500
bz,-30.162648949510963,4.837351050489038,500
uo,-96.87466277140426,67.12533722859574,500
ke,-42.01231649900652,18.987683500993477,500
zm,-7.685937993717875,22.314062006282125,500
lu,-75.15917455401822,18.84082544598178,500
ko,-90.3631268812734,90.6368731187266,500
ao,-6.349458374903032,26.650541625096967,500
nj,-72.21298530093482,56.78701469906519,500
gw,-34.87209950740489,64.1279004925951,500
hk,-74.07094790884305,24.929052091156944,500
cr,-31.280668395314336,19.719331604685664,500
ga,-1.0503054137567063,43.9496945862433,500
qw,-66.87878643944985,63.121213560550146,500
ip,-5.523047439686305,90.47695256031369,500
fu,-55.123596907146464,60.876403092853536,500
vm,-17.515773011276472,10.484226988723528,500
lm,-73.33178942667482,37.66821057332518,500
jf,-89.49379353885676,82.50620646114324,500
oc,-77.77771417785648,39.22228582214352,500
zu,-72.97115005327534,43.028849946724655,500
rk,-23.259722927931016,23.740277072068984,500
