ls,-49.555380996116945,31.44461900388306,500
en,-85.34713909731383,10.652860902686179,500
ly,-46.5137221284357,35.4862778715643,500
rf,-47.383469337027655,70.61653066297234,500
rj,-67.24324098721381,74.75675901278619,500
br,-12.713431561675726,27.286568438324274,500
em,-65.61497196927156,98.38502803072844,500
gg,-7.879619899568131,47.120380100431866,500
hq,-17.549508957332982,82.45049104266702,500
pg,-58.58118685949343,97.41881314050657,500
ki,-4.284798421494188,35.71520157850581,500
yi,-69.34944423407927,30.650555765920725,500
pg,-2.1132143612512015,23.886785638748798,500
ke,-9.420866259345,97.579133740655,500
xy,-82.56424862343547,52.435751376564525,500
qg,-45.24821077863553,13.751789221364469,500
du,-23.99402446040665,14.00597553959335,500
et,-25.395310539791765,69.60468946020823,500
mp,-82.98221031284974,73.01778968715026,500
uy,-68.51884759032507,29.48115240967493,500
gs,-20.018218475123277,28.981781524876723,500
ut,-26.743989420926983,98.25601057907302,500
yw,-78.41369011508507,75.58630988491493,500
lb,-94.22120766748576,8.778792332514247,500
bq,-21.65345937345387,85.34654062654613,500
ws,-95.37783711982966,67.62216288017034,500
zb,-6.0702910166457,14.929708983354299,500
ud,-84.8588530224038,82.1411469775962,500
zu,-62.88074321176506,73.11925678823494,500
iy,-51.46419180425743,33.53580819574257,500
bt,-77.29917325739613,1.7008267426038641,500
gh,-33.72488392675204,88.27511607324796,500
ca,-73.20858559843057,58.791414401569426,500
fv,-65.69148327484034,92.30851672515966,500
al,-94.70765562147237,26.292344378527634,500
zg,-14.086821567515305,96.9131784324847,500
ab,-69.93945289234412,61.06054710765588,500
zl,-8.414692887884744,13.585307112115256,500
ts,-5.578251663862984,4.421748336137016,500
jy,-59.59953630029701,62.40046369970299,500
zv,-10.259897013985693,36.74010298601431,500
vw,-51.98369222392219,11.01630777607781,500
re,-1.4481889102874907,73.55181108971252,500
bk,-60.87636602583228,68.12363397416772,500
jo,-61.37597150057506,73.62402849942494,500
vi,-11.084454126177402,91.9155458738226,500
mc,-34.24476978425443,8.755230215745573,500
xf,-21.349821482007393,91.6501785179926,500
ef,-4.870645238100475,72.12935476189952,500
vw,-49.09172697052694,14.908273029473058,500
dv,-40.565892788326714,78.4341072116733,500
vz,-18.860510663619973,56.139489336380024,500
cm,-35.852563885055766,77.14743611494424,500
md,-18.955340677261734,68.04465932273827,500
wm,-49.1809750979584,14.8190249020416,500
ku,-81.4432464629842,51.556753537015794,500
vn,-80.87679942440009,70.12320057559991,500
fh,-79.006681156564,36.99331884343601,500
vq,-29.678874658223577,16.321125341776423,500
rg,-63.15151493541051,21.848485064589486,500
fm,-96.51021231875772,13.489787681242282,500
ah,-55.997393591116825,33.002606408883175,500
sv,-78.46734022428117,7.532659775718826,500
vy,-91.36360025336185,7.636399746638143,500
lw,-17.097749706819467,13.902250293180533,500
xa,-51.76000137885233,60.23999862114767,500
se,-76.60421598803822,78.39578401196178,500
ip,-33.5026595849205,39.4973404150795,500
gv,-88.6827481203727,14.317251879627307,500
na,-89.7209653623366,90.2790346376634,500
yj,-17.933039094273934,88.06696090572606,500
dm,-42.994147956764564,18.005852043235436,500
yj,-87.55916888522843,79.44083111477157,500
sp,-35.78862627755179,41.21137372244821,500
gd,-71.40312672532887,53.596873274671125,500
lw,-10.146167063685162,0.8538329363148369,500
yb,-60.577004190057906,9.42299580994209,500
ah,-2.0896823795720514,96.91031762042795,500
ho,-78.54774689401684,98.45225310598316,500
uv,-5.04358613371552,89.95641386628448,500
ui,-36.50824080197634,94.49175919802366,500
ds,-76.12588719931134,94.87411280068866,500
rj,0.7272401962840424,86.72724019628404,500
vg,-65.48414246555947,71.51585753444053,500
ij,-23.744713527146825,14.255286472853177,500
sb,-64.06585533831583,82.93414466168417,500
qk,-22.15870958225487,55.84129041774513,500
tp,-41.05821069857678,43.94178930142322,500
co,-51.58749911785579,47.41250088214421,500
xe,-28.510936564754225,71.48906343524578,500
ra,-24.421267385557158,18.578732614442842,500
wc,-80.6416226145586,72.3583773854414,500
lc,-66.34933649439884,18.65066350560116,500
ac,-22.089942812680217,98.91005718731978,500
og,-14.569983801877651,34.430016198122345,500
lv,-34.935872265086694,21.064127734913303,500
db,-71.32509879538615,75.67490120461385,500
gg,-57.021252423747136,60.978747576252864,500
my,-32.964685379577695,90.03531462042231,500
cl,-25.771298180505898,96.2287018194941,500
xb,-75.70590520863081,71.29409479136919,500
wt,-92.28990780870143,81.71009219129857,500
iz,-48.610309126642406,10.389690873357592,500
qx,-19.066843872291624,56.93315612770837,500
vk,-46.99502739122348,82.00497260877653,500
ne,-49.52728660189324,49.47271339810676,500
dx,-96.21594836575592,50.784051634244086,500
jy,-77.16532504195897,36.834674958041035,500
ht,-73.73635729920747,47.26364270079253,500
wi,-8.991745735072943,84.00825426492706,500
wm,-11.089988904404494,9.910011095595506,500
kz,-81.67388458338938,34.32611541661061,500
jl,-61.99885844499077,90.00114155500923,500
gq,-0.44067992366960396,62.559320076330394,500
ua,-63.40132328191732,68.59867671808267,500
ff,-23.736914721486396,62.26308527851361,500
cb,-73.81732710467072,75.18267289532928,500
es,-59.20173366551404,84.79826633448596,500
iz,-88.0588444301634,62.94115556983659,500
gj,-39.39219124120865,21.60780875879135,500
td,-64.11536151148589,30.884638488514113,500
rj,-70.54180010524381,77.45819989475619,500
qh,-8.07844640797619,74.92155359202381,500
lb,-79.80180848665601,9.198191513343984,500
go,-62.79234293876425,22.20765706123575,500
bi,-88.9954600903364,69.0045399096636,500
fo,-79.89393041125157,55.106069588748426,500
gr,-77.63186885867782,12.36813114132218,500
gy,-4.607142009880238,1.3928579901197622,500
iy,-65.85393857589672,7.146061424103275,500
gf,-15.009387454933115,29.990612545066885,500
yu,-42.61887396186553,79.38112603813447,500
vw,-9.478201099381344,47.521798900618656,500
jl,-70.90554354438466,86.09445645561534,500
km,-15.614728551442584,95.38527144855742,500
ce,-52.43838701239578,54.56161298760422,500
rh,-62.21904995441042,87.78095004558958,500
qe,-33.918778525623146,76.08122147437685,500
xa,-59.325118314364694,18.674881685635306,500
dv,-21.06222514379071,41.937774856209295,500
gd,-87.91464304724454,62.08535695275547,500
uw,-81.61037419580978,24.389625804190214,500
uy,-64.90557066935071,83.09442933064929,500
bb,-4.11963269024417,85.88036730975583,500
bt,-13.392771800606612,97.60722819939339,500
wj,-86.11086554444053,83.88913445555947,500
nh,-85.3515325391122,94.6484674608878,500
be,-31.736130898194073,34.26386910180592,500
xq,-94.83038943720463,80.16961056279537,500
jc,-16.26251471324139,68.73748528675861,500
hq,-86.74603333247583,86.25396666752417,500
av,-57.79653060121432,51.20346939878568,500
lh,-24.04803521736185,3.951964782638149,500
kn,-77.24326083007703,7.756739169922964,500
ky,-37.95305260504868,61.04694739495132,500
df,-38.13306837288836,62.86693162711164,500
no,-34.298012670046475,20.701987329953525,500
fd,-93.97437041434536,24.025629585654645,500
uv,-59.05684766003374,94.94315233996626,500
le,-1.2407294736149461,74.75927052638505,500
sp,-53.220904328788045,97.77909567121195,500
wz,-47.903470088599725,17.096529911400275,500
op,-67.28566025641888,30.714339743581114,500
ht,-96.78528273876076,6.21471726123924,500
pd,-97.74662555969012,88.25337444030988,500
oc,-88.53853893282435,37.46146106717565,500
gh,-75.83948669306676,36.16051330693325,500
kg,-17.2912941669667,66.70870583303329,500
zv,-35.51761393979009,9.482386060209908,500
rr,-74.86548967412126,18.13451032587874,500
ln,-36.76603271670829,12.233967283291713,500
da,-72.50735968331733,47.49264031668267,500
fb,-70.27807271389193,32.72192728610808,500
fi,-60.37654404019556,42.62345595980444,500
jh,-49.21424877163945,46.78575122836055,500
jl,-45.69094252568659,62.30905747431341,500
wo,-85.013244515025,86.986755484975,500
rj,0.9826188423845524,67.98261884238455,500
pj,-24.6961381260566,7.303861873943402,500
fc,-24.347065511163766,54.65293448883624,500
oh,-20.10103601595982,92.89896398404018,500
ld,-58.343686525509305,45.656313474490695,500
yw,-93.89017675486434,42.10982324513566,500
ad,-23.294219001425457,71.70578099857454,500
az,-13.935846264446747,80.06415373555325,500
sx,-61.523119845572246,91.47688015442775,500
aa,-78.88702415844533,55.112975841554665,500
de,-54.056877664083466,7.943122335916535,500
fe,-10.898236292540046,41.10176370745995,500
na,-17.913133770331324,6.086866229668674,500
px,-70.0425143205244,50.95748567947559,500
ta,-6.07260603249261,16.92739396750739,500
sl,-50.39948124988403,54.60051875011597,500
qx,-15.83753030001751,98.1624696999825,500
yh,-69.30265842775773,72.69734157224227,500
ya,-84.23807898689657,16.761921013103432,500
vb,-33.489033605248,60.510966394752,500
ra,-97.33030820909482,25.669691790905173,500
ui,-39.18648948402196,4.813510515978039,500
my,-74.42152854427057,95.57847145572943,500
do,-12.505814622802335,3.494185377197665,500
jj,-49.69866455767353,45.30133544232647,500
py,-69.33238688397408,72.66761311602592,500
jp,-72.56541854678134,98.43458145321866,500
oc,-20.007290448410473,76.99270955158953,500
ks,-71.60829166391976,49.39170833608024,500
in,-67.49042255933279,96.50957744066721,500
gs,-33.97752509291488,23.022474907085122,500
ao,-52.43943412917164,65.56056587082837,500
aq,-59.745670726457995,54.254329273542005,500
gp,-1.9916018383005425,30.008398161699457,500
yd,-73.57772564056779,2.4222743594322123,500
tf,-43.28547365119696,87.71452634880305,500
ph,-92.99278320743781,1.0072167925621958,500
lx,-20.8327055865542,79.1672944134458,500
bw,-49.85022497441549,23.14977502558451,500
yh,-18.441606069805083,30.558393930194917,500
oy,-72.75790633588609,59.24209366411391,500
qr,-91.4023690941779,1.5976309058221068,500
or,-96.03412022753356,64.96587977246644,500
wg,-59.0551445059577,51.9448554940423,500
dp,-59.252352331579964,8.747647668420038,500
ax,-80.21986165384568,1.7801383461543125,500
oz,-15.907696314291067,26.092303685708934,500
eu,-65.78268170481792,88.21731829518208,500
gx,-1.2418927314380814,27.75810726856192,500
na,-19.213087735241665,1.7869122647583353,500
zk,-27.273400768449697,75.72659923155031,500
yu,-58.784925233190776,38.215074766809224,500
yy,-46.86915086084688,56.13084913915312,500
hs,-1.069437993742644,53.930562006257354,500
os,-30.932658598217195,92.0673414017828,500
cq,-32.507988756323606,95.4920112436764,500
du,-20.52518024569129,84.47481975430871,500
db,-36.459242013858024,46.540757986141976,500
jp,-42.817241693829644,18.182758306170353,500
bw,-57.082203042452306,57.917796957547694,500
nz,-68.03473158016604,83.96526841983396,500
es,-71.66663057862158,91.33336942137842,500
uz,-72.31104322611552,71.68895677388448,500
bv,-48.96463382870406,57.03536617129594,500
id,-95.84236117522686,23.157638824773144,500
os,-94.63105274293572,81.36894725706428,500
ug,-25.19771193649378,94.80228806350623,500
tv,-81.59772653505573,80.40227346494427,500
ea,-38.828258978940745,9.171741021059258,500
eu,-23.42113696823795,35.57886303176205,500
el,-41.30531130696035,57.69468869303965,500
hb,-8.627007014541446,25.372992985458552,500
fr,-45.69987898679984,75.30012101320015,500
fj,-95.31916105727218,57.68083894272781,500
ho,-19.606145931687358,94.39385406831265,500
zi,-58.7311173503711,39.2688826496289,500
yj,-89.54211663056931,52.45788336943068,500
jq,-51.70229646550717,16.297703534492832,500
ju,-26.512527099902776,81.48747290009723,500
gq,-83.13328434629584,77.86671565370416,500
sj,-72.38942741392954,3.610572586070462,500
ae,-97.81839343670646,68.18160656329354,500
rt,-40.642247527294096,56.357752472705904,500
ft,-86.7954581250007,67.2045418749993,500
du,-89.93474768229026,38.065252317709735,500
ru,-45.15780461376783,94.84219538623218,500
gn,-49.82180378852413,69.17819621147586,500
rz,-15.615560295024954,39.384439704975044,500
er,-95.41725403860922,68.58274596139078,500
kn,-21.943241952379218,34.05675804762078,500
ch,-2.0693976287861977,69.93060237121381,500
kg,-96.32977613530502,40.67022386469498,500
xw,-13.420078701912619,23.57992129808738,500
rk,-59.87669818096421,72.12330181903579,500
zn,-35.03802564454722,64.96197435545278,500
eo,-92.83013843126017,82.16986156873983,500
kq,-73.56722359142506,7.432776408574938,500
kd,-25.126645506981355,70.87335449301864,500
ku,-8.926000954815432,21.073999045184568,500
rx,-96.85988906407147,73.14011093592853,500
tb,-33.24240465904756,14.75759534095244,500
vt,-49.27150322875917,1.7284967712408292,500
il,-68.51978832372839,29.480211676271605,500
fr,-67.86474690226905,31.135253097730946,500
qo,-16.13414118459496,62.86585881540504,500
vp,-56.05883454115354,55.94116545884646,500
io,-31.797644835828567,48.20235516417143,500
ub,-4.370610314140527,1.629389685859473,500
cp,-21.525996398610882,28.474003601389118,500
dv,-63.31882672663983,0.681173273360176,500
wo,-90.40578496466101,19.594215035338987,500
ql,-72.77859290931816,61.22140709068184,500
kz,-63.922270555451085,27.07772944454891,500
gx,-50.901103495022404,31.098896504977592,500
nu,-76.27151180611791,74.72848819388209,500
sb,-39.06351624252128,6.936483757478717,500
rw,-7.639375644436404,74.3606243555636,500
om,-0.6266103429574208,18.37338965704258,500
zk,-80.2159973154181,84.7840026845819,500
ro,-25.19340701697443,47.806592983025574,500
vi,-20.32187925500298,73.67812074499702,500
jt,-97.94392341257154,55.05607658742846,500
gt,-66.06741623940675,41.93258376059325,500
oq,-47.08639592465115,59.91360407534885,500
gd,-63.128440763848346,85.87155923615165,500
mt,-83.26398227563541,71.73601772436459,500
ge,-26.64135618192914,73.35864381807086,500
ug,-19.2447417882984,71.7552582117016,500
tl,-12.947733912134565,46.05226608786543,500
zt,-11.609674461138377,94.39032553886162,500
tm,-83.98799495667794,37.012005043322056,500
ql,-6.027670532459718,78.97232946754028,500
bv,-79.75226097150329,36.2477390284967,500
xp,-68.73647743149974,94.26352256850026,500
pp,-40.48093655090541,6.519063449094588,500
ya,-64.10611217139765,34.89388782860235,500
dp,-28.860285685152192,79.13971431484781,500
wa,-54.366521310872855,4.633478689127141,500
rm,-44.56438459260504,42.43561540739496,500
wc,-43.822333453991895,67.1776665460081,500
zn,-31.433463363536905,5.566536636463094,500
gs,-4.181220246204036,20.818779753795962,500
xa,-17.728802608591618,53.271197391408386,500
xx,-3.40563119634099,52.59436880365901,500
xf,-48.78293137203923,89.21706862796077,500
tv,-48.59479267947519,76.40520732052481,500
ma,-60.40228927743962,36.59771072256038,500
ke,-89.48019650655544,93.51980349344456,500
eq,-1.1136856345404484,76.88631436545955,500
tv,-37.28815552967045,59.71184447032955,500
wr,-22.66215535345414,67.33784464654586,500
af,-15.50101500888102,37.49898499111898,500
jv,-1.5164371234989347,87.48356287650107,500
bv,-11.78457943553538,72.21542056446462,500
jp,-85.44265243358463,17.557347566415377,500
md,-69.56994559558827,30.43005440441174,500
io,-72.73887094531034,72.26112905468966,500
pn,-79.46638893192406,81.53361106807594,500
bq,-90.92264070068519,70.07735929931481,500
co,-56.95168222926499,15.048317770735013,500
jq,0.6902729191593368,18.690272919159337,500
oz,-28.245603808800894,83.7543961911991,500
at,-95.2664378145607,82.7335621854393,500
po,0.6015687277055751,47.601568727705576,500
cs,-42.646133964716135,14.353866035283861,500
xa,-0.3871862016584977,79.6128137983415,500
tg,-72.95214057447465,96.04785942552535,500
mx,-24.73729593557868,73.26270406442133,500
nf,-63.5243389591469,95.4756610408531,500
jx,-2.7844788438558723,22.215521156144128,500
ts,-38.770186534144294,41.229813465855706,500
ix,-42.46792227969567,54.53207772030433,500
xz,-4.802136611705433,45.197863388294564,500
ka,-53.882092887269806,27.117907112730194,500
qb,-37.46029448903493,92.53970551096506,500
sp,-79.61968387370042,66.38031612629958,500
sl,-23.32607615377678,35.67392384622322,500
pw,-16.913440489703277,31.086559510296723,500
lo,-58.92269995209449,72.07730004790551,500
vc,-20.714252425169963,98.28574757483004,500
zi,-63.19602646053644,86.80397353946356,500
fz,-70.77462876787192,3.22537123212809,500
mr,-1.1380356202698925,72.86196437973011,500
xr,-11.222080158973801,43.7779198410262,500
ok,-80.74123861946995,97.25876138053005,500
td,-51.28449953882142,26.71550046117858,500
ic,-39.42700291980853,17.572997080191467,500
zs,-37.80314448553768,65.19685551446231,500
lp,-85.02848765511582,36.971512344884175,500
yi,-81.78730793604745,38.21269206395255,500
kt,-72.62403956985158,27.375960430148428,500
ou,-25.727323436898107,83.2726765631019,500
vt,-94.84424025168592,80.15575974831408,500
ih,-48.01433157194016,8.985668428059837,500
fq,-2.844721222291268,54.15527877770873,500
zi,-5.9396552632803,93.0603447367197,500
em,-41.67634667190296,19.323653328097038,500
qx,-0.6034237205686399,85.39657627943136,500
rf,-63.4773590994142,88.5226409005858,500
gs,0.35084142633972737,72.35084142633973,500
vv,-39.769432317613614,65.2305676823864,500
il,-32.580570687281806,69.4194293127182,500
vs,-4.690247287311385,51.30975271268861,500
au,0.5022723780902603,45.50227237809026,500
xa,-25.13069117641647,23.86930882358353,500
ab,-9.279874134482611,5.720125865517389,500
gn,-27.228530968425876,9.771469031574124,500
ql,-21.943011861990836,43.05698813800917,500
dt,-14.519423391898432,15.480576608101568,500
np,-69.2892992227489,0.7107007772511117,500
en,-90.03602354776031,52.96397645223969,500
lh,-37.00425292459115,88.99574707540886,500
ki,-42.34585265977698,95.65414734022302,500
wi,-68.26823447663202,59.73176552336798,500
rx,-91.34007118995406,33.65992881004594,500
zw,-26.31393685037484,12.68606314962516,500
rw,-11.403619179648869,78.59638082035113,500
rd,-3.5317556266658117,32.46824437333419,500
vu,-63.31572707571637,73.68427292428363,500
rs,-39.2648385356245,81.73516146437551,500
hm,-92.36140756890629,51.63859243109371,500
if,-15.432538500543474,13.567461499456526,500
ja,-95.07669717116066,33.92330282883935,500
qo,-4.7537206606766205,62.24627933932338,500
ux,-74.39647224055844,51.60352775944156,500
vl,-8.39785613649911,77.60214386350088,500
av,-33.10833724907893,44.89166275092107,500
mf,-91.87347499194198,92.12652500805802,500
gz,-0.45472381454055555,38.54527618545944,500
mg,-73.214480003457,29.78551999654301,500
xg,-7.70122239622479,78.2987776037752,500
iy,-94.03855552624326,6.961444473756736,500
kr,-20.81891673844045,78.18108326155955,500
wz,-94.52719817295394,5.472801827046054,500
lu,-42.190221453103575,84.80977854689642,500
nl,-2.3615076941518853,55.63849230584812,500
wc,-62.374099553857455,47.625900446142545,500
gx,-66.31140878215463,94.68859121784537,500
kn,-49.11136935093329,6.888630649066716,500
ud,-15.834130933928899,98.1658690660711,500
yc,-59.69723416452211,24.302765835477892,500
hu,-77.56156138691354,62.43843861308646,500
rn,-58.68883852063715,98.31116147936285,500
gf,-6.716752749457338,98.28324725054266,500
vl,-95.76218349309016,48.23781650690983,500
fe,-28.093514998032827,95.90648500196717,500
za,-74.70418932026244,3.2958106797375546,500
az,-77.16478278021555,69.83521721978445,500
oz,-62.254565747821076,93.74543425217892,500
bm,-16.061297931870985,52.93870206812902,500
zm,-80.78747112374691,55.21252887625309,500
fh,-47.10913189618344,41.89086810381656,500
pn,-14.678108427805956,64.32189157219405,500
rf,-72.7289322918057,23.2710677081943,500
ga,-33.604303035472455,77.39569696452754,500
fc,-94.47971005152091,40.52028994847909,500
gk,-33.2763902968915,9.7236097031085,500
fc,-97.2824044628313,94.7175955371687,500
np,-65.6161953479081,69.3838046520919,500
li,-79.61766729232029,67.38233270767971,500
zk,-23.289357300374867,55.71064269962513,500
yx,-20.41359931617841,67.5864006838216,500
mo,-6.003759945102544,9.996240054897456,500
tp,-18.34694889294185,23.65305110705815,500
un,-30.81736900044203,11.182630999557968,500
by,-18.700756194096773,43.29924380590323,500
zw,-36.56648844081273,84.43351155918727,500
ur,-12.358674328721497,3.6413256712785027,500
lq,-74.25339471330837,82.74660528669163,500
sa,-18.412966230561153,67.58703376943885,500
uc,-47.83373404374656,96.16626595625344,500
gm,-67.1237306692206,92.8762693307794,500
jz,-65.57144550474823,3.4285544952517686,500
ri,-68.28443776103143,48.71556223896857,500
kd,-23.327604594711367,75.67239540528864,500
ir,-63.11700144173368,21.882998558266323,500
zm,-18.022995374644214,15.977004625355786,500
qc,0.9111025562644806,19.91110255626448,500
an,-39.32107384505523,46.67892615494477,500
yt,-82.16542950952831,52.8345704904717,500
gy,-0.08980338530603516,9.910196614693964,500
to,-11.068233387602696,75.93176661239731,500
bj,-85.62090493262212,32.379095067377875,500
uu,-71.11624228944747,81.88375771055253,500
st,-95.55760387886338,80.44239612113662,500
cm,-53.61874830412007,51.38125169587993,500
xx,-34.37175244959759,15.628247550402413,500
fy,-60.22959843048911,39.77040156951089,500
nz,-50.96560357594117,65.03439642405883,500
ed,-89.89404986259497,23.10595013740504,500
lg,-79.30886735995217,3.6911326400478193,500
wc,-61.500431195265506,64.4995688047345,500
gh,-57.42627782109942,14.573722178900585,500
as,-46.542216278826174,76.45778372117383,500
dd,-34.01953241548226,90.98046758451774,500
go,-71.01464220284994,94.98535779715006,500
uf,-4.580738151060408,28.41926184893959,500
dv,-64.02039852428469,78.97960147571531,500
hj,-68.01447703903902,14.985522960960973,500
sb,-2.4232505409457104,13.57674945905429,500
vt,-59.24971906753792,26.75028093246208,500
rg,-88.3016291739916,20.698370826008397,500
tn,-86.81137358195537,58.188626418044635,500
ab,-83.20740106539257,36.792598934607426,500
as,-20.68333946652995,12.316660533470051,500
iu,-77.2257811530426,89.7742188469574,500
iy,-27.92623207928174,59.07376792071826,500
aj,-39.094447310172086,4.905552689827912,500
ap,-57.06119109077494,43.93880890922506,500
sb,-77.46783674183563,77.53216325816437,500
qf,-15.387487433169506,51.612512566830496,500
sw,-83.16108302467848,76.83891697532152,500
tl,-25.654793919897866,89.34520608010213,500
qc,-7.355633400986646,18.644366599013352,500
zg,-41.18648348644425,70.81351651355575,500
fs,-6.137270916237912,3.862729083762088,500
ak,-29.60801746357381,19.39198253642619,500
yh,-70.14865632827899,3.851343671721004,500
xd,-6.44559191125244,24.55440808874756,500
tr,-69.00542102656902,35.99457897343097,500
yo,-41.984154561006186,39.015845438993814,500
qd,-11.433294697147533,86.56670530285247,500
al,-90.71607971278219,88.28392028721781,500
nm,-50.95779780947426,96.04220219052574,500
nl,-67.05369994494966,52.94630005505034,500
ei,-95.52693130724634,39.47306869275365,500
ey,-5.157398249559993,2.842601750440007,500
us,-37.67676438750017,32.32323561249983,500
em,-57.953600198577796,87.04639980142221,500
go,-62.889720206688864,51.110279793311136,500
ao,-30.22964005375576,4.770359946244243,500
lq,-92.22375835676891,72.77624164323109,500
xo,-93.76687169444315,46.23312830555685,500
ts,-89.27763644422437,85.72236355577563,500
gl,-77.230584072563,70.769415927437,500
qn,-88.75579042162286,69.24420957837714,500
kh,-27.516329662285425,27.483670337714575,500
lg,-5.171561326030302,42.8284386739697,500
jf,-55.60292712242606,81.39707287757395,500
pk,-59.7801175676677,51.2198824323323,500
ll,-30.03628102009461,18.96371897990539,500
am,-57.80144225452184,42.19855774547816,500
up,-18.430474634396436,38.56952536560357,500
rn,-17.726176616876604,43.2738233831234,500
wv,-49.231146876752774,48.768853123247226,500
ll,-51.76868707406442,69.23131292593558,500
cl,-42.60802384376321,92.39197615623678,500
si,-14.566184213124519,94.43381578687548,500
sc,-94.06297411139258,14.937025888607419,500
fi,-29.49128708862139,93.50871291137861,500
yj,-92.39454310395719,93.60545689604281,500
gf,-33.78034048627315,86.21965951372685,500
un,-20.88611136413762,77.11388863586238,500
re,-43.88585143212364,89.11414856787636,500
cy,-86.3975826244583,81.6024173755417,500
xy,-73.64721147987771,93.35278852012229,500
iv,-84.61150007464958,80.38849992535042,500
sl,-92.5986483480553,9.401351651944696,500
li,-81.62750039807626,58.37249960192373,500
gy,-31.014553228078224,7.985446771921777,500
fk,-60.89316314067568,28.106836859324314,500
ni,-37.208756101228474,69.79124389877153,500
ch,-85.11746934366076,15.882530656339236,500
mz,-6.237785514847495,38.762214485152505,500
su,-6.234090264624013,2.7659097353759874,500
jk,-68.58807789337594,0.41192210662406237,500
qj,-58.210307270482005,1.7896927295179965,500
tg,-16.56829691624891,30.43170308375109,500
er,-52.63458457314458,14.365415426855424,500
im,-49.21876920045583,43.78123079954417,500
ly,-76.39971345668026,93.60028654331974,500
lf,-66.60475737583815,3.3952426241618596,500
eu,-88.56071293293898,81.43928706706102,500
rv,-25.00715543795889,5.992844562041111,500
ei,-5.341773157481892,40.658226842518104,500
lu,-37.702031778904804,52.297968221095196,500
rh,-80.48950220200776,36.510497797992244,500
fp,-21.033309357687358,49.96669064231264,500
dd,-84.52295622572176,75.47704377427824,500
vn,-88.00799303807868,39.99200696192132,500
rn,-78.71522647853031,2.2847735214696905,500
ry,-47.282040890674395,18.717959109325605,500
ol,0.17606728625407042,48.17606728625407,500
el,-38.51563106491548,45.48436893508452,500
uj,-59.69154265619764,17.30845734380236,500
bj,-88.63777145900967,40.36222854099033,500
nu,-89.54468625193797,67.45531374806203,500
oh,-35.75294898832692,34.24705101167308,500
fg,0.7658553898983366,7.765855389898337,500
fs,-5.445603355222276,34.554396644777725,500
dl,-31.364994558083886,6.635005441916114,500
jx,-20.367617678975503,4.632382321024499,500
kv,-11.341785897318742,54.65821410268126,500
ur,-29.87914492542121,8.120855074578792,500
ay,-56.93736437208006,80.06263562791995,500
zh,-15.55230347208971,85.4476965279103,500
ex,-78.00637026237317,44.99362973762683,500
yz,-50.70733398791979,46.29266601208021,500
zo,-41.61728227757625,38.38271772242375,500
kw,-92.03240852013451,83.96759147986549,500
gv,-66.68057307505221,74.31942692494779,500
ie,-18.03099259284866,35.96900740715134,500
sp,-24.660715015428114,33.33928498457188,500
ce,-65.51902301836311,41.48097698163688,500
uc,-39.33648466811963,90.66351533188038,500
xb,-55.886154622356415,22.11384537764358,500
ah,-56.82193948864063,73.17806051135938,500
tk,-89.117546448903,98.882453551097,500
yf,-2.7011108834204265,89.29888911657957,500
sd,-71.21352707543191,28.78647292456808,500
ef,-73.34145126615435,77.65854873384565,500
kw,-13.797696581448463,47.20230341855154,500
ld,-65.08074495762474,76.91925504237526,500
gm,-51.3160081561429,31.6839918438571,500
kb,-12.157018264353448,17.842981735646553,500
yu,-63.300864210134,76.69913578986599,500
we,-83.41743310331923,9.582566896680774,500
eo,-64.1583009643071,3.8416990356929017,500
pb,-46.27169095338385,24.728309046616143,500
uc,-4.960891613995223,87.03910838600478,500
qf,-68.32925584245986,61.67074415754014,500
hu,-60.24404492218756,2.75595507781244,500
uv,-56.98180491554203,37.01819508445797,500
ke,-44.10948458779867,65.89051541220132,500
pi,-90.84918355500797,27.15081644499204,500
xy,-2.418009026354836,21.581990973645162,500
vo,-50.96659486201264,80.03340513798736,500
ke,-44.57106252802269,47.42893747197731,500
jy,-41.11389814343019,50.88610185656981,500
on,-36.45955621090232,35.54044378909768,500
hj,-24.41287633767614,72.58712366232386,500
yo,-50.74338232596606,95.25661767403393,500
gt,-52.401220571160124,60.598779428839876,500
fp,-0.7233482504929354,7.276651749507065,500
pt,-38.81888691925459,83.1811130807454,500
hl,-73.41782911043343,67.58217088956657,500
zj,-94.45133298440751,51.54866701559249,500
ve,-59.89032550069841,79.10967449930159,500
nt,-79.67075371698411,98.32924628301589,500
ip,-89.15567822774828,96.84432177225172,500
qh,-55.0424980257569,81.9575019742431,500
fj,-38.34122333281968,40.65877666718032,500
oy,-94.9775114662536,26.022488533746397,500
hu,-18.393385256306644,48.606614743693356,500
td,-78.86465242885922,53.13534757114079,500
zk,-60.1637107162129,47.8362892837871,500
yv,-44.574425162712686,3.425574837287318,500
ba,-77.67645263219583,9.323547367804165,500
hx,-97.56597096241822,61.43402903758179,500
qu,-26.822291001556827,66.17770899844318,500
ef,-11.022111370686726,71.97788862931327,500
ci,0.5318784297304735,63.531878429730476,500
io,-2.560120552188922,66.43987944781108,500
jp,-5.383917852090552,73.61608214790945,500
la,-77.526938537734,54.473061462266,500
xj,-59.00600415547181,91.9939958445282,500
kr,-62.85986831165787,17.140131688342127,500
ag,-35.953931312907514,7.046068687092484,500
dz,-60.928827998928575,27.071172001071428,500
oi,-88.04742809092532,26.95257190907468,500
wv,-46.59820071322123,43.40179928677877,500
xn,-20.147260172072112,83.85273982792789,500
ud,-33.95982738441356,66.04017261558644,500
jp,-12.083780487402123,43.91621951259788,500
tx,-94.48935395008522,13.510646049914788,500
va,-58.55995216582088,76.44004783417911,500
vt,-9.732507117769364,50.267492882230634,500
hf,-42.236713818434616,11.763286181565386,500
er,-14.865525027608308,14.134474972391692,500
xh,-27.75278409357456,42.24721590642544,500
uo,-33.427132320201565,5.572867679798437,500
cx,-88.87811485126232,58.121885148737675,500
ot,-60.93218309350018,72.06781690649981,500
od,-81.27702394148542,62.722976058514575,500
fg,-41.80274918655664,35.19725081344336,500
ag,-66.27492504214347,61.72507495785654,500
vc,-95.18867679211861,39.81132320788139,500
dc,-32.33507938211943,31.664920617880572,500
ie,-44.5330664253368,84.4669335746632,500
sz,-28.237936954510054,63.762063045489946,500
kd,-44.04974999800371,36.95025000199629,500
ih,-13.61971897258097,91.38028102741903,500
bp,-70.76344902580031,56.23655097419969,500
fi,-96.16277330287978,43.837226697120215,500
my,-2.2289442945643594,45.77105570543564,500
bi,-33.57580705632254,32.42419294367746,500
yn,-58.6188958603588,89.3811041396412,500
ka,-63.53144092608447,59.46855907391553,500
ad,-52.16444467862408,66.83555532137592,500
xe,-5.823844304447415,53.17615569555259,500
ho,-30.29381106368062,85.70618893631938,500
zq,-15.601799295132738,10.398200704867262,500
oe,-68.69563801971992,77.30436198028008,500
iq,-18.95463225415259,28.04536774584741,500
ew,-3.0125434933759347,6.987456506624065,500
eu,-66.7642498597399,57.235750140260095,500
sr,-2.306334568737586,54.69366543126242,500
ut,-16.653323957051406,48.346676042948594,500
lw,-56.880658830970575,37.119341169029425,500
zj,-20.258546256471856,97.74145374352814,500
rz,-57.847843614145184,53.152156385854816,500
ec,-79.78291613607512,35.21708386392489,500
wr,-65.96424346411533,31.03575653588467,500
kj,-31.255298585368102,78.74470141463189,500
co,-18.62501825100024,35.37498174899976,500
wr,-89.41608759470796,97.58391240529204,500
cf,-69.56343912372103,26.436560876278982,500
vl,-74.390786889575,7.609213110424997,500
sj,-29.31708318990215,32.68291681009785,500
wi,-53.83851063391124,82.16148936608876,500
sa,-23.7265405541332,25.2734594458668,500
yz,-30.192260578059624,17.807739421940376,500
yn,-87.9662320014286,10.033767998571406,500
rh,-0.009739063900969014,0.990260936099031,500
tt,-6.406952574152547,31.593047425847452,500
yw,-12.732205781646687,44.26779421835331,500
up,-89.78656781683448,82.21343218316552,500
vm,-77.38186355479611,36.61813644520389,500
cs,-11.565872034865421,18.43412796513458,500
hj,-46.71075580996084,48.28924419003916,500
mo,-80.18896699693396,10.811033003066047,500
xh,-68.82149609121764,80.17850390878236,500
du,-92.15747153832606,60.842528461673936,500
bk,-16.124952805023465,60.87504719497653,500
xq,-65.59929898761217,31.400701012387824,500
qu,-95.5586196485132,67.4413803514868,500
fw,-40.92332822201519,94.07667177798481,500
vk,-71.84731072181043,14.15268927818957,500
pg,-91.93867282209929,13.061327177900708,500
ut,-47.858685900368954,60.141314099631046,500
ze,-69.04236727826466,94.95763272173534,500
ft,-72.71614503253376,20.283854967466237,500
ni,-53.59589465475434,56.40410534524566,500
il,-56.97256943909155,86.02743056090844,500
kq,-94.13557913014289,12.86442086985711,500
sn,-74.20745429418173,18.79254570581827,500
kx,-27.95669637909042,20.04330362090958,500
qu,-69.60972338059052,58.390276619409484,500
mi,-77.68245833085655,52.31754166914346,500
xi,-30.33049732671084,93.66950267328916,500
ly,-20.779568703963914,42.22043129603608,500
ei,-61.437877133662525,84.56212286633748,500
zo,-40.7122038480144,1.2877961519855994,500
wb,-92.31980903305585,1.6801909669441581,500
xp,-86.32677948440258,23.673220515597425,500
ch,-18.353588947284038,52.64641105271596,500
lp,-56.955721515716554,71.04427848428344,500
se,-6.936779600927322,8.063220399072678,500
ef,-68.94228526078723,45.05771473921277,500
ac,-83.7496251223828,34.25037487761721,500
no,-7.328964278663092,28.67103572133691,500
wf,-92.74378603393146,44.25621396606855,500
bd,-13.475303822181752,88.52469617781824,500
po,-72.58640564685902,50.41359435314097,500
nm,-44.5555843818138,37.4444156181862,500
cs,-84.97495505025518,58.025044949744824,500
mi,-73.14310199169789,37.85689800830211,500
vm,-29.330902501148383,13.669097498851617,500
vp,-19.018400395212968,18.981599604787032,500
pg,-9.972115333286345,27.027884666713653,500
tf,-33.32188350980616,16.678116490193833,500
uw,-24.705536870506357,5.294463129493642,500
ws,-7.187878712087299,16.812121287912703,500
qo,-84.32124159342696,67.67875840657304,500
cl,-65.37912997874703,93.62087002125297,500
ma,-38.162703791851854,70.83729620814815,500
pk,-12.676088834903785,86.32391116509622,500
hf,-68.3104399092623,53.6895600907377,500
iw,-67.36163697505091,53.63836302494908,500
yc,-57.13474592327928,92.86525407672072,500
od,-54.68967736118702,73.31032263881298,500
ri,-51.52050624834367,89.47949375165634,500
kj,-23.956676249561873,71.04332375043812,500
gl,0.4112574550018926,63.411257455001895,500
ne,-89.51073292870221,58.48926707129779,500
uu,-9.189745178124697,77.8102548218753,500
it,-45.07395565867343,46.92604434132657,500
dj,-94.59872079790469,65.40127920209531,500
zf,-31.909333951108632,63.090666048891364,500
ar,-35.1131104363908,24.8868895636092,500
in,-28.721494290886994,66.278505709113,500
vc,-74.12887971513129,15.871120284868715,500
zr,-80.41706129910436,98.58293870089564,500
jz,-3.5033143437061933,17.496685656293806,500
xd,-31.83662807363541,47.16337192636459,500
kw,-6.681932339481538,95.31806766051847,500
uy,-46.51988653771909,18.480113462280908,500
oq,-15.91340617849252,61.08659382150748,500
bu,-18.13473834859509,73.86526165140491,500
qv,-47.59631902313389,31.403680976866113,500
hw,-51.1572062865305,46.8427937134695,500
cm,-33.33674147792101,95.66325852207899,500
lp,-90.89405587558247,72.10594412441753,500
km,-75.4702274100501,19.529772589949893,500
ip,-54.29747898977508,28.70252101022492,500
ln,-34.13528775490429,24.864712245095713,500
dg,-61.30327122949398,47.69672877050602,500
cl,-64.48166830529622,84.51833169470378,500
va,-86.03431552021954,6.965684479780462,500
mw,-67.02700694859863,15.97299305140137,500
ey,-64.90617939760659,14.093820602393402,500
up,-25.880710728958757,94.11928927104124,500
ue,-53.77649932596278,31.223500674037222,500
kx,-6.367949804906159,20.63205019509384,500
lc,0.2038348426262605,92.20383484262626,500
wa,-56.67758489363581,79.32241510636419,500
dh,-93.59098771536455,24.40901228463545,500
bc,-45.64886802020192,61.35113197979808,500
bz,-50.812588336617054,39.187411663382946,500
uf,-42.74301749136421,91.25698250863579,500
vb,-70.13445262656104,64.86554737343896,500
yd,-16.57010411511457,3.42989588488543,500
yk,-8.899927942753438,77.10007205724656,500
ee,-6.75104427047917,91.24895572952083,500
tu,-34.2416878276804,13.758312172319597,500
tq,-86.80659340360914,76.19340659639086,500
ec,-4.131763358315839,14.868236641684161,500
qt,-17.683108079277744,21.316891920722256,500
eq,-51.43811663165996,21.56188336834004,500
zq,-92.09749341223005,84.90250658776995,500
sv,-74.51998848290081,49.480011517099186,500
an,-9.076410199648535,87.92358980035146,500
py,-16.517691333567637,10.482308666432363,500
uv,-1.0285813100148435,12.971418689985157,500
pn,-34.66718707458792,84.33281292541207,500
bl,-59.095675478759965,81.90432452124004,500
my,-76.27832907129432,7.72167092870568,500
ez,-85.34646004763934,12.653539952360665,500
dm,-31.625507784720842,43.37449221527916,500
dh,-42.6222774026576,26.377722597342395,500
sk,-17.909993246846,64.090006753154,500
jp,-78.0606516950746,9.939348304925405,500
tc,-49.44639532564253,97.55360467435747,500
ig,-70.54959006897104,98.45040993102896,500
xr,-16.885966024072626,83.11403397592737,500
pn,0.3331587924327747,55.333158792432776,500
qt,-83.74054426538952,16.259455734610487,500
ve,-33.94534763264735,86.05465236735266,500
md,-65.39157413390515,66.60842586609485,500
dm,-59.8282489975774,36.1717510024226,500
il,-53.228028190065,7.7719718099350015,500
fk,-97.63688220637871,0.36311779362128715,500
fi,-48.92338168966568,55.07661831033432,500
ah,-86.88172453592021,45.11827546407978,500
ml,-79.29450667341193,64.70549332658807,500
gt,-15.42278941940803,28.57721058059197,500
hs,-82.06429351503894,91.93570648496106,500
zf,-85.79913083908446,0.20086916091554463,500
hm,-82.4138079885259,55.586192011474104,500
zq,-80.14314620691798,1.8568537930820224,500
xu,-79.50679061180314,9.493209388196858,500
xk,-41.501375460528074,58.498624539471926,500
rk,-91.51654546904024,18.483454530959758,500
rf,-45.05714069392198,26.94285930607802,500
nm,-28.77025345251931,58.22974654748069,500
sk,-69.6162637399279,59.3837362600721,500
mi,-58.40129884303461,5.598701156965388,500
ph,-43.624329678398205,1.3756703216017936,500
wj,-14.056568562920933,25.943431437079067,500
ny,-21.890783178336545,32.10921682166345,500
ol,-26.08595218742307,68.91404781257692,500
vv,-77.05124146371433,23.94875853628566,500
gg,-25.01426424759388,48.98573575240612,500
fp,-76.38078317381893,88.61921682618107,500
ys,-79.0065750673878,95.9934249326122,500
mr,-79.00652246216718,81.99347753783282,500
rg,-5.038973447396499,75.9610265526035,500
tq,-85.89304431766527,37.10695568233473,500
yr,-3.11836126409208,27.88163873590792,500
cq,-89.62181570838766,27.378184291612342,500
xc,-39.372454929429516,60.627545070570484,500
gu,-84.82402443814486,90.17597556185514,500
ho,-8.724638731087065,55.27536126891293,500
ua,-57.54631420934209,3.453685790657908,500
rb,-44.40543899625835,56.59456100374165,500
lw,-91.05947033874538,60.940529661254615,500
mw,-9.33597202659329,24.66402797340671,500
pg,-52.32382005119286,43.67617994880714,500
xu,-8.704144121805033,80.29585587819497,500
lq,-92.22103823496039,48.77896176503961,500
gt,0.7509595669104151,69.75095956691041,500
re,-55.1052096083512,22.894790391648794,500
pk,-11.987396252959222,0.012603747040777824,500
nv,-31.50410627450623,29.49589372549377,500
gq,-19.60934947203535,40.39065052796465,500
ap,-71.95316694091589,40.04683305908411,500
tx,-41.397562506489535,60.602437493510465,500
vt,-41.77652339383837,7.223476606161636,500
hr,-76.27201488097673,64.72798511902327,500
hx,-8.601504692818908,17.398495307181093,500
eo,-39.012333157219636,26.987666842780364,500
wu,-51.38582566323034,10.614174336769656,500
mo,-24.772716451077123,73.22728354892287,500
hv,-35.8077324248267,51.1922675751733,500
zg,-3.5199260826144387,73.48007391738557,500
pr,-87.30299999668863,16.697000003311373,500
iy,-78.93285436869124,54.06714563130876,500
ty,-61.503386752016574,23.49661324798343,500
oh,-6.063004625654384,44.936995374345614,500
ve,-55.22515184531521,53.77484815468479,500
sz,-2.69816103581391,9.30183896418609,500
ch,-43.20675619843628,90.79324380156372,500
nl,-47.72301609383516,53.27698390616484,500
rr,-61.382579573568975,19.61742042643102,500
sz,-87.59985456325404,7.400145436745966,500
le,-51.76491305174841,3.235086948251589,500
iv,-48.41860259553174,56.58139740446826,500
kv,-87.41331035428293,10.58668964571707,500
sp,-65.56886695638676,38.43113304361324,500
ps,-31.082639044227594,0.9173609557724062,500
ly,-0.0613041376350687,39.93869586236493,500
jv,-1.5935180384219954,77.40648196157801,500
hq,-85.48382713415151,41.51617286584849,500
jj,-90.97923397733892,95.02076602266108,500
ou,-36.30823801782062,6.691761982179382,500
mp,-21.17890814515016,7.821091854849839,500
xu,-62.57632167774752,51.42367832225248,500
qt,-24.285755720969792,60.714244279030204,500
gv,-22.171932500663903,73.8280674993361,500
tt,-84.22221548918667,49.77778451081333,500
tr,-7.479689942244722,91.52031005775528,500
gs,-61.68870635517459,33.31129364482541,500
ya,-69.75678916513758,35.243210834862424,500
jk,-40.060792519049045,85.93920748095096,500
je,-12.735741784465372,42.264258215534625,500
ur,-79.54412623375056,17.455873766249447,500
wb,-48.56958786903154,56.43041213096846,500
hw,-21.716332727583538,98.28366727241647,500
nm,-28.120369785282126,27.879630214717874,500
wz,-52.74551331765631,2.25448668234369,500
ry,-33.55735743457644,29.442642565423558,500
cd,-67.26408733950328,35.73591266049672,500
ft,-65.74169518213935,9.258304817860653,500
us,-14.053510990031343,92.94648900996866,500
uj,-12.562071306151475,29.437928693848527,500
kp,-74.72133777608565,20.27866222391435,500
fn,-3.866782440747109,20.13321755925289,500
xq,-23.58110806274877,36.41889193725123,500
wt,-63.56988609160084,1.4301139083991568,500
vz,0.8317943323942901,46.83179433239429,500
ai,-12.477697083086685,0.522302916913315,500
zr,-54.848024236086204,24.1519757639138,500
wv,-3.288085538295295,0.7119144617047051,500
yk,-27.443431748669767,85.55656825133023,500
yi,-66.33346937376179,88.66653062623821,500
yd,-65.7369565966888,42.2630434033112,500
yi,-45.646055211984084,20.353944788015912,500
rb,-5.85464511721336,18.14535488278664,500
zt,-49.89904990809699,48.10095009190301,500
di,-9.215229757339117,9.784770242660883,500
iz,-56.90143120188485,21.098568798115153,500
rs,-15.57857234255293,0.4214276574470708,500
kq,-46.95684347978198,46.04315652021802,500
cy,-61.24140021084726,28.758599789152743,500
ae,-71.15806608263131,76.84193391736869,500
xj,-28.116249253760095,43.883750746239905,500
mb,-67.02603862019774,1.9739613798022595,500
pj,-53.50132186856835,80.49867813143166,500
zi,-22.97006360633538,4.029936393664622,500
mn,-3.2137332322790186,54.78626676772098,500
al,-76.23552381925452,28.76447618074548,500
ry,-78.16106362864033,30.83893637135967,500
ir,-8.245490857461382,82.75450914253862,500
ps,-62.50762693970808,40.49237306029192,500
cy,-31.54034132131087,77.45965867868912,500
rj,-62.593190873067094,4.406809126932906,500
xh,-95.54112940313159,81.45887059686841,500
ll,-25.870081079044418,42.12991892095558,500
do,-55.07352833699468,44.92647166300532,500
at,-76.3899282890849,78.6100717109151,500
ey,-75.8557408209837,61.1442591790163,500
rl,-51.959881706026,53.040118293974,500
yn,-6.661227255383534,35.33877274461646,500
xz,-23.081508739086555,44.91849126091345,500
bk,-24.813291952931717,68.18670804706828,500
qk,-34.00776304474038,38.99223695525962,500
lg,-75.25841929699716,73.74158070300284,500
kp,-68.58385127871753,78.41614872128247,500
xi,-29.346054412969046,45.653945587030954,500
oz,-65.68491463003427,23.315085369965736,500
xg,-50.837818677609064,94.16218132239094,500
cr,-60.30969009040792,73.69030990959207,500
wd,-84.23426053333301,88.76573946666699,500
br,-11.425572524596666,68.57442747540334,500
th,-91.75944948577089,57.24055051422911,500
hp,-86.27037518591993,8.729624814080069,500
eb,-2.4588520518929107,44.54114794810709,500
tk,-74.43467438250363,72.56532561749637,500
he,0.734362973607643,12.734362973607643,500
uc,-63.32096325064315,7.6790367493568485,500
vp,-64.6011942377656,28.398805762234403,500
nv,-81.34490852692802,73.65509147307198,500
ji,-29.461314894822248,55.53868510517775,500
ay,-47.04902571294196,61.95097428705804,500
xz,-8.337399970833243,94.66260002916675,500
bj,-93.95872262236276,69.04127737763724,500
so,-13.92075617546576,62.07924382453424,500
ln,-41.526306968025175,60.473693031974825,500
kv,-83.02473086258483,11.975269137415161,500
ty,-48.59104023892723,85.40895976107278,500
zx,-37.694686590178094,21.30531340982191,500
zw,-69.30340922104274,31.69659077895726,500
bq,-40.31827399760713,52.68172600239287,500
ni,-6.183307081520122,89.81669291847987,500
vv,-51.02334307150463,71.97665692849537,500
xk,-52.232136969668844,74.76786303033116,500
qz,-12.572151585109417,85.42784841489058,500
uj,-32.63618230388004,27.36381769611996,500
zd,-55.937208700745224,42.062791299254776,500
bp,-93.70681687087139,15.293183129128602,500
ha,-68.47425664521673,95.52574335478327,500
by,-78.99901709235876,26.000982907641248,500
ug,-71.45698025576807,91.54301974423193,500
se,-32.46163499380596,61.53836500619404,500
ay,-66.19118369547724,8.808816304522757,500
we,-94.38011154147298,26.61988845852702,500
ld,-6.756207534097546,12.243792465902455,500
am,-81.00499352657272,70.99500647342728,500
zw,-56.53929808182815,40.46070191817185,500
oj,-62.68194816393206,23.318051836067937,500
nr,-27.909795707218276,21.090204292781724,500
zh,-41.26321263264171,2.736787367358291,500
sy,0.44508582087907533,58.44508582087907,500
uc,-93.83844089039233,8.161559109607666,500
