qt,-92.59154257337458,40.40845742662542,500
vu,-52.779017871289376,51.220982128710624,500
fe,-35.3580288056024,13.6419711943976,500
jq,-34.35775346536926,62.64224653463074,500
du,-53.789159948805946,92.21084005119405,500
ai,-89.90614223580208,59.09385776419792,500
no,-97.51907061540012,35.48092938459988,500
no,-52.66086362171153,60.33913637828847,500
ci,-78.10742474012747,55.89257525987253,500
qu,-56.48939383558441,87.51060616441559,500
gk,-43.049118909213604,9.950881090786394,500
kh,-57.14532996057207,52.85467003942793,500
xy,-64.25811375129658,22.74188624870343,500
eq,-14.119171637924003,26.880828362075995,500
mn,-94.77078039150678,80.22921960849322,500
yc,-45.49224357963991,72.5077564203601,500
ar,-85.35245896816365,26.647541031836358,500
lb,-74.00342261385158,78.99657738614842,500
ce,-12.272444160569231,36.72755583943077,500
gp,-97.08222216089187,24.917777839108123,500
tt,-19.639138128794993,29.360861871205007,500
wd,-12.671158784056091,94.32884121594391,500
ic,-94.30472284072756,29.695277159272436,500
sp,-54.95985089682477,16.040149103175235,500
es,-3.4437649537202795,49.55623504627972,500
oj,-22.21758665921158,90.78241334078842,500
bk,-83.04737479625881,50.952625203741185,500
bl,-13.933700398654981,97.06629960134502,500
gj,-73.30143650838322,55.69856349161678,500
lu,-9.026646260756566,24.973353739243436,500
rj,-41.547180371141295,3.452819628858704,500
iz,-16.091321887731155,24.908678112268845,500
ky,-59.02173456052884,5.978265439471159,500
dw,-6.176632088947599,68.8233679110524,500
zm,-97.14252167559346,70.85747832440654,500
rq,-72.96714948450327,59.03285051549673,500
sp,-40.77133161726333,42.22866838273667,500
vp,-20.11066209515641,15.88933790484359,500
dn,-59.17881431738378,24.821185682616218,500
sx,-23.69583669827852,22.30416330172148,500
su,-43.775586363016075,64.22441363698393,500
lv,-63.143825107659595,23.856174892340405,500
ci,-95.95154484686292,54.048455153137084,500
iq,-8.274390255662652,91.72560974433735,500
px,-64.0443031133505,14.95569688664951,500
as,-55.15160136513022,46.84839863486978,500
ov,-3.567076870808577,51.43292312919142,500
ol,-76.58503650920723,93.41496349079277,500
rb,-10.427478653055946,37.57252134694405,500
ih,-56.450794953970004,49.549205046029996,500
sp,-90.82289522207428,85.17710477792572,500
un,-47.90682538906144,33.09317461093856,500
vp,-53.2880862356896,68.7119137643104,500
ai,-32.26642212212837,17.733577877871628,500
xl,-42.450324510218486,59.549675489781514,500
ra,-93.22078597534099,73.77921402465901,500
tq,-81.57982625133218,65.42017374866782,500
zx,-72.7259134201171,26.27408657988291,500
qe,-18.690317886279423,0.3096821137205764,500
og,-39.8765647173985,3.1234352826014975,500
zd,-14.943740299556321,72.05625970044368,500
fg,-90.1990709718158,46.8009290281842,500
en,-45.261628847356505,36.738371152643495,500
un,-81.15669842856666,83.84330157143334,500
ud,-46.622489558991624,58.377510441008376,500
xc,-41.49104885753887,2.5089511424611306,500
nk,-50.66996886491103,96.33003113508897,500
pz,-45.5260834466169,95.47391655338309,500
ux,-54.50905417228487,4.490945827715129,500
ki,-16.297056211072668,88.70294378892733,500
md,-4.22305506387133,56.77694493612867,500
fb,-74.56013995024531,88.43986004975469,500
co,-85.33309392117408,85.66690607882592,500
eb,-76.32790246919555,39.67209753080444,500
tj,-17.56108743034327,7.438912569656731,500
ho,-69.86775681359137,70.13224318640863,500
zk,-71.68188451034433,34.31811548965567,500
ko,-30.59015662440017,30.40984337559983,500
hm,-50.16504683461723,8.834953165382775,500
wl,-79.35205091365509,25.64794908634491,500
dt,-64.67316065152279,49.3268393484772,500
hi,-4.461802332737976,40.538197667262025,500
qu,-79.45520488386396,77.54479511613604,500
kl,-61.94464393421943,58.05535606578057,500
sg,-75.22341377248235,52.77658622751766,500
xy,-33.32426896749792,91.67573103250209,500
gw,-79.4253510680038,63.574648931996194,500
ap,-16.189857247729872,78.81014275227012,500
ic,-76.27792098320728,48.72207901679272,500
md,-72.70421439210419,5.295785607895809,500
qf,-58.041086029814224,40.958913970185776,500
dc,-36.94375473463579,54.05624526536421,500
tl,-77.11114150314086,90.88885849685914,500
qf,-47.15758092648603,33.84241907351397,500
kf,-75.80928504761276,11.19071495238724,500
ju,-86.62878480596649,82.37121519403351,500
pk,-60.292284365155375,1.7077156348446239,500
mb,-44.89659608555439,56.10340391444561,500
kx,-31.9199386456059,69.0800613543941,500
cz,-47.88514177081579,14.11485822918421,500
il,-25.90315263053198,52.096847369468016,500
hh,-1.7463643556682342,57.253635644331766,500
rt,-47.64959861620066,34.35040138379934,500
eu,-63.937949603726494,3.062050396273504,500
jf,-81.63601208844861,46.3639879115514,500
rr,-2.2581345625252744,8.741865437474726,500
im,-37.60422098100201,91.395779018998,500
an,-25.320781276045455,44.67921872395455,500
xn,-35.902572262241904,24.097427737758093,500
nf,-48.920655592409325,13.079344407590675,500
ul,-19.553768318856445,84.44623168114356,500
hh,-18.500133419176045,30.499866580823955,500
zu,-48.924243750617556,69.07575624938245,500
oj,-67.5603726191135,54.43962738088651,500
ik,-17.7968437058731,13.2031562941269,500
ft,-94.17600817240762,61.82399182759238,500
yq,-2.9944199104213807,77.00558008957861,500
uc,-66.69785549381908,42.302144506180916,500
dt,-12.615495182155122,84.38450481784487,500
oj,-71.52152224844573,84.47847775155427,500
hi,-87.79145846157995,38.20854153842005,500
rq,-1.3636334444044222,2.6363665555955778,500
dc,-72.086910933226,69.913089066774,500
re,-9.092212334241136,42.90778766575887,500
ob,-32.67889291868995,96.32110708131006,500
aa,-13.230305533482973,93.76969446651702,500
wz,-83.4015563151252,44.598443684874795,500
ij,-49.498481734634304,91.5015182653657,500
vg,-92.16440360087726,59.83559639912274,500
et,-41.969872641484805,12.030127358515196,500
or,-3.9531098647700547,87.04689013522994,500
eq,-45.188365428792586,58.811634571207414,500
zv,-71.05434219108447,49.945657808915534,500
zt,-40.16898447590713,61.83101552409287,500
zl,-36.261554678131766,41.738445321868234,500
rm,-5.864480121147185,92.13551987885282,500
yo,-26.39047448927557,59.60952551072443,500
el,-7.8879803160427855,72.11201968395721,500
qm,-89.72335944182561,54.2766405581744,500
ce,-2.9636215745272256,10.036378425472774,500
ba,-61.030482004505764,65.96951799549424,500
nr,-52.29567357225062,25.704326427749375,500
cy,-9.244442935198569,44.75555706480143,500
ro,-54.96139229623822,31.038607703761777,500
wg,-43.1087983846227,80.8912016153773,500
sv,-43.078392455099184,80.92160754490081,500
zs,-75.64516771500465,36.35483228499535,500
xy,-95.43312046099916,6.566879539000834,500
an,-52.78837810804749,67.2116218919525,500
zd,-71.92817196219723,25.071828037802774,500
kv,-10.855793905797949,11.144206094202051,500
fo,-4.7349250308153294,4.2650749691846706,500
vn,-50.409470373704394,13.590529626295602,500
mb,-20.046638090837504,68.9533619091625,500
wz,-76.26274496859497,56.737255031405034,500
kz,-8.5835914670121,88.4164085329879,500
hw,-95.52059132585848,91.47940867414152,500
ad,-53.85896660507775,58.14103339492225,500
yw,-47.05239842472685,37.94760157527315,500
bo,-16.48195738385577,79.51804261614423,500
uy,-20.51481700074537,12.48518299925463,500
kz,-4.946242935103209,7.053757064896791,500
gu,-16.44767985681228,44.55232014318772,500
lc,-45.280436648701425,7.719563351298575,500
fn,-20.177451787094192,41.82254821290581,500
mo,-27.757352655875614,73.24264734412438,500
gi,-88.56992564882768,42.43007435117232,500
dk,-68.95181378116469,2.048186218835313,500
xt,-80.5255163406862,95.4744836593138,500
av,-97.07781413567334,59.922185864326664,500
ky,-71.05108345564562,29.948916544354383,500
zb,-28.26492826375511,57.73507173624489,500
ql,-49.24435568840309,75.75564431159691,500
zq,-62.30864114414205,95.69135885585794,500
ga,-60.57466911878928,54.42533088121072,500
sg,-52.434210138678,40.565789861322,500
rb,-58.51792332017413,81.48207667982587,500
to,-60.29233110719553,80.70766889280446,500
jk,-92.9257739015761,88.0742260984239,500
ju,-28.081979748435423,81.91802025156457,500
un,-96.9827128313357,55.017287168664296,500
jt,-17.199692169182306,0.8003078308176936,500
hp,-24.443113788166915,89.55688621183309,500
xe,-61.65592885727461,2.344071142725391,500
mz,-23.62600247951495,1.3739975204850507,500
db,-86.80156433876081,4.198435661239184,500
wi,-21.56856963019501,35.431430369804986,500
vy,-59.84183423242653,14.15816576757347,500
tu,-54.657078359155676,1.3429216408443263,500
lh,-57.19347287716252,15.80652712283748,500
te,-97.48428990326234,25.515710096737667,500
qp,-62.75901374066157,84.24098625933843,500
sw,-49.675646644053614,5.324353355946387,500
wj,-85.46038415429337,13.539615845706631,500
dd,-48.95661511750191,40.04338488249809,500
hr,-22.315172758918774,50.68482724108123,500
ni,-40.17437185476116,22.825628145238838,500
ix,-4.46487744485395,13.53512255514605,500
ym,-58.566684103735476,11.433315896264526,500
ds,-44.22476247448037,12.775237525519625,500
ev,-58.37891935156278,78.62108064843721,500
wc,-17.157249284652835,91.84275071534717,500
wm,-22.6443234481069,50.355676551893104,500
qj,-43.05921707742605,73.94078292257396,500
xb,-48.910285221850366,79.08971477814963,500
vf,-14.883233345862358,61.11676665413764,500
ed,-74.72260501389593,37.27739498610407,500
ud,-39.336102662392086,96.66389733760792,500
sj,-4.661147169497094,94.3388528305029,500
vi,-88.39169849012387,16.608301509876124,500
bn,-56.417413754305315,63.582586245694685,500
kd,-16.505930001514795,32.49406999848521,500
ed,-21.6462046575822,87.3537953424178,500
px,-79.05183486643644,72.94816513356356,500
hf,-60.94519189720954,15.05480810279046,500
vv,-21.681325382158963,80.31867461784104,500
po,-35.71515470684491,77.28484529315509,500
ed,-60.06414240341905,64.93585759658096,500
ok,-42.27945335948097,21.720546640519032,500
cd,-58.356986723560766,32.643013276439234,500
sz,-88.28203055572759,19.717969444272416,500
lk,-71.07868807974158,66.92131192025842,500
sv,-48.985363348668386,41.014636651331614,500
ul,-92.77309033034464,42.226909669655356,500
yy,-26.84993460741594,35.15006539258406,500
zn,-60.07275305576215,44.92724694423785,500
rj,-95.12851458837933,80.87148541162067,500
pq,-84.21647245807901,48.783527541920996,500
um,-27.686032834257635,91.31396716574237,500
mn,-32.95936401519116,81.04063598480883,500
nr,-62.28819747170403,27.71180252829597,500
mf,-70.44511971074544,40.554880289254555,500
vo,-90.63802608347152,47.36197391652849,500
oj,-62.259841301166894,55.740158698833106,500
mw,-86.7897777883504,58.2102222116496,500
dr,-19.556606423739204,94.4433935762608,500
ve,-2.841425646054156,27.158574353945845,500
wt,-69.37680655981168,22.623193440188317,500
by,-56.66801944704121,77.3319805529588,500
it,-72.00592190448627,98.99407809551373,500
xr,-95.0371557537473,78.9628442462527,500
wh,-73.0581265206875,91.9418734793125,500
hm,-45.72113783912216,55.27886216087784,500
qg,-45.246779458674894,57.753220541325106,500
gc,-96.34484007608133,61.65515992391868,500
os,-97.89523723293789,59.10476276706211,500
nz,-93.9745595181793,97.0254404818207,500
xi,-94.69539057539794,62.30460942460207,500
df,-6.309993772234779,59.690006227765224,500
vx,-36.47812804672741,72.5218719532726,500
vj,-78.72775924789944,72.27224075210056,500
wf,-60.13752045748654,4.862479542513462,500
zp,-39.37488176267484,64.62511823732517,500
hx,-0.18671183404024927,84.81328816595975,500
km,-54.55246550343025,85.44753449656974,500
nc,-53.16443464146424,94.83556535853576,500
zh,-47.5806660416406,42.4193339583594,500
qu,-44.3468223724726,43.6531776275274,500
li,-80.2746668842078,7.725333115792196,500
ib,-15.481937483358859,29.51806251664114,500
oh,-61.41559076937644,28.58440923062356,500
kv,-52.805806032049446,65.19419396795055,500
kx,-63.43666625380918,11.563333746190823,500
nn,-32.62802485877447,7.371975141225536,500
wz,-81.53484003717844,91.46515996282156,500
nb,-57.600386114433256,12.399613885566744,500
da,-95.20426859164745,33.795731408352545,500
cq,-44.2913729961548,49.7086270038452,500
in,-96.86293541465479,91.13706458534521,500
ti,-70.25403744969584,12.745962550304156,500
pm,-30.655649277405384,67.34435072259461,500
rr,-97.06368486253288,64.93631513746712,500
ot,-11.415595468804513,13.584404531195487,500
bh,-70.72800398305796,35.27199601694204,500
ba,-20.055765046409064,41.944234953590936,500
my,-55.72412636745426,0.27587363254573716,500
py,-31.207242429130865,30.792757570869135,500
bb,-38.45665857751718,44.54334142248282,500
eh,-95.07994191422148,97.92005808577852,500
fj,-14.018119712726385,44.98188028727361,500
ps,-28.033908456555057,97.96609154344495,500
er,-40.337621161022945,47.662378838977055,500
lq,-95.7581784058295,73.2418215941705,500
vg,-16.454781953930166,62.545218046069834,500
ww,-82.72961798095842,42.270382019041584,500
nc,-78.70239361613562,38.29760638386437,500
ib,-59.415973521312324,76.58402647868768,500
cb,-8.41694338669398,41.58305661330602,500
sr,-22.0641752779353,84.93582472206471,500
oe,-23.35024609199382,35.649753908006176,500
hs,-77.1918066843592,79.8081933156408,500
ol,-21.330217545363862,93.66978245463613,500
pr,-62.884281809056716,6.115718190943284,500
kd,-36.34326593527811,51.65673406472189,500
fs,-15.273423515956678,72.72657648404332,500
sh,-16.324128316567144,24.675871683432856,500
so,-92.62272801470331,53.377271985296694,500
gc,-86.64634245901604,20.353657540983953,500
bp,-85.81264148933687,15.187358510663133,500
pk,-90.84672970742774,59.15327029257226,500
pf,-78.77563762177999,35.22436237822,500
fs,-31.424356768796738,43.575643231203266,500
fo,-36.18661632247814,3.813383677521862,500
mb,-51.56654975623249,61.43345024376751,500
ge,-66.40350303708857,29.596496962911424,500
ku,-88.41408065979428,31.585919340205724,500
xv,-11.87984555899559,59.12015444100441,500
rw,-54.39984345405127,66.60015654594872,500
ib,-50.486455083329574,75.51354491667043,500
qo,-14.13530856442058,36.864691435579424,500
lo,-63.123108869002614,75.8768911309974,500
da,-13.681506637395369,88.31849336260463,500
ew,-16.473125168279726,40.52687483172028,500
ka,-65.5140152278692,14.485984772130813,500
xj,-2.3856932659376078,56.614306734062396,500
lq,-36.44558262834786,57.55441737165214,500
ze,-0.4191480098318692,32.58085199016813,500
ju,-72.29244685518202,60.70755314481798,500
xq,-5.028220499652518,75.97177950034748,500
bs,-26.247965853372932,40.75203414662707,500
eq,-79.62938745898755,93.37061254101245,500
sa,-11.494901644787515,58.50509835521249,500
ls,-28.32893832321855,73.67106167678145,500
ao,-83.88142854217907,37.118571457820934,500
zz,-48.67494330419607,2.325056695803927,500
ae,-97.275645538939,73.724354461061,500
ll,-34.321297606790964,56.678702393209036,500
sh,-74.62828305651927,51.371716943480735,500
jp,-28.203984318779327,40.79601568122067,500
if,-44.00501335562061,25.994986644379388,500
ww,-23.442853901809176,63.55714609819082,500
ad,-22.348372975753602,60.651627024246395,500
qf,-76.21374534128776,91.78625465871224,500
kn,-20.821348769402018,5.178651230597981,500
jn,-38.42966935676281,6.5703306432371935,500
sa,-6.015302882184983,3.984697117815017,500
ic,-39.58917011752006,81.41082988247994,500
cl,-4.04133922669928,64.95866077330072,500
ie,-45.71451342648513,85.28548657351487,500
ku,-34.93143367158965,65.06856632841036,500
kf,-76.42373444330133,64.57626555669867,500
vj,-52.27835641521954,32.72164358478046,500
qv,-43.18068001475763,38.81931998524237,500
mv,-11.270092415952199,53.7299075840478,500
kg,-60.706352681632666,95.29364731836733,500
ar,-19.45825354660456,82.54174645339545,500
rs,-77.08274120898893,7.917258791011061,500
js,-16.702137471834355,89.29786252816565,500
gu,-50.77204084773343,98.22795915226656,500
er,-82.1981213954487,54.801878604551305,500
ja,-92.81534907940916,15.184650920590839,500
si,-27.476339960628298,19.523660039371702,500
el,-84.61987098831703,28.38012901168297,500
df,-49.21777083284714,96.78222916715286,500
um,-87.88988422239531,69.11011577760469,500
ce,-44.95362960221247,98.04637039778753,500
pj,-39.67027678615204,10.329723213847961,500
ki,-61.618003219203125,53.381996780796875,500
jt,-38.93999826188478,13.060001738115217,500
gn,-35.06361961558049,69.93638038441951,500
fl,-27.687952521452978,95.31204747854703,500
xk,-15.792561278007204,77.2074387219928,500
qq,-81.55219265605054,73.44780734394946,500
pl,-78.9187265135468,45.0812734864532,500
el,-77.13683221814065,85.86316778185935,500
ru,-18.7493347536624,39.250665246337604,500
wz,-7.766594910172882,37.233405089827116,500
yk,-33.12081784210489,72.8791821578951,500
af,-59.389952724823615,20.61004727517638,500
wd,-3.414445419769494,40.58555458023051,500
bd,-6.658488070126669,92.34151192987333,500
gy,-48.879571859759636,94.12042814024036,500
ce,-20.64927797539172,20.35072202460828,500
hz,-68.87724580125538,35.12275419874461,500
am,-11.796607428818907,4.203392571181093,500
tn,-56.011266180650004,52.988733819349996,500
dp,-92.5752399689803,5.4247600310197,500
yu,-29.61301550081098,27.38698449918902,500
cw,-17.44761545273857,62.55238454726143,500
hc,-39.067154530329965,92.93284546967003,500
rq,-76.04229781354604,92.95770218645396,500
vx,-53.98884150798591,67.01115849201409,500
ux,-93.13048491655935,9.869515083440644,500
wb,-49.072485229025,90.92751477097501,500
ld,-50.660521957642175,97.33947804235783,500
tc,-49.29369868623031,52.70630131376969,500
or,-43.98998344484455,45.01001655515545,500
sa,-40.299529728812324,1.700470271187676,500
dp,-47.247099384681114,12.752900615318888,500
jz,-1.0917466355249323,47.908253364475065,500
vq,-55.519139765808276,29.480860234191724,500
hs,-44.9774160591921,90.0225839408079,500
is,-8.294362229147325,81.70563777085268,500
on,-89.203822878353,83.796177121647,500
yj,-46.734367879868095,20.265632120131905,500
st,-44.814026752624216,21.185973247375788,500
ja,-51.97363344816945,28.026366551830552,500
fy,-50.48783918405381,81.51216081594619,500
ua,-80.66585893895093,47.33414106104906,500
df,-33.98745773207333,94.01254226792666,500
qz,-10.951505463950884,81.04849453604912,500
za,-31.630283045842692,11.36971695415731,500
qe,-63.607962971217276,43.392037028782724,500
im,-42.4898153110524,41.5101846889476,500
rg,-58.699975533706244,59.300024466293756,500
gs,-49.634756425287094,75.3652435747129,500
co,-52.81168865715087,67.18831134284913,500
xh,-54.24351885422003,50.75648114577997,500
ti,-71.50278072866298,71.49721927133702,500
qw,-54.09505864761339,28.904941352386608,500
ob,-7.276333244304697,81.7236667556953,500
ym,-39.45471794406242,40.54528205593758,500
uq,-14.929792367422774,60.07020763257722,500
ds,-56.42010541877104,1.5798945812289613,500
pt,-89.71777885017684,14.282221149823165,500
fl,-81.23701038632751,35.762989613672495,500
zn,-6.560704556355849,22.439295443644152,500
iz,-59.66004013016105,88.33995986983895,500
yv,-33.28124240711555,61.71875759288445,500
tn,-41.703531446843,81.296468553157,500
vv,-38.17217288074288,65.82782711925712,500
ob,-34.62247684682529,18.37752315317471,500
mi,-84.31005623863032,30.689943761369676,500
rg,-48.935692894688614,28.064307105311386,500
uk,-38.03032375954861,1.9696762404513888,500
ts,-10.946027767469584,44.05397223253041,500
kq,-65.06004571574036,27.939954284259645,500
cm,-66.81052589387107,87.18947410612893,500
nv,-40.66252595555965,57.33747404444035,500
vx,-7.485245061945923,15.514754938054077,500
rx,-10.51785414212619,32.48214585787381,500
tq,-7.946238876769237,81.05376112323076,500
zw,-45.034532050338555,14.965467949661441,500
vb,-76.55592503711273,6.444074962887269,500
ou,-95.57451734961944,65.42548265038056,500
iw,-82.0912670644089,96.9087329355911,500
rx,-65.27309212722771,30.726907872772294,500
oh,-25.65314653254698,74.34685346745302,500
nd,-93.11310119919743,70.88689880080257,500
ti,-46.896125382822035,83.10387461717796,500
wa,-61.235474738317386,90.7645252616826,500
hj,-73.8510920014087,51.1489079985913,500
kb,-52.948616527436265,69.05138347256373,500
vj,-73.15677042979294,52.84322957020706,500
st,-33.96443082343628,40.03556917656372,500
vh,-70.8128801431654,96.1871198568346,500
ob,-65.43028539668283,52.56971460331716,500
in,-54.16343999004527,71.83656000995472,500
nb,-72.97743409103866,7.02256590896134,500
hc,-13.050346276771492,49.94965372322851,500
du,-28.679689858481932,12.32031014151807,500
vr,-34.96752097550258,67.03247902449742,500
gt,-13.16029747987442,32.83970252012558,500
nv,-22.072286285555418,83.92771371444458,500
ze,-9.961121149507484,4.038878850492516,500
ex,-50.35764331417482,14.642356685825176,500
pd,-79.5004499502805,84.4995500497195,500
mt,-3.824672437885059,66.17532756211494,500
ug,-38.36969266985635,11.630307330143653,500
dn,-91.41813897565983,2.581861024340167,500
ly,-2.2375010128206,82.7624989871794,500
zg,-20.562679607456765,82.43732039254324,500
ne,-59.75647782652329,43.24352217347671,500
lm,-1.8327462036039188,51.16725379639608,500
sd,-78.73928048564538,60.26071951435461,500
mw,-45.21118668267655,69.78881331732345,500
ey,-9.643209673184213,13.356790326815787,500
le,-62.28071095306741,1.7192890469325883,500
vb,-2.9328690809445783,45.06713091905542,500
rw,-28.30499229063379,75.69500770936621,500
qp,-38.36184944333288,26.63815055666712,500
zl,-71.91642621022505,1.0835737897749511,500
lc,-75.57840173985774,89.42159826014226,500
st,-30.81778483255864,86.18221516744136,500
kv,-71.05998869116722,50.94001130883279,500
ee,-1.1898218210197204,57.81017817898028,500
rt,-41.62505592412708,36.37494407587292,500
lm,-91.08420186451018,73.91579813548982,500
zq,-59.55297154412926,27.447028455870743,500
xp,-45.68547179715848,67.31452820284153,500
ns,-91.4656648849245,72.5343351150755,500
ff,-37.39433678539083,47.60566321460917,500
na,-77.64892240761769,67.35107759238231,500
ga,-44.397264422264136,70.60273557773587,500
jw,-1.212793728503546,66.78720627149646,500
bz,-27.784314102069914,12.215685897930086,500
gv,-77.85465549210632,93.14534450789368,500
aa,-60.80918275611589,41.19081724388411,500
yt,-61.62971232372423,83.37028767627578,500
yc,-51.28258624892911,79.7174137510709,500
xk,-97.30152749540107,34.69847250459892,500
ii,-51.22849435620879,77.77150564379122,500
wn,-45.57210339896459,91.42789660103541,500
mf,-42.818329638346256,72.18167036165374,500
dp,-29.652476465624193,14.347523534375807,500
ge,-45.257195129187075,27.742804870812925,500
gr,-57.353484405682764,43.646515594317236,500
yp,-22.708531062874407,8.291468937125595,500
qi,-86.41789612703246,92.58210387296754,500
zo,-49.12371726847312,22.876282731526878,500
ep,-43.43884448115377,88.56115551884622,500
gi,-15.924565682120722,31.075434317879278,500
oc,-28.188682254738723,52.81131774526128,500
jb,-54.99227619848363,14.007723801516367,500
sd,-92.30046923688222,14.69953076311778,500
ho,-10.214797624141053,93.78520237585894,500
wk,-72.92217126087465,13.07782873912535,500
gk,-50.493678257186424,62.506321742813576,500
ra,-78.49764157951867,70.50235842048133,500
zo,-78.83246192131864,91.16753807868136,500
zb,-71.67393551310614,93.32606448689386,500
lz,-17.446196222473585,25.553803777526415,500
nn,-58.213119307146606,6.786880692853398,500
ci,-43.6285844361972,78.3714155638028,500
cc,-11.915490969857828,59.08450903014217,500
om,-95.1673055011811,12.8326944988189,500
or,-75.02124977704604,35.97875022295396,500
iv,-57.262511593922255,73.73748840607774,500
xn,-7.7530709851809325,9.246929014819067,500
ud,-2.964222214701152,8.035777785298848,500
du,-24.580246664947794,19.419753335052206,500
rf,-0.8665968966132617,11.133403103386739,500
nz,-62.95934615082645,96.04065384917355,500
es,-40.161442677989434,3.838557322010568,500
aq,-54.39023596646017,12.609764033539832,500
ll,-30.834093029486475,37.165906970513525,500
ap,-79.58408913498737,24.415910865012634,500
yr,-57.857824789074854,22.142175210925142,500
bg,-17.222093774484005,97.77790622551599,500
wc,-87.6529171910137,16.347082808986304,500
eq,-38.80031769837402,29.199682301625973,500
nx,-18.60677664017457,23.39322335982543,500
eh,-39.370431602156984,65.62956839784302,500
re,-79.6688810043681,5.331118995631896,500
ln,-40.79751405061801,34.20248594938199,500
lz,-1.6759914443571113,46.32400855564289,500
iv,-83.11340449055737,67.88659550944263,500
ke,-59.59507678559792,23.404923214402086,500
pk,-78.4555592687561,60.54444073124389,500
ir,-61.215589925818534,59.784410074181466,500
go,-69.36366883280158,82.63633116719842,500
um,-75.84790362343612,84.15209637656388,500
jr,-20.81613314345233,54.183866856547674,500
ul,-6.852953464843905,94.1470465351561,500
fr,-56.779434627650346,29.22056537234965,500
ft,-32.839077021884954,43.160922978115046,500
aa,-73.89007015378033,56.109929846219664,500
pl,-54.805481481793066,22.194518518206934,500
hi,-91.38526366712158,25.61473633287843,500
th,-96.37250421993726,42.627495780062745,500
uu,-15.898452011571099,86.1015479884289,500
qz,-76.85351362364892,13.146486376351083,500
ku,-25.575310342824935,1.424689657175064,500
bk,-86.64318004733269,13.35681995266731,500
nd,-90.01507602766635,59.98492397233365,500
hg,-67.24386585654086,0.7561341434591337,500
wm,-77.17806568246506,93.82193431753494,500
iu,-68.06432200966178,8.935677990338215,500
eg,-50.103128872333976,73.89687112766602,500
nz,-1.9961036224772863,50.003896377522715,500
jn,-91.62060951481655,41.37939048518345,500
zq,-0.7835991972012991,79.2164008027987,500
lx,-18.002349509635053,91.99765049036495,500
mn,-61.55445532415588,64.44554467584412,500
eo,-4.266990953907704,17.733009046092295,500
vz,-20.076048037084806,14.923951962915194,500
dy,-7.6454543130478285,6.3545456869521715,500
lj,-6.005042340537589,90.99495765946241,500
yj,-39.00974839366739,95.99025160633262,500
ri,-30.43847090307086,62.561529096929135,500
fi,-65.60492250700183,82.39507749299817,500
af,-43.07281405510887,22.927185944891132,500
ic,0.4014896125195908,44.40148961251959,500
kj,-62.44966720384834,57.55033279615166,500
ns,-13.416493852557807,13.583506147442193,500
lu,-29.88240735013706,73.11759264986294,500
cw,-3.1795632276251853,45.82043677237481,500
cf,-44.53699710597782,67.46300289402218,500
wt,-20.618065389953237,49.38193461004676,500
cp,-36.91104458026733,78.08895541973267,500
oa,-15.280761748685576,31.719238251314422,500
uc,-93.03666859716103,65.96333140283897,500
ts,-70.07357663515451,50.9264233648455,500
jh,-63.69327481578276,36.30672518421724,500
uq,-41.42936911758032,21.570630882419675,500
yr,-54.529803318643395,39.470196681356605,500
cy,-88.38857352662295,3.61142647337705,500
lk,-65.56879265427064,53.43120734572936,500
de,-78.9009681471543,69.0990318528457,500
ak,-40.02107388041261,66.97892611958738,500
yx,0.8985962190461788,0.8985962190461788,500
py,-51.56942998191937,13.430570018080626,500
lr,-81.70457967665676,73.29542032334324,500
gp,-81.62249933528501,75.37750066471499,500
gf,-80.09714407433638,1.9028559256636122,500
ze,-64.81062608025044,64.18937391974956,500
ib,-86.8941158480435,29.105884151956506,500
cj,-81.23370288151989,46.76629711848011,500
ff,-93.05631934080033,55.943680659199664,500
hh,-63.510266268931865,32.489733731068135,500
ys,-62.279311831042996,95.720688168957,500
dz,-17.492809932297977,44.50719006770203,500
qk,-26.20646629768042,93.79353370231958,500
tl,-95.6604566912972,15.339543308702803,500
mw,-72.89795556322893,18.102044436771063,500
lk,-11.910995590217684,9.089004409782316,500
wq,-28.45829059432685,46.541709405673146,500
nf,-9.806397931374162,81.19360206862584,500
py,-90.2416269825258,75.7583730174742,500
wk,-63.574228590319635,37.425771409680365,500
gk,-8.261888626228572,11.738111373771428,500
ge,-31.851183993144637,88.14881600685536,500
yd,-62.928783555038244,18.071216444961753,500
rk,0.15267886153543608,42.152678861535435,500
nz,-44.76612116910776,10.233878830892236,500
cm,-43.797717026134386,44.202282973865614,500
zw,-3.9213792947983634,51.07862070520164,500
eg,-19.281175443597995,91.71882455640201,500
sb,-69.22132402895335,73.77867597104665,500
ro,-39.89478856944697,8.105211430553029,500
hm,-94.98428785335881,57.015712146641185,500
dx,-69.09993199090941,61.90006800909059,500
ct,-6.297623218254345,37.702376781745656,500
nr,-44.7717483509056,32.2282516490944,500
gf,-85.75020769360097,15.249792306399025,500
cr,-83.14862342782183,25.85137657217816,500
op,-41.386028772623725,79.61397122737628,500
he,-41.01083367307139,8.989166326928608,500
lq,-53.5716665353603,86.4283334646397,500
vl,-9.261392658508367,12.738607341491633,500
in,-48.52378157501062,30.476218424989383,500
zv,-75.1567757764642,0.8432242235357947,500
yh,-25.385147374835977,56.614852625164026,500
iz,-62.33263205430877,39.66736794569123,500
jn,-35.736403343180754,57.263596656819246,500
gu,-95.39643824761745,25.60356175238255,500
ua,-39.400829010381145,97.59917098961886,500
ql,-78.30785326763754,76.69214673236246,500
vc,-84.03894859169488,91.96105140830512,500
oc,-54.180046971410704,7.819953028589296,500
hx,-84.64812710712404,3.351872892875955,500
tw,-61.66199626585021,15.338003734149789,500
mj,-85.85987148363454,7.140128516365468,500
qk,-54.952055900956104,2.047944099043899,500
il,-0.295586680813989,43.70441331918601,500
dn,-5.3116097696669335,66.68839023033307,500
oz,-46.353123886115654,56.646876113884346,500
ea,-81.17403818416813,65.82596181583187,500
ra,-19.421720028574146,97.57827997142586,500
be,-31.19036109879387,29.80963890120613,500
ct,-65.49083256545595,96.50916743454405,500
zz,-12.587267795111977,63.41273220488802,500
js,-14.754077643419498,70.24592235658051,500
en,-73.6980403239906,39.301959676009396,500
fl,-43.93287138557766,79.06712861442233,500
dc,-20.917556880944474,19.082443119055526,500
ne,-37.72689886073002,59.27310113926998,500
ky,-86.25916263297525,96.74083736702475,500
qf,-34.99014895434184,95.00985104565815,500
xe,-4.661559503092612,47.33844049690739,500
is,-85.2490812915597,3.7509187084402966,500
ax,-55.568128580784425,52.431871419215575,500
ky,-49.70680214313629,0.2931978568637146,500
nc,-2.9179729450624357,87.08202705493757,500
co,-74.92028475694069,54.079715243059304,500
xn,-95.82684392975193,33.17315607024807,500
yj,-28.610234613718156,61.389765386281844,500
ee,-4.590038519782821,80.40996148021718,500
xp,-0.1215765855037757,82.87842341449623,500
cd,-53.070741096980576,56.929258903019424,500
cm,-73.76208407430451,75.23791592569549,500
ii,-52.8819961066805,62.1180038933195,500
wd,-79.29763168462839,8.702368315371617,500
jm,-77.9510042793734,58.048995720626614,500
mo,-21.38106098291833,71.61893901708167,500
wp,-83.79466353294659,38.205336467053414,500
yn,-24.738040926544937,18.261959073455063,500
na,-95.97581449166755,27.024185508332444,500
sv,-40.47449317765362,5.525506822346381,500
gi,-13.124099355851062,36.875900644148935,500
tg,-71.15637138336103,82.84362861663897,500
bs,-43.75133471520845,14.248665284791553,500
rs,-21.983646841123353,44.01635315887665,500
qt,-70.8927724257964,84.1072275742036,500
rg,-56.94099119227835,73.05900880772165,500
ym,-70.33549157253513,69.66450842746487,500
tf,-42.08095992218717,51.91904007781283,500
rr,-22.345345341561064,41.654654658438936,500
fw,-72.17727905399798,34.822720946002015,500
nr,-6.501010190818549,31.498989809181452,500
sx,-69.93038267106661,81.06961732893339,500
lp,-18.369623309458838,77.63037669054117,500
mm,-10.699135747917163,73.30086425208283,500
mo,-50.00114268571208,39.99885731428792,500
yk,-82.53274882117276,55.46725117882724,500
pq,-28.27343298609233,71.72656701390767,500
lk,-70.60310874751717,78.39689125248283,500
cc,-65.18265715887419,35.81734284112581,500
yz,-26.758648567231575,57.241351432768425,500
pi,-49.18327644483509,90.81672355516491,500
io,-22.41980223434439,68.58019776565561,500
yk,-0.06407199263770347,15.935928007362296,500
fz,-3.4668275726201587,17.533172427379842,500
jr,-11.840474477283802,46.159525522716194,500
st,-14.662352152518437,90.33764784748156,500
pq,-92.60927684628625,11.390723153713758,500
au,-45.13714024553711,75.86285975446289,500
xn,-86.91933185550371,58.080668144496286,500
bf,-94.3083096844878,47.69169031551221,500
ok,-8.588881188027361,92.41111881197264,500
ds,-9.855745624986278,25.14425437501372,500
sp,-2.7410547433914334,43.25894525660857,500
mu,-95.83179541367583,74.16820458632417,500
xe,-46.63101380663041,34.36898619336959,500
pt,-29.23404583971779,50.765954160282206,500
at,-46.29665765697184,31.703342343028165,500
by,-28.368909268166508,63.63109073183349,500
og,-27.28821549110891,43.711784508891085,500
nn,-28.034753094986392,53.96524690501361,500
la,-77.69664175199354,16.303358248006454,500
du,-84.52354181416773,41.476458185832264,500
xg,-18.026165215656857,68.97383478434314,500
uc,-66.16438770188105,59.83561229811894,500
ob,-72.31463885136783,17.68536114863216,500
nh,-89.88692747942444,78.11307252057556,500
ks,-53.48882906011004,35.51117093988996,500
cb,-22.31367986228128,48.68632013771872,500
li,-33.19565934552951,19.804340654470483,500
dg,-82.81001345477434,13.189986545225672,500
tk,-2.8984629849631967,79.1015370150368,500
mc,-8.23436573366551,8.76563426633449,500
hl,-9.35814183680309,62.64185816319691,500
re,-83.56659767936007,56.43340232063992,500
cv,-86.85276181141582,86.14723818858418,500
yl,-4.9050845315472325,87.09491546845277,500
sh,-88.66695275125471,59.33304724874529,500
hx,-3.590418708347303,39.4095812916527,500
yv,-9.038797409109803,2.9612025908901973,500
bu,-73.71794099384499,85.28205900615501,500
ma,-90.83946224726265,39.16053775273736,500
nl,-1.8998906807787357,11.100109319221264,500
qo,-14.577870249260547,8.422129750739453,500
wp,-80.57820242465459,38.42179757534541,500
pz,-51.660706207143576,15.339293792856424,500
ey,-24.976553461007477,16.023446538992523,500
hq,-34.21439598006466,22.785604019935338,500
eo,-80.1654382833458,35.83456171665421,500
iw,-75.07542007091982,70.92457992908018,500
tv,-97.34949811157117,75.65050188842883,500
kf,-74.78291573793115,18.217084262068845,500
gc,-21.688601815691023,65.31139818430898,500
iv,-75.01096103568047,11.989038964319528,500
ag,-92.91352835892887,91.08647164107113,500
gz,-11.579422870955984,33.42057712904402,500
ed,-65.89327725588552,76.10672274411448,500
nn,-9.449658522194685,39.55034147780532,500
hf,-9.06967808319905,27.93032191680095,500
zq,-10.717256697846224,96.28274330215378,500
dx,-42.83339265219385,90.16660734780615,500
yt,-74.83266223643508,29.16733776356491,500
vk,-40.72629527630339,89.27370472369661,500
hv,-57.16086585620814,27.839134143791863,500
iw,-9.719307265699339,11.280692734300661,500
ra,-6.2249756870990245,69.77502431290098,500
od,-12.301547574296276,86.69845242570372,500
ox,-85.18874201450863,35.81125798549136,500
vb,-63.5746480131634,69.4253519868366,500
cn,-8.130141419586446,55.869858580413556,500
qv,-19.304447350885383,42.69555264911462,500
zf,-49.342065842789815,36.657934157210185,500
aq,-42.01473027198592,37.98526972801408,500
dv,-4.985207766659547,30.01479223334045,500
fa,-10.830388748649801,28.1696112513502,500
ca,-29.596465376659253,78.40353462334075,500
wd,-78.8733635922023,77.1266364077977,500
hs,-82.26256099581286,71.73743900418714,500
pf,-23.298702487529145,90.70129751247086,500
dw,-31.86597347925534,85.13402652074465,500
uj,-47.19146073854241,10.808539261457588,500
sd,-11.949734339273926,86.05026566072607,500
uz,-45.67882194043391,43.32117805956609,500
sa,-84.62012328234034,84.37987671765966,500
nk,-21.332413480841776,44.66758651915823,500
ir,0.7162437054934234,21.716243705493422,500
id,-27.938222806011556,13.061777193988446,500
ji,-1.3518965050148357,22.648103494985165,500
vt,-18.54967332601515,28.45032667398485,500
hx,-40.4749108559053,27.5250891440947,500
qj,-4.326755459807567,42.673244540192435,500
sw,-47.65957729826092,94.34042270173909,500
fp,-86.86991212936144,15.130087870638562,500
xd,-34.58619076039325,51.41380923960675,500
ce,-79.67507300970821,59.324926990291786,500
ff,-40.002958670852706,95.9970413291473,500
lf,-94.40510584275958,49.59489415724042,500
gl,-80.80460469929203,1.195395300707977,500
fu,-96.5251295683408,12.474870431659202,500
lm,-95.3465835152575,37.6534164847425,500
hn,-2.093562697184809,3.906437302815191,500
vp,-85.08965298529978,22.91034701470023,500
fm,-79.8853632554736,21.114636744526397,500
la,-76.77023037000104,78.22976962999896,500
bo,-2.908958842696803,63.091041157303195,500
ik,-40.96847584293572,90.03152415706428,500
sb,-26.219797960123095,59.780202039876905,500
fw,-90.49290345929246,32.507096540707536,500
gp,-17.69785297562686,51.30214702437314,500
mn,-87.8835007752393,69.1164992247607,500
gx,-11.182231802730833,41.81776819726917,500
wi,-19.768324868894208,93.23167513110579,500
sr,-79.04655337553721,27.953446624462778,500
xk,-65.06363043626469,19.936369563735308,500
bg,-17.217651469415344,58.782348530584656,500
dc,-31.752651169897224,18.247348830102776,500
zz,-23.698008332505243,32.30199166749476,500
ar,-11.998803302551279,1.001196697448721,500
hx,-24.870050550224594,29.129949449775406,500
zs,-90.38284088355053,65.61715911644947,500
qq,-32.95002043020868,34.04997956979132,500
mz,-52.13377846959747,15.866221530402528,500
jj,-43.616968323137236,74.38303167686277,500
lu,-23.028803439478814,30.971196560521186,500
qe,-79.42548209685556,42.57451790314445,500
ho,-68.92942278228092,33.07057721771907,500
zq,-72.21174608716439,87.78825391283561,500
ex,-33.43430684306395,64.56569315693605,500
rd,-58.86510482333465,58.13489517666535,500
sl,-76.61639412120512,11.383605878794874,500
iy,-34.17546397880555,98.82453602119445,500
rp,-49.27896054660182,29.72103945339818,500
tk,-59.98027912486583,53.01972087513417,500
tp,-54.23096817752567,50.76903182247433,500
cr,-23.75613888268859,82.24386111731141,500
sj,-70.28373622462723,10.716263775372772,500
zx,-35.47229779834028,59.52770220165972,500
mq,-28.281015415070527,83.71898458492947,500
wp,-68.04030914806174,94.95969085193826,500
qv,-9.739951290407223,16.260048709592777,500
gt,-6.8415364198407005,34.1584635801593,500
fa,-85.62538817625557,28.374611823744424,500
wh,-32.46246007237825,35.53753992762175,500
kt,-84.37751175915345,4.622488240846554,500
dw,-24.235679383480456,11.764320616519544,500
cn,-26.425804505493797,77.5741954945062,500
uc,-44.2924107463395,27.7075892536605,500
td,-46.854248277241844,88.14575172275815,500
tm,-7.755328175628797,47.2446718243712,500
rv,-50.5884923281044,65.41150767189559,500
rp,-21.460905442316133,24.539094557683867,500
zm,-59.63211171917884,93.36788828082116,500
jl,-0.7947563974230167,38.205243602576985,500
nm,-97.29014618581967,47.70985381418033,500
yj,-57.19183305527155,71.80816694472844,500
fy,-0.21839707268477493,82.78160292731522,500
qv,-0.9984984510592111,81.0015015489408,500
bq,-3.968343335364236,52.03165666463576,500
ft,-90.63508725865802,11.364912741341977,500
xa,-9.417304102373139,85.58269589762686,500
qe,-70.0036590519623,60.996340948037705,500
uf,-86.82175946232407,91.17824053767593,500
ad,-21.44223109566591,53.55776890433409,500
jw,-29.83397268831473,97.16602731168527,500
jv,-69.16125303948309,20.838746960516907,500
tc,-0.0316633280250187,70.96833667197498,500
qy,-41.75731251975751,8.242687480242484,500
dr,-31.159033033961517,11.840966966038485,500
ak,-70.35054031134058,25.64945968865942,500
nx,-88.4523306587301,21.547669341269888,500
fh,-48.782095724417715,97.21790427558228,500
vp,-66.26932547326962,70.73067452673038,500
fp,-4.286929207699654,88.71307079230034,500
ks,-57.06342904817815,80.93657095182185,500
eo,-27.816419771549658,79.18358022845034,500
wk,-24.159096434371378,28.840903565628622,500
zw,-72.50007851218771,22.499921487812294,500
yf,-23.194610362984967,19.805389637015033,500
kg,-22.137939317230316,63.86206068276969,500
cy,-28.584434610611986,37.415565389388014,500
bc,-45.5878879313695,3.412112068630501,500
zp,-66.09329395856597,23.906706041434035,500
gx,-65.71121130252794,53.288788697472064,500
kb,-78.52893480823597,19.471065191764023,500
hi,-70.38186936308976,11.618130636910237,500
gn,-90.864764830803,92.135235169197,500
ky,-62.19296062052077,76.80703937947924,500
lk,-82.6003879586807,50.3996120413193,500
yb,-20.43285315556529,88.56714684443472,500
ad,-7.773956386807013,28.22604361319299,500
te,-52.1170717789075,67.8829282210925,500
fd,-74.70518885980077,93.29481114019923,500
yy,-61.12336978651866,39.87663021348134,500
mx,-94.02952434178161,52.97047565821839,500
ol,-11.859278168955449,86.14072183104454,500
rq,-15.899104253925191,87.10089574607481,500
av,-2.6217711475537224,2.3782288524462776,500
ea,-70.10020712306918,16.899792876930825,500
sn,-62.675951909904626,0.3240480900953773,500
eh,-75.79861318928756,69.20138681071244,500
zg,-62.422039437999025,76.57796056200098,500
js,-23.303548121110737,95.69645187888926,500
eh,-88.047753145754,47.95224685424599,500
hp,-41.86158185504931,65.13841814495069,500
kn,-58.758846014257216,82.24115398574278,500
jv,-78.49273988814994,69.50726011185006,500
dy,-73.83898483298593,31.161015167014074,500
ct,-70.30441536354179,66.69558463645821,500
mr,-45.30848781108943,78.69151218891056,500
zi,-16.16570320629819,57.83429679370181,500
lr,-40.189214810468044,8.810785189531954,500
nr,-6.893616415596776,39.106383584403225,500
rd,-19.226958332535443,10.77304166746456,500
hc,-64.91429956347817,88.08570043652183,500
ry,-85.98956301010044,7.010436989899558,500
rd,-65.0117614804221,15.988238519577903,500
tb,-94.08345946571177,31.916540534288224,500
on,-41.45929763406683,29.54070236593317,500
du,-18.80114887724777,57.19885112275223,500
vh,-73.03084156492545,93.96915843507455,500
gx,-40.513231303467435,14.486768696532565,500
nr,-28.73602824054475,65.26397175945525,500
ca,-52.626201130847775,74.37379886915222,500
cv,-0.8327492446485526,0.1672507553514474,500
ct,-97.7982885624046,48.20171143759541,500
wg,-52.01652393667989,5.983476063320112,500
tt,-90.25570345037227,37.74429654962773,500
rg,-39.71820978177774,92.28179021822227,500
ib,-44.905930275646554,98.09406972435345,500
je,-57.60417515592777,41.39582484407223,500
ej,-43.858911281400545,36.141088718599455,500
hm,-89.5744732637087,98.4255267362913,500
aj,-13.681441955136481,59.31855804486352,500
ar,-80.58105317289943,14.418946827100568,500
yl,-30.912708800563216,78.08729119943678,500
cu,-75.0161363634804,70.9838636365196,500
rm,-91.55719991422573,60.44280008577427,500
qy,-92.6430336255253,8.356966374474698,500
vs,-6.194739576663505,42.8052604233365,500
xu,-53.989020756561324,52.010979243438676,500
cz,-30.296352176961882,71.70364782303812,500
om,0.8444081420793546,67.84440814207936,500
fp,-3.2762328634725644,52.723767136527435,500
so,-96.04109814668831,0.9589018533116899,500
tb,-53.120400866488005,9.879599133511999,500
jz,-60.06484354860459,2.9351564513954096,500
kx,-87.06838999944307,21.931610000556933,500
bq,-57.04138696490511,7.9586130350948885,500
uw,-10.737776643044329,26.262223356955673,500
bq,-43.98542964583639,72.01457035416361,500
hp,-52.45129416806353,10.548705831936477,500
ns,-54.0522783206113,95.9477216793887,500
bm,-2.8987213949013624,75.10127860509864,500
mf,-1.4316969676819369,51.56830303231806,500
lz,-72.41663727695651,78.58336272304349,500
rb,-56.039214289433524,61.960785710566476,500
nn,-55.87021782825573,83.12978217174427,500
lt,-72.5880580699585,44.41194193004149,500
rf,-53.766462702695044,7.233537297304958,500
xi,-94.90528013917445,36.09471986082555,500
ta,-29.36777267555981,47.632227324440194,500
pa,-8.501194240384867,30.498805759615134,500
jb,-50.7939669075034,13.206033092496595,500
of,-59.39055394823538,65.60944605176462,500
lx,-43.590013338196954,48.409986661803046,500
yk,-36.303256263829546,37.696743736170454,500
du,-4.154758125430665,7.845241874569335,500
bx,-31.73404162729935,16.26595837270065,500
yg,-59.624455553054396,14.375544446945607,500
nz,-91.36853528754315,15.631464712456841,500
vh,-30.799016357358525,27.200983642641475,500
oe,-37.40501625566068,45.59498374433932,500
ri,-43.82944453661856,16.170555463381444,500
sq,-43.54959073248104,11.450409267518959,500
wt,-61.22785612453156,38.77214387546844,500
xe,-67.77732027304488,84.22267972695512,500
hz,-9.51611909942171,78.48388090057828,500
wh,-7.166512902636916,59.83348709736308,500
az,-89.09812500330136,91.90187499669864,500
bd,-39.50590387671887,48.49409612328113,500
da,-47.98582754266854,25.01417245733146,500
vu,-73.85985925911366,58.14014074088634,500
jy,-8.69144373288344,14.30855626711656,500
in,-87.6375012163978,86.3624987836022,500
eb,-63.06644118981054,87.93355881018945,500
tu,-1.2918731386540443,51.70812686134595,500
cs,-75.55900104143385,98.44099895856615,500
go,-69.43475056182088,38.56524943817912,500
ft,-62.0250257765738,64.9749742234262,500
fr,-53.50414967817771,50.49585032182229,500
bl,-58.104331344089594,89.89566865591041,500
dh,-86.7075811716417,78.2924188283583,500
av,-4.67377567605354,46.32622432394646,500
da,-1.7420155774380321,56.25798442256197,500
xn,-23.371946907976227,24.628053092023773,500
wz,-22.389377745931963,44.61062225406804,500
yo,-45.201049139402215,47.798950860597785,500
nk,-77.69041456225398,6.309585437746025,500
ve,-39.08430409723002,60.91569590276998,500
ba,-50.493169678634835,57.506830321365165,500
nr,-84.29504650312212,97.70495349687788,500
ej,-1.6246022136216647,36.375397786378336,500
lw,-73.91347084826563,82.08652915173437,500
