io,-82.31198950362511,97.68801049637489,1000
uk,-55.65462852425531,3.3453714757446913,1000
lo,-89.24365430236925,44.756345697630756,1000
vt,-18.8692433308144,93.1307566691856,1000
zx,-41.53049112739172,22.469508872608284,1000
qa,-86.21315653337993,75.78684346662007,1000
iz,-59.32091848286832,80.67908151713168,1000
tv,-76.08843770195796,26.91156229804204,1000
xk,-90.34993419583955,19.650065804160445,1000
le,-47.42790668556863,88.57209331443137,1000
ej,-20.647274196371228,37.35272580362877,1000
ef,-28.047396503187464,48.952603496812536,1000
kv,-9.217228169792005,3.7827718302079942,1000
hq,-87.14768206844377,28.85231793155623,1000
kg,-5.405867783712942,37.59413221628706,1000
zy,-39.74943535968129,81.25056464031871,1000
dj,-93.66515758651133,85.33484241348867,1000
jg,-87.91419925065595,22.085800749344045,1000
sw,-22.671533249947476,40.32846675005252,1000
bp,-46.85734146132718,13.142658538672823,1000
ti,-73.5840240939843,5.415975906015699,1000
hq,-23.473515571632117,96.52648442836788,1000
kc,-95.76531202080655,91.23468797919345,1000
xe,-70.49886093129146,2.501139068708539,1000
zr,-83.82280968596147,57.177190314038526,1000
gf,-6.218898484518506,92.7811015154815,1000
bu,-89.0323378890723,92.9676621109277,1000
it,-88.52281002483758,85.47718997516242,1000
id,-25.078641196034667,30.921358803965333,1000
qp,-56.47913569308089,98.52086430691911,1000
tr,-55.32369827067448,42.67630172932552,1000
yo,-92.59657421423627,55.40342578576374,1000
sz,-20.052262528286455,28.947737471713545,1000
bx,-49.95732797305564,22.042672026944363,1000
ro,-30.830972036571996,50.16902796342801,1000
hr,-94.78058311387502,64.21941688612498,1000
jn,-37.04441996577283,70.95558003422717,1000
ov,-7.022896689213528,96.97710331078648,1000
ps,-97.74448278403428,14.255517215965718,1000
wj,-17.70550757359398,2.2944924264060207,1000
be,-9.704232383417569,79.29576761658242,1000
af,-18.425778742047843,10.574221257952157,1000
oz,-58.054628064215336,56.945371935784664,1000
ab,-47.948283115452135,52.051716884547865,1000
ut,-16.67792164604632,70.32207835395369,1000
bp,-25.559314065450064,80.44068593454993,1000
jw,-41.66263469528519,60.33736530471481,1000
xm,-26.197465457672116,89.80253454232788,1000
an,-91.6683033889409,29.331696611059098,1000
ww,-34.67368604903272,63.32631395096728,1000
dh,-86.00809210179501,63.99190789820498,1000
iw,-78.2691274493101,76.7308725506899,1000
ls,-96.48507916434654,75.51492083565346,1000
tq,-9.338789653641912,85.66121034635809,1000
hy,-71.55973613463503,93.44026386536497,1000
bx,-56.46655472525912,49.53344527474088,1000
pp,-5.001309824935141,57.99869017506486,1000
uy,-49.88057911826472,33.11942088173528,1000
cy,-19.60634731237023,93.39365268762977,1000
ai,-82.17635237982876,43.82364762017125,1000
ir,-87.96044768213513,69.03955231786487,1000
he,-14.297276394166909,88.70272360583309,1000
wf,-37.1215960144054,41.8784039855946,1000
ui,-32.265887700857526,30.734112299142474,1000
ee,-42.64876832021035,62.35123167978965,1000
yp,-70.99189400293093,96.00810599706907,1000
ol,-33.20646193852712,33.79353806147288,1000
ek,-39.09082962763411,53.90917037236589,1000
re,-25.27961404245643,25.72038595754357,1000
pz,-1.3472340785392356,21.652765921460766,1000
ih,-52.33182413568157,23.668175864318428,1000
ru,-25.167920649767847,15.832079350232155,1000
tw,-57.13301080707731,96.86698919292269,1000
ni,-83.0466002094455,12.953399790554505,1000
zk,-77.51451086924138,63.48548913075862,1000
vr,-0.42483521305064886,89.57516478694936,1000
lx,-96.93248701187147,66.06751298812853,1000
px,-12.539657543727033,14.460342456272967,1000
wh,0.46108847554928045,64.46108847554927,1000
qe,-95.99787037819564,8.00212962180435,1000
lo,-91.01292963665212,84.98707036334788,1000
ay,-81.73732475346675,13.262675246533245,1000
sx,-6.988959256900987,64.01104074309902,1000
fr,-73.2612486178608,21.7387513821392,1000
io,-49.117347946692526,72.88265205330748,1000
mb,-11.638435523248774,1.3615644767512263,1000
fi,-82.4787175154846,64.5212824845154,1000
gr,-84.0633463468151,91.9366536531849,1000
rh,-35.44959917289023,74.55040082710977,1000
mq,-64.55304552260422,19.446954477395785,1000
it,-75.9723599405834,72.0276400594166,1000
dg,-39.53921914202796,7.460780857972039,1000
gc,-69.58454910439636,46.41545089560365,1000
no,-18.54782730416772,43.45217269583228,1000
of,-83.5816493736621,84.4183506263379,1000
pb,-59.122079044382225,5.877920955617771,1000
oe,-62.28262886213182,19.717371137868177,1000
qb,-76.3067730343187,60.6932269656813,1000
yv,-44.166781242164966,64.83321875783504,1000
zj,-3.0476720732733025,12.952327926726698,1000
bx,-11.182532731504208,71.81746726849579,1000