yr,-81.48154011107546,66.51845988892454,1000
ab,-78.86347912371693,63.13652087628307,1000
we,-24.147004485048704,80.85299551495129,1000
vt,-76.7241481505061,7.275851849493899,1000
uu,-88.32107264816518,70.67892735183482,1000
cm,-61.104582629883076,41.895417370116924,1000
lr,-67.47653704614099,52.52346295385901,1000
qr,-36.26261163870999,62.73738836129001,1000
ft,-19.80369456943379,96.19630543056621,1000
pu,-72.49258396287604,15.507416037123965,1000
cg,-23.21377499271036,89.78622500728964,1000
nr,-73.66513585214335,43.33486414785665,1000
fm,-68.31195386129671,70.68804613870329,1000
ed,-14.564024830080735,39.43597516991927,1000
ql,-55.27531252943909,36.72468747056091,1000
er,-52.69273600946837,73.30726399053162,1000
pi,-94.08741687429648,93.91258312570352,1000
xi,-54.30390946302445,9.696090536975547,1000
gq,-14.873295531606743,33.12670446839326,1000
fo,-93.46193840830149,55.5380615916985,1000
ha,-77.68230209540457,39.317697904595434,1000
vs,-94.29603267408416,27.703967325915833,1000
dq,-80.07822608243781,50.92177391756219,1000
mk,-96.5710377719618,20.428962228038195,1000
jc,-11.125191338741047,96.87480866125895,1000
ww,-30.392412898715246,87.60758710128475,1000
qi,-78.29591323537036,89.70408676462964,1000
sq,-12.908437403925832,51.09156259607417,1000
hu,-23.621685452155994,4.378314547844008,1000
rw,-53.78487668284998,38.21512331715002,1000
dv,-14.010898450432904,56.989101549567096,1000
rx,-95.27685591172828,52.72314408827172,1000
ns,-22.94007955262632,70.05992044737368,1000
yc,-27.371787527511792,31.628212472488208,1000
xx,-94.82965159114205,19.170348408857954,1000
wn,-88.22093127430858,58.77906872569141,1000
nv,-70.03694541076952,74.96305458923048,1000
lj,-27.689548719612212,79.3104512803878,1000
eb,-89.67586826102313,11.324131738976876,1000
qc,-6.438078355090747,39.561921644909255,1000
sm,-74.56713718745047,77.43286281254953,1000
fg,-20.159507030049717,33.84049296995028,1000
us,-79.5793441343029,66.4206558656971,1000
em,-74.2222949560042,40.777705043995795,1000
tx,-55.163323566728934,94.83667643327107,1000
ps,-58.54372261954854,59.45627738045146,1000
qj,-35.108188948079516,32.891811051920484,1000
qm,-39.489717071968656,65.51028292803134,1000
op,-58.53673668488182,20.463263315118184,1000
xo,-53.85876986662572,75.14123013337428,1000
xo,-30.72396820137687,92.27603179862314,1000
dq,-92.36018311806687,92.63981688193313,1000
qc,-79.25184338044525,77.74815661955475,1000
lq,-57.738280391028646,97.26171960897135,1000
xh,-49.53128938035626,75.46871061964374,1000
od,-97.85968486297536,0.14031513702464626,1000
cm,-15.872086843199734,74.12791315680026,1000
od,-81.90435672025254,46.09564327974746,1000
ch,-94.06950925651505,82.93049074348495,1000
iw,-92.32352775094431,44.67647224905569,1000
fa,-92.5467997445498,1.453200255450204,1000
il,-39.472895356077984,85.52710464392202,1000
tv,0.9080546359620985,29.9080546359621,1000
ns,-89.5445872961987,64.4554127038013,1000
ds,-12.412790512098235,12.587209487901765,1000
hd,-94.34213211671846,75.65786788328154,1000
iu,-91.76306814255265,53.236931857447345,1000
ht,-61.96223853602753,45.03776146397247,1000
dc,-3.8389292166745363,23.161070783325464,1000
dq,-27.947207787663288,12.052792212336712,1000
bw,-35.048238184264385,64.95176181573562,1000
vz,-88.96584164749282,84.03415835250718,1000
ti,-71.52562034558945,41.47437965441055,1000
pv,-55.323402609136416,75.67659739086359,1000
kj,-61.0203293297629,57.9796706702371,1000
mm,-57.28805720942289,84.71194279057711,1000
mf,-80.07365137196682,94.92634862803318,1000
lg,-7.191936243513731,23.80806375648627,1000
zu,-51.43060608764733,5.5693939123526714,1000
rg,-69.81117691057214,33.188823089427856,1000
hh,-33.19565577664623,84.80434422335377,1000
cn,-40.26741270671715,11.732587293282844,1000
hi,-44.23752791774864,42.76247208225136,1000
sy,-30.117652831194974,62.882347168805026,1000
rv,-43.133836375619396,25.866163624380608,1000
xd,-21.93545703869385,6.064542961306147,1000
vi,-1.7902830933341525,19.209716906665847,1000
ah,-46.42437369098006,52.57562630901994,1000
lr,-87.96072046667274,34.03927953332726,1000
ng,-55.561537603269144,68.43846239673086,1000
dz,-14.584726810266618,95.41527318973338,1000
dy,-54.730860823079006,8.269139176920996,1000
il,-79.30059335272337,61.699406647276625,1000
dx,-83.85443822323845,9.145561776761554,1000
eo,-89.94216628955775,68.05783371044225,1000
gq,-45.121360390174125,81.87863960982587,1000
xn,-6.969395197292641,98.03060480270736,1000
uc,-52.427620354195454,3.572379645804548,1000
ts,-75.58601176472233,30.413988235277667,1000
iv,-77.32689550705035,7.673104492949647,1000
ob,-56.54570394094105,18.454296059058947,1000