dy,-89.56463565277649,48.435364347223505,25
ka,-27.038252456875508,90.96174754312449,25
kg,-40.51318143027892,13.48681856972108,25
cp,-75.46143125424912,34.53856874575087,25
qm,-24.222284669939697,47.7777153300603,25
ag,-77.49965392777736,95.50034607222264,25
jk,-29.29218110691973,5.707818893080269,25
hy,-61.34107453553262,29.65892546446738,25
sq,-84.26664219512483,79.73335780487517,25
ss,-83.80857375752652,65.19142624247348,25
ma,-93.02992934223973,51.97007065776027,25
fd,-90.68983542278109,65.31016457721891,25
wu,-66.49975894893278,77.50024105106722,25
jm,-69.0603389273012,87.9396610726988,25
zi,-15.660267734641502,31.339732265358496,25
tk,-19.54612187193696,11.453878128063039,25
ie,-76.14717214987478,26.852827850125223,25
al,-43.78841003460233,66.21158996539768,25
xp,-18.780202476511214,97.2197975234888,25
zp,-10.1383649127019,83.8616350872981,25
aa,-47.344670910789844,87.65532908921016,25
hx,-29.27592542468592,48.72407457531408,25
do,-87.76935026043368,57.230649739566324,25
kj,-7.302697688636675,14.697302311363325,25
tb,-34.33558079816844,17.664419201831553,25
md,-79.98752178140052,80.01247821859948,25
xi,-75.29125837950077,18.70874162049922,25
ru,-11.841978163348774,80.15802183665123,25
qg,-53.898549398274696,56.101450601725304,25
uh,-79.80810669483331,11.191893305166692,25
so,-4.542900219466711,78.45709978053328,25
uh,-59.77103854526166,51.22896145473834,25
fn,-15.440670113900032,41.55932988609997,25
du,-25.701098656159466,56.298901343840534,25
kb,-46.00005165919849,40.99994834080151,25
tz,-31.82033236115846,53.179667638841536,25
xk,-68.19153805234848,80.80846194765152,25
sd,-5.18763589080582,68.81236410919418,25
bx,-8.002842746944967,20.997157253055033,25
rs,-72.43772727835592,75.56227272164408,25
kc,-84.747188500924,47.252811499076,25
uo,-77.75746784201922,83.24253215798078,25
ei,-77.26165842028364,47.738341579716355,25
gc,-77.24644891731866,60.753551082681334,25
ql,-30.73563480970208,53.26436519029792,25
fx,-7.803835153686906,45.196164846313096,25
lp,-13.238295623043106,84.7617043769569,25
ti,-87.99551248821538,65.00448751178462,25
wv,-69.41052549912723,84.58947450087277,25
ja,-97.9249148362532,4.075085163746811,25
yn,-56.039519994110016,90.96048000588998,25
ey,-69.82685290287401,24.17314709712599,25
jd,-92.39062082455949,46.609379175440516,25
ky,-70.11473097284916,82.88526902715084,25
ai,-95.9737399442005,38.0262600557995,25
sp,-20.981989144997918,34.01801085500208,25
za,-80.61273857486654,24.387261425133463,25
mf,-79.5912140935076,45.4087859064924,25
uq,-6.088284704250247,27.91171529574975,25
qp,-8.814017689756225,31.185982310243777,25
ix,-7.868832585619584,79.13116741438041,25
zv,-85.89395831174123,28.106041688258767,25
ux,-87.8176428891072,13.182357110892791,25
tn,-19.44326350259386,36.55673649740614,25
qi,-34.402487513630525,20.597512486369475,25
cs,-69.49370851354122,14.506291486458785,25
mg,-78.28725069586942,85.71274930413058,25
rf,-35.4273944441731,55.5726055558269,25
ux,-30.313696664503585,83.68630333549642,25
vz,-20.10217734075827,15.89782265924173,25
lk,-58.64106755835113,72.35893244164886,25
uj,-63.128752920799116,52.871247079200884,25
ww,-66.2737418422712,12.726258157728795,25
vg,-5.584312243465147,51.41568775653485,25
ho,-78.59398346079288,5.40601653920711,25
yz,-31.20207926192034,87.79792073807967,25
ew,-10.218415780965234,71.78158421903477,25
sw,-76.61938742804723,72.38061257195277,25
cy,-0.6736236755852899,95.32637632441471,25
ep,-71.90070477140247,51.099295228597526,25
df,-1.473129217542177,85.52687078245782,25
fs,-62.630994455804924,73.36900554419508,25
pr,-4.630468418089328,59.36953158191067,25
be,-86.3258600123516,55.67413998764841,25
rl,-88.50418839701504,4.495811602984954,25
az,-34.13899041792237,62.86100958207763,25
qy,-38.163216617539234,51.836783382460766,25
se,-16.957528869502305,79.04247113049769,25
hf,-31.348116059594965,56.651883940405035,25
fi,-75.61393706036704,46.386062939632964,25
bw,-91.95229650662152,80.04770349337848,25
ac,-83.28138658387275,45.718613416127255,25
wu,-68.42776433217523,28.572235667824774,25
ot,-5.139297954575481,5.860702045424519,25
nz,-61.34175228610571,27.658247713894287,25
ae,-15.479428518411972,97.52057148158804,25
ew,-4.573852084141932,31.426147915858067,25
rt,-31.089814200048995,18.910185799951005,25
bv,-51.458717212058275,80.54128278794173,25
nm,-57.65060682514248,48.34939317485752,25
hg,-38.03209721053988,16.967902789460116,25