db,-78.5633301753257,39.4366698246743,500
kz,-34.56989139546791,49.43010860453209,500
bx,-89.98279527815662,87.01720472184338,500
qt,-55.72726397754983,74.27273602245016,500
sv,-8.11758323672112,59.882416763278876,500
yo,-8.475265983470171,77.52473401652983,500
bv,-7.466622216225302,7.533377783774698,500
pa,-43.584747040837804,32.415252959162196,500
zk,-30.607087435733625,87.39291256426638,500
jg,-27.256334938860928,60.743665061139076,500
kc,-22.907603211910757,62.092396788089246,500
qa,-76.1019857021171,88.8980142978829,500
jd,-55.342838257186905,86.6571617428131,500
wi,-49.02401091098125,14.975989089018757,500
ib,-85.26632579780139,60.733674202198614,500
wm,-58.75525975425474,78.24474024574526,500
gt,-7.559673455398636,49.44032654460136,500
ed,-68.6019470222087,78.3980529777913,500
vc,-46.456470037089254,78.54352996291075,500
wb,-60.43541449777556,95.56458550222445,500
vt,0.7874482582426352,76.78744825824263,500
or,-12.716494476762337,50.283505523237665,500
he,-22.111021392906366,70.88897860709363,500
sy,-95.23213832940662,93.76786167059338,500
nv,-42.676279293455245,48.323720706544755,500
qt,-8.993787071867477,96.00621292813253,500
aq,-97.57940535927094,7.42059464072907,500
fb,-3.947871775308138,71.05212822469186,500
gy,-47.966685220682464,63.033314779317536,500
na,-43.54532127850065,50.45467872149935,500
tg,-6.851315943855302,58.148684056144695,500
tk,-21.386874424649978,27.613125575350022,500
af,-22.6615512058001,21.3384487941999,500
kg,-88.54840949731053,0.45159050268946455,500
oo,-89.0286536229613,49.97134637703871,500
tz,-67.55573014955252,81.44426985044748,500
ul,-4.944282872445063,6.055717127554937,500
gz,-93.30745641640866,78.69254358359134,500
rs,-14.027048908078186,7.972951091921815,500
cn,-6.048504646639493,25.951495353360507,500
ce,-63.85719067559603,55.14280932440397,500
wp,-46.01259915822031,86.98740084177969,500
uw,-46.02102539487911,55.97897460512089,500
vp,-92.89786228208575,8.102137717914252,500
gl,-89.13560923332,45.86439076668,500
bs,-60.56096500254713,5.43903499745287,500
cl,-90.31242533995966,14.687574660040339,500
aj,-75.21255123669302,29.787448763306983,500
aj,-63.1032191534223,18.8967808465777,500
cf,-30.854589401067305,24.145410598932695,500
hs,-66.50933760578,54.490662394219996,500
ck,-66.37504208438426,15.624957915615742,500
pg,-52.01235244537987,87.98764755462012,500
sz,-93.5887041364502,17.411295863549793,500
cr,-81.04261193586282,32.95738806413718,500
to,-64.95090211056468,26.049097889435313,500
lg,-21.884124883104818,70.11587511689518,500
go,-63.62336954389537,12.376630456104628,500
dk,-24.544317618140145,29.455682381859855,500
un,0.2407404929316651,33.240740492931664,500
ct,-60.976660494824436,20.023339505175567,500
ay,-61.17464635384414,74.82535364615586,500
nj,-11.014111645948063,2.9858883540519363,500
cv,-77.69016842076144,46.30983157923857,500
mb,-23.465247650448596,18.534752349551404,500
vo,-53.671811968299174,87.32818803170083,500
yf,-87.75333890929599,78.24666109070401,500
dd,-78.89703480884138,96.10296519115862,500
qt,-72.22125013585617,84.77874986414383,500
sv,-96.07454371159172,61.925456288408284,500
ti,-92.01968919966949,74.98031080033051,500
tw,-59.37576564753054,41.62423435246946,500
at,-23.066907445661627,4.933092554338374,500
nj,-79.26870207570393,71.73129792429607,500
gn,-40.56796594113869,4.432034058861313,500
ef,-47.484917795623886,77.51508220437611,500
lq,-38.6674636554297,2.332536344570301,500
tz,-92.56992755409571,26.430072445904287,500
kg,-67.8340368372613,5.165963162738706,500
la,-64.47752214963361,4.522477850366387,500
to,-45.6752321110499,89.32476788895009,500
tf,-83.62122937525017,7.378770624749831,500
jz,-82.44694386012112,28.553056139878873,500
pj,-89.30646924502251,48.69353075497748,500
ex,-2.6422442506324035,90.3577557493676,500
dr,-38.30723786433769,35.69276213566231,500
le,-87.7567199481972,97.2432800518028,500
iv,-17.23628144980105,96.76371855019894,500
bo,-51.01663204041925,36.98336795958075,500
ym,-71.57452270639004,10.425477293609955,500
lo,-58.800440367334936,0.1995596326650635,500
ge,-74.50012711962276,11.49987288037724,500
oc,-75.52160458711202,63.478395412887984,500
pq,-16.28450582891282,49.71549417108718,500
aq,-16.46385960139139,20.53614039860861,500
vd,-27.068009069163057,33.931990930836946,500
vw,-70.7382901154178,96.2617098845822,500
na,-94.51724496483348,46.48275503516653,500
yc,-3.9944391016003715,71.00556089839962,500
fr,-54.64452639721862,67.35547360278137,500
bk,-65.7038353905494,41.29616460945059,500