tu,-88.73688288347608,25.26311711652392,500
dn,-95.73936602320171,35.26063397679828,500
hz,-73.49917942555446,67.50082057444554,500
dw,-75.79990420171767,7.2000957982823355,500
lk,-51.06975686277919,59.93024313722081,500
ak,-60.650127225589905,56.349872774410095,500
xr,-54.65542561086655,41.34457438913345,500
hv,-90.08691774464741,81.91308225535259,500
kd,-80.82750432761189,63.17249567238811,500
nl,-40.0180123134207,74.9819876865793,500
fj,-54.787198425197744,11.212801574802254,500
gv,-45.14812238641572,52.85187761358428,500
mg,-39.00516502250119,22.99483497749881,500
ag,-44.26549856255249,91.7345014374475,500
vr,-56.39532618033872,77.60467381966127,500
nq,-93.38512106620554,27.61487893379445,500
do,-12.854577006083474,9.145422993916526,500
jb,-21.35511346366484,42.644886536335164,500
yi,-84.4519770610723,84.5480229389277,500
ij,-18.927577227177952,82.07242277282205,500
xs,-9.728973861588951,9.271026138411049,500
ty,-61.72895892777069,88.27104107222931,500
uf,-73.42312839821308,4.576871601786921,500
gq,-20.83078918283189,39.169210817168114,500
fj,-66.24246750353458,93.75753249646542,500
oj,-50.09566670393673,56.90433329606327,500
sj,-19.996274636229845,26.003725363770155,500
er,-52.195970323477546,32.804029676522454,500
py,-48.5141911899253,76.4858088100747,500
hv,-14.372536547047499,61.627463452952504,500
sx,-11.608937977241176,68.39106202275882,500
of,-22.60420122068771,73.39579877931229,500
uu,0.5878235883150418,53.58782358831504,500
ee,-88.28853625403406,37.71146374596595,500
cm,-44.73088441978295,65.26911558021705,500
bg,-53.62444146379678,2.3755585362032243,500
sm,-46.77920518129237,41.22079481870763,500
xe,-78.69587375469303,20.304126245306975,500
pu,-89.65753822958146,92.34246177041854,500
oy,-88.77177458950442,39.22822541049558,500
fe,-95.13518685398313,55.864813146016864,500
od,-55.486200490120304,1.5137995098796964,500
ci,-59.88721416047626,63.11278583952374,500
ac,-11.05735883576446,23.94264116423554,500
uo,-97.8076016287536,54.1923983712464,500
im,-96.26631856398915,26.73368143601086,500
fq,-47.25856952208524,43.74143047791476,500
xo,-24.925499401535685,34.07450059846432,500
lv,-15.586725259354239,4.413274740645761,500
ct,-39.43791768952278,58.56208231047722,500
vi,-17.876076298498873,40.12392370150113,500
nb,-94.13840539239384,43.86159460760617,500
km,-1.56173754211845,68.43826245788155,500
ca,-81.16780720307275,68.83219279692725,500
kv,-37.02030062214384,73.97969937785615,500
dv,-12.368258105520491,98.6317418944795,500
ax,-74.9520284045572,17.04797159544281,500
mj,-94.61987721532262,61.380122784677376,500
xm,-23.123001075933534,68.87699892406647,500
pg,-40.353014445985025,10.646985554014977,500
da,-6.02844566582201,7.97155433417799,500
tz,-20.458782059125063,22.541217940874937,500
zs,-19.84011807033303,15.15988192966697,500
gq,-25.48189301988682,67.51810698011317,500
om,-92.51141455282924,53.488585447170756,500
yk,-20.39593677944143,65.60406322055857,500
zd,-71.56705924239836,47.432940757601635,500
wj,-77.38120863398366,65.61879136601634,500
wq,-55.16589628784039,62.83410371215961,500
bb,-30.144885808196754,77.85511419180324,500
im,-88.2937924543593,55.7062075456407,500
zw,-17.91346732565823,77.08653267434177,500
bv,-41.9601231924331,60.0398768075669,500
pg,-12.433477917809242,82.56652208219076,500
od,-88.18415550553499,41.815844494465004,500
mv,-13.462457658111036,81.53754234188897,500
rz,-55.83718374546426,50.16281625453574,500
ny,-97.35131564335255,12.64868435664745,500
dw,-2.345825376196676,90.65417462380333,500
mf,-8.523138646479394,88.4768613535206,500
ax,-93.94442405720459,72.05557594279541,500
rt,-57.5395468319591,12.4604531680409,500
ru,-26.534971118889874,32.46502888111013,500
dk,-35.59048643582938,36.40951356417062,500
di,-74.76194280764773,75.23805719235227,500
gs,-55.501096853061625,75.49890314693837,500
hc,-89.48389265099435,59.51610734900566,500
zk,-8.664917858165657,49.33508214183434,500
dq,-13.236110729834758,32.763889270165244,500
qo,-59.019673710676415,30.980326289323585,500
ol,-32.874617726460215,11.125382273539781,500
oz,-72.0584475055453,73.9415524944547,500
hw,-21.906994387239237,44.09300561276076,500
ti,-62.38241012441102,89.61758987558898,500
kr,-91.77978281962051,40.22021718037949,500
xj,-8.675968261112189,52.32403173888781,500
sz,-50.62584280137252,19.374157198627476,500
lu,-97.6638280266151,15.33617197338489,500
nv,-4.241620988373013,75.75837901162699,500
ek,-40.81609483581353,72.18390516418647,500
qb,-60.59049757770353,14.409502422296468,500