yyd,-44.61848761533458,19.381512384665417,1000
lxh,-16.661368645728828,59.33863135427117,1000
yaz,-94.82262808846147,39.17737191153852,1000
cel,-68.16520107789684,29.834798922103165,1000
cvr,-64.89693284717374,81.10306715282626,1000
xfe,-85.45126735103034,12.548732648969663,1000
sra,0.7359533186587113,41.73595331865871,1000
emt,-28.333503784744448,29.666496215255552,1000
ncp,-70.8526890879274,77.1473109120726,1000
miy,-77.67325621030801,21.32674378969198,1000
pca,-92.75939020609275,19.240609793907254,1000
syw,-9.138428798217497,27.861571201782503,1000
aeg,0.1699826612405907,13.16998266124059,1000
wrg,-9.035176329673163,25.964823670326837,1000
byw,-43.388450084862555,1.611549915137447,1000
lyc,-30.005662573784026,52.99433742621598,1000
ubt,-68.08427603587467,71.91572396412533,1000
agq,-83.79974843139806,65.20025156860194,1000
wur,-53.86629851971144,68.13370148028855,1000
yze,-93.41607949915986,67.58392050084014,1000
axi,-66.5194335034169,2.4805664965830942,1000
sqp,-61.178522871383805,70.8214771286162,1000
ipy,-50.23582713271015,53.76417286728985,1000
pjt,-77.61238608372099,55.38761391627901,1000
vmv,-93.4777319491183,42.522268050881706,1000
ggk,-41.21518752220707,19.78481247779293,1000
xgy,-21.54675462126987,67.45324537873013,1000
iej,-95.5014188608954,39.49858113910461,1000
hvv,-7.517669490751556,15.482330509248444,1000
wzq,-9.325681237705426,18.674318762294575,1000
pex,-72.70142539414364,33.298574605856366,1000
lmk,-34.55938464755417,69.44061535244583,1000
ywu,-70.75550090626515,30.244499093734838,1000
rso,-45.861323391485286,68.13867660851471,1000
pzc,-14.816126018859812,24.183873981140188,1000
ppi,-84.2688637521076,6.731136247892389,1000
dkx,-13.344501960319345,0.6554980396806549,1000
djv,-97.35575300684621,7.644246993153785,1000
hzn,-23.906184844450028,6.093815155549972,1000
hon,-48.53862165760739,16.461378342392607,1000
vnw,-64.85956920459458,45.14043079540542,1000
xpb,-52.83812913385272,42.16187086614728,1000
fee,-43.91594757570358,40.08405242429642,1000
mra,-8.573132752872104,39.426867247127895,1000
bmr,-14.29320300908633,7.70679699091367,1000
cti,-92.53315821371528,93.46684178628472,1000
dwo,-18.8586842472472,62.141315752752796,1000
rai,-48.691135394550095,89.3088646054499,1000
pvl,-28.936326203693675,1.063673796306324,1000
xsw,-53.14932587502024,64.85067412497976,1000
rwc,-64.33927590033525,86.66072409966475,1000
tlg,-56.09665234661464,17.903347653385364,1000
qaf,-87.06453634912934,98.93546365087066,1000
fui,-38.57298124881662,56.42701875118338,1000
ykc,-51.33466404587721,9.66533595412279,1000
ghq,-34.56821859458678,41.43178140541322,1000
swa,-92.81445677934788,3.185543220652124,1000
hej,-30.32638857344235,4.67361142655765,1000
wmh,-95.91538565741652,30.08461434258348,1000
rcz,-29.769959112507703,89.2300408874923,1000
qaj,-81.32651459911513,65.67348540088487,1000
fvr,-79.07498166739897,66.92501833260103,1000
pzg,-45.48666446779516,68.51333553220485,1000
rjb,-88.65924845640403,28.34075154359597,1000
qjs,-62.565923316240195,62.434076683759805,1000
loa,-82.61706312540757,86.38293687459243,1000
ggf,-82.22625549399358,3.7737445060064214,1000
jfz,-26.2498148225275,23.7501851774725,1000
iex,-61.03935067980185,96.96064932019814,1000
clk,-14.743735064885836,77.25626493511416,1000
kdk,-31.252565573242798,81.7474344267572,1000
pip,-37.19711522055658,27.802884779443414,1000
spk,-77.81882305042313,83.18117694957687,1000
uux,-4.371447845684929,60.628552154315074,1000
ypj,-95.15129781439144,84.84870218560856,1000
nip,-34.29431761027049,11.705682389729512,1000
yce,-47.64292899825406,19.357071001745943,1000
krz,-39.914789856384225,64.08521014361577,1000
tcg,-55.67825499520777,39.32174500479223,1000
yzp,-2.0226481643858936,12.977351835614106,1000
sve,-97.51319332640605,93.48680667359395,1000
umi,-48.284181955248826,79.71581804475117,1000
kzi,-2.3420699241585305,86.65793007584146,1000
ann,-79.58665873466285,93.41334126533715,1000
xty,-94.14637117388159,45.8536288261184,1000
wwt,-27.003813145782857,54.99618685421714,1000
zzh,-16.28405594540079,51.715944054599206,1000
nfe,-52.2535502742444,96.7464497257556,1000
ded,-43.22062039366778,82.77937960633223,1000
yai,-84.25754639919771,80.74245360080229,1000
oey,-1.6482149634556442,7.351785036544356,1000
twx,-81.5489145749633,44.4510854250367,1000
moa,-40.49129498009668,4.508705019903321,1000
ntb,-29.037276337980384,32.96272366201962,1000
jaa,-81.28034677715267,16.71965322284733,1000
iaa,-43.830738112090536,30.169261887909464,1000
qxy,-2.0138912577682264,69.98610874223178,1000
qro,-79.16710187416095,11.832898125839057,1000
ygt,-17.586240963104988,31.413759036895012,1000
psr,-65.229403937464,52.770596062536,1000
vcd,-18.551611053830687,24.448388946169313,1000
fnm,-5.799750579056274,92.20024942094372,1000
lln,-49.69575498536757,21.30424501463243,1000
nbk,-32.299415721830066,23.700584278169934,1000
cdm,-50.03313572735238,21.96686427264762,1000
aqt,-93.43709191709469,74.56290808290531,1000
gic,-92.21970180619732,45.780298193802686,1000
cis,-28.376756734859434,15.623243265140566,1000
don,-28.915672562361557,7.084327437638442,1000
wsq,-36.95236277846923,64.04763722153078,1000
occ,-23.829499942639252,63.17050005736075,1000
vtv,-35.26252514226088,87.73747485773913,1000
vqn,-41.126958583344475,88.87304141665552,1000
jqg,-95.90810118620935,28.09189881379065,1000
iia,-74.22922929210752,45.770770707892474,1000
djz,-84.70508039376872,45.29491960623127,1000
tnl,-87.61034713099895,15.389652869001058,1000
wfv,-76.06744182030597,7.932558179694026,1000
hlf,-40.93629401745827,15.063705982541729,1000
din,-93.36159993093304,54.63840006906697,1000
xds,-16.94028992030717,7.059710079692829,1000
syf,-34.138444038106314,70.86155596189369,1000
txr,-9.709413872017032,22.290586127982966,1000
ufe,-16.331100902950187,20.668899097049813,1000
cpn,-38.54865336260416,18.451346637395837,1000
ytt,-49.98694647775403,78.01305352224597,1000
qkb,-24.68758007956791,54.31241992043209,1000
ccv,-60.54176390305534,33.45823609694466,1000
tlx,-18.843001321192528,14.156998678807472,1000
zgl,-69.37970840039624,71.62029159960376,1000
kzb,-41.695715278724236,48.304284721275764,1000
nev,-42.23577367637943,23.764226323620566,1000
jyw,-44.4785169383752,91.52148306162479,1000
wpe,-35.374423068328696,63.625576931671304,1000
ycc,-27.47134029444671,92.5286597055533,1000
ggu,-36.731346049615375,39.268653950384625,1000
wua,-32.52650855990953,75.47349144009047,1000
jjh,-37.69279575648439,34.30720424351561,1000
hpu,-36.122137486033466,61.877862513966534,1000
ivk,-3.828232351187739,85.17176764881226,1000
vvk,-60.992647467932464,62.007352532067536,1000
fdg,-17.447200365222837,70.55279963477716,1000
kph,-44.04682550382139,90.95317449617862,1000
pia,-35.35233763767122,6.6476623623287825,1000
xbv,-15.200887633615084,86.79911236638492,1000
div,-69.60446080795309,90.39553919204691,1000
hhs,-16.121528447640824,11.878471552359176,1000
udd,-37.35454371385296,14.645456286147038,1000
jmm,-25.283674395974618,1.7163256040253825,1000
wbm,-93.73495614645752,43.26504385354248,1000
wqz,-87.16490717184169,19.835092828158306,1000
fom,-0.8196671555017472,26.180332844498253,1000
byl,-58.4347106718867,54.5652893281133,1000
wss,-55.1475181935579,27.8524818064421,1000
mzx,-18.904245697585754,44.09575430241425,1000
jpu,-90.57996600761575,21.42003399238425,1000
ees,-45.4982223546514,49.5017776453486,1000
nhd,-64.69047530550563,16.30952469449437,1000
azb,-37.15018762283864,2.8498123771613666,1000
tfp,-14.575486975510657,36.42451302448934,1000
rci,-64.92895724856369,58.071042751436316,1000
yvq,-93.84707091746098,59.15292908253901,1000
lar,-0.8316515148827717,7.168348485117228,1000
iuh,-0.6302469090387125,29.369753090961286,1000
evx,-48.51273038633674,75.48726961366326,1000
rwh,-69.78388674582065,26.21611325417934,1000
nnp,-62.383871374036275,69.61612862596373,1000
ijo,-44.111374728246254,52.888625271753746,1000
rot,-66.82494350595346,16.175056494046544,1000
wap,-54.41137433594834,29.588625664051662,1000
hve,-28.621900283575915,21.378099716424085,1000
als,-5.754661825705812,57.24533817429419,1000
ogr,-83.04999511287345,72.95000488712655,1000
ydg,-97.16396563881315,73.83603436118685,1000
lqw,-13.32381803954674,21.67618196045326,1000
vsi,-11.23837933772587,36.76162066227413,1000
hvf,-47.44565646893556,91.55434353106443,1000
ouo,-89.31521728836898,63.684782711631016,1000
zzq,-27.217828027827554,74.78217197217245,1000
fab,-9.778513582780446,9.221486417219554,1000
nkp,-56.398764864559276,9.601235135440724,1000
nau,-92.5042541186376,93.4957458813624,1000
yhz,-22.435531208439695,11.564468791560305,1000
aoy,-78.94900249753093,34.05099750246907,1000
hrd,-73.3912583803163,28.608741619683705,1000
lec,-90.90065999479314,12.099340005206857,1000
kzt,-58.960629249530896,11.039370750469102,1000
bfi,-52.94655687732128,45.05344312267872,1000
agu,0.45299641263991763,36.45299641263992,1000
ywi,-91.27178757482227,85.72821242517773,1000
omr,-14.71039150092308,73.28960849907692,1000
nsk,-68.27888602820757,7.721113971792436,1000
gtz,-7.934069649553559,63.06593035044644,1000
yye,-61.88175782346063,25.118242176539365,1000
imu,-32.86491148673575,45.13508851326425,1000
ias,-30.457807649567787,75.54219235043222,1000
hwo,-7.812835420347405,35.187164579652595,1000
enn,-77.55565725189969,50.44434274810031,1000
cwt,-25.85733386317176,78.14266613682824,1000
qav,-50.69800327445801,44.30199672554199,1000
qqy,-88.77402310115062,53.225976898849375,1000
kld,-16.85205730269168,43.14794269730832,1000
eci,-9.319985041547534,35.68001495845247,1000
qvh,-40.711823064006666,22.288176935993334,1000
ylh,-91.75170344822335,52.24829655177665,1000
agj,-10.720448248946996,49.279551751053006,1000
xzh,-45.09534970666755,90.90465029333245,1000
zwk,-97.76397091343428,91.23602908656572,1000
ahl,-13.324378591875007,50.675621408125,1000
men,-59.5309486187804,0.4690513812195979,1000
phb,-83.65663974017124,3.3433602598287515,1000
xdh,-7.394051428949124,17.605948571050874,1000
atp,-46.864423508841774,35.135576491158226,1000
zsq,-15.434224354282266,47.565775645717736,1000
ucg,-91.78837352089006,19.211626479109942,1000
cqe,-26.362741973751294,37.6372580262487,1000
btl,-8.945947262558883,34.05405273744112,1000
htb,0.25788731330832493,75.25788731330833,1000
luh,-54.21803802482678,16.78196197517322,1000
mma,-55.78156203257116,55.21843796742884,1000
opc,-74.33948192488461,66.66051807511539,1000
rvd,-97.36785751833776,64.63214248166224,1000
ohy,-69.29376911982675,35.70623088017325,1000
obf,-21.629387031806587,43.37061296819341,1000
anq,-95.55717817761673,35.442821822383266,1000
whx,0.6908949378543142,43.69089493785432,1000
tqs,-56.542760948196346,28.457239051803654,1000
unz,-70.66130447083692,18.338695529163076,1000
xjr,-36.00144512114109,23.998554878858915,1000
ksy,-89.91197672918916,57.088023270810844,1000
yih,-79.40729632947658,1.592703670523425,1000
kry,-33.58663819282515,61.41336180717485,1000
kxk,-61.49097911160574,19.509020888394257,1000
sso,-4.787549714717095,3.2124502852829053,1000
xhi,-73.74707312327966,90.25292687672034,1000
khd,-75.94481642736905,0.05518357263094609,1000
szz,-97.98160702607608,97.01839297392392,1000
qtq,-95.68858938438497,29.311410615615035,1000
use,-69.68750587519853,73.31249412480147,1000
rin,-66.30120860038532,50.69879139961468,1000
hlw,-60.926179904971534,31.073820095028466,1000
bio,-69.43306451587695,18.566935484123054,1000
bsb,-27.09388931986473,39.90611068013527,1000
gkt,-91.45775307192169,98.54224692807831,1000
ylr,-94.827207533606,24.172792466394,1000
oms,-47.6729183493268,63.3270816506732,1000
zkv,-3.47842601673275,93.52157398326725,1000
fzs,-57.230502238517914,80.76949776148209,1000
man,-50.35818571433364,95.64181428566636,1000
hyc,-33.47462630320027,93.52537369679973,1000
enw,-9.991682666924609,84.0083173330754,1000
lxg,-94.23506377908261,12.764936220917393,1000
qjm,-29.72390160120547,20.27609839879453,1000
pqa,-45.48139903105822,31.518600968941783,1000
smu,-91.8704574637205,1.1295425362795046,1000
mgo,-11.100182220842179,74.89981777915783,1000
kfy,-22.811724346425965,46.18827565357403,1000
vfh,-25.997349055126154,14.002650944873844,1000
xxg,-5.073980620088291,92.92601937991171,1000
edc,-61.68632497851412,97.31367502148588,1000
rpw,-54.83010978353819,20.169890216461813,1000
epc,-34.88855237726198,28.111447622738023,1000
xpv,-26.682338731034637,14.317661268965363,1000
glw,-79.25409889999074,46.745901100009256,1000
vvc,-91.12283693606443,98.87716306393557,1000
tik,-65.52731102276945,27.472688977230543,1000
fiy,-31.933048228147978,10.066951771852024,1000
wog,-52.63323670360328,0.36676329639672256,1000
czr,-84.09996972722809,55.900030272771914,1000
eqz,-81.20964421774045,61.790355782259546,1000
ujh,-23.76562788288951,59.23437211711049,1000
wue,-46.4260742374631,34.5739257625369,1000
agh,-75.83509236214192,46.164907637858086,1000
jhj,-77.03049848202308,51.96950151797692,1000
htd,-65.96262566594126,93.03737433405874,1000
wnf,-34.82849547295852,2.171504527041477,1000
tvz,-4.748598396890782,3.251401603109218,1000
kwk,-35.798227681832415,39.201772318167585,1000
duq,-86.69142543543818,85.30857456456182,1000
vrx,-54.93060381699228,69.06939618300771,1000
yly,-94.02563662826724,81.97436337173276,1000
zav,-97.5464326436746,25.453567356325397,1000
lby,-83.4596415128558,63.540358487144196,1000
ugp,-58.516108906801584,60.483891093198416,1000
azn,-58.68368263411266,32.31631736588734,1000
oay,-51.50191580646404,22.498084193535956,1000
wol,-1.1602774993621328,52.83972250063787,1000
amf,0.8469822615358442,68.84698226153584,1000
fca,-32.60464360814301,58.39535639185699,1000
gtd,-18.095147633614978,20.904852366385022,1000
uki,-15.267485750839743,24.732514249160257,1000
lnp,-61.87849830808077,50.12150169191923,1000
tvy,-56.894012336531276,28.105987663468724,1000
ntz,-69.6474696794686,38.3525303205314,1000
lka,-91.23437862854725,36.76562137145275,1000
pbu,-19.156511319248217,58.84348868075178,1000
yhi,-30.38626054041993,58.61373945958007,1000
aqf,-66.81854025154598,1.1814597484540201,1000
cdi,-83.05343161951367,78.94656838048633,1000
jls,-78.61270475757505,76.38729524242495,1000
usu,-12.384872621837019,90.61512737816298,1000
wxg,-24.162341455717087,91.83765854428292,1000
kco,-81.09394718371303,95.90605281628697,1000
lkk,-76.2712278189214,54.72877218107859,1000
lov,-33.13959839868145,62.86040160131855,1000
spj,-60.76501371324102,34.23498628675898,1000
kbj,-45.9026517140438,30.0973482859562,1000
puk,-77.74384494077782,62.25615505922219,1000
xyd,-47.78904617742566,45.21095382257434,1000
ebg,-71.93004982125693,17.069950178743067,1000
uac,-95.53164567197621,84.46835432802379,1000
dwk,-32.2409576536401,32.7590423463599,1000
rzs,-85.7687241173329,43.23127588266711,1000
pel,-82.17936471693893,47.820635283061065,1000
cvm,-52.895930951257306,67.1040690487427,1000
vmy,-74.22425307227718,76.77574692772282,1000
gnm,-29.71433050724873,91.28566949275127,1000
nrp,-91.5576746128352,28.442325387164793,1000
tvx,-95.36488785942603,73.63511214057397,1000
vgy,-86.73869827631614,94.26130172368386,1000
cdj,-65.40552339069444,40.59447660930555,1000
fvl,-54.570851913361246,32.429148086638754,1000
dtg,-47.46786645106899,7.53213354893101,1000
kiv,-22.571991501633423,94.42800849836658,1000
psj,-69.4796654392584,41.5203345607416,1000
jrv,-93.9581686093886,98.0418313906114,1000
epr,-26.36157068438728,52.63842931561272,1000
emi,-37.10911936235285,83.89088063764714,1000
bhn,-20.878682784810344,21.121317215189656,1000
npw,-45.16541290395594,70.83458709604406,1000
fyx,-21.189041303017486,64.81095869698251,1000
tka,-67.76357064840194,31.236429351598066,1000
leb,-69.97840339737546,59.02159660262455,1000
vqv,-45.38774735879174,95.61225264120826,1000
uob,-23.600514193758425,29.399485806241575,1000
mcg,-84.74810764556112,59.25189235443889,1000
uko,-46.212022935359876,94.78797706464013,1000
xsf,-56.8125677585694,32.1874322414306,1000
npd,-53.9302788409635,80.0697211590365,1000
bct,-73.93141569177959,50.06858430822041,1000
ktk,-10.521746650160575,74.47825334983942,1000
ukv,-56.90890081522651,69.09109918477348,1000
vsl,-80.68857041997138,0.3114295800286172,1000
thl,-74.8528463605902,61.147153639409794,1000
mvx,-73.70838966679494,47.29161033320506,1000
xtt,-34.986478336538475,54.013521663461525,1000
gto,-1.8889660809156248,67.11103391908438,1000
tcx,-35.273558248558864,19.726441751441133,1000
wyb,-20.430522788047732,75.56947721195228,1000
xbb,-16.749957308926383,72.25004269107362,1000
yha,-59.797913134121984,56.202086865878016,1000
llh,-63.8103367334743,21.189663266525695,1000
jzd,-24.110728644899655,46.88927135510035,1000
djw,-32.42255711055349,14.57744288944651,1000
uca,-69.71069995808519,20.28930004191482,1000
gby,-67.16400144023122,69.83599855976878,1000
vem,-33.98008035219397,14.01991964780603,1000
oaa,-63.69388533970566,8.306114660294345,1000
esf,-11.400620708669305,19.599379291330695,1000
mhx,-18.73282209893616,20.26717790106384,1000
svi,-30.016841518202558,56.983158481797446,1000
lxc,-63.3539916286068,41.6460083713932,1000
kwd,-26.59732641903279,52.40267358096721,1000
jjw,-50.62465515352587,78.37534484647414,1000
kwy,-29.939666446230756,23.060333553769244,1000
juf,-28.186319039805852,55.81368096019415,1000
jkq,-65.53855730734207,49.461442692657926,1000
yul,-19.535570544482297,73.4644294555177,1000
cwy,-31.788835272147626,12.211164727852372,1000
aeu,-71.91301698402579,26.086983015974216,1000
oue,-3.744972495043242,7.255027504956758,1000
jto,-87.69349811193386,96.30650188806614,1000
hnk,-40.19287994855781,67.8071200514422,1000
qws,-27.835899363479697,59.1641006365203,1000
jat,-84.97601282863157,8.023987171368427,1000
mcd,-89.06084650295126,56.939153497048736,1000
wuy,-20.24691809387581,77.7530819061242,1000
rum,-85.15383184009755,48.84616815990244,1000
dlk,-21.143035478455865,69.85696452154413,1000
zxv,-66.1807061678655,69.8192938321345,1000
bwu,-12.852467364554881,86.14753263544512,1000
cjx,-30.452265918333413,30.547734081666587,1000
kkc,-41.102835169938054,2.897164830061948,1000
ack,-42.75795793857901,68.24204206142099,1000
whh,-49.383853080505766,37.616146919494234,1000
nfd,-95.45105779533904,12.548942204660966,1000
qju,-38.31680902059858,95.68319097940142,1000
ymm,-57.44437915308108,81.55562084691891,1000
qcu,-83.84356292431002,19.156437075689986,1000
soo,-1.0277511006459714,7.972248899354029,1000
kie,-78.65980799129564,32.34019200870436,1000
ahm,-88.95831240358063,36.041687596419365,1000
wqh,-53.17730583732713,28.82269416267287,1000
twp,-69.65393461465003,36.346065385349974,1000
mqe,-12.280324388043844,77.71967561195615,1000
gcz,-66.28810500147463,57.71189499852537,1000
sun,-8.021976283624843,64.97802371637516,1000
yfo,-39.05771380142332,71.94228619857668,1000
qov,-56.01196281307101,75.98803718692899,1000
vjw,-78.0594867505188,94.9405132494812,1000
euc,-44.59139560632125,41.40860439367875,1000
zxy,-40.89193148868882,53.10806851131118,1000
djx,-13.648588615334782,41.35141138466522,1000
blc,-44.86819114966671,67.1318088503333,1000
iev,-1.7397848713920927,77.26021512860791,1000
rfl,-91.78420256647566,18.215797433524344,1000
qco,-42.88689985155395,70.11310014844605,1000
qad,-85.10766369349862,92.89233630650138,1000
tpy,-49.70347164837451,59.29652835162549,1000
ixo,-63.908368239127164,89.09163176087284,1000
tkw,-81.00094585668322,90.99905414331678,1000
zrz,-57.75882612154492,73.24117387845509,1000
zfy,-36.36015656556995,55.63984343443005,1000
yfy,-18.070050638066764,9.929949361933236,1000
gvx,-27.039244883939453,7.960755116060547,1000
cga,-95.67567136075625,28.324328639243745,1000
dgx,-32.12889517548248,35.87110482451752,1000
bbt,-61.62917813788618,90.37082186211381,1000
wsm,-92.5163290391778,67.4836709608222,1000
lpc,-42.27590471880089,22.724095281199112,1000
pdz,-24.75928285629021,61.24071714370979,1000
svh,-61.26210638460959,71.7378936153904,1000
swk,-6.7189353283379,85.2810646716621,1000
ssm,-15.15083076281195,4.8491692371880495,1000
ljq,-85.30581490864844,76.69418509135156,1000
fdz,-68.23879634164368,0.7612036583563225,1000
foq,-12.510601969690816,26.489398030309182,1000
ovm,-34.825381001534105,28.174618998465892,1000
fyw,-80.6265402867545,80.3734597132455,1000
kbj,-46.61320444706929,50.38679555293071,1000
cca,-94.59149297720141,37.408507022798595,1000
gss,-12.263569431130648,63.73643056886935,1000
hpk,-3.036932083726314,71.96306791627369,1000
wlz,-35.359578641095545,68.64042135890445,1000
ljo,-81.34062487320166,32.65937512679834,1000
xlf,-67.6534439425519,86.3465560574481,1000
bvh,-16.470118221185835,93.52988177881416,1000
ftp,-60.70394964831901,3.296050351680993,1000
dpi,-95.62813333579543,39.37186666420457,1000
gbm,-32.42677429288815,75.57322570711185,1000
mel,-30.07384694984832,75.92615305015168,1000
ija,-70.01546028841899,86.98453971158101,1000
egf,-82.28720526343666,16.712794736563342,1000
aah,-70.55929756303827,79.44070243696173,1000
njp,-58.115084633365605,50.884915366634395,1000
dar,-13.82464574929894,11.17535425070106,1000
bbp,-36.484059528761634,46.515940471238366,1000
liu,-50.24929620045422,8.750703799545784,1000
lqa,-87.6638500752759,15.336149924724092,1000
cnb,-44.20287095619039,7.797129043809609,1000
ojh,-27.63945970072388,85.36054029927612,1000
zuh,-5.083194574113165,19.916805425886835,1000
xms,-59.30338479254215,71.69661520745785,1000
few,-7.008908436856821,28.99109156314318,1000
qcl,-91.00165540943102,83.99834459056898,1000
aci,-97.03316515312262,90.96683484687738,1000
wmk,-2.7464859678335025,26.253514032166496,1000
gqp,-32.920544139513645,97.07945586048635,1000
uua,-39.463328450117295,32.536671549882705,1000
ypv,-32.313480014968704,77.6865199850313,1000
yhn,-82.7011829983496,30.298817001650413,1000
qhn,-43.25006381462187,42.74993618537813,1000
ehk,-84.67104616698353,46.32895383301646,1000
dtl,-3.4347676270357246,65.56523237296427,1000
bda,-77.11423774545827,63.88576225454174,1000
mwr,-11.397527809776335,34.602472190223665,1000
kph,-67.17542594287333,24.82457405712666,1000
bwd,-79.71874863622811,7.281251363771884,1000
bfb,-72.79157192225382,63.20842807774617,1000
ald,-26.32346868847814,62.676531311521856,1000
zei,-83.42980894128682,45.570191058713185,1000
sme,-27.977866199088485,44.02213380091152,1000
fcv,-47.374706412732934,52.625293587267066,1000
rjv,-31.044811586313042,19.955188413686958,1000
yvc,-71.88095493516566,62.119045064834346,1000
smc,-2.5210196137350813,67.47898038626492,1000
iad,-73.7433619654388,69.2566380345612,1000
onf,-12.221511946919795,92.77848805308021,1000
dmn,-48.347132250062735,11.652867749937261,1000
kcq,-64.61838977004179,11.381610229958213,1000
zlf,-19.012074853889917,57.987925146110086,1000
pio,-16.433845538449805,40.5661544615502,1000
zck,-60.10464943398839,28.895350566011608,1000
eoy,-67.05126005311757,28.948739946882423,1000
gou,-8.652456750332695,77.34754324966731,1000
odv,-72.28887416068017,30.711125839319834,1000
omq,-11.577147449625702,26.422852550374298,1000
utx,-50.49093907546476,80.50906092453523,1000
rmy,-37.14142041238045,17.858579587619552,1000
wfn,-51.243270504118456,78.75672949588154,1000
rgz,-52.97854380656525,13.02145619343475,1000
zxn,-95.70136888062488,84.29863111937512,1000
lxp,-7.170480943756412,77.82951905624358,1000
rxp,-11.873387023902998,60.126612976097,1000
oct,-50.56428198070402,7.435718019295985,1000
wga,-88.6937878396326,55.3062121603674,1000
qmi,-97.72686047403346,1.2731395259665388,1000
rlg,-23.559588284102293,72.44041171589771,1000
bsi,-28.6947684402002,77.30523155979981,1000
nta,-32.24639536576247,28.753604634237533,1000
rwy,-1.5973736474836726,2.4026263525163274,1000
