blv,-36.01859734727224,9.981402652727763,100
taj,-7.378821830320567,18.621178169679432,100
sgp,-77.321629649069,49.678370350931004,100
azk,-55.46896388690058,8.53103611309942,100
rjd,-71.24963813592817,31.750361864071838,100
nzi,-82.8054130158109,54.19458698418911,100
sas,-9.243195248419818,43.756804751580184,100
dba,-63.198935077015705,28.8010649229843,100
gte,-4.421302926149301,91.5786970738507,100
orv,-54.84966075915144,22.150339240848563,100
cko,-66.1845563543825,14.815443645617503,100
ibr,-14.38910941081716,1.6108905891828402,100
wgn,-54.444885653723375,62.555114346276625,100
lxa,-34.57510454594008,11.424895454059923,100
iax,-80.06502055436194,13.934979445638056,100
ntz,-40.27438428848857,80.72561571151142,100
uxv,-79.44346790683265,87.55653209316735,100
uya,-94.48705608812139,16.512943911878608,100
hvz,-42.391506380953125,11.608493619046873,100
ell,-41.03588658714658,80.96411341285342,100
ryr,-95.43108096218934,54.568919037810666,100
kym,-62.35788479444478,19.64211520555522,100
jgh,-74.76530609552427,84.23469390447573,100
bcy,-70.00123589385623,1.998764106143771,100
vkx,-68.56000096634868,82.43999903365132,100
uzq,-66.3752180253752,78.6247819746248,100
rks,-14.639866641828812,47.36013335817119,100
hgf,-18.61339409859149,3.386605901408512,100
ggf,-42.34936693665041,9.65063306334959,100
jbt,-92.64924724612753,44.35075275387247,100
sip,-64.81151934491366,57.188480655086344,100
oge,-93.29845282975708,11.701547170242916,100
fef,-63.63522770846732,24.364772291532677,100
ycj,-20.191356497635255,51.808643502364745,100
qmr,-41.68629071666047,51.31370928333953,100
gjq,-3.4488033742865207,88.55119662571347,100
vas,-48.679912930810765,8.320087069189238,100
npj,-42.87158703287552,89.12841296712449,100
bmc,-63.50626485075332,88.49373514924667,100
qjf,-65.40796714754909,37.59203285245092,100
zyl,-75.22855226185071,65.77144773814929,100
oem,-33.94488633272543,98.05511366727457,100
dxy,-85.76333398790118,6.2366660120988175,100
isz,-30.509660003793527,53.49033999620647,100
edn,-26.998865534339366,3.001134465660635,100
swx,-21.197814525664125,37.80218547433588,100
nvd,-2.2387817942170125,2.7612182057829875,100
bxu,-72.03458817093272,24.965411829067275,100
ocs,-18.800836297941096,67.1991637020589,100
xkt,-76.63264146452369,1.3673585354763178,100
rqz,-88.86598043904911,10.134019560950893,100
gcz,-3.226874560821771,75.77312543917823,100
nzp,-33.134228632059845,83.86577136794016,100
dcw,-49.327366403573905,3.672633596426094,100
bol,-8.161666680072141,6.838333319927859,100
ftn,-56.26338327983355,52.73661672016645,100
nuw,-20.87597412003231,25.12402587996769,100
ken,-57.124618308768945,57.875381691231055,100
ogh,-31.648827796969755,30.351172203030245,100
gly,-6.835708013668427,83.16429198633158,100
hnb,-23.201096588658903,75.7989034113411,100
fue,-11.700880990371038,52.29911900962896,100
ksb,-8.219594510785498,15.780405489214502,100
qzf,-68.81153702553296,19.18846297446704,100
hbg,-84.52724330555715,25.472756694442847,100
pyn,-45.7130989398732,1.2869010601267998,100
end,-29.439560637021497,82.5604393629785,100
agq,-91.26647887337329,26.733521126626712,100
bem,-73.2428843125537,38.7571156874463,100
rpn,-36.032641092251836,88.96735890774816,100
bjw,-2.373533420186771,88.62646657981323,100
bog,-91.30370519340617,81.69629480659383,100
rma,-29.670889671036758,39.32911032896324,100
ane,-42.64503602372392,72.35496397627608,100
lms,-13.275855633092696,52.7241443669073,100
cvp,-83.8962115006234,24.103788499376606,100
xxk,-26.25310681148177,11.746893188518227,100
aya,-42.669588570973545,56.330411429026455,100
ejg,-30.49651710661458,98.50348289338542,100
eza,-49.64905895246942,23.350941047530583,100
lda,-27.931370791106392,75.06862920889361,100
ugl,-88.32489522612536,31.675104773874637,100
vka,-22.77740263209135,47.22259736790865,100
wnu,-5.164992645626433,30.835007354373566,100
twn,-34.815431721941856,48.184568278058144,100
ynw,-92.49573572360215,20.50426427639785,100
kzc,-76.88204146857917,34.11795853142082,100
tgr,-16.891643356790365,47.10835664320963,100
cgd,-17.887776650386293,13.112223349613709,100
vgo,-31.81602219543747,76.18397780456253,100
uhw,-77.1283743267796,21.87162567322039,100
oke,-73.50104355950577,12.498956440494226,100
gcl,-45.12809116586191,87.87190883413808,100
bkd,-66.88456453613614,57.11543546386386,100
vcm,-88.19718155594698,78.80281844405302,100
uqm,-83.85681116583507,35.143188834164924,100
ubv,-33.97304070981243,4.026959290187571,100
fiy,-13.920036702772789,36.07996329722721,100
xfy,-66.97876455583969,87.02123544416031,100
gnb,-37.56761075826961,55.43238924173039,100
fzn,-4.774144089637999,7.225855910362001,100
ghg,-52.574603579731395,28.425396420268605,100
hga,-19.808831225248923,86.19116877475108,100
mnf,-4.334178128209466,30.665821871790534,100
dnt,-57.55706587616265,88.44293412383735,100
zmg,-22.051683721563442,86.94831627843656,100
oit,-43.52607086201245,72.47392913798754,100
dlm,-19.110594774426463,30.889405225573537,100
ubr,-21.952701180309198,17.047298819690802,100
nxo,-10.08592665031683,63.91407334968317,100
juo,-56.91575646351011,44.08424353648989,100
cfb,-37.48465619530221,16.51534380469779,100
mlt,-40.87382001299816,97.12617998700183,100
ouy,-26.880270479010466,62.11972952098954,100
dku,-66.17199848885934,52.82800151114065,100
ujo,-6.9267311077012925,71.07326889229871,100
drx,-80.68104463566212,90.31895536433788,100
vah,-55.047021078531834,30.952978921468162,100
nfb,-36.78885450055523,71.21114549944477,100
spt,-43.965572622643435,14.034427377356565,100
gxf,-46.810115408632846,12.189884591367157,100
aem,-68.91392559916036,25.086074400839635,100
ojy,-80.97345653093765,78.02654346906235,100
igt,-19.744619922957316,46.25538007704268,100
why,-26.03552336846898,72.96447663153103,100
gqq,-2.911627338280199,2.088372661719801,100
rpg,-44.04559181699577,76.95440818300423,100
mam,-90.19513452944187,23.804865470558127,100
bzo,-30.011614547224656,77.98838545277535,100
ngt,-82.84516479376822,65.15483520623178,100
nzm,-68.12599593303851,3.874004066961496,100
wtz,-97.82494952923997,51.17505047076002,100
bex,-62.84300031549365,9.156999684506351,100
mgs,-40.40529555807585,2.594704441924148,100
fmn,-64.544427106653,3.455572893346998,100
yls,-91.14201139357662,30.857988606423376,100
ecs,-16.053696710079873,7.9463032899201265,100
ycm,-89.12838267979411,41.87161732020589,100
tvk,-3.9804354122113583,11.019564587788642,100
ykc,-21.009256318408195,81.99074368159181,100
ioy,-71.17008625319227,52.829913746807726,100
kwi,-12.182737906275621,98.81726209372438,100
avd,-49.047085262394866,42.952914737605134,100
oss,-56.793362273243474,27.20663772675653,100
owj,-83.665054475775,76.334945524225,100
yvt,-17.382487427927554,22.617512572072446,100
jur,-92.30487394896385,78.69512605103615,100
tup,-30.130679593710955,69.86932040628905,100
sjn,-3.1259263532731967,89.8740736467268,100
kug,-29.23181627619886,6.768183723801139,100
gey,-56.569060143166034,18.430939856833962,100
ypl,-88.06485941694466,50.935140583055336,100
udx,-10.627035870393437,94.37296412960656,100
cdf,-25.671834898266887,12.328165101733111,100
osy,-85.55021757236683,75.44978242763317,100
yne,-91.61188758556855,88.38811241443145,100
kdv,-19.920760249579317,44.07923975042068,100
xvt,-86.32900957119969,74.67099042880031,100
ebn,-8.829325358661075,24.170674641338927,100
eii,-4.7954424356603065,12.204557564339693,100
ixp,-81.7625591019259,59.2374408980741,100
rwr,-68.33393611298324,52.66606388701676,100
gps,-46.88084837824959,21.11915162175041,100
rlc,-6.727256371170138,19.27274362882986,100
luo,-7.075168313771541,11.924831686228458,100
ygh,-64.91943090262075,36.08056909737925,100
lhs,-89.17768443713494,92.82231556286506,100
dcf,-70.06356571664992,29.93643428335008,100
qjy,-53.465994066725465,13.534005933274535,100
gqj,-53.28865954369106,20.711340456308935,100
fqg,-84.8568690725416,16.1431309274584,100
ccd,-86.28409391786536,19.715906082134644,100
vyk,-23.502656604254827,41.497343395745176,100
aak,-75.86986583052953,12.130134169470459,100
grg,-89.48881526943111,39.51118473056889,100
nxw,-50.41613440788769,19.583865592112307,100
xxb,-50.761617015197274,23.23838298480273,100
zzw,-69.64411914516832,96.35588085483168,100
acm,-5.45712888322094,92.54287111677905,100
znq,-92.72598579548362,95.27401420451638,100
stg,-68.6875138670923,16.3124861329077,100
uod,-81.00811150258892,70.99188849741108,100
dta,-68.14108433009238,74.85891566990762,100
pye,-75.73484069402267,73.26515930597733,100
wwc,-72.06718367623122,16.932816323768776,100
cha,-42.403122168498655,26.596877831501345,100
nth,-22.630564876461662,31.369435123538338,100
bpl,-53.6321884386207,45.3678115613793,100
cep,-19.58372468065116,67.41627531934884,100
nro,-70.13876130044558,50.86123869955442,100
wtd,-12.856723616044604,18.143276383955396,100
ihm,-27.794109129472165,26.205890870527835,100
bxv,-35.574266002908765,69.42573399709123,100
ala,-73.83216777095757,50.16783222904243,100
zfc,-19.00216825751976,77.99783174248024,100
pgo,-58.226990931415514,87.77300906858449,100
wsg,-89.94917200102657,36.05082799897343,100
xfn,-61.211562464596646,64.78843753540336,100
tco,-18.462930466951207,3.5370695330487942,100
dzk,-58.541993315658736,68.45800668434127,100
icy,-55.96434186177718,37.03565813822282,100
duk,-85.11813217727793,77.88186782272207,100
xxp,-96.8728403405835,12.127159659416504,100
mpl,-47.2421860871871,69.75781391281289,100
tfq,-81.40437467459245,44.59562532540755,100
khj,-75.19271746641499,63.80728253358501,100
wch,-9.193459779809356,41.80654022019064,100
sps,-61.31487382216059,42.68512617783941,100
nxq,-58.964568280942025,43.035431719057975,100
nry,-17.088973807695524,75.91102619230448,100
yal,-72.4166467547959,4.583353245204099,100
efc,-17.73943339646839,40.26056660353161,100
saj,-30.439146686952945,61.560853313047055,100
ymz,-43.73587290826852,79.26412709173148,100
rou,-37.45005938945861,74.54994061054138,100
ebx,-66.48937825971582,32.51062174028418,100
nky,-33.27203349668623,4.727966503313773,100
ikj,-11.777397692321944,28.222602307678056,100
sln,-61.86387146158564,81.13612853841435,100
nsi,-4.042276562085341,2.9577234379146584,100
aff,-46.37776207929689,24.622237920703103,100
ixi,-95.51416188278013,53.48583811721987,100
wqz,-2.139868893720117,26.860131106279884,100
kkq,-81.15790578793779,70.84209421206221,100
qzw,-55.13112179301877,55.86887820698123,100
thb,-83.08947303929736,51.91052696070265,100
zpu,-12.092395410057568,51.90760458994243,100
rjd,-72.4318152300384,57.56818476996161,100
txi,-28.556225634221644,88.44377436577835,100
fee,-6.637760123619087,16.362239876380915,100
bgo,-36.673811314219655,65.32618868578035,100
zkw,-23.158190806578776,64.84180919342123,100
doa,-38.95725565471451,29.042744345285495,100
xkh,-40.78840317253257,46.21159682746743,100
air,-9.742719349169219,15.257280650830781,100
xvb,-75.24239382417325,35.75760617582675,100
yaq,-76.01383630097337,31.98616369902664,100
fzd,-95.29811241252642,59.701887587473585,100
tir,-39.2550616920552,96.74493830794479,100
wol,-75.36157100022987,19.638428999770134,100
ycz,-30.66741441368294,16.33258558631706,100
qoe,-51.560272181057,19.439727818943002,100
qrq,-15.552527393092953,85.44747260690704,100
xei,-46.71657133857391,75.2834286614261,100
mvm,-2.2052032368809646,25.794796763119034,100
iuk,-21.190174453077937,89.80982554692206,100
nqe,-43.08715903112514,97.91284096887486,100
num,-3.7921056719356487,10.20789432806435,100
zro,-60.18382090106437,61.81617909893563,100
ofz,-90.02463658957198,52.975363410428024,100
vqu,-46.00613990042282,92.99386009957718,100
awj,-97.15002906945612,30.849970930543876,100
lwa,-48.398342725415084,19.601657274584916,100
mvt,-21.53180873213745,87.46819126786255,100
zdr,-65.40841217704384,44.59158782295616,100
lcx,-48.39972232619008,67.60027767380993,100
erp,-76.81763509438021,72.18236490561979,100
jbd,-30.901738695873362,33.09826130412664,100
cxx,-58.21208378600896,59.78791621399104,100
pvu,-93.59636959314597,27.403630406854035,100
ddg,-21.91722676552877,94.08277323447123,100
mnh,-33.39444538580898,70.60555461419102,100
gdj,-29.06502378613436,96.93497621386564,100
xhe,-54.13206099927322,4.867939000726778,100
rvl,-43.19301440057348,89.80698559942653,100
gfo,-50.56339423487117,77.43660576512883,100
xll,-14.51595990495851,3.4840400950414905,100
gzq,-56.842983789768326,86.15701621023167,100
diu,-71.87458558820788,71.12541441179212,100
qpz,-92.94982437349177,62.050175626508235,100
omw,-60.58589280075628,0.41410719924372075,100
rqr,-91.3763138115467,31.623686188453306,100
mod,-23.332394187842336,54.66760581215767,100
rwp,-67.3097028670081,7.690297132991901,100
vdc,-44.00638158803992,4.993618411960076,100
ros,-91.99109503864867,89.00890496135133,100
kce,-33.23802411238909,75.7619758876109,100
vss,-65.03380738579982,72.96619261420018,100
jzt,-88.72324304592243,34.27675695407758,100
lfe,-76.63435774498099,88.36564225501901,100
ssb,-46.354147973632536,6.6458520263674625,100
hql,-25.90406497001967,19.09593502998033,100
ezs,-69.54429325964979,97.45570674035021,100
raw,-49.45352594009741,80.5464740599026,100
oea,-3.640000465387892,73.35999953461211,100
mmq,-1.2742497642401072,82.72575023575989,100
exz,-30.029295523610383,7.970704476389617,100
fpe,-48.91653766194561,41.08346233805439,100
liw,-76.46873076357798,59.53126923642203,100
ysk,-4.480684486804479,39.51931551319552,100
vbl,-27.81069202814193,23.18930797185807,100
ncs,-85.08074265696139,54.91925734303861,100
ckk,-61.98914672500213,57.01085327499787,100
kkb,-45.87923655252098,69.12076344747902,100
qqb,-49.75496281725832,82.24503718274168,100
jyt,-65.2934859134061,39.70651408659389,100
opj,-32.57487228236583,28.42512771763417,100
qnk,-32.42025092996016,3.57974907003984,100
ftu,-17.7547822485155,18.2452177514845,100
hvo,-92.39172368917595,74.60827631082405,100
qck,-23.325610405403054,54.674389594596946,100
nvu,-7.303140563366491,84.6968594366335,100
moy,-47.58215007536994,45.41784992463006,100
tbz,-82.41845113376901,77.58154886623099,100
gcz,-19.564676743524892,37.43532325647511,100
wkp,-22.300980181512823,55.69901981848717,100
pot,-31.759094590448797,52.2409054095512,100
egw,-93.39537210273599,94.60462789726401,100
fge,-65.6114999690255,55.388500030974505,100
yhr,-30.889602136205667,72.11039786379433,100
bpj,-2.0018215312633174,51.99817846873668,100
voz,-20.394297956756734,44.60570204324327,100
uqt,-42.97546511387843,30.024534886121575,100
yrd,-10.469636972814646,58.53036302718535,100
hyz,-96.75939000029311,5.240609999706888,100
lvm,-76.13068281755993,77.86931718244007,100
oqr,-63.57540176562587,57.42459823437413,100
bfe,-29.799915194880914,21.200084805119086,100
pnl,-70.23021706164835,30.769782938351646,100
iwz,-75.25602041023855,48.74397958976146,100
mwo,-72.23919787125037,81.76080212874963,100
gjh,-84.93035205561614,72.06964794438386,100
eim,-54.04521185707011,62.95478814292989,100
tcj,-67.35187035737614,25.648129642623854,100
hfn,-83.7982380506427,55.20176194935731,100
awa,-97.45240193206784,12.54759806793216,100
rjt,-14.12670296569123,97.87329703430876,100
tmx,-73.57812631227276,10.421873687727242,100
icr,-91.55979107103035,82.44020892896965,100
dsy,-64.28033971303147,39.71966028696854,100
vsk,-26.98574749284938,54.01425250715062,100
twb,-24.21802236746391,66.7819776325361,100
blf,-82.33838439230247,14.661615607697522,100
wzi,-77.43416754527186,11.565832454728136,100
dsg,-72.69902609577247,60.30097390422753,100
hih,-13.963360933359889,91.0366390666401,100
ste,-71.86381275715364,33.13618724284637,100
vev,-54.36763201040453,30.63236798959547,100
mng,-31.806369248429448,32.19363075157055,100
jsx,-18.49156041503802,57.50843958496198,100
peg,-21.77899548128513,7.221004518714872,100
ela,-16.777774653702203,75.22222534629779,100
jdy,-61.06929401118082,56.93070598881918,100
pnx,0.9319009182003102,15.93190091820031,100
xxw,-89.71432234935965,34.28567765064035,100
nlt,-55.36606091001757,76.63393908998242,100
kub,-75.86634249862493,27.133657501375072,100
ghs,-96.59614463009365,90.40385536990635,100
pis,-4.51036523359644,70.48963476640355,100
vje,-87.47159864677118,25.52840135322881,100
uyr,-32.73694823796959,21.263051762030408,100
xoh,-95.11477299744367,51.88522700255633,100
mtr,-27.968582976938382,80.03141702306162,100
ikm,-44.026313572711565,91.97368642728843,100
dgt,-80.37070484812169,31.629295151878313,100
uxr,-72.03171933870478,14.96828066129522,100
jls,-42.79946804450591,72.20053195549409,100
oxc,-35.04289488735459,47.95710511264541,100
ybk,-79.62603694882922,55.373963051170776,100
rvi,-49.23367022305283,32.76632977694717,100
dib,-62.15911272641831,50.84088727358169,100
szv,-7.458516429964718,40.54148357003528,100
hui,-86.74018071379467,8.259819286205323,100
kfg,-10.2059381652187,76.7940618347813,100
lyn,-73.54077710151483,98.45922289848517,100
kxn,-22.982622152668306,1.0173778473316961,100
axd,-51.2026157654654,72.79738423453459,100
qhj,-29.876043471116756,13.123956528883246,100
vjb,-48.91800524754714,51.08199475245286,100
pli,-61.89967902480932,27.10032097519068,100
ikw,-77.10816211390036,46.89183788609964,100
gtt,-5.080371623173915,10.919628376826084,100
dpa,-0.024410186934499034,72.9755898130655,100
udb,-86.97620132944922,92.02379867055078,100
vph,-71.58100915217409,45.41899084782591,100
wmj,-89.99087791525365,56.009122084746345,100
hxk,-31.487189694060497,51.5128103059395,100
cyy,-30.601959795253386,3.3980402047466143,100
dnd,-80.5275683459004,69.4724316540996,100
zpd,-88.70109227058026,58.29890772941974,100
lng,-89.6441497011328,70.3558502988672,100
vqy,-1.5000405097601583,37.49995949023984,100
ueq,-32.85776526300587,72.14223473699414,100
jie,-56.32854863394434,51.67145136605566,100
fwm,-16.385981817085327,14.614018182914675,100
kkk,-72.41139168155959,20.5886083184404,100
vno,-86.25646304321201,93.74353695678799,100
wdv,-65.51727678764803,95.48272321235197,100
apr,-50.70114431424349,73.29885568575651,100
jwn,-11.404679357257878,37.595320642742124,100
nie,-30.818059885660556,14.181940114339442,100
qwg,-34.183245014664806,90.8167549853352,100
olw,-86.07810625815155,32.92189374184846,100
ikg,-33.7161436171217,15.2838563828783,100
nau,-90.93132724788808,58.06867275211192,100
mzd,-31.363441839469456,76.63655816053054,100
sdh,-55.784941369548704,54.215058630451296,100
ykr,-77.01554699074408,42.984453009255915,100
rmj,-78.46758428569163,0.5324157143083673,100
zzp,-74.10920478120087,53.89079521879912,100
zdl,-44.9206077311955,51.0793922688045,100
ddm,-90.34163727835988,64.65836272164012,100
ofn,-47.568993443589534,6.431006556410467,100
pvq,-62.54389101090642,29.456108989093583,100
pzs,-57.94048570059075,93.05951429940924,100
iar,-21.25436351267785,59.74563648732215,100
fhj,-40.09334441702601,92.90665558297398,100
wpt,-25.7087474020085,39.2912525979915,100
tqu,-78.93151581843931,10.068484181560684,100
djd,-2.8247004528913378,71.17529954710866,100
etj,-50.13581229449524,82.86418770550476,100
fdg,-71.23329782090912,96.76670217909088,100
zym,-19.915908166018234,36.084091833981766,100
lig,-42.73470621038044,77.26529378961956,100
fdo,-56.52244786905663,35.47755213094337,100
gbv,-68.1926930796298,75.8073069203702,100
jci,-44.140543493050664,60.859456506949336,100
jir,-38.38113483722053,80.61886516277947,100
nvx,-84.62137567136331,28.378624328636693,100
zbb,-57.767194552950436,23.232805447049564,100
ako,-32.930374309768496,16.069625690231504,100
yva,-22.318041172257765,6.6819588277422355,100
heh,-43.48767661878049,30.512323381219513,100
pst,-17.95175775300989,26.04824224699011,100
ryd,-81.66585089160176,22.33414910839823,100
ojq,-42.962319847441215,16.037680152558785,100
rxf,-92.29659321027908,34.703406789720916,100
zwz,-82.41153842159866,87.58846157840134,100
pig,-64.23604136535963,54.763958634640375,100
avl,-88.8565295576057,90.1434704423943,100
qvx,-15.895872781197912,18.104127218802088,100
fyp,-49.45638450988538,59.54361549011462,100
knq,-92.3023274260163,73.6976725739837,100
erf,-71.04618376247687,89.95381623752313,100
yxj,-49.68062375073662,47.31937624926338,100
lal,-78.39814456568837,21.60185543431163,100
cnd,-15.62744983560443,26.37255016439557,100
hji,-17.20212414421467,4.797875855785328,100
ubz,-17.35638357689091,90.6436164231091,100
rso,-70.00520683732643,1.9947931626735764,100
dyk,-96.27105459885063,63.728945401149375,100
kpi,-60.58852011508101,36.41147988491899,100
vvo,-63.449820500306906,91.55017949969309,100
hnn,-76.50154988534699,45.49845011465302,100
blb,-22.352735337725996,95.647264662274,100
wrh,-42.08320221595763,22.916797784042373,100
rrm,-93.8466771232101,66.1533228767899,100
hjq,-7.505282715007063,18.494717284992937,100
hzb,-55.32733253235205,63.67266746764795,100
gan,-52.499591875650395,9.500408124349603,100
uxq,-38.04848972258301,87.95151027741699,100
yaj,-81.54913888411522,49.45086111588478,100
sxg,-40.88506778062681,6.11493221937319,100
jfy,-2.4562250352377237,17.543774964762278,100
awl,-68.66710736614387,84.33289263385613,100
fhu,-71.13733488469661,95.86266511530339,100
ijp,-18.041244779308556,6.958755220691444,100
oeu,-65.80405721284808,69.19594278715192,100
cad,-22.931722443887438,35.06827755611256,100
yzt,-41.22344263719,42.77655736281,100
nak,-9.264086633115264,70.73591336688473,100
ymk,-25.843867787847103,57.1561322121529,100
ogi,-73.85283922000325,30.147160779996746,100
ejf,-8.535597203060727,40.464402796939275,100
suz,-69.87709371759699,37.122906282403,100
lnd,-13.723738703242299,53.2762612967577,100
nak,-47.830140280254575,28.16985971974542,100
xmh,-78.32681943610613,18.67318056389386,100
iqx,-71.1060096443785,91.8939903556215,100
gol,-97.93835586432932,4.061644135670675,100
duf,-81.74692093077428,26.25307906922572,100
yea,-14.748981487951179,17.25101851204882,100
pbz,-37.365934126463245,81.63406587353676,100
fvi,-95.44923704300471,91.55076295699529,100
buz,-75.5930714230601,7.40692857693991,100
dlu,-18.91253573581863,22.08746426418137,100
xjn,-76.41476635481821,2.585233645181793,100
fkj,-81.60223585982202,53.397764140177976,100
ozs,-19.71204573044672,46.28795426955328,100
olr,-88.73764562888847,78.26235437111153,100
yns,-47.025763463262024,3.974236536737976,100
cqu,0.9758409317757327,42.975840931775735,100
jfy,-5.365198867576786,39.63480113242321,100
lte,-42.3799745118582,38.6200254881418,100
vpn,-26.24347958163247,45.75652041836753,100
wup,-18.10556774124547,29.89443225875453,100
xbs,-93.92407259620028,24.075927403799724,100
zzl,-81.74440445042174,98.25559554957826,100
erb,-84.03128917167949,80.96871082832051,100
wad,-49.275244266502234,77.72475573349777,100
mot,-51.48496882696576,61.51503117303424,100
ihx,-19.68612546294646,79.31387453705354,100
kad,-3.163015267425334,59.83698473257466,100
uxz,-29.64960772390265,37.350392276097345,100
ijz,-86.41158278289701,30.58841721710299,100
urf,-74.1879779617982,98.8120220382018,100
tqm,-72.85108799165762,28.148912008342386,100
ceh,-54.381685420425214,33.618314579574786,100
vdz,-25.42424169610387,6.575758303896131,100
exp,-47.55221390013684,66.44778609986315,100
wco,-23.189032658204564,77.81096734179543,100
