odn,-59.49256651219397,56.50743348780603,100
peo,-92.51992537684575,55.48007462315426,100
kpv,-18.97774534017262,13.022254659827377,100
jac,-27.930966919613972,17.069033080386028,100
ubs,-97.88384773042011,54.11615226957989,100
ywd,-24.93933481546514,52.06066518453486,100
peu,-54.93293346858075,77.06706653141926,100
xfu,-0.7731613494597226,10.226838650540277,100
vup,-6.5835418264853525,49.41645817351465,100
bpu,-32.19474836012701,63.80525163987299,100
xjp,-84.98801470798388,9.011985292016123,100
ano,-38.933591004933604,20.066408995066393,100
rmm,-8.838606310134455,67.16139368986555,100
jcb,-17.450383504181815,60.549616495818185,100
nys,-15.147149874115003,42.852850125885,100
xzt,-41.38299699233225,6.617003007667749,100
vsi,-71.87216589141693,30.127834108583066,100
dco,-39.206901179652995,5.793098820347005,100
alu,-25.363203367051266,83.63679663294873,100
grh,-31.56899905775382,89.43100094224619,100
clf,-39.1975776281543,14.802422371845697,100
icb,-73.39832902994591,25.60167097005409,100
axa,-74.24604380429106,27.75395619570894,100
xzg,-89.9861422018241,69.0138577981759,100
qju,-74.80131825148338,51.19868174851661,100
amg,-57.84459256640469,93.1554074335953,100
qjd,-44.48255292255704,50.51744707744296,100
mij,-76.57703467126476,58.42296532873524,100
sjm,-44.7146325727139,54.2853674272861,100
dlx,0.9288668029748841,27.928866802974884,100
hpe,-81.47059282236378,21.529407177636216,100
zms,-43.162736181281765,22.837263818718238,100
kww,-69.33121515535747,10.668784844642532,100
jwy,-21.768518534958943,63.23148146504106,100
ldf,-46.40014689330716,74.59985310669285,100
jog,-45.84622791728686,28.153772082713136,100
wul,-36.75707613298259,94.24292386701741,100
van,-1.916110251323311,79.08388974867668,100
ejn,-17.778246593377037,6.221753406622961,100
nxz,-89.31379435419137,61.68620564580862,100
mma,-57.9922125243728,12.007787475627199,100
xup,-36.50673934801949,10.493260651980515,100
cwi,-97.14663436423417,90.85336563576583,100
akf,-43.11260583155841,75.88739416844159,100
oeg,-74.56908764201265,79.43091235798735,100
zml,-10.950838041512402,12.049161958487598,100
gjn,-13.21392830661826,14.78607169338174,100
hcs,-17.98836952380217,19.01163047619783,100
luh,-90.18744013156333,27.812559868436658,100
lig,-17.694007890438368,29.305992109561632,100
aau,-73.27933709769071,41.72066290230929,100
nia,-24.254112884385798,22.745887115614202,100
wrk,-36.600647428153984,63.399352571846016,100
vlu,-18.848697125738294,35.1513028742617,100
pqw,0.5083371373733312,60.50833713737333,100
lpi,-63.64576960321385,66.35423039678615,100
lon,-96.21437852835719,47.78562147164281,100
mnu,-37.61598422504177,77.38401577495823,100
lot,-58.31357518544162,45.68642481455838,100
sfe,-49.7623652385448,42.2376347614552,100
gyx,-11.003175765444809,16.99682423455519,100
saw,-65.4298248833752,34.570175116624796,100
ags,-25.11576781769353,8.884232182306468,100
nqz,-83.77539148868819,70.22460851131181,100
tnk,-81.38418030289144,27.615819697108556,100
vxi,-14.190257448996064,12.809742551003936,100
tib,-53.94957458354952,19.050425416450476,100
xnd,-95.31624188602432,67.68375811397568,100
pwl,-53.69852055008675,40.30147944991325,100
gbk,-39.584604743416314,16.415395256583686,100
vmy,-22.353860607258948,76.64613939274105,100
sgq,-25.28918201910916,1.7108179808908401,100
yjh,-76.03539547315299,59.96460452684701,100
zkt,-53.07917180618777,85.92082819381223,100
ied,-23.78029725635062,65.21970274364938,100
tpv,-37.17123815457133,77.82876184542867,100
yux,-62.03345008476325,11.966549915236751,100
zbr,-25.93617699100437,66.06382300899563,100
ige,-5.701890868342816,56.298109131657185,100
aqb,-63.99106822062323,85.00893177937678,100
vpc,-72.66239022987087,0.3376097701291295,100
kgq,-79.90155305484792,25.098446945152084,100
rtb,-67.18119296243911,71.81880703756089,100
onj,-29.56288242127621,50.437117578723786,100
hnr,-93.08459606339837,95.91540393660163,100
eft,-69.32075749149823,48.67924250850178,100
uyv,-66.21696074416872,21.783039255831287,100
sek,-90.85758624079988,56.14241375920012,100
fqv,-67.90388259922209,36.09611740077791,100
wse,-20.565387702337297,43.4346122976627,100
icu,-17.72381959128946,23.27618040871054,100
vkk,-36.55491120426315,61.44508879573685,100
ruv,-67.10750968152203,34.89249031847796,100
xkb,-20.78845894950449,6.211541050495508,100
yyc,-29.869043323951633,75.13095667604837,100
nxc,-72.07993969871448,69.92006030128552,100
pzg,-92.70478797083231,16.295212029167686,100
idx,-41.65200779244098,63.34799220755902,100
jwq,-26.689752876421707,27.310247123578293,100
ont,-62.23742581047214,85.76257418952785,100
mdt,-28.56577204212364,23.43422795787636,100
hhx,-86.78495867849966,21.215041321500337,100
mct,-25.472274418898238,60.52772558110176,100
nbe,-80.43083714552066,64.56916285447934,100
irl,-38.54685539685511,2.453144603144896,100
zva,-8.477762733099057,38.522237266900945,100
sit,-50.446328436403334,1.553671563596668,100
xlw,-21.78368584827078,13.21631415172922,100
szg,-51.73043842139853,40.26956157860147,100
rpi,-85.87650890176862,51.12349109823139,100
gzx,-41.47315995107205,58.52684004892795,100
xgg,-65.18427022931895,90.81572977068105,100
ctk,-11.222594837462987,1.777405162537013,100
vqo,-77.33747264479972,26.66252735520028,100
xvf,-32.72361300288925,27.276386997110745,100
mss,-73.7725198080433,71.2274801919567,100
jyn,-30.93652382402831,89.06347617597169,100
hif,-68.77636916474533,60.22363083525466,100
chc,-20.381690518422772,67.61830948157723,100
fxu,-68.3541044980597,61.645895501940295,100
mza,-67.8774626624665,88.1225373375335,100
qbt,-55.90880380078823,23.091196199211772,100
ljj,-71.01461149235428,68.98538850764572,100
pum,-82.83516009152522,70.16483990847478,100
wsa,-68.37651300006999,54.62348699993,100
xdk,-64.82510371650352,15.174896283496473,100
fce,-11.846710385819659,42.15328961418034,100
msh,-54.28820129220949,75.7117987077905,100
axb,-16.863480082680994,96.136519917319,100
dzh,-11.617512306825615,72.38248769317438,100
kni,-0.4342776428457771,19.565722357154222,100
wzz,-97.66164875202061,53.33835124797938,100
aql,-22.11721739367723,50.88278260632277,100
pru,-66.99688406777281,54.00311593222719,100
rsf,-97.26004126979416,90.73995873020584,100
ycz,-19.170788231553523,18.829211768446477,100
pbv,-58.93092439406379,47.06907560593621,100
jxy,-70.50371471855102,4.496285281448975,100
pdt,-37.894010559199316,29.105989440800684,100
rtr,-42.144709653812534,43.855290346187466,100
zzg,-36.11944872078835,28.88055127921165,100
psw,-40.05646986149118,27.943530138508816,100
cql,-74.06720148762966,36.93279851237034,100
bpz,-24.951046017654576,6.048953982345422,100
vle,-79.48765421405504,72.51234578594496,100
sfv,-34.0699687418606,0.9300312581393998,100
jzs,-90.95826505474703,62.04173494525297,100
ytt,-18.868971025865537,59.13102897413446,100
rxn,-61.66113441167677,0.338865588323231,100
xhk,-12.034138164627407,74.96586183537259,100
uuf,-45.39954660650502,88.60045339349497,100
yif,-37.93672894625698,44.06327105374302,100
cwi,-54.00244658451994,28.99755341548006,100
hrg,-88.99709013284256,29.002909867157435,100
klh,-90.54568112211865,80.45431887788135,100
uzv,-77.78824173846205,41.21175826153795,100
sau,-11.815044435562854,67.18495556443715,100
dxo,-42.63649396379706,98.36350603620293,100
pnh,-93.59047598064043,73.40952401935957,100
wcm,-84.89961827661662,97.10038172338338,100
mce,-63.640676578007955,79.35932342199204,100
lbu,-92.09049244806167,29.90950755193834,100
pvg,-37.70733669177154,0.2926633082284599,100
tdp,-22.67008468068576,84.32991531931424,100
fes,-97.85319030917528,59.146809690824725,100
bze,0.395629903022511,1.395629903022511,100
oaz,-43.620622963703084,27.37937703629692,100
dgr,-80.47073369498402,88.52926630501598,100
qmr,-68.87663462427442,19.123365375725584,100
jgb,-15.577121268817638,60.422878731182365,100
bdh,-70.22351671967864,73.77648328032136,100
gxe,-38.39863790045378,96.60136209954622,100
ocf,-70.7803444803469,51.2196555196531,100
odw,-17.437130093762157,10.562869906237843,100
qvt,-18.447038209448017,53.55296179055198,100
cpq,-67.2061314396049,39.793868560395104,100
xuz,-17.36036880325103,49.63963119674897,100
bkf,-88.81573741016335,57.18426258983665,100
kxw,-93.91683480991723,92.08316519008277,100
ryd,-15.02839438112169,95.97160561887831,100
mob,-35.61271614215465,16.387283857845347,100
hzp,-5.8609652750894945,98.1390347249105,100
tqb,-23.038125722600395,71.9618742773996,100
owe,-72.70816053002686,37.29183946997315,100
bbk,-73.29577012200524,22.704229877994766,100
zff,-45.98554459013181,46.01445540986819,100
gga,-19.954302153974872,72.04569784602512,100
etf,-86.61905220019072,27.38094779980928,100
brb,-40.414562957109055,67.58543704289094,100
cym,-9.184025954097928,45.815974045902074,100
wop,-77.16232881273949,94.83767118726051,100
qpy,-64.88119382088043,23.118806179119574,100
rig,-90.59396033611951,69.40603966388049,100
feb,-80.90211348226812,88.09788651773188,100
vhd,-36.954147534946465,85.04585246505353,100
jeb,-5.027697700987951,9.972302299012048,100
xze,-52.47954941183827,77.52045058816172,100
kaj,-60.128795962681046,72.87120403731896,100
dzx,-12.304594981997479,6.695405018002521,100
mgw,-44.531264632520696,69.46873536747931,100
bqz,-49.58453702272054,84.41546297727946,100
khf,-67.02886935762884,94.97113064237116,100
krk,-61.426610880159735,7.573389119840265,100
pre,-84.58895697672055,22.411043023279447,100
crt,-49.67989975192399,80.32010024807602,100
yly,-21.11753892228023,88.88246107771977,100
uhw,-69.49422439718377,44.50577560281622,100
rko,-14.306283059406088,98.69371694059392,100
bed,-50.8716326021164,48.1283673978836,100
rzv,-30.411129140963467,31.588870859036533,100
jtl,-20.20547362617441,76.79452637382559,100
sgf,-88.45394607273428,62.54605392726572,100
clf,-72.59548557823483,6.404514421765167,100
fli,-15.269003446205021,17.730996553794977,100
ehg,-84.4079787062102,58.592021293789806,100
dzc,-39.318335819188675,86.68166418081132,100
jwd,-35.50077760495592,32.49922239504408,100
tzm,-47.87157666097583,10.128423339024167,100
nxt,-36.66417502441403,51.33582497558597,100
izd,-13.502058922917664,62.49794107708234,100
smu,-69.01918711227981,22.980812887720198,100
wua,-70.43913160971717,7.560868390282831,100
veb,-4.50805174549962,68.49194825450039,100
ghz,-47.42323740094739,17.576762599052607,100
dyx,-51.96156079134621,56.03843920865379,100
bqd,-13.40915839353249,17.59084160646751,100
dhl,-0.09199917950762282,38.908000820492376,100
yah,-0.18145132413563558,33.81854867586436,100
era,-58.14053213110359,67.8594678688964,100
lpk,-69.35792232183316,14.642077678166846,100
tth,-76.8243338609855,56.175666139014496,100
fen,-74.00802844862415,39.991971551375855,100
lbr,-26.86873184934629,72.13126815065371,100
dup,-68.28901306383486,75.71098693616514,100
orr,-21.877902721335424,56.122097278664576,100
iei,-85.7100237607392,0.28997623926079674,100
qnd,-22.903416420738626,36.09658357926138,100
yts,-40.03972373046657,55.96027626953343,100
lib,-21.139500908876357,1.8604990911236414,100
qdh,-38.404127805830036,79.59587219416997,100
fup,-42.51970095899608,54.48029904100392,100
afr,-40.39380706517641,76.60619293482358,100
img,-61.48997816673985,62.51002183326015,100
quf,-41.17037485091107,58.82962514908893,100
llq,-85.4673157031792,78.5326842968208,100
ogd,-31.283901801741806,16.716098198258194,100
wtv,-9.766756451815183,79.23324354818482,100
ehm,-94.24456573065098,36.75543426934902,100
zen,-54.53793102126928,73.46206897873071,100
isy,-39.68851325599907,45.31148674400093,100
wod,-95.79596758590216,11.204032414097842,100
tot,-52.218248697678916,24.781751302321084,100
rjx,-63.72311304431612,36.27688695568388,100
uvo,-83.02810027731361,70.97189972268639,100
efv,-24.535302874303337,82.46469712569666,100
fdk,-37.199570893786216,95.80042910621378,100
zzq,-24.070728616171685,91.92927138382832,100
vlq,-75.05108908852498,16.94891091147503,100
ucv,-35.94781595809916,22.052184041900833,100
yeg,-45.43871275152769,13.561287248472315,100
ved,-28.74333011873321,9.256669881266792,100
jsc,-94.86639185885376,15.133608141146244,100
vgk,-40.749427112465035,86.25057288753497,100
hol,-22.383298531328983,83.61670146867102,100
vgy,-86.37614199994142,64.62385800005858,100
zpd,-68.58561582609609,83.41438417390391,100
pqv,-39.168113061228944,96.83188693877105,100
pwu,-25.343454945619456,25.656545054380544,100
mcj,-68.4547952257054,12.545204774294596,100
sng,-28.22186570561801,59.778134294381985,100
ylq,-21.24727215493225,58.752727845067746,100
uzp,-91.09085660843081,92.90914339156919,100
ogp,-91.53262090735839,54.4673790926416,100
nos,-25.858442664175918,77.14155733582407,100
dsp,-53.45331768969795,23.546682310302057,100
rjs,0.5965524988330553,55.596552498833056,100
wql,-85.22080821590765,22.77919178409235,100
xgj,-1.7990464485828086,31.200953551417193,100
mqu,-39.96720907703233,97.03279092296768,100
oyw,-40.47422026254636,40.52577973745364,100
vkd,-73.64651922741014,85.35348077258986,100
urn,-85.64647828003146,26.353521719968537,100
ojt,-15.395217882417128,61.60478211758287,100
bze,-80.95860430983872,64.04139569016128,100
vdz,-21.574019474587804,95.4259805254122,100
mhl,-79.70900722094643,19.290992779053564,100
cea,-96.73790551576764,30.26209448423236,100
hug,-77.89154205920437,2.1084579407956308,100
acd,-1.3455304620312913,75.65446953796871,100
wxl,-75.61347285484108,82.38652714515892,100
lng,-0.13195111127117054,14.86804888872883,100
wxq,-48.99841631014557,33.00158368985443,100
rfc,-12.73835668966382,39.26164331033618,100
shq,-80.78224099369235,6.217759006307643,100
ouk,-56.738034322383335,41.261965677616665,100
iya,-31.068710171897372,74.93128982810263,100
hhb,-96.44327336289778,54.556726637102216,100
qhp,-55.67382409325099,89.32617590674901,100
wxe,-7.7994590939516,92.2005409060484,100
ptf,-26.717562236353697,4.282437763646304,100
cqw,-13.283085387297678,13.716914612702322,100
flv,-90.63371195103174,5.3662880489682525,100
eza,-74.67876187036268,54.32123812963732,100
jtn,-4.614031998593759,38.38596800140624,100
rpy,-43.720891840056765,25.27910815994323,100
chv,-82.80679646527632,93.19320353472368,100
cbo,-27.154090164132697,57.8459098358673,100
udf,-83.09425613723714,62.90574386276286,100
rpt,-93.97112535409413,75.02887464590587,100
uzm,-3.612994875804729,70.38700512419527,100
yhy,-60.40690503497901,73.593094965021,100
kbh,-36.97188125127316,39.02811874872684,100
bkz,-96.03772718121708,2.9622728187829255,100
ktl,-24.768860298888782,3.2311397011112164,100
glh,-50.30711160998591,29.692888390014094,100
eai,-14.724586653440248,30.275413346559752,100
ebf,-78.77315320659167,58.22684679340832,100
htz,-89.49299904813077,18.507000951869234,100
uuf,-28.217486821621698,74.78251317837831,100
rzw,-16.83398069048834,3.16601930951166,100
mna,-56.44306102400306,51.55693897599694,100
nuf,-23.56211333079687,72.43788666920312,100
ngh,-68.88363591344313,70.11636408655687,100
lsv,-19.187539764335362,20.812460235664638,100
xez,-42.618119071553004,43.381880928446996,100
grz,-24.799559511442027,18.200440488557973,100
vhp,-44.00022554863168,79.99977445136831,100
wck,-54.01413173599094,83.98586826400906,100
urf,-8.12549875271606,44.87450124728394,100
tbv,-49.02327311522664,51.97672688477336,100
cmt,-82.55649600321331,98.44350399678669,100
jgd,-84.37433820976935,6.625661790230657,100
wlk,-89.03125532362954,47.96874467637046,100
ieh,-3.3702133390846414,74.62978666091536,100
eyq,-77.05988304507098,42.94011695492903,100
jzb,-66.79530774967759,20.204692250322413,100
fgw,-91.46485557916735,8.535144420832644,100
ojn,-19.71448304764358,6.28551695235642,100
ryc,-17.161284341964567,8.838715658035433,100
weo,-50.28606810331656,9.71393189668344,100
edi,-14.961767742229586,27.038232257770414,100
qlc,-28.86010589947531,89.13989410052469,100
dtg,-78.18684321904075,12.813156780959252,100
sul,-22.919109441804196,96.0808905581958,100
okv,-88.09787330918022,16.902126690819788,100
brj,-83.94138832587822,1.0586116741217815,100
wfp,-66.4594981421826,61.540501857817404,100
mzc,-91.2223890300147,17.777610969985297,100
awl,0.9587644697791975,28.958764469779197,100
myv,-47.62223177629555,39.37776822370445,100
nkh,-41.87921283523319,40.12078716476681,100
pfr,-72.01057748998905,65.98942251001095,100
lur,-3.5733302617396436,98.42666973826036,100
cto,-54.266520491493765,42.733479508506235,100
jdz,-4.455324084180394,28.544675915819607,100
wuu,-97.15119797156161,88.84880202843839,100
ldf,-67.69119076714976,48.308809232850244,100
efz,-89.66246023330243,98.33753976669757,100
wck,-66.4308750859622,22.569124914037797,100
nvo,-39.206670816991085,34.793329183008915,100
nzo,-41.376945186527415,44.623054813472585,100
yby,-31.686814957450597,92.3131850425494,100
yfb,-94.68858514661484,3.3114148533851537,100
bna,-88.9287072010194,56.0712927989806,100
aze,-95.46113712376207,96.53886287623793,100
jjp,-41.91356976153177,90.08643023846822,100
sgh,-15.857237867357268,35.14276213264273,100
jeh,-95.8196518505746,75.1803481494254,100
fva,-19.72192811841171,79.27807188158829,100
flk,-36.49203571252768,63.50796428747232,100
ahw,-83.1048299013913,35.89517009860871,100
iry,-11.46431748163726,94.53568251836275,100
uqh,-38.08163935612268,88.91836064387732,100
dai,-20.84950892122129,93.15049107877871,100
zsl,-15.348263891845148,25.651736108154854,100
uts,-2.908887009074508,81.0911129909255,100
jdv,-10.341460372413273,33.65853962758673,100
cyk,-56.17254598850003,88.82745401149997,100
mhv,-12.532309694538009,23.467690305461993,100
frl,-47.051749052239366,96.94825094776063,100
akp,-35.34334785523714,0.6566521447628554,100
yfz,-52.56898749736242,77.43101250263759,100
jsm,-65.29514670056543,35.704853299434575,100
hqy,-14.963937258568128,45.03606274143187,100
cqj,-76.32926861271879,89.67073138728121,100
kct,-18.390759666163103,90.6092403338369,100
jey,-10.996675923117419,84.00332407688258,100
shu,-8.326361125948624,64.67363887405138,100
jqh,-76.15073237531729,7.8492676246827076,100
rds,-84.5359997603158,74.4640002396842,100
pll,-17.946278581732884,54.053721418267116,100
oxf,-8.263478439156628,49.73652156084337,100
rpf,-67.41629936263486,75.58370063736514,100
kkx,-77.14747695523529,17.852523044764716,100
mew,-35.568190950262895,74.4318090497371,100
kqf,-81.83335780468411,87.16664219531589,100
eho,-80.26244658088783,17.737553419112178,100
nrn,-18.291581865291832,30.708418134708168,100
bkn,-76.04095795289984,3.959042047100149,100
sca,-57.72916741393682,94.27083258606318,100
jra,-91.46094322512796,26.53905677487204,100
ker,-15.067275666409978,55.93272433359002,100
jag,-93.39246701345229,20.607532986547707,100
xvt,-4.501040179925378,9.49895982007462,100
qwx,-60.028477810134,88.97152218986601,100
mhz,-12.531487484028936,48.468512515971064,100
vgz,0.5011896695385442,77.50118966953855,100
mwk,-89.34318958212836,59.65681041787164,100
vnq,-12.802181941364463,98.19781805863553,100
xwe,-88.0847233885228,92.9152766114772,100
jqh,-75.53376317280419,84.46623682719581,100
sde,-6.8085737147503504,58.19142628524965,100
ylq,-29.134029026193566,76.86597097380643,100
nnf,-74.77968833019717,54.220311669802825,100
dtz,-5.159831820212535,57.84016817978747,100
dik,-69.41660356583155,26.583396434168446,100
hqo,-22.93784519975364,67.06215480024636,100
rlu,-94.61065568870426,76.38934431129574,100
lkx,-24.81875556850757,13.181244431492429,100
sdt,-26.410413728239142,50.58958627176086,100
glf,-17.4730611947096,29.5269388052904,100
piu,-60.02147737645181,72.97852262354819,100
jhc,-9.149233386694254,53.850766613305744,100
nxo,-23.930187529639092,42.06981247036091,100
tpq,-71.92649489061507,89.07350510938493,100
fuz,-59.47141284264051,50.52858715735949,100
oif,-28.480656391884896,30.519343608115104,100
ukc,-92.73810621156188,28.261893788438115,100
bji,-18.313179668774495,73.6868203312255,100
kwt,-88.07282745836393,79.92717254163607,100
aql,-42.9150417031922,87.0849582968078,100
stv,-68.74940016455226,8.250599835447742,100
nyl,-37.94749376904433,46.05250623095567,100
bfp,-85.34293099559792,75.65706900440208,100
gbc,-76.17624385116449,71.82375614883551,100
lvt,-20.7764650030699,37.2235349969301,100
mjn,-90.22557420595982,31.77442579404018,100
xfl,-82.92819695569526,40.07180304430474,100
col,-15.996827897249966,72.00317210275003,100
imw,-97.28611394014403,62.71388605985596,100
vsj,-43.752475750123594,20.247524249876406,100
ovq,-73.73643048647459,35.26356951352541,100
huc,-32.28319125175067,21.716808748249328,100
mgg,-20.910903235840657,47.08909676415934,100
sup,-94.91170765184748,84.08829234815252,100
sxz,-42.24991740989546,38.75008259010454,100
wnv,-37.55163794029904,33.44836205970096,100
zhx,-81.50336085048627,1.4966391495137281,100
qnl,-59.10448332246908,57.89551667753092,100
aqc,-46.4828172559694,37.5171827440306,100
wru,-33.89099666471217,28.10900333528783,100
gua,-18.211580531808366,90.78841946819163,100
qds,-68.36281015758956,72.63718984241044,100
aau,-61.887393630883786,24.112606369116218,100
yti,-62.03985892139831,51.96014107860169,100
dys,-79.22991759590329,24.77008240409672,100
vxc,-96.77639301622018,94.22360698377982,100
giq,-52.67202586567076,3.327974134329242,100
teo,-87.59537094863563,39.40462905136437,100
frr,-66.06772280528978,67.93227719471022,100
kwm,-69.5690177644957,54.43098223550431,100
lez,-19.168527499662854,37.83147250033715,100
dni,-3.756212898214815,22.243787101785184,100
zbt,-84.10661861107077,24.89338138892923,100
fhb,-84.9386308698209,66.0613691301791,100
nrc,-34.34664076819746,15.653359231802543,100
qap,-2.7441279968436474,11.255872003156354,100
kxk,-82.84839600059435,29.15160399940566,100
pek,-67.42213159373956,52.577868406260436,100
vix,-19.207627818067653,14.792372181932347,100
zco,-25.15175279130119,68.84824720869881,100
nen,-0.693720955825921,13.30627904417408,100
bkz,-35.19563788108898,43.80436211891102,100
gpa,-61.21473414128912,4.785265858710878,100
orl,-62.06753770437781,63.93246229562219,100
fyw,-16.27574011826474,97.72425988173526,100
svq,-63.36174902157984,53.63825097842016,100
tjj,-71.28796921462742,77.71203078537258,100
frk,-48.047983196150284,1.9520168038497165,100
zyn,-76.62414414655603,5.375855853443973,100
wrv,-33.966965153043574,51.033034846956426,100
dfk,-10.43131521165861,23.56868478834139,100
rcq,-53.82342138378682,92.17657861621318,100
aca,-16.414129104469133,56.58587089553087,100
mhu,-25.38418129809951,91.6158187019005,100
hdd,-92.4608368087415,74.5391631912585,100
yjx,-94.94649135721724,32.05350864278277,100
ofh,-74.53980527886404,65.46019472113596,100
fut,-40.50281697167271,65.49718302832729,100
puc,-39.104064996047526,18.895935003952477,100
bkv,-75.34772787856909,59.65227212143092,100
wpq,-43.58580425067146,12.414195749328542,100
kwi,-15.39014978854448,25.60985021145552,100
unq,-90.88896816245408,20.111031837545926,100
ruy,-63.86394603394658,84.13605396605341,100
uta,-59.63684504768038,70.36315495231962,100
fsx,-11.439572701273706,44.560427298726296,100
gcr,-78.26972593945075,40.73027406054925,100
byq,-3.8316732443815993,26.168326755618402,100
cep,-7.354360402974013,98.64563959702599,100
khr,-50.126706947670016,46.873293052329984,100
