edy,-55.76224672624847,74.23775327375154,500
nce,-42.07118247039732,65.92881752960268,500
rkv,-19.22798918519126,89.77201081480874,500
qod,-48.169062329357644,4.830937670642358,500
jxi,-21.446662070025543,67.55333792997446,500
ylh,-49.739836474123365,7.260163525876636,500
uzo,-25.765791981370345,65.23420801862966,500
ptq,-2.9935881678887792,8.00641183211122,500
plu,-17.00911580446758,24.99088419553242,500
bja,-37.378914050180185,15.621085949819815,500
kyj,-33.07153368304891,65.92846631695109,500
jnx,-72.46087375986458,95.53912624013542,500
qhn,-81.39962775714105,68.60037224285895,500
vki,-29.746566260100785,83.25343373989921,500
smm,-69.28753581337621,31.71246418662379,500
iry,-81.38215056363991,89.61784943636009,500
ole,-18.935524293356092,59.064475706643904,500
csf,-97.93236568873114,16.067634311268865,500
eys,-46.706343291592006,69.293656708408,500
wdo,-82.53531144113742,46.464688558862576,500
plp,-76.25806765987109,37.74193234012892,500
alz,-15.750122698658277,62.249877301341726,500
rbp,-20.222587166720636,88.77741283327937,500
srf,-27.038943401910274,71.96105659808973,500
iev,-81.07198312018416,19.92801687981584,500
tzu,-56.18045691026208,77.81954308973792,500
tir,-12.27063260717489,90.72936739282511,500
omm,-74.27549940550419,92.72450059449581,500
dbn,-23.154825269657415,53.845174730342585,500
vgo,-3.1101178689400246,64.88988213105998,500
jdb,-85.32637597347797,67.67362402652203,500
ulp,-40.08652691311664,26.91347308688336,500
mbe,-42.62707533129699,49.37292466870301,500
yay,-21.309740130416998,75.690259869583,500
hkl,-3.79228897967349,54.20771102032651,500
kgm,-48.435394919822436,88.56460508017757,500
hxy,-13.52373785599986,79.47626214400015,500
xnp,-0.7407383810299494,97.25926161897004,500
sty,-22.30408971935668,32.69591028064332,500
oej,-97.36577517207682,49.63422482792318,500
lqy,-10.055816459840834,26.944183540159166,500
xef,-10.455842256328951,86.54415774367105,500
ffg,-31.228759017969143,10.771240982030859,500
gwz,-41.20955175451661,93.79044824548339,500
pst,-53.59355585173708,45.40644414826292,500
rco,-9.866572776858957,33.13342722314104,500
ndr,-71.09277904649089,39.90722095350911,500
rab,-52.11611921142243,76.88388078857757,500
giv,-52.989750566772344,69.01024943322766,500
tvp,-49.82862773081777,67.17137226918223,500
jbz,-37.83813586805031,41.16186413194969,500
zlt,-41.28112557547353,78.71887442452648,500
ktp,-40.240002867810546,77.75999713218945,500
xwd,-55.40219469586709,24.597805304132912,500
sde,-65.61589970775749,84.38410029224251,500
uwo,-35.64569191419074,53.35430808580926,500
dvz,-80.01040120452366,54.98959879547633,500
gld,-40.03779511726598,92.96220488273401,500
ayo,-4.880505906908763,61.119494093091234,500
ogb,-9.840493165536804,30.159506834463198,500
jip,-0.48278694439941405,14.517213055600585,500
qon,-16.346806843071118,25.653193156928882,500
alp,-82.11151523618054,94.88848476381946,500
gsu,-59.58922712748076,17.41077287251924,500
npp,-53.0951318518985,75.9048681481015,500
srb,-90.27300114968017,44.72699885031982,500
suz,-71.8545750985117,42.145424901488305,500
ler,-81.34055377100061,2.659446228999382,500
sul,-44.90881595781395,96.09118404218604,500
jep,-18.743581698070717,46.25641830192929,500
woc,-79.74572441554547,6.254275584454527,500
dhi,-17.31940477332257,14.68059522667743,500
ndt,-16.946085288368277,80.05391471163172,500
oqk,-27.56217916196473,52.43782083803527,500
bes,-92.17564040180875,62.82435959819125,500
zya,-0.10812707025988533,71.89187292974012,500
wsj,-31.263766385420926,40.73623361457907,500
dxt,-45.37922816565476,95.62077183434525,500
vdn,-83.81115512723898,39.188844872761024,500
muk,-32.10823851845061,93.8917614815494,500
pff,-80.68562403624837,89.31437596375163,500
boq,-68.32936643938146,14.670633560618539,500
imp,-23.813162158829627,98.18683784117037,500
jyx,-69.9886568567071,67.0113431432929,500
xos,-33.367714581066814,36.632285418933186,500
dmo,-66.30061979728956,15.699380202710442,500
tbl,-31.97938574979025,73.02061425020975,500
hfd,-94.20449277918138,38.79550722081862,500
biq,-37.65860769641391,5.3413923035860895,500
mwz,-76.78257224140923,73.21742775859077,500
efy,-83.51048500840749,78.48951499159251,500
bjc,-73.96219602775038,35.03780397224962,500
vdz,-7.851053110574093,4.148946889425907,500
yeb,-76.76760997922484,98.23239002077516,500
fbv,-88.04774824245256,86.95225175754744,500
puq,-32.23076524285885,25.769234757141152,500
aqi,-41.17649305286403,44.82350694713597,500
iaa,-24.339827619641028,82.66017238035897,500
boe,-84.01019312509723,27.989806874902765,500
lpb,-18.403381124981745,85.59661887501825,500
uvs,-71.33457026450571,41.665429735494286,500
duf,-21.527432325816,75.472567674184,500
dxg,-65.06740953511623,43.932590464883766,500
kxe,-79.76034047232454,7.239659527675457,500
aar,-53.99236442951518,10.00763557048482,500
jgl,-6.216894791870733,48.783105208129264,500
rpi,-51.400019621428946,45.599980378571054,500
eji,-84.37860850940316,19.621391490596828,500
sfq,-46.97129755561984,0.02870244438015701,500
zdv,-0.4407196303909193,16.55928036960908,500
klo,-5.737863671724361,1.2621363282756388,500
wji,-0.23522915411751621,50.76477084588248,500
rgl,-87.19254261919068,32.80745738080932,500
gpp,-14.13667376354003,53.86332623645997,500
xpx,-23.210359107018075,84.78964089298192,500
izw,-25.928636170913794,19.071363829086206,500
jdk,-0.9298027408720717,48.07019725912793,500
afj,-31.19144163210615,74.80855836789385,500
hkl,-17.87474982706793,11.125250172932068,500
kwr,-57.704105094510965,25.295894905489035,500
dqm,-0.979660918539822,3.020339081460178,500
fgw,-34.917946291251326,85.08205370874867,500
bao,-31.701441572156366,26.298558427843634,500
dne,-82.04533895289279,87.95466104710721,500
lll,-46.67042714017238,54.32957285982762,500
wfb,-72.85107693059516,27.148923069404848,500
blj,-43.11893581845724,56.88106418154276,500
oox,-6.446607599458058,85.55339240054194,500
qay,-81.66103594751885,13.33896405248114,500
bta,-4.503524140059389,71.49647585994062,500
jvx,-34.13331482276485,11.866685177235148,500
nbf,-22.816548654850582,69.18345134514942,500
obq,-26.823726529687956,15.176273470312042,500
pqu,-81.66160670509352,28.338393294906474,500
rmn,-76.11620872510115,25.88379127489886,500
wom,-18.524978121520984,81.47502187847901,500
xxy,-3.449046910753215,58.55095308924678,500
rgj,-68.05992405751745,52.94007594248255,500
pld,-72.07566726889092,23.92433273110907,500
voe,-69.70614509695791,33.29385490304209,500
bwr,-68.09303324732231,57.90696675267769,500
ipd,-5.588972506834208,98.41102749316579,500
uuh,-54.555180279627,44.444819720373,500
vhb,-88.66296847634642,79.33703152365358,500
vlf,-89.47727354051445,32.522726459485554,500
ejl,-73.79323869686318,53.20676130313681,500
mxr,-62.4860649931843,13.513935006815698,500
mbj,-56.86850616141085,70.13149383858915,500
cfe,-35.35387332641246,51.64612667358754,500
eey,-41.07849908158795,6.92150091841205,500
uck,-28.26937374555774,23.73062625444226,500
elc,-52.46713593209317,89.53286406790683,500
hnc,-32.28632526256001,80.71367473743999,500
qsm,-68.25859596381622,59.74140403618377,500
vdg,-95.8251585708008,94.1748414291992,500
jot,-28.061833310099544,17.938166689900456,500
kwn,-1.3430269590120285,21.65697304098797,500
jmf,-89.6852426088208,3.3147573911792017,500
gty,-35.63413459268188,48.36586540731812,500
yyk,-92.21895241766418,47.78104758233582,500
spf,-46.354344037306426,4.6456559626935725,500
pkb,-57.513940068934346,32.486059931065654,500
zzk,-88.11302040958097,51.88697959041904,500
rmw,-40.06683266249055,77.93316733750945,500
xdn,-24.330000771993006,30.669999228006994,500
rek,-95.51629114667016,11.483708853329837,500
qnx,-45.8456619618839,18.1543380381161,500
yqe,-81.40379512848673,50.59620487151327,500
glp,-43.946441430623466,47.053558569376534,500
fga,-76.60046146425135,23.399538535748647,500
ope,-74.82774456269715,79.17225543730285,500
ubu,-50.39823139052858,31.601768609471424,500
kte,-32.08006277431064,70.91993722568937,500
xec,-90.3890059116337,29.610994088366304,500
lgs,-8.93180207134657,36.06819792865343,500
pnj,-67.01199456643772,10.98800543356228,500
czs,-72.49725275449224,28.50274724550776,500
uqd,-37.17347358343867,34.82652641656133,500
dqn,-34.09141422567509,83.9085857743249,500
fiv,-71.27861534099864,27.721384659001355,500
ccn,-82.45502681522778,18.54497318477222,500
kzb,-4.8511343337072725,70.14886566629272,500
gwa,-67.9695754835616,83.0304245164384,500
mtl,-63.076147472866154,16.92385252713385,500
otk,-53.7329392545225,70.2670607454775,500
ofe,-38.73398030905917,62.26601969094083,500
ftt,-68.43060223178678,60.56939776821322,500
aym,-91.10546616746022,98.89453383253978,500
wsr,-61.293335836623434,68.70666416337656,500
ybj,-56.60050139927459,97.39949860072541,500
hcu,-55.992274643545116,52.007725356454884,500
adq,0.7146091841327974,59.7146091841328,500
ugk,-7.634328295213072,36.36567170478693,500
ied,-79.51032332446921,58.48967667553079,500
jog,-14.987964289793528,65.01203571020648,500
fxv,-85.14379387161375,25.85620612838624,500
omm,-41.34589869502455,68.65410130497546,500
hla,-36.72128644386375,89.27871355613625,500
hgc,-62.81444039112433,85.18555960887568,500
boz,-57.57110221436081,81.42889778563918,500
qyw,-85.85208237759598,56.14791762240402,500
xpd,-43.728717125818655,5.271282874181348,500
rdc,-77.97035094951897,71.02964905048103,500
rxl,-94.34132473465438,21.65867526534562,500
yzk,-37.05951025590145,27.940489744098546,500
czl,-0.8845334275367357,28.115466572463266,500
hsx,-75.75915739975119,44.24084260024881,500
udq,-26.861689588999674,53.138310411000326,500
czl,-59.53481230727448,1.4651876927255238,500
apj,-39.822764235396086,39.177235764603914,500
ckh,0.08143977249019274,70.0814397724902,500
rdq,-17.768441064744874,11.231558935255126,500
ocf,-43.05225035690807,65.94774964309192,500
dyr,-87.17228497733413,11.827715022665874,500
fkb,-19.470743069757955,55.52925693024204,500
uhd,-61.97521146008742,67.02478853991258,500
ael,-91.86199919742519,56.138000802574815,500
kvn,-77.05244416595411,68.94755583404589,500
jkk,-97.58936807580895,25.410631924191055,500
znd,-64.29223528374752,86.70776471625248,500
gsk,-74.98017974094863,49.019820259051365,500
uge,-13.083578686546895,10.916421313453105,500
uke,-85.09432218693446,86.90567781306554,500
vmg,-10.882910301529279,10.117089698470721,500
qtq,-82.25963977934923,80.74036022065077,500
ess,-18.20439926811489,2.7956007318851093,500
hio,-86.59018241854969,59.40981758145031,500
oyp,-53.59412667466844,36.40587332533156,500
ijg,-85.34558874943517,69.65441125056483,500
pus,-73.49057113325485,47.509428866745154,500
bur,-19.23264179731376,47.76735820268624,500
lny,-73.83733877448334,4.162661225516663,500
yxa,-61.45915806670785,35.54084193329215,500
tvk,-89.04182782047471,77.95817217952529,500
pac,-4.761694861157352,62.23830513884265,500
cca,-62.5697400088943,46.4302599911057,500
lpf,-9.198349598486491,51.80165040151351,500
ghe,-77.31842114639068,49.68157885360933,500
kko,-1.513331276535431,64.48666872346458,500
dne,-16.01268408430963,92.98731591569037,500
qld,-81.59752215998262,1.402477840017386,500
kdm,-58.89620505308566,7.1037949469143395,500
yzt,-91.56474125084848,64.43525874915152,500
gqg,-15.556925885828782,92.44307411417121,500
msg,-46.66846037597334,69.33153962402666,500
irg,-19.237715489875566,64.76228451012443,500
grg,-48.3762950725232,47.6237049274768,500
xla,-56.94783154673035,93.05216845326964,500
tnd,-96.88681273491041,12.11318726508959,500
clk,-47.2046647664121,97.79533523358789,500
qfb,-21.555425129227242,37.44457487077276,500
gku,-71.31829420852542,54.681705791474585,500
cuq,-91.35111806768991,24.64888193231009,500
xkm,-8.698924420287439,72.30107557971256,500
oml,-41.11825142296253,16.88174857703747,500
wkl,-14.68794698843624,16.31205301156376,500
cxe,-93.13974455070021,10.860255449299785,500
hrm,-4.183780246035091,58.81621975396491,500
kvu,-77.77090889088893,20.22909110911107,500
yzc,-49.4184598193048,12.581540180695203,500
jae,-38.68446161941233,36.31553838058767,500
ucj,-89.6601842872238,0.3398157127761956,500
zdp,-84.15760069239914,20.842399307600854,500
uzq,-69.61639235415055,81.38360764584945,500
uir,-95.92742132109944,9.07257867890056,500
fzu,-7.152829763212673,51.84717023678733,500
abp,-1.0408218328822363,94.95917816711777,500
yyv,-78.75762417778304,82.24237582221696,500
nul,-9.803198708675676,19.196801291324324,500
lka,-73.94656899944026,58.05343100055974,500
twc,-66.8774474678648,75.1225525321352,500
zev,-17.503202405055962,8.496797594944038,500
wdz,-11.151772477948928,80.84822752205108,500
oea,-7.648187527816708,2.351812472183292,500
zwy,-83.34454935202572,72.65545064797428,500
eot,-83.25711734520469,47.74288265479531,500
asv,-25.353275834217662,41.64672416578234,500
cyi,-2.314859268643328,29.68514073135667,500
ykl,-38.535373866922164,8.464626133077834,500
gdo,-91.10669675025149,74.89330324974851,500
gtp,-87.36211607522236,66.63788392477764,500
siv,-1.7517637079878843,85.24823629201211,500
vca,-86.66235994532626,59.33764005467375,500
giv,-21.781392108588324,68.21860789141168,500
dqn,-92.58725368171757,63.41274631828243,500
rzr,-46.7586436078092,78.24135639219081,500
bjo,-96.09022622942659,47.9097737705734,500
vph,-75.19974851581973,59.800251484180265,500
gsm,-25.320539469585754,4.679460530414247,500
ima,-88.67490928109757,81.32509071890243,500
cni,-89.04656152046664,69.95343847953336,500
lzh,-89.14018622557101,14.85981377442898,500
pyg,-70.59354299923118,90.40645700076882,500
rzu,-30.354374492060618,28.645625507939382,500
qfv,-55.84749845872888,7.1525015412711195,500
mba,-10.449817582242355,53.55018241775765,500
bcy,-40.886857976756055,39.113142023243945,500
bxt,-87.16376776225795,57.83623223774205,500
ndi,-91.48830030708686,95.51169969291314,500
ydr,-76.51443374103734,55.48556625896267,500
zbj,-51.32984470680801,71.67015529319198,500
kfu,-41.54224081742039,88.45775918257961,500
pan,-29.183411288746935,57.81658871125306,500
fah,-6.5515007146178545,38.44849928538215,500
acu,-57.48499970281188,12.515000297188118,500
qgt,-91.27300474396513,37.72699525603487,500
rha,-56.78846956894952,25.211530431050477,500
lnl,-52.34271298413512,37.65728701586488,500
vuv,-61.644758043080735,75.35524195691926,500
rga,-22.933858201634976,43.066141798365024,500
cus,-62.70380703628498,25.296192963715022,500
peb,-61.9029228205014,14.097077179498596,500
fxk,-44.52591108171648,31.47408891828352,500
fks,-50.69103956411892,71.30896043588109,500
nhg,-23.757741783215703,4.242258216784297,500
ulb,-46.51778462404617,88.48221537595383,500
zfq,-18.175758040169352,37.824241959830644,500
dlo,-60.21559407095394,48.78440592904606,500
lvj,-90.97499684103865,94.02500315896135,500
naa,-68.24308385739808,40.75691614260192,500
htk,-25.35531921458813,97.64468078541188,500
cfo,-28.443161909654403,73.5568380903456,500
qdx,-37.91815625914096,64.08184374085904,500
ert,-32.75865712426786,97.24134287573213,500
ncv,-89.668936350411,30.331063649588994,500
bbg,-21.514662556455136,45.485337443544864,500
sxq,-72.93840553485913,46.06159446514087,500
sfg,-65.06343058282705,39.93656941717295,500
dcu,-85.15532504071656,91.84467495928344,500
hms,-92.78258212147428,20.21741787852572,500
mxn,-73.79701012632911,35.20298987367089,500
ier,0.3547524988028016,70.3547524988028,500
yrx,-50.02158849466917,74.97841150533084,500
opt,-86.25377728115355,2.7462227188464547,500
fdu,-28.465935099811052,90.53406490018895,500
rtw,-4.565391067954057,67.43460893204595,500
dea,-18.775935322103383,82.22406467789662,500
rgr,-4.704123519493962,28.29587648050604,500
udd,-78.53032448762507,81.46967551237493,500
ahh,-62.224993330001894,9.775006669998106,500
drz,-44.672011046626565,82.32798895337343,500
qah,-71.11383976134917,83.88616023865083,500
qov,-79.25170668899794,34.74829331100206,500
ysv,-54.45167892737948,7.548321072620516,500
ylc,-87.01369828260843,53.98630171739158,500
pmh,-86.11207936417773,60.88792063582226,500
car,-24.273034012340133,95.72696598765987,500
peg,-12.565080308164754,98.43491969183525,500
emp,-49.455065485725186,46.544934514274814,500
eyb,-96.14704689576224,57.852953104237756,500
fwp,-76.67962192922032,37.32037807077969,500
slv,-34.260418594635546,1.7395814053644538,500
ydc,-2.226933455809109,75.7730665441909,500
xmt,-29.19111510082366,67.80888489917633,500
edm,-35.32500578246706,60.67499421753294,500
mtb,-37.158667399187266,11.841332600812736,500
fqb,-64.52065334470994,56.47934665529006,500
yeb,-47.3526299687083,94.6473700312917,500
srh,-6.958926040902262,53.04107395909774,500
ngc,-61.70477652603274,51.29522347396726,500
pnq,-55.714700919070026,8.285299080929974,500
pro,-80.16701756593694,98.83298243406306,500
xhi,-89.80324452703196,63.196755472968036,500
tnm,-35.528828502215845,5.471171497784159,500
spm,-11.618919270568814,41.38108072943119,500
kld,-34.11192251712396,70.88807748287604,500
jvf,-20.41723101998819,14.582768980011812,500
fup,-19.728092836630797,1.271907163369202,500
sfu,-1.2894443766779693,56.71055562332203,500
pqv,-6.222216971720445,79.77778302827956,500
svz,-46.14132000800741,52.85867999199259,500
udt,-8.520520264595685,56.47947973540431,500
yks,-79.68370931810041,53.31629068189959,500
bot,-12.47103167152557,9.52896832847443,500
krn,-56.75683234627858,29.243167653721425,500
tso,-7.069797032949513,71.93020296705049,500
xwb,-12.600317755428327,93.39968224457168,500
xns,-40.928429520121604,90.0715704798784,500
uha,-54.54330996611755,62.45669003388245,500
fku,-50.522662966228516,78.47733703377149,500
pfh,-27.701833524342167,4.298166475657833,500
dcw,-47.373373891134506,65.6266261088655,500
wdb,-77.22739760320054,89.77260239679946,500
bwh,0.6008774834757881,90.60087748347578,500
jya,-57.361516849590565,79.63848315040943,500
czc,-75.06192873784929,44.93807126215071,500
kbd,-63.45650704363139,88.54349295636861,500
kdc,-3.169279572537757,61.83072042746224,500
rie,-0.9864786815855473,5.013521318414453,500
anq,-75.63903115677218,38.36096884322783,500
fjb,-27.20149274483264,0.798507255167363,500
vxd,-19.991595928469298,88.0084040715307,500
dvl,-50.91015153246034,91.08984846753965,500
ium,-17.495241034059042,22.504758965940958,500
ocm,-64.40294915225745,40.59705084774256,500
onp,-37.757491006937684,23.242508993062316,500
xti,-47.54680255044702,60.45319744955298,500
vrb,-4.5871311381684965,55.412868861831505,500
nsy,-5.980244512321299,43.0197554876787,500
qxr,-64.00340248517932,94.99659751482068,500
ztt,-23.50975970325618,21.49024029674382,500
opl,-13.789928614499853,8.210071385500147,500
lgb,-3.3089527157466465,25.691047284253354,500
btj,-44.28706674024439,89.71293325975562,500
etp,-81.58263705494348,16.417362945056528,500
zwc,-60.08610606747792,48.91389393252208,500
dzc,-1.7212039485060657,89.27879605149393,500
ofx,-38.70052490257536,16.29947509742464,500
vkk,-80.87101727756995,47.12898272243005,500
ynx,-32.986139242994405,85.0138607570056,500
qpe,-82.56664227192825,8.433357728071748,500
irv,-17.043741364281917,84.95625863571809,500
sch,-0.8456891097208008,58.1543108902792,500
oxv,-25.454557430856426,56.545442569143574,500
gbp,-60.77266911006807,30.227330889931928,500
rrb,-26.070588419223238,8.929411580776762,500
kki,-18.896057273279567,49.10394272672043,500
lmh,0.5794182444807583,95.57941824448076,500
erk,-58.39464914850647,59.60535085149353,500
aqt,-63.14456872266907,83.85543127733094,500
axk,-4.006694638224383,16.993305361775615,500
iwi,-0.8489753324947128,16.151024667505286,500
pvp,-35.2486345422394,78.7513654577606,500
nyo,-25.7868015284958,88.2131984715042,500
lvy,-68.95227014570034,15.047729854299654,500
dfa,-38.3237218868774,94.67627811312259,500
vuv,-25.574785268192876,25.425214731807124,500
dby,-2.1487612257417976,42.8512387742582,500
lrz,-14.181565672609185,0.818434327390815,500
xyi,-2.9364828493161537,56.06351715068384,500
wmp,-14.205793774755117,90.79420622524488,500
yuk,-4.646766215056852,17.353233784943146,500
lpy,-86.34525334103633,85.65474665896367,500
cgv,-60.640852292596314,96.35914770740368,500
gvy,-81.86256632207092,45.13743367792909,500
tkd,-21.4793989938076,40.5206010061924,500
ztv,-6.345079462644673,46.65492053735532,500
aav,-75.99426506266884,51.005734937331155,500
gib,-31.486015905865088,1.5139840941349125,500
ypn,-64.75132220391345,19.24867779608655,500
qic,-11.64782120815587,61.35217879184413,500
aot,-53.28144129847425,71.71855870152575,500
bhd,-49.573455610584304,73.4265443894157,500
hxu,-89.24728618726839,49.75271381273161,500
upb,-13.922582280910007,82.07741771909,500
tpb,-70.02294997308606,76.97705002691394,500
guq,-71.2998337620181,48.7001662379819,500
zbk,0.9571544416786335,70.95715444167864,500
aij,-2.3100757248934336,90.68992427510656,500
hcl,-50.660528292103116,48.339471707896884,500
ifv,-95.19207086485513,54.80792913514487,500
aqn,-72.25617580237873,62.743824197621265,500
nct,-3.1762398007616612,12.823760199238338,500
eaf,-92.48816697891529,13.511833021084705,500
dcd,-51.7241075870968,61.2758924129032,500
cws,-80.27080757245795,95.72919242754205,500
awt,-72.98024606130785,78.01975393869215,500
oau,-77.12002050279969,41.8799794972003,500
rjo,-26.50436621773389,66.49563378226611,500
iol,-7.6518988154700835,66.34810118452992,500
lka,-96.1276536182776,85.8723463817224,500
xmx,-54.43220157876053,21.56779842123947,500
wuc,-84.92633755544908,7.07366244455092,500
oem,-45.42319540148183,10.576804598518171,500
zty,-89.60752387148652,17.39247612851348,500
kec,-74.16322717561401,44.83677282438599,500
bbf,-62.176346293979734,33.823653706020266,500
mdx,-63.53538054228273,98.46461945771726,500
gkr,-65.55936424397377,97.44063575602623,500
xim,-17.103486281240457,15.896513718759543,500
hsv,-57.69231448724712,10.307685512752883,500
xwo,-68.07062526858998,97.92937473141002,500
vsk,-14.499454717177391,57.50054528282261,500
ffo,-64.45294773731433,93.54705226268567,500
rmg,-44.013180981918616,62.986819018081384,500
gud,-57.27472468344441,69.72527531655558,500
aqv,-54.5943987093317,8.405601290668297,500
vra,-34.05527359777742,98.94472640222259,500
mjp,-35.25492618979915,88.74507381020085,500
wzp,0.40698212926806443,63.406982129268066,500
vpa,-1.060757667965273,38.93924233203473,500
wuq,-53.54313336040996,40.45686663959004,500
rhy,-52.33844880428506,22.66155119571494,500
soe,-26.0563218985957,74.9436781014043,500
jer,-17.408513082847218,48.59148691715278,500
iib,-12.717635272050924,92.28236472794907,500
qta,-68.63976853362757,41.36023146637242,500
mng,-64.77580750401486,76.22419249598514,500
afb,-21.2518585164933,5.748141483506698,500
yip,-49.50003975878145,70.49996024121856,500
vae,-60.75763483899763,57.24236516100237,500
idz,-5.682901608428021,92.31709839157197,500
sev,-3.873733466029522,57.12626653397048,500
bta,-31.54918837470173,74.45081162529827,500
hhj,-38.832832420249744,11.167167579750258,500
mqs,-83.73689444266256,59.26310555733743,500
unj,-34.626866557729464,66.37313344227054,500
wzr,-13.60578584790442,34.39421415209558,500
xlw,-69.89421947402772,66.10578052597228,500
arn,-38.32137784830816,76.67862215169184,500
lrb,-34.44879329722908,6.5512067027709175,500
