fzh,-69.9284463510398,77.0715536489602,500
jis,0.7939546450484303,93.79395464504843,500
sgn,-13.965800276269604,97.0341997237304,500
kdj,-25.066582643484434,53.93341735651557,500
ruw,-3.429299449201005,22.570700550798996,500
jte,-84.65474084254849,15.345259157451505,500
iuf,-92.70962292136167,17.290377078638336,500
rlo,-39.71244043337775,78.28755956662225,500
pfr,-35.743924738390845,81.25607526160915,500
dnd,-90.60416936690262,12.395830633097368,500
rby,-62.346348263593065,96.65365173640694,500
qky,-16.388592783715936,21.611407216284064,500
lvs,-71.61825719723358,74.38174280276642,500
qde,-72.36425004046896,92.63574995953104,500
pvy,-96.60537609645621,40.394623903543796,500
uhm,-11.608999418297495,53.39100058170251,500
yct,-47.61174758172669,73.38825241827331,500
ohd,-4.321635874641965,41.67836412535804,500
agn,-57.917777797145135,18.082222202854865,500
hlq,-75.21186500390779,10.788134996092216,500
dkq,-91.36110554888782,46.63889445111218,500
skr,-9.482963291299829,34.517036708700175,500
ckg,0.2042487727671729,37.20424877276717,500
nqk,-20.901332054717855,48.098667945282145,500
udw,-33.7197427892993,75.2802572107007,500
wtm,-17.086417362574714,40.913582637425286,500
suf,-66.68199121249882,12.318008787501178,500
wuc,-68.94607524251286,96.05392475748714,500
kjr,-90.03430066609234,57.965699333907665,500
fmo,-68.12504337028304,59.87495662971696,500
oxr,-50.419764113336974,6.580235886663022,500
ijd,-24.987908364037327,6.012091635962673,500
fmz,-48.35248204574064,78.64751795425936,500
hfl,-6.59092917430549,18.40907082569451,500
lyf,-59.55976256962448,90.44023743037552,500
ult,-35.28745208785253,1.7125479121474696,500
imd,-90.34485454781863,24.655145452181376,500
wsa,-53.721822836683735,96.27817716331627,500
nfr,-96.69412239249863,67.30587760750137,500
ctp,-95.38010453057385,61.61989546942615,500
scc,-82.03573802900625,56.96426197099375,500
dur,-7.495990941772667,6.504009058227333,500
zzu,-29.56687094696822,66.43312905303178,500
swo,-77.57808670189904,66.42191329810096,500
ldw,-87.23694349073038,42.763056509269624,500
uqi,-81.84744284377865,31.15255715622135,500
bjl,-63.09814570187922,33.90185429812078,500
erv,-17.48931495991897,35.51068504008103,500
btj,-95.43517775470023,18.56482224529977,500
dtd,-70.00758115816275,49.99241884183725,500
rmc,-51.683623315887935,29.316376684112065,500
lkq,-33.39744615268234,42.60255384731766,500
lmy,-66.19145421766511,74.80854578233489,500
rdo,-6.214595226785622,64.78540477321438,500
zim,-66.69441702553927,15.305582974460732,500
afy,-18.144870373052527,16.855129626947473,500
ifr,-28.76307049090633,1.2369295090936694,500
nlz,-4.772643538233309,70.22735646176669,500
znr,-38.410177739199284,82.58982226080072,500
hjz,-1.8745156410395558,18.125484358960446,500
dbd,-36.968429533589656,77.03157046641034,500
wmh,-69.57898023618773,73.42101976381227,500
gnz,-76.006922817211,92.993077182789,500
csr,-12.550894000920128,46.449105999079876,500
jzo,-14.653231765204168,87.34676823479583,500
jjy,-56.31455126918678,61.68544873081322,500
azx,-31.879915152418285,51.120084847581715,500
sku,-58.17893755335088,6.821062446649126,500
uew,-93.76055687501375,64.23944312498625,500
uzw,-91.19986673179578,20.800133268204217,500
kxf,-41.91046292344489,15.08953707655511,500
ujk,-37.35085714285606,61.64914285714394,500
woi,-97.45337565464682,52.54662434535318,500
ntt,-28.247777500935744,72.75222249906426,500
wlp,-73.26987591179946,42.73012408820054,500
ohm,-18.09882528654871,73.9011747134513,500
toh,-30.98571303354251,20.01428696645749,500
swq,-57.045470269924,81.954529730076,500
txi,-5.800105411939273,86.19989458806073,500
rex,-60.822243690740294,31.177756309259706,500
kak,-62.00012370525442,24.999876294745587,500
aye,-65.50444868089777,33.49555131910223,500
hto,-75.91880914462443,89.08119085537557,500
vgi,-87.26418060526855,63.73581939473144,500
kon,-19.768910710960522,58.231089289039474,500
fmj,-44.64715280149309,80.35284719850691,500
usf,-40.15259186237475,76.84740813762525,500
dcf,-78.0517378027927,87.9482621972073,500
hdg,-8.207350268176413,88.79264973182359,500
qpe,-28.242676230713826,50.757323769286174,500
flc,-72.4508774669056,58.54912253309441,500
bke,-56.53339811943204,24.466601880567957,500
igu,-26.09054659466366,54.90945340533634,500
ned,-68.85268650480988,75.14731349519012,500
vwe,-26.795748835500042,34.20425116449996,500
shw,-5.792897685127626,17.207102314872376,500
akr,-42.13414245298228,73.86585754701773,500
euo,-74.5713482294681,32.4286517705319,500
kgd,-65.59522078323562,7.404779216764381,500
kqk,-44.24607091280818,76.75392908719182,500
ryo,-51.50455418371727,87.49544581628273,500
ffo,-59.335935874725166,28.664064125274837,500
lsk,-21.223873443554467,34.77612655644553,500
iqx,-60.9843110408444,53.0156889591556,500
pvn,-33.22739244560664,23.772607554393357,500
tnn,-32.67162732580251,59.32837267419749,500
hpf,-77.45887996713613,14.54112003286388,500
ldq,-82.74447608633537,31.255523913664636,500
kgs,-44.08213487637695,70.91786512362306,500
cte,-68.88328728944502,77.11671271055498,500
dna,-28.662265061773535,94.33773493822646,500
asu,-21.600007659634752,70.39999234036524,500
pen,-17.370024844430223,24.629975155569777,500
ipr,-97.4444407017413,65.5555592982587,500
vfy,-77.16202506965874,56.83797493034126,500
ebc,-80.80105619983365,26.198943800166344,500
eww,-57.55119838021792,52.44880161978208,500
nvd,-25.412475163313825,14.587524836686175,500
nmg,-73.09859654464154,48.90140345535846,500
kdf,-63.10013663791071,11.899863362089292,500
ujo,-66.21158234594371,11.788417654056285,500
zmw,-87.66093291250556,86.33906708749444,500
jos,-55.22557160236232,36.77442839763768,500
rnu,-77.05475740129705,86.94524259870295,500
jnv,-19.619795893578978,98.38020410642102,500
ebv,-31.90855542331401,56.09144457668599,500
les,-56.03312037151334,4.966879628486655,500
oew,-17.59444110127125,52.40555889872875,500
hqh,-4.164126956769345,10.835873043230654,500
mau,-73.69654198433612,88.30345801566388,500
ljt,-38.08055807188414,93.91944192811586,500
pko,-19.102169567630938,67.89783043236906,500
zqr,-41.103617722569865,36.896382277430135,500
qkk,-48.672171476529215,95.32782852347079,500
eya,-45.5126610492108,51.4873389507892,500
wvs,-52.227186319230164,78.77281368076983,500
dce,-1.8909176140542416,92.10908238594575,500
kzs,-85.67807633815764,52.32192366184236,500
hgv,-31.51441341046942,38.48558658953058,500
frl,-92.8739518818124,47.126048118187605,500
wsb,-84.61684887001324,88.38315112998676,500
lll,-27.332733510353222,36.66726648964678,500
mzp,-94.98199134142224,58.01800865857775,500
jsu,-70.7343553152214,28.265644684778596,500
ljw,-9.996352067109546,66.00364793289046,500
srp,-83.06126721521599,8.938732784784012,500
lhi,-58.27940445871093,14.720595541289072,500
hom,-31.133327995692355,8.866672004307647,500
zcf,-34.14967086418794,12.850329135812059,500
mfb,-41.11796775863747,13.882032241362532,500
uny,-17.01792921203853,90.98207078796148,500
ryt,-23.572565499286426,86.42743450071357,500
vkp,-8.241144506569947,18.75885549343005,500
iol,-7.34046955379945,45.65953044620055,500
qoz,-55.712319037984116,52.287680962015884,500
wah,-0.8413850877557884,90.15861491224422,500
txa,-39.5885342153233,3.4114657846766985,500
qva,-11.940422508203385,9.059577491796615,500
zbf,-64.23582530395787,0.7641746960421376,500
ioa,-46.436785305975725,39.563214694024275,500
hfz,-39.36211885985989,49.63788114014011,500
xxr,-73.0029752207599,21.99702477924011,500
gwl,-85.46634671524579,14.533653284754214,500
dgg,-0.7022567097261301,16.29774329027387,500
iyn,-44.57465211109189,45.42534788890811,500
woo,-17.72448466530281,20.27551533469719,500
kst,-30.334714197727404,29.665285802272596,500
xrz,-11.986097554591202,67.0139024454088,500
hrw,-9.971821901117934,30.028178098882066,500
gbc,-96.0892184945186,19.910781505481392,500
vqz,-0.47547820804252583,37.524521791957476,500
rdn,-64.63122028086654,86.36877971913346,500
oag,-58.85472384458228,73.14527615541772,500
lcn,-27.69548802124723,22.30451197875277,500
iwk,-23.383708951088945,83.61629104891105,500
wmr,-68.24722446972896,31.752775530271037,500
uls,-35.97650467073083,17.023495329269167,500
ejv,-12.277560395086994,90.722439604913,500
flr,0.6854050029253624,9.685405002925362,500
okk,-69.82931164660124,80.17068835339876,500
xab,-27.352464916409495,77.64753508359051,500
ifb,-18.814880534966402,28.185119465033598,500
dsf,-49.74804177573161,23.25195822426839,500
pvw,-17.518725851814143,8.481274148185857,500
svc,-78.49306014414643,4.506939855853574,500
eni,-70.26497399194335,42.73502600805665,500
yyt,-32.470312220019075,43.529687779980925,500
wzq,-69.09180452044446,59.90819547955554,500
fwn,-15.658285577655102,74.3417144223449,500
ghz,-28.942946418313568,15.05705358168643,500
tbu,-59.161138755518394,13.838861244481608,500
wxc,-89.82064976698831,3.179350233011683,500
ouo,-31.09051714914839,14.90948285085161,500
yxw,-86.43454139911894,12.565458600881051,500
gla,-82.72903596634617,45.27096403365382,500
sfo,-65.50322236859809,39.49677763140192,500
mfu,-12.25593701674868,46.74406298325132,500
vbg,-78.3796872439569,67.6203127560431,500
uzn,-80.34649443605073,95.65350556394927,500
hty,-57.38791305981594,18.612086940184057,500
ewr,-49.43330462060488,63.56669537939512,500
oua,-86.16418278164537,8.835817218354638,500
hmx,-69.59083689259003,63.40916310740997,500
zcb,-37.17317216489295,54.82682783510705,500
lkt,-15.101612219348903,54.8983877806511,500
vfh,-32.663793764509826,28.336206235490174,500
qqb,-57.68068528369073,13.31931471630927,500
qde,-13.26271169880782,30.73728830119218,500
aoc,-52.57459579863497,82.42540420136503,500
rqn,-87.7477335338733,21.252266466126695,500
hcf,-88.26503981628012,64.73496018371988,500
mex,-79.33745867128764,45.662541328712365,500
ksz,-23.722148510771827,69.27785148922817,500
faa,-2.595496343820078,65.40450365617993,500
bzz,-41.88742857413255,7.112571425867449,500
tlg,0.5724529127328329,66.57245291273283,500
cyq,-5.313283095846064,16.686716904153936,500
oke,-85.39324650158812,98.60675349841188,500
abb,-93.57544010884479,75.42455989115521,500
zmz,0.8212438659136515,20.82124386591365,500
buc,-56.286988702216895,12.713011297783103,500
goe,-13.184824372782932,38.815175627217066,500
vjj,-66.40064543490648,12.59935456509352,500
jfp,-79.49552801669587,11.504471983304123,500
yvp,-3.2720193130161794,73.72798068698383,500
ihx,-33.358550945315464,81.64144905468453,500
bxm,-72.81755397911367,13.182446020886324,500
fkc,-32.77879205549556,50.22120794450444,500
weu,-81.21703508437818,0.7829649156218191,500
etv,-44.986737318915715,13.013262681084287,500
heo,-92.88266287463448,26.117337125365527,500
kbg,-92.427426161,21.572573838999993,500
nsa,-27.14500996024593,85.85499003975407,500
haq,-2.4419472703189538,78.55805272968105,500
fsx,-34.822742510396054,78.17725748960395,500
ozq,-38.234842416713484,57.765157583286516,500
xpj,-65.54599840136876,37.45400159863124,500
knr,-52.41294903725185,47.58705096274815,500
hda,-88.58371082358725,96.41628917641275,500
xmo,-15.416303190959127,93.58369680904087,500
ijv,-4.616971110397616,55.383028889602386,500
dau,0.07245553965906082,66.07245553965906,500
nlr,-88.63940187024066,37.36059812975934,500
srv,-9.281169169436167,81.71883083056383,500
wod,-22.699373799796785,38.30062620020321,500
xax,-24.56586095133444,70.43413904866556,500
dos,-9.644580521926152,5.3554194780738476,500
yjr,-13.087016132806193,53.91298386719381,500
sah,-27.309396152940277,11.690603847059723,500
eld,-59.04756383688838,45.95243616311162,500
iur,-26.06133836635364,84.93866163364636,500
yej,-12.607830601694378,23.392169398305622,500
epb,-67.06545552472936,84.93454447527064,500
tga,-68.30509366716186,20.69490633283814,500
tzd,-92.58904910579511,69.41095089420489,500
rnj,-23.42097005594954,51.57902994405046,500
ukc,-71.44681693876058,77.55318306123942,500
tdr,-21.981505246342053,62.01849475365795,500
nap,-68.91631642467098,3.083683575329014,500
tkv,-96.59678802389791,19.403211976102085,500
qnd,-58.312528276378046,82.68747172362195,500
fwu,-32.75092418049309,89.24907581950691,500
aou,-44.04576037164337,93.95423962835663,500
jco,-89.41650573426003,17.583494265739976,500
ehy,-87.87028256710062,35.129717432899376,500
mkj,-77.35369996689019,86.64630003310981,500
zah,-56.95218663296138,91.04781336703861,500
atl,-82.94185352144122,34.05814647855878,500
ull,-8.228023982029205,82.7719760179708,500
nhg,-56.523543189583805,51.476456810416195,500
yft,0.41020543567923995,17.41020543567924,500
lwm,-0.7359215862324588,57.26407841376754,500
jmc,-60.30295799796655,36.69704200203345,500
gnr,-82.67339023728316,86.32660976271684,500
kqz,-77.4966872699387,63.5033127300613,500
jvz,-96.39042480977344,89.60957519022656,500
wln,-96.57084895954499,89.42915104045501,500
uoh,-49.368082850634636,36.631917149365364,500
npe,-50.46523476825609,32.53476523174391,500
fyo,-51.94829738658858,51.05170261341142,500
rdy,-19.465048643679154,70.53495135632085,500
jfj,-68.25204653880041,17.747953461199593,500
oud,-80.5477671693762,86.4522328306238,500
kpw,-15.029752131481132,92.97024786851887,500
xkn,-52.30873714827049,66.69126285172952,500
ckf,-62.23288517071902,69.76711482928097,500
egu,-39.551195987455486,8.448804012544517,500
nqt,-23.171623424685613,25.828376575314387,500
bgw,-0.7876810971534706,2.2123189028465293,500
wfr,-1.7052666719985263,39.29473332800147,500
fwl,-7.10009571605109,18.89990428394891,500
srh,-39.91078474205102,38.08921525794898,500
yam,-11.454594881407683,10.545405118592317,500
unw,-71.92017115320033,9.079828846799677,500
hlu,-14.76023074327663,15.23976925672337,500
tot,-82.95175238433211,27.048247615667893,500
ayr,-65.65713706361036,59.34286293638963,500
ehn,-57.41033148138005,97.58966851861996,500
cue,-74.39984661931608,65.60015338068392,500
ymy,-27.676501056265288,56.32349894373471,500
xaa,-73.94704765470725,70.05295234529275,500
ccm,-92.6930181530327,25.306981846967297,500
fdc,-83.52730869146154,74.47269130853846,500
lpg,-90.22259565209369,55.77740434790632,500
bys,-58.52106269039388,71.47893730960612,500
zsp,-13.76315605247577,80.23684394752424,500
mwn,-21.719736938588873,52.28026306141113,500
sih,-88.87595498859365,24.124045011406352,500
geq,-39.54047321248026,8.459526787519742,500
qpq,-3.799937722375714,90.20006227762428,500
bgp,-56.521339450740456,44.478660549259544,500
ljp,-5.016510170001024,59.98348982999897,500
rbx,-12.300483646932767,74.69951635306724,500
hsy,-25.080748078388037,98.91925192161196,500
wxn,-11.032491232627702,14.967508767372298,500
fxs,-22.047548203213385,56.95245179678662,500
cjs,-41.56231663384253,73.43768336615747,500
mnd,-30.445600943461866,92.55439905653813,500
zde,-12.288456687946574,76.71154331205342,500
pjo,-79.99910133794721,80.00089866205279,500
wqe,-60.17649054111524,7.82350945888476,500
yno,-96.44131493459248,53.55868506540751,500
jsx,-14.091451133318664,34.908548866681336,500
vat,-36.56719791429574,66.43280208570427,500
fcd,-91.37681708980752,39.62318291019248,500
xur,0.08045539502048571,11.080455395020486,500
roy,-32.10898774284562,26.891012257154383,500
cfk,-11.2139569660239,37.7860430339761,500
uwf,-73.24443896614655,24.75556103385345,500
wvk,-54.77647830770606,84.22352169229394,500
pnh,-71.4771055200243,52.5228944799757,500
vbn,-76.54715063416542,9.452849365834586,500
lgw,-10.567134880633052,46.43286511936695,500
euk,-58.627550272630764,52.372449727369236,500
qka,-64.8960790116055,49.1039209883945,500
spm,-43.39605783220062,73.60394216779939,500
kyq,-94.73960143246768,14.26039856753232,500
wes,-32.864647563517536,8.135352436482467,500
jbk,-73.88301874817753,9.116981251822459,500
mbp,-48.95475346417539,88.04524653582462,500
kyj,-9.342046678223669,84.65795332177633,500
vmg,-58.06596421145747,23.934035788542534,500
quh,-34.86451079625488,67.13548920374512,500
fbs,-32.664623231391595,90.33537676860841,500
czu,-81.42681372150074,20.57318627849926,500
bww,-64.37659883217421,10.623401167825797,500
yog,-71.4338592738807,97.5661407261193,500
gpf,-75.4522471713495,30.547752828650495,500
nqw,-28.517746892608372,1.4822531073916272,500
mau,-97.75399858026685,67.24600141973315,500
ygw,-79.32448632740272,0.6755136725972755,500
dew,-8.85674795009044,67.14325204990956,500
jhs,-75.96172091432774,63.038279085672265,500
ljy,-71.30313058068077,39.696869419319235,500
joo,-23.123218692308466,16.876781307691534,500
qqu,-38.44905715034379,9.550942849656208,500
ech,-46.14810560576766,52.85189439423234,500
szq,-65.97436448318501,3.0256355168149827,500
iyd,-13.423165847868379,98.57683415213162,500
yyq,-54.4592753734849,64.5407246265151,500
sjd,-33.09449134956,90.90550865044,500
tqi,-45.39119846675162,44.60880153324838,500
agy,-24.902943312777527,61.09705668722248,500
ifa,-86.50649707653275,97.49350292346725,500
jqv,-73.45919302813506,71.54080697186494,500
ivd,-62.856764515921476,52.143235484078524,500
nys,-37.06738812990926,60.93261187009074,500
aun,-19.26962755362656,2.7303724463734396,500
vpl,-67.46798651653855,86.53201348346145,500
ial,-33.297482123431706,63.702517876568294,500
eoj,-43.32626301730118,66.67373698269881,500
nrz,-94.92453948531704,95.07546051468296,500
mcx,-95.32126084881499,81.67873915118501,500
szg,-82.43574497570576,22.564255024294244,500
msh,-87.13228525785074,33.86771474214927,500
dvm,-46.178278106727305,97.8217218932727,500
rcp,-73.14071694530665,59.85928305469334,500
uxz,-80.0181611476068,44.981838852393196,500
drb,-93.64198361610627,56.35801638389372,500
fkk,-36.79139079106464,17.208609208935357,500
auc,-14.698178990575189,41.30182100942481,500
zrd,-73.08382363535321,30.916176364646784,500
fqe,-81.48547604695604,75.51452395304396,500
rxg,-35.625917957813506,25.374082042186494,500
gsp,-81.87972507424392,51.120274925756085,500
swp,-13.737402540145412,3.262597459854588,500
vhs,-33.876966375644365,53.123033624355635,500
npx,-47.70383248816218,98.29616751183782,500
pxz,-18.793032296972957,54.20696770302704,500
zor,-37.78783772154931,51.21216227845069,500
yfk,-75.29248092483563,75.70751907516437,500
ujm,-87.59363728065644,73.40636271934356,500
qpu,-16.218811591314466,47.78118840868553,500
ugh,-87.02073457790821,96.97926542209179,500
xkr,-59.067188808617274,69.93281119138273,500
aws,-35.076787554413464,71.92321244558654,500
hzy,-27.25531560391649,76.74468439608351,500
pvs,-89.21416532085217,73.78583467914783,500
cep,-78.02376867545858,85.97623132454142,500
tcm,-85.08770769988216,24.912292300117848,500
uhk,-48.65125247202836,9.34874752797164,500
nec,0.7543044740739694,13.754304474073969,500
iao,-12.109402014832432,46.89059798516757,500
rcm,-61.570306802775924,62.429693197224076,500
djp,-90.68208503636194,49.31791496363805,500
kkx,-4.468424632652597,83.5315753673474,500
igr,-14.508467964871642,74.49153203512836,500
sku,-72.29517105478794,90.70482894521206,500
lbi,-62.00051327986534,95.99948672013466,500
bul,-61.46893522843629,22.531064771563713,500
edk,-31.488855479184945,79.51114452081505,500
pvw,-57.39399621249475,48.60600378750525,500
vub,-87.77431125975366,10.225688740246344,500
kkp,-46.05096302329491,44.94903697670509,500
nbr,-30.984622795017685,72.01537720498231,500
bkh,-61.34198481933255,56.65801518066745,500
gsb,-62.62921014019608,56.37078985980392,500
wvy,-57.17920620751468,40.82079379248532,500
xbn,-94.92082903500052,6.079170964999471,500
kes,-85.05477070157599,7.945229298424008,500
mec,-19.4185768642869,98.5814231357131,500
iig,-87.08371481262941,19.916285187370583,500
ljl,-23.380016128384618,22.619983871615382,500
mpv,-35.018295103541284,67.98170489645872,500
kwo,-7.897209403027345,86.10279059697265,500
fkd,-14.255646197700198,1.7443538022998013,500
sad,-51.262722650521674,37.737277349478326,500
obf,-78.0103326476278,89.9896673523722,500
qsu,-30.726470495614514,62.273529504385486,500
lio,-17.35492394464773,90.64507605535228,500
nfm,-83.7818582271199,14.218141772880097,500
bwz,-65.97419158719087,2.0258084128091225,500
tos,-96.00115631155808,31.99884368844193,500
dbn,-87.54592040579371,4.454079594206291,500
hey,-48.95995864391678,28.040041356083222,500
nax,-93.389312495562,43.610687504438005,500
vmn,-40.83194933850454,16.168050661495457,500
dyz,-25.96818350975817,37.03181649024183,500
cun,-22.958294820607748,88.04170517939225,500
wxr,-5.205059737360453,32.79494026263955,500
hld,-33.759166362613314,2.240833637386687,500
rvw,-10.378350577464575,2.621649422535425,500
grs,-78.83598983447223,5.164010165527774,500
ihn,-76.85807075970833,48.14192924029167,500
uwx,-55.70799133166277,83.29200866833723,500
xjx,-69.17106234780593,74.82893765219407,500
hca,-94.1545885811527,55.84541141884731,500
apm,-57.174857801175975,39.825142198824025,500
yls,-8.924304967712555,56.07569503228744,500
pnx,-29.8238605596174,19.1761394403826,500
wcf,-11.084278413611976,91.91572158638802,500
qzc,-35.57504070909544,76.42495929090457,500
wgj,-74.34794069082432,86.65205930917568,500
mos,-60.762114086649476,45.237885913350524,500
vtq,-41.12891354156069,96.87108645843931,500
enr,-85.86862677386442,68.13137322613558,500
kvk,-20.984842105112307,15.015157894887693,500
fpk,-61.84976671629334,16.150233283706662,500
uqb,-65.32559701292679,48.6744029870732,500
gzu,-20.05068754983327,19.94931245016673,500
hmv,-40.58725045165149,33.41274954834851,500
geb,-80.80601056818125,32.19398943181874,500
ymy,-68.14033733867907,3.8596626613209315,500
msj,-60.660994865135905,11.339005134864093,500
fqo,-75.76546969904733,72.23453030095267,500
jff,0.9416981299072049,48.9416981299072,500
hkq,-23.572950920522715,51.427049079477285,500
ctc,-44.183766379207604,10.8162336207924,500
dsm,-65.5737536395184,16.4262463604816,500
gch,-11.478376666160077,18.521623333839923,500
dhk,-6.923373161715032,91.07662683828497,500
pjj,-35.564128569750046,77.43587143024996,500
ppm,-4.680620152745399,34.3193798472546,500
eaj,-41.410817761670174,26.589182238329823,500
bwc,-73.26163896516233,71.73836103483767,500
xef,-6.262177510207244,53.737822489792755,500
xxp,-76.85986822322401,86.14013177677599,500
kqe,-56.49383631023331,55.50616368976669,500
nos,-96.35850408563016,82.64149591436984,500
lwf,-19.820918209617385,18.179081790382615,500
eab,-29.86350950620053,76.13649049379947,500
ryf,-42.92857005865762,15.07142994134238,500
fsw,-0.9219583681311433,82.07804163186886,500
eau,-10.460805160218033,65.53919483978197,500
kfe,-78.52344452572511,24.476555474274885,500
yth,-75.21510105612253,3.784898943877467,500
kkn,-0.6580043587100922,83.34199564128991,500
lgs,-2.854290631808802,79.14570936819119,500
job,-41.65908139425712,29.34091860574288,500
pap,-93.18062198217551,74.81937801782449,500
xbf,-6.884251600827339,88.11574839917266,500
xlz,-84.10777394116371,25.892226058836286,500
ntq,-91.82833241259677,15.171667587403231,500
tpe,-56.384597403556356,93.61540259644364,500
bgt,-96.9674669981202,32.0325330018798,500
zou,-20.15795781481722,12.84204218518278,500
jbl,-53.22211513572734,45.77788486427266,500
lce,-62.04155888230354,57.95844111769646,500
ctw,-16.090848396732415,33.90915160326759,500
bht,-89.5279068225797,5.472093177420309,500
chj,-74.9260751983488,4.073924801651202,500
