yhy,-13.048714230989038,55.95128576901096,500
esn,-97.37700310763871,14.622996892361291,500
amw,-41.59308349507025,91.40691650492975,500
mth,0.3133541357026024,56.3133541357026,500
kzk,-94.22460329654035,38.77539670345965,500
asb,-69.6352788135028,24.36472118649721,500
ohh,-59.41367484475041,34.58632515524959,500
sgt,-54.34712243114206,49.65287756885794,500
ufl,-47.42818625431929,53.57181374568071,500
wsa,0.16128815726292,89.16128815726292,500
eeg,-22.327399229087582,81.67260077091241,500
all,-50.128741901071045,4.871258098928957,500
glv,-33.57274948567166,35.42725051432834,500
evg,-79.44804592076295,22.551954079237056,500
cnz,-48.60341180631418,95.39658819368582,500
dsf,-40.73856561199174,94.26143438800825,500
jeu,-62.45295785355001,4.54704214644999,500
plt,-85.35522475203398,57.644775247966024,500
zie,-23.1054506600976,92.8945493399024,500
sxo,-79.72181331793345,34.27818668206655,500
bmw,-77.01592575461835,3.9840742453816516,500
wdo,-21.712840899626862,23.287159100373138,500
vbn,-18.98129157357189,30.01870842642811,500
mga,-13.893957853459531,55.10604214654047,500
liw,-66.54963420075988,37.45036579924012,500
kjb,-31.095440763681083,51.90455923631892,500
dpo,-54.45728359775375,10.542716402246253,500
vzy,-51.469731596393096,83.53026840360691,500
reb,-44.11464546259717,33.88535453740283,500
crp,-17.080530577720864,73.91946942227914,500
pmg,-86.66841289959406,50.33158710040594,500
jdl,-42.96692077320132,81.03307922679868,500
dfm,-23.422579054830653,49.57742094516935,500
nsq,-23.064480881059918,83.93551911894008,500
zfs,-92.50293165922021,81.49706834077979,500
uat,-70.94115428032917,97.05884571967083,500
sba,-17.94631422015971,89.0536857798403,500
jyk,-83.06503062415533,2.934969375844668,500
rtx,-21.572876453760376,72.42712354623963,500
ghv,-89.55238798951012,64.44761201048988,500
acy,-85.67525417112356,60.324745828876445,500
ges,-9.268004714924686,21.731995285075314,500
zhj,-76.41863626286845,91.58136373713155,500
fpg,-45.46158822345225,66.53841177654775,500
tus,-81.7370931112812,6.262906888718808,500
crg,-66.44626145451221,74.55373854548779,500
tns,-75.05585476097286,80.94414523902714,500
dqe,-53.49138570207918,67.50861429792081,500
zzk,-27.295275859840178,86.70472414015983,500
kvc,-76.94338794777967,42.05661205222034,500
yqx,-46.84656662702431,74.15343337297568,500
hzf,-13.565411795528934,98.43458820447107,500
xtn,-21.607896441105904,16.392103558894096,500
vpw,-77.07556660786274,39.92443339213727,500
wjy,-85.8116586101271,74.1883413898729,500
bwt,-33.987629673405586,13.012370326594414,500
ebd,-32.643743581983145,41.356256418016855,500
fzk,-42.82229073579266,71.17770926420734,500
oqd,-33.862809669133,54.137190330867,500
wqo,-77.14839654380735,51.85160345619265,500
xrj,-40.415157802614445,75.58484219738556,500
apo,-11.732385045801825,88.26761495419818,500
rra,-13.665410689322416,61.334589310677586,500
eww,-16.097631866936926,39.90236813306307,500
tkm,-19.020860275718476,7.979139724281522,500
nqz,-72.73696198789652,79.26303801210348,500
aqh,-40.337360099990505,22.66263990000949,500
xrr,-90.26095624786629,79.73904375213371,500
ixj,-31.326213185191925,47.673786814808075,500
lbk,-88.7415808011969,61.258419198803104,500
jce,-80.1036257414893,15.896374258510706,500
zhm,-32.11536120872996,58.88463879127004,500
gfi,-61.46535046448233,44.53464953551767,500
bqt,-46.37217481867619,15.627825181323805,500
ouq,-96.28298328612809,15.717016713871917,500
mrk,-8.103733035124215,34.896266964875785,500
lfw,-27.80675749532225,96.19324250467776,500
kpv,-88.01609443749653,7.983905562503465,500
fck,-18.557956814320022,91.44204318567998,500
iru,-8.077330108660417,71.92266989133958,500
mgv,-96.79089280484288,38.20910719515711,500
jfu,-40.40517801527879,51.59482198472121,500
emx,-42.648673681824626,19.351326318175374,500
rva,-72.03059821681408,54.969401783185916,500
paz,-8.744105242724576,48.25589475727543,500
nus,-60.42896288568926,58.57103711431074,500
dka,-42.50160286574739,76.49839713425261,500
wnn,-75.62579693130311,95.37420306869689,500
inu,-56.96604214841402,68.03395785158598,500
ufb,-81.0228385634964,0.9771614365035972,500
wou,-82.84920620056921,23.150793799430787,500
cim,-82.66930198515851,18.330698014841484,500
rfy,-85.41772305697367,36.582276943026336,500
ill,0.6398907146485369,95.63989071464853,500
nnb,-31.455381405896613,44.54461859410338,500
nzr,-53.180472755157815,76.81952724484219,500
uqv,-54.28207087942697,61.71792912057303,500
eiv,-17.187685736873526,62.812314263126474,500
flq,-21.830351807262627,10.169648192737373,500
ltu,-97.97949733929244,81.02050266070756,500
nqz,-11.733768705875772,96.26623129412422,500
aaj,-45.388681375038416,58.611318624961584,500
mkn,-9.44344165362151,54.55655834637849,500
sjr,-94.90632876346173,33.09367123653828,500
ghw,-17.929089835504698,63.0709101644953,500
qoq,-0.6063727775292035,90.3936272224708,500
jgp,-7.207567784865013,1.792432215134987,500
sbi,-46.63811552971825,3.3618844702817503,500
xdj,-68.39225819968246,1.6077418003175383,500
kza,-41.327496183293896,28.672503816706104,500
lyv,-9.761242991367238,33.23875700863276,500
bsl,-65.47801484625901,15.521985153740992,500
tnn,-11.873698163984123,4.126301836015876,500
zfa,-43.80874060714453,48.19125939285547,500
cbt,-57.829155693251636,81.17084430674836,500
ymz,-78.11987937064795,10.880120629352053,500
coc,-64.4256623100166,29.574337689983395,500
xlk,-77.78305719913179,62.21694280086821,500
zom,-69.88852736021943,31.111472639780565,500
auk,-92.10907929997038,61.89092070002963,500
fgf,-95.6554896556109,27.3445103443891,500
lah,-46.037483549321685,76.96251645067832,500
pwe,-83.65917988882573,85.34082011117427,500
pdg,-92.92317469639836,45.07682530360164,500
roa,-32.74470464939503,79.25529535060497,500
ezb,-97.79118758775195,25.208812412248047,500
gea,-94.13501418486209,9.864985815137912,500
crb,-37.3192711669724,82.6807288330276,500
iau,-45.11978875457621,84.88021124542378,500
een,-79.43277215548311,78.56722784451689,500
rph,-41.56552112301385,35.43447887698615,500
qlw,-37.33062425597082,75.66937574402918,500
qjx,-58.103340976175666,8.896659023824334,500
sid,-74.95856178805045,93.04143821194955,500
ioc,-15.657678105355401,48.3423218946446,500
wei,-39.5401980637558,54.4598019362442,500
edz,-30.865704569961693,87.1342954300383,500
xqy,-59.36801147049554,95.63198852950445,500
iby,-39.74214958074695,72.25785041925305,500
dxe,-21.885067978916616,11.114932021083384,500
now,-35.759168788023835,26.240831211976165,500
vls,-57.24004485357354,54.75995514642646,500
csk,-6.839202596115583,69.16079740388442,500
qqx,-47.38798787603089,84.61201212396911,500
jsa,-32.196684157616374,50.803315842383626,500
dpc,-0.8099927190835153,6.190007280916484,500
bra,-32.67034652617761,28.329653473822393,500
jeb,-52.86226293779749,80.1377370622025,500
hdh,-21.57899947397494,98.42100052602505,500
eip,-89.77676667344164,27.223233326558365,500
fbc,-27.145904583752937,39.85409541624706,500
gtl,-20.309194500262567,7.690805499737432,500
wfc,-1.0943903357508429,96.90560966424916,500
fox,-13.748065718688437,37.25193428131156,500
wnk,-26.51415653075166,89.48584346924834,500
csg,-38.42234769289295,26.57765230710705,500
rly,-63.72786214211423,15.272137857885763,500
lbp,-64.00515481475863,9.994845185241376,500
omn,-73.52314953552388,11.476850464476119,500
ipj,-92.74379323384758,34.25620676615242,500
kyg,-11.285994789071262,88.71400521092873,500
urv,-25.847197527508275,47.15280247249173,500
jjq,-4.05285831162421,28.94714168837579,500
kxp,-32.6699582785109,50.3300417214891,500
rnf,-2.521680137552072,37.478319862447925,500
oug,-85.80214790127428,7.197852098725712,500
gyp,-87.82270922222891,83.17729077777109,500
ice,-8.98297205014543,44.01702794985457,500
sen,-97.7892644957447,39.210735504255304,500
mas,-51.27382438434447,47.72617561565553,500
zvw,-64.04107869162047,71.95892130837953,500
kej,-36.14104357082145,58.85895642917855,500
wfy,-6.7905887012338555,71.20941129876614,500
rgm,-0.9217584233847937,55.078241576615206,500
elr,-30.088026431697457,2.911973568302543,500
ftx,-96.96886157523278,58.03113842476723,500
uny,-41.39145678248806,79.60854321751194,500
itv,-96.1778675520194,79.8221324479806,500
ysp,-73.32691260743937,67.67308739256063,500
ttt,-42.35768145955051,35.64231854044949,500
dgw,-53.078351467059306,27.921648532940694,500
zbv,-92.06647133445883,35.933528665541175,500
xlw,-80.55722619265777,72.44277380734223,500
csj,-56.74823848107872,92.25176151892127,500
fgr,-70.65007034348841,7.349929656511595,500
jcs,-69.69984204915913,70.30015795084087,500
cfg,-94.46707503091092,81.53292496908908,500
jzi,-86.60127872681633,40.39872127318367,500
bco,-68.11234504485583,79.88765495514417,500
rwc,-23.375394448273372,6.624605551726626,500
ofr,-52.31041159505888,23.689588404941116,500
tsy,-60.976583108278305,75.0234168917217,500
wqo,-64.86173035159699,72.13826964840301,500
uzx,-27.27671404184491,84.72328595815509,500
xfy,-61.96653059638994,9.033469403610061,500
zmz,-59.11924730582239,35.88075269417761,500
njk,-64.82389748976635,40.17610251023365,500
flc,-38.857651313037145,90.14234868696285,500
pax,-29.78271292023864,42.217287079761356,500
swr,-72.44593425808831,74.55406574191169,500
hvk,-39.5666984105503,34.4333015894497,500
vfv,-32.13548670963963,28.86451329036037,500
vmi,-3.3730490491980283,29.626950950801973,500
nxz,-22.665166532637354,56.33483346736265,500
lej,-35.92247714600749,28.077522853992512,500
qfy,-37.09413896394307,63.90586103605693,500
qiz,-12.79285829353322,23.20714170646678,500
pmc,-84.3860011990528,50.6139988009472,500
bqk,-67.64804173790067,94.35195826209933,500
akk,-91.81381600275579,52.18618399724421,500
cse,-50.58216874868804,39.41783125131196,500
you,-29.733807660735085,98.26619233926492,500
ouc,-43.43932321355652,37.56067678644348,500
mxm,-77.98628491580968,5.013715084190329,500
qik,-55.70167230344376,28.298327696556242,500
eww,-52.68521104249539,50.31478895750461,500
qvx,-57.40009878811693,91.59990121188306,500
zwx,-35.798524806030514,52.201475193969486,500
jkl,-9.107381889620893,35.89261811037911,500
pbz,-90.59928153529138,5.400718464708616,500
zlv,0.49610030169084707,11.496100301690847,500
vft,-8.377308793631062,6.622691206368938,500
tpn,-14.771769178378308,9.228230821621692,500
fwl,-37.15306338978239,74.84693661021761,500
hlc,-96.40990730364196,37.59009269635804,500
nwx,-39.63070499145609,53.36929500854391,500
vhi,-22.548291959128086,28.451708040871914,500
ktm,-1.9783510847488046,17.021648915251195,500
kbv,-36.49781177082164,46.50218822917836,500
zwq,-29.12042595860861,96.8795740413914,500
xni,-2.9383971876394646,56.06160281236053,500
xsu,-92.25816987494728,51.74183012505272,500
hgr,-81.96986425208505,96.03013574791495,500
lda,-94.09503946187759,0.9049605381224167,500
uku,-51.03022281202794,82.96977718797207,500
yoc,-65.57978411161173,11.420215888388277,500
pdm,-68.84125761114593,39.158742388854066,500
dtf,-32.95516453862802,93.04483546137197,500
atw,-12.496524600034414,86.50347539996558,500
jjj,-60.67370392602513,76.32629607397487,500
mwh,-87.05238408664725,33.94761591335274,500
owz,-65.03243576385695,53.96756423614304,500
rav,-3.543341610564484,23.456658389435518,500
zrs,-65.55481037910556,18.44518962089444,500
goy,-24.037648421810488,50.96235157818951,500
hlh,-95.1421875548109,77.8578124451891,500
qxc,-10.5271666930815,8.4728333069185,500
qlc,-0.9667212199414746,41.033278780058524,500
kld,-89.58559102689206,87.41440897310794,500
pgc,-5.123963769676844,93.87603623032315,500
tzi,-21.480268053702282,79.51973194629771,500
wap,-37.56669812540728,75.43330187459273,500
ucf,-14.000465587284028,78.99953441271597,500
ibz,-87.61878838594552,91.38121161405448,500
qfm,-29.853487722486964,76.14651227751304,500
vbe,-47.307956346175324,17.69204365382468,500
gra,-52.97176621080689,77.02823378919311,500
obr,-3.1990464245251893,18.80095357547481,500
mac,-55.85506010031567,51.14493989968433,500
ghh,-44.57835311275133,75.42164688724867,500
jzj,-97.77617484963956,37.22382515036044,500
uys,-66.14996400594922,97.85003599405078,500
thf,-30.725003371711935,3.274996628288066,500
dlh,-89.65330237138456,25.34669762861545,500
hjd,-24.365060492099666,92.63493950790034,500
eda,-12.33844053681353,38.66155946318647,500
thj,-53.258997337917364,68.74100266208264,500
aej,-30.04421521823142,86.95578478176859,500
gsx,-0.5391960911680341,84.46080390883196,500
ijj,-20.428182382851617,4.571817617148382,500
kcy,-36.90223626196253,80.09776373803747,500
dly,-35.584587773722845,21.41541222627715,500
frk,-65.49781883405217,83.50218116594783,500
abs,-19.619982713692213,71.38001728630779,500
hqq,-89.48070917921677,86.51929082078323,500
wjk,-82.96655949484449,81.03344050515551,500
rlm,-54.52394194986855,68.47605805013146,500
rsj,-80.70255038809212,19.297449611907876,500
xry,-84.88187091852014,86.11812908147986,500
rkd,-53.44890459942653,17.551095400573477,500
kyi,-25.000660925023237,89.99933907497676,500
phb,-68.73102672768302,28.26897327231698,500
ajz,-87.25809836648578,37.74190163351422,500
uve,-80.32038322517884,68.67961677482116,500
stw,-47.063178161883066,75.93682183811694,500
cwz,-48.62813807338769,34.37186192661231,500
ryi,-76.52632842081805,97.47367157918195,500
enh,-46.589321767518776,16.410678232481224,500
zmg,-40.7726403618784,20.227359638121598,500
swy,-49.35071730055397,42.64928269944603,500
kyt,-92.93573745697131,88.06426254302869,500
umo,-8.08066514175797,32.91933485824203,500
prv,-90.40238294591134,53.59761705408866,500
jeh,-31.74225574137935,8.257744258620653,500
vaa,-78.66602972995504,29.333970270044954,500
lqp,-40.75130795015916,57.24869204984084,500
qme,-62.32358600126448,93.67641399873551,500
xzp,-67.11665231720814,90.88334768279186,500
knk,-88.75118155411424,83.24881844588576,500
qpo,-69.7749018571368,64.2250981428632,500
knk,-90.63618106216136,63.363818937838644,500
oaf,-60.36011671738717,9.639883282612828,500
pde,-65.85426644913967,76.14573355086033,500
vtp,-86.79729950127323,65.20270049872677,500
ffi,-60.78988021060045,56.21011978939955,500
dms,-62.96225677316722,69.03774322683279,500
kmp,-53.01519693713858,32.98480306286142,500
iix,-11.159825120628016,4.840174879371984,500
ykl,-91.00302715044275,84.99697284955725,500
xrr,-85.9578628726013,46.0421371273987,500
nnb,-83.25615615602275,55.743843843977245,500
rco,-34.96161311273746,12.038386887262538,500
qzj,-95.99485903756263,81.00514096243737,500
rop,-64.73789292789507,1.2621070721049312,500
aqy,-43.482976558071854,71.51702344192815,500
czv,-24.070073334418705,98.92992666558129,500
ifu,-64.86864764944316,39.13135235055683,500
ttr,-52.57950570689095,77.42049429310904,500
zqb,-96.6492203565838,0.3507796434162086,500
ywc,-85.79988274551137,66.20011725448863,500
wyi,-38.36179369461619,98.63820630538382,500
zwp,-61.57136952657743,84.42863047342257,500
cjx,-53.13641479231707,52.86358520768293,500
ezp,-5.413745934714774,59.586254065285225,500
rah,-76.93422654690674,79.06577345309326,500
atd,-9.760865023795688,53.23913497620431,500
fla,-81.09058136590757,86.90941863409243,500
twe,-32.50189950612047,63.49810049387953,500
vmy,-14.045886436317026,85.95411356368297,500
mgk,-1.6974945996048447,74.30250540039516,500
qpv,-48.74934831698309,58.25065168301691,500
plx,-18.704595161694634,14.295404838305366,500
yjx,-13.762800260491419,8.237199739508581,500
emr,-84.17740917374746,88.82259082625254,500
isx,-95.71231483606671,79.28768516393329,500
rlt,-32.43211224312352,74.56788775687649,500
uiw,-55.986275380534074,66.01372461946593,500
ysj,-2.1341781909533055,75.8658218090467,500
sln,-36.721580658957656,23.278419341042344,500
ifh,-96.43900940134287,36.560990598657135,500
xlw,-49.352397182315975,33.647602817684025,500
kvv,-19.513340201804393,75.4866597981956,500
bvo,0.04583760166691053,70.0458376016669,500
qgw,-97.13573444267777,69.86426555732223,500
iur,-36.69535488233815,72.30464511766185,500
rmg,-75.0477508274711,10.95224917252889,500
rov,-96.94024574467943,48.05975425532057,500
zke,-78.89191480741256,55.10808519258744,500
bbt,-55.366649135231434,36.633350864768566,500
yyr,-62.62164726469195,51.37835273530805,500
jqi,-4.068439269657141,77.93156073034285,500
pup,-31.88518691954277,46.11481308045723,500
fww,-70.54587294568252,42.45412705431748,500
gid,-35.26167364301522,32.73832635698478,500
yfy,-80.39328883233894,5.606711167661058,500
eve,-57.74895857463017,28.25104142536983,500
gvh,-59.51206666486635,26.487933335133643,500
fsw,-71.932310505551,58.06768949444899,500
dab,-90.77316576987089,76.22683423012911,500
cmz,-52.564395407289155,77.43560459271085,500
iav,-24.941099645822522,50.058900354177474,500
lui,-64.3305866046837,1.6694133953162942,500
oay,-97.24458111313093,1.7554188868690597,500
ypr,-93.53547078905412,66.46452921094588,500
cqh,-37.2501554058898,3.749844594110204,500
yum,-40.583552937474394,43.416447062525606,500
iwg,-72.18831505131097,3.811684948689032,500
jaf,-47.78227965779957,83.21772034220044,500
spk,-14.633925763803889,64.36607423619611,500
jvr,-18.53186153480403,25.46813846519597,500
yvp,-39.699626174253986,66.30037382574602,500
mgj,-94.01190692149761,3.9880930785023865,500
qml,-50.58357337137813,35.41642662862187,500
tsw,-65.06831219883496,65.93168780116504,500
aoj,-54.73621138734065,72.26378861265935,500
yaa,-44.156070509477956,92.84392949052204,500
euw,-68.30434714816539,30.695652851834613,500
ehc,-10.617836447827631,31.38216355217237,500
nly,-31.471689088490848,72.52831091150915,500
gpl,-10.347011885467763,57.652988114532235,500
cjh,-43.814257436255886,21.185742563744114,500
xpu,-43.54504628198365,62.45495371801635,500
qnb,-37.32768827409859,76.67231172590141,500
ryw,-69.18959233728523,46.81040766271476,500
xos,-38.383437144718926,42.616562855281074,500
myi,-3.1144770138558626,97.88552298614414,500
qcz,-81.83100927349776,42.16899072650225,500
vay,-86.87160522783319,33.128394772166814,500
rnj,-78.55769581935661,40.44230418064338,500
pok,-16.572139605909804,95.42786039409019,500
vwu,-53.781172464543296,64.2188275354567,500
wjc,-85.35472085549902,26.645279144500975,500
ahu,-68.31666897119997,66.68333102880003,500
ioc,-25.93473163838422,10.065268361615779,500
tww,-73.37578965546487,77.62421034453513,500
hiz,-67.56494599732261,72.43505400267739,500
fvn,-45.59278073930434,61.40721926069566,500
adm,-26.59113859415491,79.40886140584509,500
fma,-18.49646260441044,15.503537395589563,500
doa,-30.59399499154804,62.40600500845196,500
pat,-22.692604071025777,94.30739592897422,500
heo,-18.857098581769907,74.1429014182301,500
pik,-64.4756502710741,25.5243497289259,500
upr,-59.39952776403753,39.60047223596247,500
nac,-59.07568252941824,98.92431747058176,500
sfd,-76.43499393275671,8.565006067243289,500
daa,-29.80568512875244,42.194314871247556,500
gjk,-80.17513200698538,0.8248679930146254,500
ror,-13.92386370430613,61.07613629569387,500
ekm,-33.527557007703585,59.472442992296415,500
zvh,-6.206276175412125,98.79372382458787,500
qaj,-52.26142010703196,38.73857989296804,500
rok,-53.61025124687941,21.389748753120593,500
sto,-5.529017472539381,35.47098252746062,500
lhc,-66.71375495377883,37.286245046221175,500
cfu,-78.20415489877026,15.795845101229746,500
foa,-71.93888557754637,73.06111442245363,500
lac,-42.94629164657881,52.05370835342119,500
xbb,-85.99806688845337,74.00193311154663,500
qsp,-63.09208480446047,3.9079151955395317,500
qgp,-68.05634219706694,66.94365780293306,500
dgj,-14.494882438224737,69.50511756177526,500
aaa,-97.50449726544485,77.49550273455515,500
xho,0.863043814251445,62.86304381425145,500
igl,-46.730821498556494,9.269178501443506,500
bxc,-46.06441622016088,44.93558377983912,500
ljy,-96.25948622457102,13.740513775428985,500
jhe,-66.98772634728861,75.01227365271139,500
eau,-71.57462379296351,68.42537620703649,500
nkz,-85.73478413706202,82.26521586293798,500
lmy,-10.668070607958251,20.331929392041747,500
xnw,0.8842590288248933,45.88425902882489,500
npr,-59.83977464103802,10.16022535896198,500
ynj,-90.69784532636031,8.302154673639688,500
rpl,-45.74680736587846,15.253192634121541,500
owf,-49.43925708243844,47.56074291756156,500
czp,-6.398466742025179,36.60153325797482,500
wbg,-67.60010869150955,30.399891308490457,500
xve,-0.5054508863511705,92.49454911364883,500
tvu,-28.680338916404676,45.31966108359532,500
fsq,-12.24739100452421,24.75260899547579,500
nfl,-80.42968139149163,65.57031860850837,500
bpo,-56.932585198374866,58.067414801625134,500
pik,-90.69836041290563,24.30163958709437,500
qdq,-0.21202385722063322,3.7879761427793666,500
rpf,-64.56134565825273,75.43865434174727,500
lxl,-52.08371721182881,0.9162827881711911,500
wmi,-95.4915300881164,37.508469911883594,500
npw,-54.39808019070406,18.601919809295943,500
mqg,-82.40801689087442,44.59198310912558,500
tpn,-4.548048183792323,77.45195181620768,500
qhi,-62.0992343384284,24.900765661571597,500
wge,-23.11945402977681,24.88054597022319,500
bgm,0.0037233071245023064,95.0037233071245,500
hae,-71.7780550166952,22.221944983304788,500
ivy,-39.074569170895096,36.925430829104904,500
qls,-19.641623814562898,83.3583761854371,500
wal,-64.04825267369934,1.9517473263006644,500
mqi,-67.80501034269112,86.19498965730888,500
lfw,-0.9978284473880987,19.0021715526119,500
arz,-29.17336627738032,32.826633722619675,500
gtq,-62.49464375460261,35.50535624539739,500
too,-58.92040237462738,25.079597625372624,500
nen,-83.98390703348817,89.01609296651183,500
ple,-52.234472886680486,9.765527113319514,500
ojj,-9.442833736009622,46.557166263990375,500
vqg,-17.486488736418163,6.5135112635818375,500
zzh,-16.25102861433188,62.74897138566812,500
xub,-44.520217662420286,29.479782337579714,500
bod,-37.87385715072412,73.12614284927588,500
hdb,-78.68625331063475,21.313746689365242,500
olx,-25.260300476826064,22.739699523173936,500
njv,-52.40996064830096,38.59003935169904,500
fto,-80.28363834215398,54.716361657846015,500
mjz,-53.7192293070193,89.2807706929807,500
lwn,-41.56300915002767,60.43699084997233,500
mgv,-41.60269957926465,10.39730042073535,500
ldh,-41.96776340006836,38.03223659993164,500
nyi,-69.43059783732532,47.56940216267468,500
xwb,-92.04470529919689,85.95529470080311,500
rkc,-40.44713945971511,87.5528605402849,500
qtg,-65.45308523967618,75.54691476032382,500
zbu,-66.01228502868571,72.98771497131429,500
mqc,-61.828029689087565,93.17197031091243,500
yji,-58.11897140924665,58.88102859075335,500
exo,-91.93450105418363,71.06549894581637,500
wtx,-34.00059247235524,32.99940752764476,500
rla,-32.058369884878125,54.941630115121875,500
hco,-45.93541403163617,54.06458596836383,500
czv,-18.068525937565543,45.93147406243446,500
osi,-93.10684544739459,45.89315455260541,500
nzy,-76.7740159347253,86.2259840652747,500
api,-57.077393117282696,15.922606882717302,500
uvq,-79.63618164206115,24.363818357938857,500
ngj,-64.4167822483441,28.583217751655894,500
uwg,-77.48720275812008,91.51279724187992,500
wnn,-62.48407461629423,39.51592538370577,500
wpo,-36.473883471004335,56.526116528995665,500
ozg,-14.909516439974674,35.090483560025326,500
ech,-44.011360455121796,84.9886395448782,500
sct,-84.57295761958126,43.42704238041874,500
