ys,-21.87844507087589,19.12155492912411,1000
so,-50.59210497023858,31.407895029761423,1000
vt,-57.637148882032875,53.362851117967125,1000
hn,-17.73908589523664,74.26091410476336,1000
dy,-90.33022890305188,27.66977109694813,1000
yn,0.6861612825226339,16.686161282522633,1000
eq,-82.19375953758095,30.80624046241906,1000
wb,-15.96522005885394,95.03477994114606,1000
dp,-37.64818334616428,24.35181665383572,1000
jz,-66.6429311862584,56.3570688137416,1000
en,-42.71631132569315,16.283688674306852,1000
az,-79.90495709226347,40.095042907736534,1000
ze,-20.800509827940616,35.199490172059384,1000
rb,-19.319932099291094,76.6800679007089,1000
ar,-0.8653557676393385,11.134644232360662,1000
tg,-89.1443689678092,47.8556310321908,1000
tx,-34.18680840366562,4.813191596334376,1000
ys,-54.53440465848936,13.465595341510642,1000
vy,-1.0602937557658632,81.93970624423413,1000
kf,-84.97484213788846,83.02515786211154,1000
gn,-64.63482822970239,44.365171770297614,1000
on,-35.21222846099888,69.78777153900111,1000
ih,-66.10626179747011,15.893738202529885,1000
ys,-29.00200858782222,91.99799141217778,1000
gs,-8.533123002202604,27.466876997797396,1000
wn,-19.205047630830613,57.79495236916939,1000
kc,-41.04526303379622,44.95473696620378,1000
yg,-54.3475893902587,18.652410609741306,1000
pp,-47.864913663895955,92.13508633610404,1000
du,-56.3956043704131,74.60439562958689,1000
rw,-1.6527220027464717,46.34727799725353,1000
ql,-71.88436289946938,63.11563710053062,1000
ya,-73.39023552113278,2.6097644788672176,1000
tt,-81.52739831979915,4.472601680200856,1000
cl,-9.93397014171415,76.06602985828584,1000
qq,-38.96201157062047,92.03798842937954,1000
gh,-93.19636532591716,91.80363467408284,1000
uz,-25.87251043630563,96.12748956369437,1000
et,-77.38259685174421,76.61740314825579,1000
ny,-94.72760946578552,34.27239053421447,1000
gi,-45.959950745556654,80.04004925444335,1000
my,-76.64139708496602,7.358602915033979,1000
ws,-21.12422241678577,79.87577758321423,1000
xp,-85.1506420573341,90.8493579426659,1000
gv,-97.26922396913585,42.73077603086414,1000
nc,-71.68666503280649,36.31333496719351,1000
pr,-73.66590317029365,19.33409682970635,1000
xx,-36.08247599998706,1.9175240000129388,1000
pg,-48.54163209772845,79.45836790227155,1000
jh,-79.2313108482691,9.768689151730895,1000
rq,-30.61601460607882,17.38398539392118,1000
vv,-43.41178182774897,53.58821817225103,1000
jq,-49.530215419906924,62.469784580093076,1000
ah,-6.347897337528114,16.652102662471886,1000
sf,-0.673552605828763,80.32644739417124,1000
xm,-83.2282415190652,88.7717584809348,1000
hf,-69.99327594559466,25.00672405440534,1000
wx,-16.564066997066554,81.43593300293345,1000
ev,-66.55441706144777,75.44558293855223,1000
ax,-36.5719990798275,31.4280009201725,1000
xl,-23.124205260638295,68.87579473936171,1000
zv,-49.56356451420805,88.43643548579195,1000
xg,-3.305229278693657,14.694770721306343,1000
kx,-89.72383185257972,30.276168147420282,1000
gz,-1.7516139923343603,28.24838600766564,1000
fu,-34.1632608086068,94.83673919139319,1000
ky,-67.84124208010445,37.15875791989554,1000
lg,-24.676247181273958,25.323752818726042,1000
fx,-9.179736863746825,17.820263136253175,1000
fa,-84.56373688897177,26.43626311102823,1000
qk,-79.66380733322688,7.336192666773119,1000
bs,-96.99483097362149,34.00516902637851,1000
ol,-30.30728847053519,27.69271152946481,1000
pt,-26.71961295546997,73.28038704453003,1000
dy,-66.23892261389919,83.76107738610081,1000
jz,-13.479181630866595,78.52081836913341,1000
bz,-20.094540752434675,11.905459247565325,1000
sl,-75.65258358266374,95.34741641733626,1000
tb,-58.45385792965339,14.546142070346614,1000
bo,-5.497302579489367,61.502697420510636,1000
bx,-70.48392585350521,85.51607414649479,1000
lj,-92.2136353419536,0.7863646580463884,1000
qt,-73.68096429778045,8.31903570221955,1000
kc,-92.92548192738681,79.07451807261319,1000
mx,-88.68329783307209,4.316702166927912,1000
hk,-82.29474202356951,72.70525797643049,1000
es,-36.77037977663651,28.229620223363494,1000
mu,-36.14316498656596,33.85683501343404,1000
wz,-21.839981644232857,46.16001835576714,1000
ee,-76.9531085728977,76.0468914271023,1000
cz,-83.64406916530939,45.35593083469062,1000
eb,-66.4447171717006,83.5552828282994,1000
aa,-70.58459046316106,69.41540953683894,1000
vr,-74.84749893837258,0.1525010616274225,1000
sp,-83.69699162095937,20.303008379040637,1000
pk,-78.26198670581945,76.73801329418055,1000
fi,-32.72903860313924,8.270961396860763,1000
me,-52.854492992806314,80.14550700719369,1000
bu,-83.17321478773175,73.82678521226825,1000
ok,-21.550305298309524,30.449694701690476,1000
av,-3.656275961187263,46.34372403881274,1000
wm,-25.017879214257903,16.982120785742097,1000
mf,-75.2828208915623,62.71717910843771,1000
rv,-59.38164463164295,74.61835536835706,1000
cn,-43.60506406708747,56.39493593291253,1000
wq,-17.926519327540564,17.073480672459436,1000
xv,-26.39677398550246,60.60322601449754,1000
dj,-88.08927986860097,61.91072013139904,1000
bb,-78.00006942405487,97.99993057594513,1000
lf,-91.69735843519157,89.30264156480843,1000
em,-48.27686562326246,54.72313437673754,1000
fn,-54.34968879238614,87.65031120761385,1000
dk,-48.77129933428651,26.228700665713486,1000
zk,-79.70411384003759,93.29588615996241,1000
nd,-40.7540861492884,24.245913850711606,1000
jh,-36.16264330152215,21.837356698477848,1000
bt,-29.420558291272936,47.57944170872707,1000
qc,-87.91011818685118,22.08988181314882,1000
nj,-56.46772673832483,15.53227326167517,1000
ta,-15.618486671429322,77.38151332857068,1000
od,-38.697315642332654,36.302684357667346,1000
lv,-18.14291022923668,9.85708977076332,1000
tc,-47.10617935461947,59.89382064538053,1000
bp,-59.88430301252201,40.11569698747799,1000
vb,-29.412898335390633,6.587101664609368,1000
pd,-36.64521496421542,50.35478503578458,1000
wr,-93.27886698874794,54.72113301125206,1000
my,-50.631479742827565,85.36852025717243,1000
sz,-7.153231052231388,76.84676894776861,1000
mo,-18.363637611356143,80.63636238864386,1000
xb,-63.06318324629644,0.936816753703561,1000
nq,-81.06397337946885,3.9360266205311563,1000
wt,-0.1499507187649386,84.85004928123506,1000
es,-27.93310032289706,15.066899677102937,1000
ob,-96.34975882561936,61.65024117438064,1000
tc,-73.01439509105126,73.98560490894874,1000
lq,-63.360822986728856,1.6391770132711425,1000
vh,-74.77959451810489,5.22040548189511,1000
ea,-1.0659752219043548,48.93402477809565,1000
eg,-40.05868577770627,44.94131422229373,1000
ax,-39.39008182633441,38.60991817366559,1000
ts,-96.78724259990108,1.2127574000989227,1000
gs,-25.60090731969552,28.39909268030448,1000
pl,-77.43937549540597,50.56062450459403,1000
fa,-4.79808596003319,35.20191403996681,1000
ia,-22.963309327188473,84.03669067281153,1000
cl,-21.361368334740142,20.638631665259858,1000
vj,-72.50527902446419,15.49472097553581,1000
qs,-91.35028053442667,86.64971946557333,1000
nm,-64.94770418378207,36.05229581621793,1000
pp,-93.87412331598246,42.12587668401755,1000
au,-50.242894579556314,58.757105420443686,1000
sp,-51.72662314323581,9.273376856764187,1000
uu,-4.578178171024565,56.42182182897544,1000
ld,-48.49951173137229,3.500488268627712,1000
vy,-52.87388824048986,81.12611175951014,1000
vr,-65.77780399187255,51.22219600812745,1000
rz,-53.73486845900516,25.265131540994837,1000
iu,-48.03242443145692,5.96757556854308,1000
ur,-19.598096567572735,21.401903432427265,1000
nv,-20.71760757383861,58.282392426161394,1000
dz,-37.712461588900794,63.287538411099206,1000
nr,-56.16215282482813,80.83784717517187,1000
ub,-77.10337031157275,71.89662968842725,1000
qa,-62.44089832022081,71.55910167977919,1000
yf,-20.182352622118014,16.817647377881986,1000
yk,-77.35442096974278,7.645579030257227,1000
yn,-62.5017954530912,35.4982045469088,1000
wa,-16.34615806240789,59.653841937592105,1000
yx,-6.509336080338939,25.49066391966106,1000
jm,-10.034295754937792,23.96570424506221,1000
xw,-42.78522316031445,45.21477683968555,1000
sp,-4.4995133394159,18.500486660584098,1000
sl,-85.92984453439314,77.07015546560686,1000
fq,-1.298834540044218,15.701165459955782,1000
eo,-26.381486469191145,44.618513530808855,1000
ad,-91.92649507921864,34.07350492078135,1000
ui,-83.62542209249824,46.37457790750176,1000
ee,-27.773201274609598,23.226798725390402,1000
rf,-18.168071357048838,55.83192864295116,1000
pn,-64.3499342821955,36.650065717804495,1000
is,-68.85524816286171,89.14475183713829,1000
hm,-90.38377660886079,11.616223391139217,1000
fx,-73.4760159231318,9.523984076868198,1000
ku,-63.985363337779376,96.01463666222062,1000
hy,-94.77206292811184,9.227937071888164,1000
wl,-28.938937399864628,24.061062600135372,1000
cl,-95.61523024831119,60.3847697516888,1000
gy,-8.834176202113536,59.16582379788646,1000
zt,-31.30232961174218,7.697670388257819,1000
rj,-30.840948204730196,72.1590517952698,1000
wt,-5.340884496817271,48.65911550318273,1000
pz,-84.5985511030482,92.4014488969518,1000
rc,-20.749145447338474,15.250854552661526,1000
xu,-23.27468800340323,97.72531199659677,1000
zr,-14.488392400342656,85.51160759965734,1000
xa,-71.80470802172945,43.19529197827055,1000
ka,-7.6825071968991825,51.31749280310082,1000
ou,-70.40516741805565,98.59483258194435,1000
gh,-90.81281951057147,59.18718048942852,1000
ry,-34.031232841804396,64.9687671581956,1000
pc,-2.921911889646486,68.07808811035352,1000
mf,-20.321346940084535,71.67865305991546,1000
sp,-23.949894274727043,17.050105725272957,1000
mo,-49.3549265990853,27.645073400914697,1000
nt,-30.080569393360452,4.919430606639547,1000
mh,-39.25765257267824,40.74234742732176,1000
li,-68.7236610421985,29.276338957801492,1000
vi,-65.42564345621636,91.57435654378364,1000
uh,-18.927878220413803,90.0721217795862,1000
sl,-20.503613941189727,71.49638605881027,1000
ne,-4.064901939542859,22.93509806045714,1000
xb,-7.588567759077071,95.41143224092293,1000
eh,-77.0819963939217,58.91800360607831,1000
qp,-64.84949899813009,48.15050100186991,1000
ul,-65.49718917452769,23.502810825472306,1000
vq,-67.72452796809804,3.2754720319019506,1000
ur,-79.75494236746947,91.24505763253053,1000
yi,-82.69241002726739,62.307589972732615,1000
cg,-10.582556705756442,76.41744329424355,1000
xh,-90.93475125154751,56.06524874845249,1000
xj,-94.94853017572424,11.05146982427575,1000
xx,-19.323078524850963,2.6769214751490362,1000
bi,-48.43838857840211,66.56161142159789,1000
np,-62.336401338654994,42.663598661345006,1000
wk,-69.88683659421886,78.11316340578114,1000
uh,-58.181881847877776,44.818118152122224,1000
jr,-1.4966134128985473,35.50338658710145,1000
aw,-56.603689049326334,71.39631095067367,1000
gi,-84.41313776248305,21.586862237516954,1000
fz,-78.1028847833391,86.8971152166609,1000
zs,-56.54808785716555,29.451912142834452,1000
ty,-67.98476838628925,64.01523161371075,1000
jg,-43.375928764322026,61.624071235677974,1000
nz,-3.7083723218564195,18.29162767814358,1000
or,-42.46558105272979,25.534418947270208,1000
ot,-31.052696984869094,10.947303015130908,1000
jo,-36.380080258138015,95.61991974186199,1000
kp,-75.73366568362631,95.26633431637369,1000
gc,-62.13938601347741,63.86061398652259,1000
iv,-15.620524182689863,19.379475817310137,1000
hn,-1.2746705950307726,77.72532940496923,1000
bd,-20.92350475667764,19.07649524332236,1000
qz,-93.44428423164132,42.55571576835869,1000
uh,-35.341122635002016,86.65887736499798,1000
xd,-47.49160840725543,82.50839159274457,1000
kj,-38.52660602662433,72.47339397337568,1000
fu,-85.44621872360436,53.55378127639564,1000
si,-71.42010485746688,26.579895142533122,1000
et,-67.35599243918813,37.64400756081188,1000
rj,-41.98097236605005,80.01902763394996,1000
jj,-33.719065940626415,54.280934059373585,1000
zu,-4.109328224327054,72.89067177567294,1000
kh,-11.338640943521362,31.661359056478638,1000
xn,-45.824661675951866,56.175338324048134,1000
lv,-20.655788918746573,10.344211081253427,1000
bd,-67.01626515568276,26.98373484431724,1000
fh,0.17519266871609596,17.175192668716097,1000
bi,-88.7051955844645,28.2948044155355,1000
jr,-71.90553128899846,20.09446871100154,1000
eq,-4.401919369362854,93.59808063063714,1000
fn,-79.80953983153215,18.19046016846785,1000
ai,-58.66081898010918,43.33918101989082,1000
hz,-37.310213905512946,28.68978609448705,1000
uu,-18.421229916056113,42.57877008394389,1000
fc,-20.098964840948728,35.90103515905127,1000
gj,-39.62816445444188,33.37183554555812,1000
nv,-87.2498820444067,90.7501179555933,1000
fu,-21.44389933306175,38.55610066693825,1000
fv,-73.09034572528543,30.909654274714566,1000
gz,-45.80117726127093,35.19882273872907,1000
xk,-74.78061919433901,93.21938080566099,1000
lw,-36.691759730733885,49.308240269266115,1000
vo,-90.65700673405206,80.34299326594794,1000
dh,-17.522452418214268,62.477547581785736,1000
zl,-57.03760612195877,6.962393878041236,1000
kw,-63.74966963556044,88.25033036443956,1000
nw,-16.45342743216331,13.546572567836693,1000
uc,-56.32241827053836,66.67758172946164,1000
ye,-19.375740667215634,19.624259332784366,1000
kg,-44.29477180556159,56.70522819443841,1000
ln,-82.02786312844745,43.97213687155254,1000
nh,-6.868885190646489,23.13111480935351,1000
oh,-9.606529248396194,58.39347075160381,1000
mp,-27.227247162954495,57.77275283704551,1000
vb,-83.1372117256744,79.8627882743256,1000
wd,-8.944506507347741,13.055493492652259,1000
ro,-46.18834505297932,65.81165494702068,1000
qz,-7.365234750226525,1.6347652497734746,1000
ly,-51.64235750556042,32.35764249443958,1000
ss,-87.49900753878023,65.50099246121977,1000
hh,-94.82933577184757,74.17066422815243,1000
wh,-39.21367208253724,74.78632791746276,1000
ep,-28.361963468248195,88.63803653175181,1000
qn,-14.39814823452025,60.60185176547975,1000
yp,-5.059362139391602,47.9406378606084,1000
ue,-9.174253298177206,66.8257467018228,1000
pa,-96.13365397349467,37.86634602650533,1000
rm,-36.55456827217686,52.44543172782314,1000
fi,-85.74845642987937,27.251543570120628,1000
gl,-33.854382770214556,49.145617229785444,1000
tz,-59.01438269221418,32.98561730778582,1000
yd,-88.23958980191765,97.76041019808235,1000
bq,-16.24346704338072,69.75653295661928,1000
eq,-3.6347960348923456,70.36520396510765,1000
vx,-66.99420957995694,44.00579042004306,1000
zc,-78.2116697548177,0.7883302451822937,1000
yv,-12.79716496238936,55.20283503761064,1000
zi,-95.28131934112747,36.71868065887252,1000
gw,-3.252391168445112,62.747608831554885,1000
zf,-65.18699773548002,64.81300226451998,1000
yq,-7.223220493045079,69.77677950695492,1000
qw,-11.289179747920725,59.71082025207927,1000
yr,-6.677076905492246,4.322923094507754,1000
rg,-61.920796716113365,17.07920328388664,1000
as,-71.15547541828165,15.844524581718353,1000
yo,-53.588500715745454,30.411499284254546,1000
cw,-56.132565150593116,36.867434849406884,1000
qx,-1.7470503454249027,39.2529496545751,1000
gf,-77.46372366493156,6.53627633506844,1000
ec,-26.552286400231132,59.44771359976887,1000
ff,-93.77260912425157,15.22739087574843,1000
fi,-76.18698843203556,30.813011567964438,1000
hv,-19.128534701335916,27.871465298664084,1000
nn,-29.555187417401374,97.44481258259863,1000
sv,-17.723642976755134,40.27635702324487,1000
ru,-72.72522902677335,7.27477097322665,1000
jy,-3.070645744864969,68.92935425513502,1000
qu,-2.1491547264136206,94.85084527358637,1000
iq,-31.301007915554067,28.698992084445933,1000
oz,-43.70772195918825,33.29227804081175,1000
rw,-41.959804129958926,38.040195870041074,1000
lb,-46.28565019509319,15.714349804906806,1000
gc,-75.89501110986242,29.104988890137584,1000
my,-80.86465033551579,80.13534966448421,1000
ta,-87.68921662320295,11.310783376797051,1000
we,-4.5330553836887635,43.46694461631124,1000
ye,-66.25628709687041,39.74371290312959,1000
iq,-33.54099342214662,39.45900657785338,1000
ck,-85.27681893096073,8.723181069039272,1000
gx,-74.86004289666461,33.139957103335384,1000
le,-81.87192134952295,52.12807865047705,1000
rp,-94.96148020743503,61.03851979256496,1000
io,-61.38070395353372,8.619296046466282,1000
co,-6.530571200796235,67.46942879920377,1000
dw,-33.15299844797471,16.847001552025286,1000
pf,-22.865227109248366,16.134772890751634,1000
tv,-89.97985145863301,57.020148541367,1000
dm,-10.913071847979554,32.08692815202045,1000
te,-14.797994820518062,22.202005179481937,1000
hd,-89.90264933414541,96.09735066585459,1000
xo,-51.12632417265932,58.87367582734068,1000
aw,-16.060368186359902,27.939631813640098,1000
ae,-9.714020132639416,41.28597986736059,1000
bz,-41.48749604870545,11.51250395129455,1000
pw,-67.86184075584806,32.13815924415193,1000
ty,-55.43864666363513,64.56135333636486,1000
vi,-71.85399283750542,41.146007162494584,1000
wz,-72.63714900505983,1.3628509949401786,1000
jv,-63.64297175876507,82.35702824123493,1000
kf,-90.4173211239916,37.582678876008394,1000
re,-14.32966473090217,91.67033526909783,1000
px,-42.62031756220268,47.37968243779732,1000
gq,-50.517005908578156,17.48299409142184,1000
zg,-35.667744019428376,60.332255980571624,1000
lj,-22.654605204060637,95.34539479593937,1000
qa,-71.56163370149537,57.43836629850463,1000
qb,-77.5677242073704,3.4322757926295955,1000
ia,-26.916042226210596,47.0839577737894,1000
il,-59.27388986646685,62.72611013353315,1000
co,-26.89428227068372,43.10571772931628,1000
pe,-49.9350511332279,9.064948866772095,1000
jh,-27.774516026411675,92.22548397358833,1000
xv,-64.75338255067412,19.246617449325885,1000
zn,-82.82845843348638,79.17154156651362,1000
ys,-67.04649808181722,49.95350191818277,1000
bi,-9.509182240253493,34.490817759746506,1000
cq,-41.404174663022644,39.595825336977356,1000
qd,-95.769951985945,59.230048014054994,1000
iy,-56.76453259757317,94.23546740242682,1000
ug,-45.17699636279158,78.82300363720843,1000
xh,-45.36978510804804,51.63021489195196,1000
qq,-45.81791856107932,69.18208143892069,1000
qw,-15.914301039857877,55.085698960142125,1000
ja,-74.04521055505111,39.95478944494889,1000
xl,-21.164571922799166,28.835428077200834,1000
vm,-37.293733106605096,31.706266893394908,1000
pv,-18.35966738836578,77.64033261163422,1000
oy,-6.906655230673913,52.09334476932609,1000
cm,-74.62572028313843,48.37427971686157,1000
lh,-12.146263563161215,51.85373643683879,1000
gl,-32.1419447141708,57.8580552858292,1000
hp,-22.21914561942051,85.7808543805795,1000
mo,-16.854821524637927,65.14517847536207,1000
fb,-90.43569070997864,36.564309290021356,1000
eg,-31.696063037180092,66.3039369628199,1000
wg,-75.0250945102892,18.974905489710807,1000
lx,-51.0074953650354,46.9925046349646,1000
gx,-62.375115194773734,54.624884805226266,1000
au,-56.6501721488698,42.3498278511302,1000
hz,-63.134479283436974,88.86552071656303,1000
pf,-93.3973046671812,7.602695332818795,1000
xl,-44.651315591000476,11.348684408999523,1000
mc,-12.494395285027313,22.505604714972687,1000
hm,0.9032984175303561,83.90329841753035,1000
si,-95.21405654944664,44.785943450553354,1000
un,-39.52608550893487,62.47391449106513,1000
ht,-84.81128721349415,82.18871278650585,1000
er,-14.406520105952781,92.59347989404722,1000
nv,-77.24908013280655,62.750919867193446,1000
vo,-24.899241534530216,9.100758465469786,1000
ek,-72.30794481411516,87.69205518588484,1000
gh,-75.86000132620887,31.139998673791123,1000
aa,-31.45297751442171,53.54702248557829,1000
it,-20.504338705892348,38.49566129410765,1000
du,-78.8883962991525,33.111603700847496,1000
ld,-32.091552317146416,11.90844768285358,1000
xy,-79.0411479122799,86.9588520877201,1000
yi,-71.22978089303103,25.77021910696896,1000
mw,-33.2486383698265,13.751361630173495,1000
fv,-71.36511536962328,91.63488463037672,1000
hu,-27.758084468699337,72.24191553130066,1000
gg,-24.81434458178317,53.185655418216825,1000
dt,-33.64614945042733,1.3538505495726691,1000
bk,-66.28468695915697,92.71531304084303,1000
oz,-90.51005080307512,69.48994919692488,1000
il,-41.265021282152674,97.73497871784733,1000
td,-53.39941016157149,46.60058983842851,1000
cz,-35.207701376546744,30.792298623453256,1000
hq,-49.340536892256786,3.6594631077432123,1000
ss,-76.29265080766388,91.70734919233612,1000
mk,-96.3764697714557,29.623530228544293,1000
cn,-73.87699130192605,36.123008698073946,1000
js,-68.68798656683279,43.312013433167216,1000
az,-92.00910370876639,82.99089629123361,1000
dn,-48.393781833753366,72.60621816624663,1000
bd,-64.94069598854848,73.05930401145152,1000
jo,-89.65431970242484,11.345680297575162,1000
bn,-97.17694662265936,47.82305337734064,1000
up,-49.17299168388397,56.82700831611603,1000
sr,-87.65343569251208,4.34656430748792,1000
ee,-8.353704937725132,22.64629506227487,1000
pm,-57.33988938937988,0.6601106106201243,1000
hw,-72.85135282966488,41.148647170335124,1000
ri,-22.451602444686724,69.54839755531327,1000
zj,-21.596778422046622,66.40322157795337,1000
wj,-53.619846200697026,2.3801537993029735,1000
it,-42.326560592204736,90.67343940779527,1000
kz,-86.43009419339526,36.56990580660474,1000
td,-85.78708433206927,48.21291566793073,1000
jt,-38.129853272185976,20.87014672781402,1000
hi,0.027501876615807275,40.02750187661581,1000
vz,-67.78810851541618,7.21189148458382,1000
ye,-69.58234442471058,12.417655575289421,1000
bt,-77.80822645652046,83.19177354347954,1000
me,-15.201268761116864,40.798731238883136,1000
yq,-29.220319389413447,92.77968061058655,1000
jq,-95.6185194185774,97.3814805814226,1000
gn,-84.39246472663599,9.607535273364004,1000
fv,-56.690536041590434,71.30946395840957,1000
hy,-57.5420163255531,54.4579836744469,1000
kr,-1.493590100454322,36.50640989954568,1000
ub,-43.203795366465656,55.796204633534344,1000
ay,-18.272014823578424,29.727985176421576,1000
ku,-20.77022320742954,8.229776792570458,1000
kj,-63.623574955610955,20.376425044389045,1000
ns,-9.087004116269236,68.91299588373076,1000
kv,-53.851079701415564,66.14892029858444,1000
nf,-40.966407025183564,39.033592974816436,1000
wz,-71.78087579954791,20.219124200452093,1000
tm,-41.096422786722044,97.90357721327796,1000
xq,-24.69578888345631,25.30421111654369,1000
rb,-30.048911746184732,77.95108825381527,1000
xw,-64.55276157444398,70.44723842555602,1000
hp,-39.294226759521464,97.70577324047854,1000
vl,-84.639157672578,48.36084232742201,1000
qa,-30.621028278771984,37.37897172122802,1000
fs,-49.5856899362445,21.4143100637555,1000
pd,-22.421359628054457,45.578640371945546,1000
hd,-3.7722977394592725,33.227702260540724,1000
hp,-51.141051977298154,6.8589480227018464,1000
fu,-68.40953132136735,15.590468678632648,1000
zm,-79.20037129696655,7.799628703033448,1000
fd,-96.19935371028782,47.800646289712176,1000
mo,-35.345733116576504,63.654266883423496,1000
ob,-42.693158495151515,0.3068415048484878,1000
cw,-43.705754532818624,61.294245467181376,1000
rc,-50.64794761188999,64.35205238811001,1000
ml,-29.4590171268238,85.5409828731762,1000
lm,-39.91124329777755,44.08875670222245,1000
lc,-48.337082420680275,14.662917579319723,1000
mt,-12.179342586336697,23.8206574136633,1000
zb,-17.025988079440967,95.97401192055904,1000
uh,-94.58245305633751,51.41754694366248,1000
ff,-46.52977611465054,64.47022388534945,1000
ra,-71.22128189993775,4.778718100062255,1000
tk,-17.24320478178598,41.75679521821402,1000
po,-97.76747894690014,87.23252105309986,1000
vx,-0.13441357536800402,44.865586424632,1000
kt,-27.381583256957917,33.61841674304208,1000
xy,-38.81224209613063,80.18775790386937,1000
nf,-11.852371062496982,83.14762893750301,1000
pi,-97.17495155045161,6.82504844954839,1000
bk,-82.97147148443212,96.02852851556788,1000
mn,-23.801801088540348,55.19819891145965,1000
wk,-76.1108103765422,72.8891896234578,1000
pp,-50.362381277528044,14.637618722471958,1000
sk,-79.25516103883594,11.744838961164067,1000
mh,-95.63849277274532,43.36150722725468,1000
nz,-67.54099445651431,66.45900554348569,1000
ca,-29.337762492285947,31.662237507714053,1000
yy,-38.8125979608279,69.1874020391721,1000
yu,-87.84385043152942,98.15614956847058,1000
nk,-82.65617119019856,54.34382880980143,1000
fi,-45.75203724093994,64.24796275906006,1000
go,-20.331834990534908,65.66816500946508,1000
ee,-56.42769592669976,10.57230407330024,1000
mr,-73.4134386904499,96.5865613095501,1000
yn,-41.43382227108701,98.56617772891299,1000
xu,-5.598706519231891,17.40129348076811,1000
fa,-72.35634009253201,61.643659907467985,1000
dn,-58.93214024086906,3.0678597591309424,1000
eg,-22.694291644256587,26.305708355743413,1000
xy,-34.07863190252542,8.921368097474573,1000
ka,-85.8298574196281,74.1701425803719,1000
tp,-88.66426948925408,36.33573051074592,1000
hf,-70.65922549156255,89.34077450843745,1000
rk,-53.00165306962474,56.99834693037526,1000
ci,-79.07647762484575,72.92352237515425,1000
vv,0.852420981215202,24.852420981215204,1000
il,-63.893272716362425,40.106727283637575,1000
lv,-75.36635461493363,62.63364538506638,1000
lv,-14.409859761847681,16.59014023815232,1000
dg,-70.28339800013849,91.71660199986151,1000
wr,-74.34522202577104,32.65477797422897,1000
kt,-49.797196000916266,21.202803999083734,1000
ha,-40.46920082684643,33.53079917315357,1000
co,0.7086337627983131,27.708633762798314,1000
jn,-16.122393999124927,77.87760600087508,1000
uk,-15.698914156302148,10.301085843697852,1000
kt,-51.8175688006467,62.1824311993533,1000
ne,-18.19877535246229,47.80122464753771,1000
mk,-0.41973883724638883,26.58026116275361,1000
hp,-17.70511021209807,20.29488978790193,1000
xh,-34.31194731147275,75.68805268852725,1000
xz,-53.28243794417799,34.71756205582201,1000
fd,-75.1996159086222,33.80038409137779,1000
us,-91.10896518019786,41.89103481980214,1000
ys,-70.52465981415506,34.475340185844935,1000
hg,-37.73992653788271,74.26007346211729,1000
yc,-38.22071088576892,85.77928911423108,1000
fb,-3.1648033557559145,29.835196644244085,1000
gf,-28.03179193824536,37.96820806175464,1000
ps,-61.6890757943797,29.310924205620303,1000
sk,-79.81218206077489,1.187817939225113,1000
ml,-89.80561062775024,63.19438937224976,1000
vv,-6.219156242515491,93.7808437574845,1000
vf,-51.375183843764624,87.62481615623538,1000
ig,-78.99086142876436,66.00913857123564,1000
kk,-46.41600824445733,51.58399175554267,1000
zd,-96.12363928105647,90.87636071894353,1000
lw,-43.44288721605687,55.55711278394313,1000
vm,-76.22944415618777,23.770555843812225,1000
bu,-63.77562061599005,83.22437938400995,1000
av,-15.034341716808278,22.965658283191722,1000
fi,-95.84355108546215,32.15644891453785,1000
aw,-44.80649087459601,21.193509125403995,1000
dg,-21.702632099725943,50.29736790027406,1000
so,-26.36748709921742,61.63251290078258,1000
er,-7.947390966567781,24.05260903343222,1000
jk,-45.4029679728974,61.5970320271026,1000
vi,-46.35849001896666,43.64150998103334,1000
ks,-32.15411643090736,1.8458835690926416,1000
ds,-65.69765709344006,54.30234290655994,1000
nz,-64.60342006959497,35.396579930405025,1000
ro,-97.79185625714035,92.20814374285965,1000
ff,-81.70520893508997,16.294791064910033,1000
qr,-18.897203990167142,41.10279600983286,1000
dx,-45.19652564002312,44.80347435997688,1000
ow,-57.63021834492791,78.36978165507209,1000
fi,-39.10445940982811,52.89554059017189,1000
rn,-8.198660531201135,24.801339468798865,1000
nl,-13.955072551329195,7.044927448670805,1000
ws,-62.4665327841632,72.5334672158368,1000
xj,-96.0093793234087,94.9906206765913,1000
wy,-22.99507070215714,64.00492929784286,1000
zm,-28.844936002578667,20.155063997421333,1000
jc,-8.446653416365386,62.553346583634614,1000
vv,-61.16922872532749,5.830771274672505,1000
sc,-56.268957348160704,39.731042651839296,1000
dt,-12.951646107297298,6.048353892702701,1000
iz,-63.10612395206026,45.89387604793974,1000
sf,-5.743994620888639,32.25600537911136,1000
cl,-42.22810716748699,5.7718928325130126,1000
nt,-11.953656084599597,65.0463439154004,1000
vp,-42.45417641010215,66.54582358989785,1000
ws,-89.18190972613338,61.818090273866616,1000
jo,-87.22127930620702,66.77872069379298,1000
ha,-53.60633291093048,5.393667089069515,1000
rp,-74.00216759812962,52.99783240187038,1000
lq,-52.041595953403316,8.958404046596685,1000
yd,-64.16032596560962,91.83967403439038,1000
lm,-28.442798556873935,92.55720144312606,1000
tm,-43.57439953942058,40.42560046057942,1000
oc,-66.90980104161275,11.090198958387253,1000
jk,-92.60255001072952,7.397449989270484,1000
mf,-18.34211063683072,88.65788936316928,1000
ll,-24.196160715513333,8.803839284486667,1000
co,-23.801457139246327,27.198542860753673,1000
dw,-29.365162457810907,12.634837542189091,1000
uq,0.08205432804928825,52.08205432804929,1000
tb,-84.26140075493547,51.73859924506454,1000
vi,-13.260696161538297,37.7393038384617,1000
et,-90.14198003035341,41.8580199696466,1000
hk,-78.82720838469095,44.17279161530905,1000
xk,-12.594422394981926,36.405577605018074,1000
hj,-12.976214645654283,69.02378535434572,1000
ow,-53.817411733562786,47.182588266437214,1000
zv,-45.01095133177669,91.9890486682233,1000
sg,-16.326695705877917,91.67330429412209,1000
zx,-78.05885119230041,87.94114880769959,1000
ac,-78.76017554969287,3.2398244503071205,1000
ps,-43.22960470457808,89.77039529542192,1000
yy,-4.959571151401501,47.0404288485985,1000
uv,-97.76110549608701,41.23889450391299,1000
jj,-23.275759150606188,61.72424084939381,1000
nt,-0.10080210008350332,69.8991978999165,1000
ty,-69.65532498698698,1.3446750130130143,1000
dx,-13.361302852708938,27.63869714729106,1000
dd,-46.73270274339543,8.26729725660457,1000
yg,-41.01825741492316,44.98174258507684,1000
ke,-6.881839323123092,20.118160676876908,1000
mh,-46.29675135857092,80.70324864142908,1000
ju,-15.05052481638327,41.94947518361673,1000
zo,-60.80667960621967,24.193320393780333,1000
bg,-40.63072342621154,16.369276573788465,1000
ex,-10.15650730475961,45.843492695240386,1000
zk,-28.022496706919693,19.977503293080307,1000
ch,-52.812793888372504,50.187206111627496,1000
wh,-13.537925041094645,89.46207495890536,1000
zy,-5.317621562831129,60.68237843716887,1000
cg,-67.13467578637153,80.86532421362847,1000
ml,-90.01227670732318,31.987723292676822,1000
fu,-42.103791600125945,38.896208399874055,1000
si,-63.163016602624324,80.83698339737568,1000
im,-45.26395279721692,16.736047202783077,1000
fb,-6.156568871601374,61.84343112839863,1000
ne,-21.4548865598305,89.5451134401695,1000
ir,-73.6331840293824,22.366815970617594,1000
lh,-38.092895572161645,45.907104427838355,1000
fz,-91.19055379135978,56.80944620864023,1000
ah,-21.044879189783117,57.95512081021688,1000
gr,-88.47566490025208,47.524335099747915,1000
sh,-61.04603933298674,26.953960667013266,1000
ye,-68.82350416358766,58.17649583641234,1000
hk,-64.98476137665604,46.01523862334397,1000
ry,-70.03247929005624,79.96752070994376,1000
tv,-91.83318467894269,89.16681532105731,1000
zo,-30.83881273518457,81.16118726481542,1000
am,-11.236347725954625,9.763652274045375,1000
ww,-62.28298332993228,1.7170166700677232,1000
hj,-96.50155587834311,71.49844412165689,1000
fz,-4.841963057478627,64.15803694252138,1000
yj,-28.988212654884286,26.011787345115714,1000
fr,-4.708164902189239,55.29183509781076,1000
bh,-25.09460823526093,22.90539176473907,1000
mn,-52.35985694277221,82.64014305722779,1000
hx,-96.63833716563795,73.36166283436205,1000
vr,0.5330575476211405,52.53305754762114,1000
cd,-7.463097782857204,10.536902217142796,1000
dy,-18.675374197169454,35.324625802830546,1000
ts,-35.80170429865267,57.19829570134733,1000
gj,-90.61547329924582,57.38452670075418,1000
qa,-16.558423581244504,21.441576418755496,1000
cq,-10.689927087906348,64.31007291209364,1000
sf,-13.102205832552286,66.89779416744771,1000
qa,-71.47482127284876,68.52517872715124,1000
nk,-85.08804681540673,30.911953184593266,1000
ys,-63.21093942321614,57.78906057678386,1000
ha,-69.65536088712913,73.34463911287087,1000
cf,-55.51270553219676,53.48729446780324,1000
ot,-16.65007075268516,48.34992924731484,1000
vo,-49.18252096805141,4.8174790319485865,1000
xj,-66.61718892366554,40.38281107633446,1000
ve,-62.63116369135143,28.36883630864857,1000
ca,-92.22026409009082,20.779735909909174,1000
pk,-65.06375567350078,61.93624432649923,1000
vc,-30.079905470294598,52.9200945297054,1000
wd,-30.835926860060916,44.164073139939084,1000
nd,-3.1283792057359725,56.871620794264025,1000
ka,-18.78141190670435,80.21858809329565,1000
gi,-74.8957936392879,50.10420636071209,1000
bb,-74.28835942403647,66.71164057596353,1000
jz,-52.49301638287576,43.50698361712424,1000
co,-96.27490942248915,56.725090577510855,1000
ra,-42.58729641967565,66.41270358032435,1000
bn,-2.3918317795908273,78.60816822040917,1000
aj,-1.7374180830502925,7.262581916949707,1000
bq,-89.05495975975496,21.94504024024504,1000
us,-78.83475855282605,84.16524144717395,1000
uy,-37.59317170198886,46.40682829801114,1000
va,-71.56824639907569,21.431753600924313,1000
jb,-32.681541330692184,28.318458669307816,1000
se,-46.4955610649696,48.5044389350304,1000
hh,-55.03659618197606,54.96340381802394,1000
gh,-44.44352803534417,8.556471964655827,1000
zd,-80.94706050898938,8.052939491010617,1000
rt,-52.85284927033272,79.14715072966729,1000
pm,-56.93343200846672,28.06656799153328,1000
qd,-27.919204885128366,61.080795114871634,1000
fj,-22.680183034599416,37.319816965400584,1000
yc,-45.8076199759222,74.19238002407779,1000
ld,-96.22475737492542,3.7752426250745845,1000
qi,-64.39706041234768,85.60293958765232,1000
hy,-76.5377381315753,89.4622618684247,1000
wc,-8.943629467902786,62.05637053209721,1000
sm,-43.26928751044325,2.730712489556754,1000
xx,-23.674645536473694,93.32535446352631,1000
gw,-64.01323474882345,81.98676525117655,1000
wy,-34.6802752479954,42.3197247520046,1000
qj,-91.17218633147934,20.827813668520662,1000
wa,-49.32265341061795,70.67734658938205,1000
hr,-10.476849314032046,95.52315068596795,1000
fe,-3.1921533904627024,86.8078466095373,1000
ts,-58.11075028028826,52.88924971971174,1000
yv,-39.68390618134014,1.3160938186598603,1000
qg,-3.7555590462035195,5.244440953796481,1000
oi,-89.21741389818119,25.782586101818815,1000
oj,-83.36857097541372,29.631429024586275,1000
tm,-87.10054692473845,46.89945307526155,1000
me,-19.327965158152285,18.672034841847715,1000
tz,-53.705347340619014,14.294652659380986,1000
su,-93.58606615784382,25.413933842156183,1000
ly,-8.92280312488476,13.07719687511524,1000
rr,-23.24294022067757,75.75705977932243,1000
bv,-17.19676065447883,24.80323934552117,1000
ic,-38.788872008241455,84.21112799175854,1000
ae,-34.40360680535606,12.596393194643936,1000
ow,-75.49651197746482,21.503488022535176,1000
df,-53.69690446984747,3.3030955301525338,1000
la,-66.71757447065075,37.282425529349254,1000
db,-49.85631143963576,38.14368856036424,1000
sj,-44.900959703155735,33.099040296844265,1000
ef,-46.96114970422998,49.03885029577002,1000
vi,-2.5741607146177987,43.4258392853822,1000
vp,-92.55701365053926,48.44298634946074,1000
yp,-39.742710246543,38.257289753457,1000
vx,-42.27055760374262,24.729442396257387,1000
oq,-64.99942592934912,68.00057407065088,1000
ux,-61.45927100386076,39.54072899613924,1000
hb,-41.39894087545419,31.601059124545813,1000
ru,-81.65751169336936,20.342488306630642,1000
lk,-30.313691998677267,17.686308001322733,1000
hg,-32.36195601133596,95.63804398866404,1000
gy,-7.378496689773374,74.62150331022663,1000
oc,-17.072289795139408,19.927710204860592,1000
jt,-71.57424981415807,43.42575018584193,1000
vd,-38.461108562669665,16.538891437330335,1000
fk,-53.244414589004144,83.75558541099586,1000
oi,-59.26121516865806,37.73878483134194,1000
gf,-13.392291943840142,82.60770805615985,1000
vm,-75.02422343836791,36.975776561632095,1000
dj,-48.88805154086832,82.11194845913168,1000
vs,-29.169341075191973,97.83065892480803,1000
pm,-95.24159483740266,2.7584051625973363,1000
nm,-13.724997917973825,40.27500208202618,1000
nx,-23.969012767126088,95.03098723287391,1000
le,-93.84025174798244,66.15974825201756,1000
un,-33.46970576937462,27.53029423062538,1000
pi,-50.15531208869856,95.84468791130145,1000
sa,-10.858191631508175,41.14180836849182,1000
za,-91.14358959790698,80.85641040209302,1000
yi,-93.0694270494968,24.93057295050321,1000
nt,-47.48402859805905,10.515971401940952,1000
zh,-15.875678075190157,30.12432192480984,1000
uk,-75.28727699218865,13.71272300781135,1000
bj,-2.25674988541493,54.743250114585074,1000
dk,-90.80494515522679,76.19505484477321,1000
sx,-0.5799590365190759,57.42004096348092,1000
rl,0.7590556739918068,6.759055673991806,1000
mm,-61.24954737910589,32.75045262089411,1000
gb,-93.42305326028692,57.57694673971309,1000
mx,-76.71263588355447,90.28736411644553,1000
xp,-5.297595685672179,24.702404314327822,1000
ro,-95.90537097048062,59.09462902951939,1000
ys,-54.98782858020719,9.012171419792805,1000
ir,-35.687345330246934,11.312654669753062,1000
hu,-58.83721742485025,16.16278257514975,1000
me,-38.31105749273867,96.68894250726133,1000
in,-76.6079996921565,42.392000307843496,1000
kb,-60.8374209997654,7.1625790002346035,1000
ga,-17.225607718216438,61.77439228178356,1000
lf,-15.47314796013488,24.526852039865123,1000
bl,-18.321209105627606,77.6787908943724,1000
vf,-19.135667582551587,69.86433241744841,1000
pf,-50.069101747113734,44.930898252886266,1000
xk,-22.19477407513568,39.80522592486432,1000
no,-10.374389774703426,39.625610225296576,1000
ca,-19.769907062287928,27.230092937712072,1000
jd,-97.75561983684429,33.244380163155704,1000
fg,-31.90866199047357,29.09133800952643,1000
gz,-28.814382707225253,78.18561729277475,1000
vp,-54.25661445555083,21.74338554444917,1000
ru,-77.55731983487115,93.44268016512885,1000
sz,-18.491864561456296,39.508135438543704,1000
uv,-51.33552416427506,73.66447583572494,1000
ja,-2.1416506547973553,60.85834934520265,1000
ec,-16.477889473183684,60.52211052681632,1000
xb,-85.13132726821183,25.86867273178816,1000
te,-74.42308399477201,84.57691600522799,1000
tq,-59.785977875702216,20.214022124297788,1000
dh,-20.559629860888258,10.440370139111742,1000
ij,-50.051961307527556,87.94803869247245,1000
aq,-72.67175284370666,75.32824715629334,1000
vh,-43.96702779483686,28.032972205163137,1000
re,-10.363329167139016,75.63667083286099,1000
hr,-23.338907174622285,14.661092825377715,1000
mp,-62.30109658025824,36.69890341974176,1000
wc,-12.106060253163653,90.89393974683635,1000
bw,-21.89538380971576,11.104616190284242,1000
cv,-17.776769688132966,90.22323031186703,1000
dn,-78.29519229565655,11.704807704343455,1000
sd,-49.51138489152303,63.48861510847697,1000
wu,-95.22984041076727,54.77015958923273,1000
uw,-70.10848804074921,54.89151195925079,1000
wf,-67.94984546525599,9.05015453474401,1000
fw,-7.751871662579466,94.24812833742054,1000
xz,-0.6306026582991264,57.369397341700875,1000
ar,-23.44810273515031,14.55189726484969,1000
wu,-35.77895117174346,47.22104882825654,1000
nw,-32.187169196148325,78.81283080385168,1000
dj,-71.13787589472126,6.862124105278734,1000
ul,-77.27667535060567,83.72332464939433,1000
it,-80.40000475348386,43.59999524651615,1000
nm,-80.94366984371958,5.056330156280422,1000
fp,-33.330064514796945,76.66993548520306,1000
sj,-7.4529980800558056,81.5470019199442,1000
eo,-25.938323370780804,90.06167662921919,1000
bo,-42.11800124059518,48.88199875940482,1000
ea,-7.164296903675986,20.835703096324014,1000
yu,-10.685885257016666,15.314114742983334,1000
wj,-85.85002243566547,91.14997756433453,1000
et,-29.908247194029833,51.09175280597017,1000
yu,-66.93995428994553,0.06004571005446091,1000
uu,-53.31753307547613,13.682466924523876,1000
oi,-23.388953320175276,89.61104667982472,1000
yj,-87.20952585963468,58.79047414036532,1000
fd,-76.24895779692457,98.75104220307543,1000
ei,-58.47588968003129,46.52411031996871,1000
ue,-32.99331036744089,49.00668963255911,1000
pl,-3.6710733413878844,88.32892665861212,1000
xp,-44.400175072415074,73.59982492758492,1000
vo,-44.90603095288112,52.09396904711888,1000
xa,-9.38752955677493,59.61247044322507,1000
af,-42.860488799113384,80.13951120088662,1000
ax,-57.262387395930006,4.737612604069995,1000
ql,-40.69673722395153,19.303262776048467,1000
ul,-49.838029411115734,75.16197058888427,1000
pw,-85.53497949316849,34.46502050683151,1000
ha,-94.58274424596523,31.41725575403477,1000
oa,-77.77056542569709,80.22943457430291,1000
ol,-58.84046468059837,6.159535319401624,1000
fd,-1.496923724526262,73.50307627547373,1000
yz,-20.202949254080874,70.79705074591912,1000
ig,-39.306751285646065,13.693248714353937,1000
wf,-20.99497006313496,29.00502993686504,1000
io,-67.04926629773159,21.95073370226841,1000
dg,-37.42324398733007,95.57675601266993,1000
tz,-13.209659708774343,26.790340291225657,1000
jv,-60.422087404060925,14.577912595939077,1000
yi,-27.814760841580195,69.1852391584198,1000
wa,-16.19976726120369,61.80023273879631,1000
mf,-82.19706260733254,97.80293739266746,1000
cx,-88.19695068049779,63.803049319502215,1000
nd,-69.37853034735572,47.62146965264428,1000
ol,0.31522374169781,72.3152237416978,1000
uz,-68.87203037887684,1.127969621123158,1000
jp,-64.0399985604653,88.9600014395347,1000
af,-16.959756087602894,74.0402439123971,1000
mi,-88.77525537246918,40.224744627530825,1000
yp,-80.77761880353249,4.222381196467504,1000
nx,-21.777965501040722,10.222034498959276,1000
xy,-87.06610593121327,64.93389406878673,1000
dz,-23.6905527094051,6.3094472905949,1000
vu,-88.00085385801053,54.99914614198948,1000
si,-83.67185713376297,17.328142866237027,1000
xa,-42.14986522586978,96.85013477413023,1000
vf,-79.65972464638354,28.340275353616466,1000
xn,-86.99915317513187,33.000846824868134,1000
km,-65.29404818742466,48.70595181257533,1000
ul,-61.86432238823482,14.135677611765185,1000
jr,-70.86813471568773,72.13186528431227,1000
gt,-85.92621617378943,52.07378382621057,1000
jn,-41.09547148852361,0.9045285114763911,1000
qs,-14.058326850206816,19.941673149793182,1000
ey,-13.039049635323831,28.96095036467617,1000
ka,-50.81744433780042,54.18255566219958,1000
no,-36.89024857306112,66.10975142693887,1000
bw,-76.68049530217314,63.31950469782685,1000
ov,-93.43630912896391,7.563690871036094,1000
kj,-27.41615117147022,17.58384882852978,1000
td,-81.83963643550707,81.16036356449293,1000
kq,-46.27225807888776,3.7277419211122416,1000
yc,-97.00709558254117,91.99290441745883,1000
qj,0.6021883517142668,54.60218835171427,1000
ah,-30.8512978658348,95.1487021341652,1000
db,-64.43617983948872,88.56382016051128,1000
gt,-42.82913593411978,6.1708640658802185,1000
xr,-67.96104752506353,47.03895247493647,1000
wb,-6.567002524779305,3.432997475220695,1000
kt,-50.77933681230506,75.22066318769494,1000
vd,-69.72605315718775,80.27394684281225,1000
af,-59.58185867353726,60.41814132646274,1000
zn,-43.78176462528951,17.21823537471049,1000
cs,0.45610555422876886,54.45610555422877,1000
ro,-51.680001370408775,70.31999862959123,1000
kd,-0.025187193574507605,11.974812806425492,1000
gi,-25.816386972643237,85.18361302735676,1000
uu,-47.17662832945444,30.823371670545562,1000
jb,-73.15714867943183,98.84285132056817,1000
fh,-81.47309341775502,44.52690658224497,1000
gl,-74.2318204680338,48.7681795319662,1000
fz,-37.28607302302055,3.7139269769794474,1000
eh,-12.873751723876993,68.12624827612301,1000
ez,-57.373013428239865,77.62698657176013,1000
vd,-89.41013099289827,29.589869007101722,1000
oe,-36.36760483267096,35.63239516732904,1000
hw,-10.830329656117604,38.169670343882395,1000
rw,-82.93544747244977,52.06455252755024,1000
ir,-36.99445271041891,48.00554728958109,1000
ke,-71.10594791415795,52.89405208584205,1000
rb,-15.233623656687326,57.76637634331267,1000
pc,-53.2951505993749,94.70484940062511,1000
gg,-65.65215381546501,88.34784618453499,1000
su,-17.083143130086977,36.91685686991302,1000
iu,-27.7494836681691,80.2505163318309,1000
sp,-68.50284049484556,91.49715950515444,1000
fh,0.012646265238423715,84.01264626523843,1000
nn,-39.149462106639795,11.850537893360203,1000
ay,-68.67645927642084,76.32354072357916,1000
fc,-8.569207372454139,71.43079262754586,1000
ft,0.5153644982553294,35.51536449825533,1000
ln,-5.247505612670353,80.75249438732965,1000
lk,-62.899325735679675,78.10067426432032,1000
sz,-42.28987174177161,41.71012825822839,1000
ki,-29.190027754367957,97.80997224563204,1000
kv,-56.11852106738261,14.88147893261739,1000
ov,-96.88999717295712,42.110002827042884,1000
bp,-23.802869198267405,18.197130801732595,1000
ok,-82.17107143222215,31.828928567777847,1000
us,-64.95121487443622,22.04878512556379,1000
kf,0.7980523647022449,79.79805236470224,1000
sn,-68.54830878893667,50.451691211063334,1000
lk,-5.133192065704782,35.86680793429522,1000
im,-69.1743596797303,54.8256403202697,1000
dn,-1.0743942227864092,11.92560577721359,1000
gk,-31.584658370249013,38.41534162975099,1000
ba,-53.93006175427662,22.069938245723378,1000
vq,-95.06890634297109,10.931093657028912,1000
xp,-26.204286064847874,39.79571393515213,1000
fl,-76.02020288586925,85.97979711413075,1000
fb,-91.84490973425955,70.15509026574045,1000
gi,-15.804023094177543,39.195976905822455,1000
le,-50.46319809062979,55.53680190937021,1000
pk,-38.814581530871116,58.185418469128884,1000
hr,-70.02412196454127,26.975878035458727,1000
ui,-8.029825929712638,12.970174070287362,1000
bk,-51.78119515670095,54.21880484329905,1000
vo,-85.68497581391141,44.31502418608859,1000
hb,-82.38724327241958,78.61275672758042,1000
nr,-86.9869045358896,58.0130954641104,1000
fo,-4.36542255997663,77.63457744002336,1000
oz,-26.746000245981573,40.25399975401843,1000
kn,-71.7068771413507,38.2931228586493,1000
ps,-8.144850453682997,39.855149546317,1000
dz,-25.44729911331748,70.55270088668252,1000
yx,-44.164149124187986,58.835850875812014,1000
ld,-44.73896428807895,33.26103571192105,1000
cq,-25.725269515557855,48.274730484442145,1000
gt,-9.18624859253882,94.81375140746118,1000
xg,-85.77866106374495,29.221338936255044,1000
xo,-57.49610202557887,97.50389797442112,1000
md,-58.616705156664516,82.38329484333549,1000
zi,-16.94359584229181,70.05640415770819,1000
yu,-82.40449890016477,8.595501099835227,1000
lo,-82.164603227697,74.835396772303,1000
bo,-20.174950532081056,71.82504946791894,1000
sj,-37.77626738285583,13.223732617144176,1000
on,-74.63121962647071,33.3687803735293,1000
yz,-38.47671718383445,81.52328281616555,1000
lk,-53.61554284838079,4.384457151619208,1000
wt,-74.72359273517993,45.276407264820065,1000
gf,0.41936194399755844,46.41936194399756,1000
jx,-63.10617490516808,53.89382509483192,1000
hw,-1.046755384505886,67.95324461549411,1000
ty,-94.98597471013872,40.01402528986128,1000
kk,-83.71277372948612,24.28722627051388,1000
yn,-29.729587765803902,40.270412234196094,1000
iw,-57.61289359896,1.3871064010400016,1000
cz,-81.14070898024198,23.859291019758018,1000
iy,-18.545510974259052,85.45448902574094,1000
