cg,-61.228998088952935,28.77100191104707,100
zq,-58.32063313762549,34.67936686237451,100
xn,-71.49594176304225,56.50405823695775,100
hr,-63.31353455825597,95.68646544174403,100
ec,-57.4004388429355,53.5995611570645,100
dl,-51.05241563027863,83.94758436972137,100
mw,-33.87589919401279,97.12410080598721,100
wy,-69.52141021969899,3.4785897803010104,100
rs,-66.47162491877714,76.52837508122286,100
or,-7.729998263501988,16.270001736498013,100
co,-13.53281578863013,73.46718421136987,100
lr,-58.14428260852987,46.85571739147013,100
ni,-64.92013201316239,6.079867986837606,100
gd,-56.99701132629362,30.00298867370638,100
jp,-4.647734701993926,88.35226529800607,100
gn,-89.31168029289259,69.68831970710741,100
ku,-97.33606376748043,90.66393623251957,100
fa,-0.11601952347658018,51.88398047652342,100
je,-89.33115183761339,32.66884816238661,100
gg,-55.211377277536265,86.78862272246373,100
mo,-59.35803010162128,72.64196989837872,100
cw,-7.082937202015446,71.91706279798456,100
ui,-39.942502721995034,54.057497278004966,100
wb,-59.37700983649956,85.62299016350043,100
xi,-29.391169411489045,32.608830588510955,100
gn,-38.28997937729223,38.71002062270777,100
ov,-10.800461905232536,31.199538094767465,100
of,-26.71421125241213,22.28578874758787,100
pg,-24.549303324445482,24.450696675554518,100
sp,-3.122964770245798,57.8770352297542,100
rk,-56.63627707380229,96.36372292619771,100
fz,-1.1324082217793097,85.86759177822069,100
li,-75.60633632056032,19.393663679439687,100
at,-74.23303936137047,67.76696063862953,100
zq,-72.62817191183852,88.37182808816148,100
js,-64.14685331406731,94.85314668593269,100
sb,-22.36902397591414,78.63097602408587,100
jm,-83.9829825539635,40.017017446036505,100
dm,-21.374290716112096,83.6257092838879,100
dv,-39.694908081458706,85.3050919185413,100
kp,-80.91443084311884,1.0855691568811698,100
dg,-68.24253591382872,13.75746408617129,100
ff,-13.497351944885418,94.50264805511458,100
fl,-13.143701752097744,78.85629824790226,100
af,-83.62576045812271,54.37423954187728,100
hy,-87.4434219896718,32.556578010328195,100
gl,-75.8121968574082,94.1878031425918,100
gb,-56.804374814949774,66.19562518505023,100
en,-35.5984199135734,32.4015800864266,100
wv,-19.961400810960942,64.03859918903906,100
mb,-48.17099529486341,8.829004705136594,100
px,-71.47935307174056,32.520646928259445,100
cn,-47.26227288913179,92.7377271108682,100
jh,-95.82165861802946,61.17834138197054,100
yd,-62.21357599054081,71.7864240094592,100
tc,-45.372086208043825,5.627913791956173,100
cb,-26.75072007343765,32.24927992656235,100
xu,-47.298041747132515,40.701958252867485,100
yn,-76.05371885008921,28.946281149910792,100
eu,-85.57518934950747,96.42481065049253,100
ja,-72.78080577934665,13.21919422065335,100
fv,-9.828949589380725,12.171050410619275,100
ex,-52.22661874100249,37.77338125899751,100
bc,-16.619832055018016,75.38016794498199,100
ng,-79.12214455581767,79.87785544418233,100
jp,-86.76900140461466,38.230998595385344,100
zc,-35.031763417538755,20.968236582461245,100
vz,-12.680889899521551,23.319110100478447,100
sj,-85.90893633763703,77.09106366236297,100
nq,-45.88821349573221,39.11178650426779,100
oj,-64.9803088759867,36.019691124013306,100
rb,-16.686324586437554,3.3136754135624464,100
rk,-42.03370670826961,93.96629329173038,100
sj,-86.85255036395475,97.14744963604525,100
lx,-50.79001706818288,73.20998293181712,100
ur,-7.128848445877918,35.87115155412208,100
qs,-14.469128887190921,49.53087111280908,100
mu,-0.5518980765565491,73.44810192344345,100
ff,-32.64863668225952,91.35136331774048,100
fb,-35.67367612636321,83.32632387363678,100
dt,-47.36790446230297,55.63209553769703,100
ec,-13.578336857335083,48.42166314266492,100
fw,-51.79933712451157,66.20066287548843,100
cd,-78.05264842429787,38.94735157570213,100
wi,-56.39604160427873,25.60395839572127,100
uj,-79.74147558799528,92.25852441200472,100
ph,-14.337228098154323,13.662771901845677,100
be,-15.174049209229127,13.825950790770873,100
ln,-75.62778615586845,97.37221384413155,100
ts,-81.28132513733857,94.71867486266143,100
sq,-77.66835764940646,39.33164235059354,100
ll,-69.94140812771374,77.05859187228626,100
wn,-56.03150050763915,51.96849949236085,100
re,-86.07196086254883,75.92803913745117,100
lm,-73.1087228291709,20.891277170829103,100
lo,-92.31591738321272,16.684082616787283,100
am,-46.25666120382921,39.74333879617079,100
jy,-28.323524305862033,91.67647569413796,100
cu,-39.85323759382011,92.14676240617989,100
xw,-61.39876869732756,10.601231302672437,100
pw,-27.960712946611906,64.0392870533881,100
iz,-46.82472334207014,17.175276657929857,100
ps,-21.05444132947204,18.94555867052796,100
vo,-91.88265613371883,21.117343866281175,100
td,-21.480857225983925,21.519142774016075,100
ob,-79.78558932597406,78.21441067402594,100
ci,-64.37283163165881,20.62716836834119,100
bl,-66.56819146836123,21.431808531638765,100
sb,-66.54737781277866,1.4526221872213338,100
xj,-3.875876485227366,68.12412351477263,100
ff,-46.32153397205019,53.67846602794981,100
uy,-43.86308489593604,17.13691510406396,100
yj,-29.409852851857213,43.59014714814278,100
ju,-2.555071017164985,85.44492898283501,100
qs,-31.624869205874333,76.37513079412567,100
kh,-79.95180949354136,11.048190506458646,100
an,-46.88736911534036,54.11263088465964,100
vd,-36.8288763165125,41.1711236834875,100
sa,-16.09143448049046,65.90856551950954,100
ip,-55.88682304892022,75.11317695107978,100
gp,-58.54336971311573,31.456630286884273,100
wn,-34.048768410592395,88.95123158940761,100
yk,-49.97395740900578,24.02604259099422,100
xc,-46.51237811733343,37.48762188266657,100
uf,-22.78068382177933,32.219316178220666,100
jr,-87.84148830657855,71.15851169342145,100
hg,-29.879973438840555,32.12002656115945,100
sc,-64.54853237419728,17.451467625802728,100
mw,0.3299246061162233,6.329924606116223,100
wt,-20.85701204749572,33.142987952504285,100
rw,-9.584964260995214,89.41503573900478,100
tm,-90.75683676296468,80.24316323703532,100
vq,-73.16240560305609,36.83759439694392,100
oi,-32.963464102549295,53.036535897450705,100
no,-57.62963986427723,6.370360135722769,100
zv,-32.07525306959097,33.92474693040903,100
ij,-40.86371394741714,77.13628605258286,100
hi,-28.27237559947349,92.72762440052651,100
tb,-11.678653133818663,45.32134686618134,100
em,-57.2018458659837,26.7981541340163,100
zi,-59.090447338044726,19.909552661955274,100
qh,-30.98106630290738,87.01893369709262,100
jd,-66.85003169089431,74.14996830910569,100
ml,-92.63409153825253,57.365908461747466,100
mu,-18.70163471827063,19.29836528172937,100
qr,-34.780422754697824,61.219577245302176,100
wk,-10.68627611662292,33.31372388337708,100
ym,-58.60018486480565,44.39981513519435,100
lw,-35.792236260648195,86.2077637393518,100
zw,-10.894442956175787,48.10555704382421,100
ag,-27.756931939870064,7.243068060129935,100
iw,-78.50518610984813,34.49481389015187,100
gu,-88.12590035726632,69.87409964273368,100
qu,-5.810104439267433,10.189895560732568,100
en,-59.092714774412,68.907285225588,100
gk,-43.10035786071454,26.89964213928546,100
xw,-84.72761450373737,92.27238549626263,100
dj,-0.9316936594156981,20.0683063405843,100
ra,-56.25842607304846,78.74157392695153,100
oi,-56.17143108268651,69.82856891731349,100
rs,-71.65414166698642,54.34585833301358,100
dc,-61.88353591854708,3.116464081452919,100
fd,-58.53302871471414,52.46697128528586,100
gj,-84.76411955073453,93.23588044926547,100
yi,-47.85041285086488,70.14958714913512,100
tn,-15.599105158258325,18.400894841741675,100
wg,-54.31555350769874,86.68444649230126,100
nj,-75.13012694722069,81.86987305277931,100
ul,-69.44466094535225,18.555339054647742,100
av,-31.391721485994488,77.60827851400552,100
nk,-68.97503218846386,54.024967811536136,100
cu,-88.88398502326385,55.11601497673616,100
at,-66.34608486386237,10.653915136137627,100
ha,-30.618768092034653,42.38123190796534,100
gm,-53.89955758565598,7.1004424143440215,100
hm,-50.71719990095063,41.28280009904937,100
cj,-11.179452710018008,23.82054728998199,100
xc,-39.814068605842856,72.18593139415714,100
ba,-58.26750843600875,96.73249156399126,100
lp,-74.35589461536229,82.64410538463771,100
qv,-45.32867084579329,16.67132915420671,100
eo,-14.541191607401613,81.45880839259839,100
il,-63.42028967298242,61.57971032701758,100
es,-16.983830385899545,11.016169614100455,100
fl,-22.71538766116882,3.2846123388311828,100
uv,-91.34142290699849,3.6585770930015045,100
zj,-78.19820323238162,93.80179676761838,100
un,-41.00078770715291,87.99921229284709,100
fy,-54.55084806545484,84.44915193454516,100
yc,-29.28457153917194,63.71542846082806,100
hz,-35.19937048907672,19.80062951092328,100
ep,-62.00367264492612,71.99632735507389,100
lq,-29.49140735912377,97.50859264087623,100
qb,-38.19168610302043,57.80831389697957,100
xo,-58.08001219611615,50.91998780388385,100
il,-78.692291132654,74.307708867346,100
lk,-58.279152624903624,19.720847375096376,100
js,-45.80959272707192,44.19040727292808,100
kn,-55.62050784270532,45.37949215729468,100
vx,-34.89671970483213,22.10328029516787,100
vz,-78.63168076657205,50.368319233427954,100
uc,-88.8311662940751,52.168833705924904,100
rh,-90.81749649994978,45.18250350005021,100
oq,-35.17580033901538,52.82419966098462,100
lc,-14.41942194601809,31.58057805398191,100
ll,-76.76790423550314,67.23209576449686,100
ww,-77.82970701670202,16.170292983297987,100
bl,-75.4247945909845,49.5752054090155,100
oq,-93.78274624452676,5.217253755473233,100
yj,-18.05524438309178,27.94475561690822,100
aq,-74.07929806891114,95.92070193108886,100
wm,-34.99857132680761,58.00142867319239,100
dv,-9.82025534569281,12.17974465430719,100
ni,-71.33557755431511,79.66442244568489,100
pl,-67.35022717249653,56.64977282750347,100
nw,-10.18829847109942,57.81170152890058,100
do,-97.16727189610486,66.83272810389514,100
nz,-50.784851519114596,22.215148480885404,100
dn,-90.01037062423977,36.989629375760224,100
ri,-93.41216736573594,83.58783263426406,100
uw,-92.32032073805304,8.679679261946958,100
tt,-54.39219992315761,65.60780007684238,100
ih,-27.190649522918285,86.80935047708172,100
oh,-5.551059850740505,72.4489401492595,100
nt,-35.890323601800624,75.10967639819937,100
ob,-19.696513430956394,22.303486569043606,100
cx,-30.471467282789348,35.52853271721065,100
kz,-58.354838126752554,3.645161873247446,100
xa,-46.06633629154956,98.93366370845044,100
pn,-26.07956037704245,60.920439622957545,100
lm,-70.41238177591626,1.5876182240837462,100
wj,-42.296536116892234,91.70346388310776,100
ie,-81.61871335976248,42.38128664023752,100
yj,-94.80072066680592,98.19927933319408,100
oo,-9.37105556743547,2.6289444325645306,100
bv,-73.91849993007297,15.081500069927037,100
oe,-50.41992512456965,8.58007487543035,100
tg,-97.46878988721588,28.531210112784127,100
qy,-21.13096997530696,54.86903002469304,100
sk,-8.580677170492459,55.41932282950754,100
ha,-70.05080327854988,5.949196721450125,100
bz,-77.36338387067251,1.6366161293274941,100
pp,-87.91072023022782,57.089279769772176,100
td,-58.820588180388924,68.17941181961108,100
dq,-42.736837270141535,55.263162729858465,100
ke,-95.46970575560829,47.53029424439171,100
qj,-67.6269674898688,47.373032510131196,100
qf,-23.501010425400725,25.498989574599275,100
ji,-50.86672503020524,2.1332749697947646,100
eb,-80.67276932967391,69.32723067032609,100
oc,-59.23282286719767,67.76717713280233,100
rq,-56.68595858989581,62.31404141010419,100
zr,-86.29695955721331,25.70304044278669,100
eu,-64.36247334931859,24.637526650681416,100
cf,-79.93733390517922,6.062666094820779,100
jp,-26.03106147609764,59.96893852390236,100
nc,-51.56148093245947,59.43851906754053,100
pm,-7.055004845782921,60.944995154217075,100
hu,-82.1158525421357,86.8841474578643,100
dg,-28.481042717973327,67.51895728202668,100
yc,-49.579690155828594,92.4203098441714,100
rf,-89.69906641706632,79.30093358293368,100
gh,-28.430310973298397,32.5696890267016,100
qv,-60.23500084250804,18.764999157491953,100
hy,-49.12840700594473,89.87159299405528,100
si,-77.81934842651064,27.180651573489353,100
ar,-65.69558201345365,18.30441798654635,100
fl,-0.6468963364723294,45.35310366352767,100
qd,-83.86001186511373,0.1399881348862727,100
ef,-7.8767883600203845,28.123211639979615,100
qp,-78.52843085564223,51.471569144357765,100
uw,-85.01421074547422,66.98578925452578,100
qg,-20.407183147973115,56.592816852026885,100
ai,-24.912426349190465,83.08757365080953,100
yn,-33.02207226081478,81.97792773918522,100
fd,-17.050384758392294,36.9496152416077,100
wb,-9.350650826426547,55.649349173573455,100
xu,-93.42088039838335,36.57911960161665,100
bp,-92.47354438393705,5.5264556160629486,100
vv,-71.9913313797573,91.0086686202427,100
zz,-1.7199299253686742,36.280070074631325,100
sh,-39.05708809396943,97.94291190603056,100
lt,-12.96418093966667,21.035819060333328,100
zz,-35.06795427743816,78.93204572256184,100
wl,-14.709618790336059,47.29038120966394,100
yx,-82.45810775558117,29.541892244418836,100
du,-53.575875396739725,16.424124603260275,100
vk,-47.610590655730455,53.389409344269545,100
nd,-88.4857756493199,1.5142243506801016,100
zf,-78.78903212013726,7.210967879862733,100
gg,-58.22654745897473,6.7734525410252715,100
py,-36.97255380947054,74.02744619052946,100
da,-70.73681240402996,58.26318759597004,100
dp,-14.122160679774375,46.877839320225625,100
ub,-61.82498113447682,63.17501886552318,100
wp,-62.332546528319476,0.6674534716805259,100
go,-90.65177027854061,9.348229721459386,100
jb,-26.32238653480373,64.67761346519627,100
xl,-74.09145764720098,34.90854235279902,100
tr,-76.3598513321507,58.6401486678493,100
yh,-76.22801252707008,95.77198747292992,100
dw,-8.315986343538643,46.68401365646135,100
oj,-77.11332989984562,9.886670100154381,100
yc,-63.56136440069835,18.438635599301648,100
rc,-89.08581869538519,12.914181304614821,100
ht,-35.75417583997833,61.24582416002167,100
hb,-2.9683364236234207,55.03166357637658,100
jh,-67.60650385413413,92.39349614586587,100
ob,-42.87959163863965,97.12040836136035,100
jk,-38.163112712245315,31.83688728775469,100
zf,-31.70384678981758,49.29615321018242,100
sz,-84.01264326117087,72.98735673882913,100
qy,-63.06591760260874,26.93408239739126,100
ej,-4.24093876858386,4.75906123141614,100
ij,-96.15945231348793,78.84054768651207,100
sm,-3.5129543550226314,81.48704564497737,100
av,-57.314530926950276,67.68546907304972,100
to,-68.88649743445,49.11350256554999,100
mj,-65.61494745042417,91.38505254957583,100
bi,-8.41927061598534,70.58072938401466,100
xj,-90.34479844697233,34.65520155302767,100
jh,-30.510428202614637,4.489571797385363,100
vh,0.9776870732320097,18.97768707323201,100
pk,-9.835974284569792,60.164025715430206,100
lo,-78.67880462304018,73.32119537695982,100
tm,-75.67564995383674,28.324350046163264,100
qx,-2.5039734402143443,97.49602655978566,100
yr,-22.414467143210548,23.585532856789452,100
wn,-72.8555908936818,70.1444091063182,100
mw,-25.387719545330352,34.612280454669644,100
ys,-35.46561238143058,54.53438761856942,100
vr,-41.36630497952132,43.63369502047868,100
zt,-7.408845478486418,33.59115452151358,100
pn,-36.180854150105304,2.8191458498946966,100
wv,-18.37920255405088,56.62079744594912,100
hl,-8.942238084980813,27.057761915019185,100
ud,-6.203583840472139,60.79641615952786,100
jb,-1.068359455620005,83.93164054438,100
hk,-34.35870095652902,23.64129904347098,100
fa,-63.02978594431598,24.970214055684018,100
fe,-86.09042931545488,25.909570684545123,100
qt,-41.14060693056703,85.85939306943297,100
xj,-4.793738523642491,88.20626147635751,100
qv,-36.12740092479233,19.872599075207667,100
ra,-91.37410264287078,98.62589735712922,100
zt,-63.301466429323185,69.69853357067682,100
wm,-38.16121271416345,32.83878728583655,100
ak,-91.6953880613086,80.3046119386914,100
af,-5.708631545864906,66.2913684541351,100
rl,-34.802554993514676,23.19744500648532,100
uw,-77.85732114928174,4.142678850718256,100
rr,-52.80410453459553,63.19589546540447,100
zo,-90.46464826523622,44.53535173476378,100
fz,-72.8394927104277,37.160507289572294,100
iz,-91.60134470029094,53.39865529970907,100
db,-31.535217970981655,78.46478202901834,100
ao,-94.25830298605153,66.74169701394847,100
pn,-86.19992906137092,88.80007093862908,100
gz,-71.89521168088359,19.104788319116405,100
ch,-53.76976980958428,36.23023019041572,100
wl,-88.37092979205163,34.629070207948374,100
wk,-66.260495708172,66.739504291828,100
xx,-75.99856876314759,44.00143123685242,100
vz,-75.59244823948163,74.40755176051837,100
zi,-93.40749467442501,94.59250532557499,100
xh,-57.958773202635726,66.04122679736427,100
kn,-61.8745650112356,57.1254349887644,100
se,-89.60636863309325,65.39363136690675,100
sh,-15.87526663432899,33.12473336567101,100
ly,-93.90555518100177,65.09444481899823,100
dz,-85.81123104244797,39.18876895755203,100
mg,-52.47911024189086,74.52088975810915,100
ux,-63.81367947304347,13.186320526956528,100
mw,-43.841444844158175,60.158555155841825,100
cj,-27.134268848956175,7.865731151043825,100
vw,-31.494865818763788,63.505134181236215,100
yp,-83.29239907863692,57.70760092136309,100
em,-66.18051765801484,68.81948234198516,100
fj,-32.29834258084865,77.70165741915136,100
ji,-13.277977051284635,71.72202294871536,100
px,-51.168997521783815,47.831002478216185,100
hq,-57.33345993977732,96.66654006022267,100
np,-12.688924727543121,43.311075272456875,100
xr,-56.79109340634193,31.208906593658067,100
zr,-66.03573954015975,49.964260459840254,100
le,-48.93633121471569,55.06366878528431,100
tw,-64.12035454598558,2.879645454014417,100
od,-97.18006001275194,96.81993998724806,100
qr,-94.72809866508847,61.271901334911526,100
qh,-36.22860029803656,74.77139970196345,100
vz,-75.98505267817849,86.01494732182151,100
kw,-53.98800657895633,83.01199342104367,100
rg,-4.657901267682,7.342098732318,100
jn,-39.26115126040056,65.73884873959943,100
uc,-63.12965840840416,64.87034159159585,100
id,-56.10649243118642,85.89350756881359,100
bp,-48.14213562227406,72.85786437772595,100
ss,-77.6303417426541,36.3696582573459,100
sy,-31.627832271902992,77.37216772809701,100
io,-87.87988935295147,66.12011064704853,100
id,-22.150693282301354,85.84930671769865,100
cg,-56.16330193756608,83.83669806243392,100
hi,-44.51105606811604,67.48894393188395,100
rn,-54.05552336754066,15.944476632459342,100
dk,-67.59614814887279,12.403851851127207,100
hj,-84.91413343437672,91.08586656562328,100
oo,-20.425499480718287,8.574500519281713,100
nk,-46.504702845428746,55.495297154571254,100
ii,-46.75871454775223,42.24128545224777,100
ul,-95.0787292872366,41.9212707127634,100
ek,-65.79641517199448,4.203584828005518,100
wg,-90.9221871032953,43.07781289670469,100
ec,-0.7462074670985048,25.253792532901496,100
om,-64.90343990571046,60.096560094289536,100
tj,-81.04390930008907,5.9560906999109235,100
yc,-88.39379397954849,50.606206020451516,100
mq,-78.98779813639861,19.012201863601387,100
hc,-80.15558866439238,53.84441133560762,100
xq,-78.97278519028264,55.02721480971737,100
id,-79.71133988625193,1.2886601137480715,100
nq,-29.60960785043874,77.39039214956127,100
wg,-60.52470417059657,60.47529582940343,100
sg,-48.308300147399486,62.691699852600514,100
ci,-76.19797596629468,51.802024033705315,100
yt,-42.13785142885901,47.86214857114099,100
xr,-56.10533161886218,47.89466838113782,100
gq,-66.1628793883481,39.83712061165189,100
kb,-51.608846761770344,49.391153238229656,100
rm,-38.33651081923584,33.66348918076416,100
xt,-97.23756611101963,23.762433888980368,100
np,-78.02247402207065,8.977525977929343,100
eb,-88.36050746121971,60.63949253878029,100
dn,-7.862070380355809,89.1379296196442,100
dw,-95.23597871717813,45.764021282821865,100
qr,-36.505654469699685,39.494345530300315,100
hm,-15.497371146217757,26.50262885378224,100
uo,-7.42488298267795,54.57511701732205,100
us,-33.00198443912042,72.99801556087958,100
dh,-10.164633495822946,51.83536650417705,100
dq,-39.64880029955284,39.35119970044716,100
pk,-95.56333607956971,36.4366639204303,100
bu,-5.081402995248408,16.918597004751593,100
tv,-89.88260223687695,46.11739776312305,100
ty,-55.10506598602057,70.89493401397942,100
pu,-74.0362542349006,71.9637457650994,100
gt,-29.17589424580767,76.82410575419233,100
pm,-74.08390672171099,77.91609327828901,100
mv,-49.08854100324479,92.9114589967552,100
ic,-23.465077430334564,85.53492256966544,100
jc,-97.07109668868665,24.92890331131335,100
oa,-46.87862385924979,18.121376140750208,100
ge,-94.89969711690406,69.10030288309594,100
fw,-6.493289320946516,68.50671067905348,100
hv,-15.248407960296813,36.75159203970318,100
xi,-3.8394216113248194,61.160578388675184,100
yk,-96.58456815611828,7.415431843881715,100
bz,-74.369580937607,2.6304190623930004,100
tu,-67.68482027194172,29.315179728058286,100
qj,-78.18903708171148,92.81096291828852,100
os,-6.398416736154925,47.60158326384508,100
xa,-80.45832577680866,12.541674223191329,100
aw,-83.47452021584233,51.52547978415767,100
vh,-81.32217106278553,51.67782893721448,100
fe,-51.82698650387695,82.17301349612305,100
zu,-27.740086261340583,11.259913738659415,100
hz,-65.85597715913207,88.14402284086793,100
hv,-70.17843993398311,36.821560066016886,100
ye,-83.38738738659556,13.612612613404442,100
cb,-3.486953313997907,7.5130466860020935,100
wv,-83.91955709365834,80.08044290634166,100
np,-74.03407254118764,12.96592745881236,100
bg,-13.65742886706741,53.34257113293259,100
nl,-14.642533978640719,76.35746602135929,100
vw,-91.40557080163819,68.59442919836181,100
ih,-97.73202584390151,69.26797415609849,100
hz,-77.70041891756091,52.2995810824391,100
iu,-13.574261567539633,87.42573843246036,100
un,-19.435148801519507,18.564851198480493,100
pl,-60.70819839083792,11.291801609162079,100
bh,-41.42578030785348,74.57421969214651,100
wu,-57.34172368120109,24.658276318798908,100
th,-71.72137033514156,81.27862966485844,100
rs,-65.81762669697585,65.18237330302415,100
gv,-83.9018905333805,83.0981094666195,100
uy,-11.63236652846471,84.36763347153529,100
kj,-23.558369737866794,17.441630262133206,100
la,-72.37008974944328,15.629910250556716,100
uw,-15.12139539431173,75.87860460568827,100
vf,-40.363843171352535,73.63615682864747,100
kf,-52.91524643137693,5.084753568623074,100
xu,-93.0821079281411,27.917892071858894,100
wj,-75.94814618949823,98.05185381050177,100
dt,-91.28810009072511,58.71189990927489,100
cp,-0.08268678641502969,31.917313213584972,100
ds,-41.02355372128888,9.976446278711123,100
cy,-69.74365135310138,81.25634864689862,100
ce,-1.3660936639714443,59.63390633602855,100
wt,-97.59540672298719,8.404593277012811,100
vg,-12.093802654552865,1.9061973454471346,100
fo,-41.69524846859443,30.30475153140557,100
ll,-41.627335465368716,91.37266453463128,100
me,-25.268913067096516,39.73108693290349,100
ut,-79.21545481971503,91.78454518028497,100
jg,-31.30885498104307,60.69114501895693,100
zl,-0.5078687301998147,53.49213126980018,100
yp,-15.995842743867712,58.00415725613229,100
rx,-86.50808178882751,83.49191821117249,100
py,-48.71186894718494,92.28813105281506,100
bz,-35.789913987151955,45.210086012848045,100
ly,-32.256669379700256,9.743330620299743,100
qn,-63.89574676289075,67.10425323710925,100
kb,-47.945029017662776,27.054970982337224,100
sb,-75.38736245493992,2.6126375450600827,100
sk,-21.528150461111537,35.47184953888846,100
ad,-36.40140926011117,0.5985907398888284,100
ip,-66.47080910232681,79.52919089767319,100
rf,-13.396411591565995,4.603588408434005,100
vq,-13.140746171397959,36.85925382860204,100
vz,-59.863090866850136,69.13690913314987,100
hz,-83.26768874175342,73.73231125824658,100
db,-28.055523050051317,28.944476949948683,100
sk,-80.26194117816777,93.73805882183223,100
uq,-50.5800964392898,10.419903560710203,100
fx,-3.08246830930539,82.91753169069462,100
jl,-78.67789764656854,28.322102353431458,100
hl,-81.95096375381767,91.04903624618233,100
iq,-83.73189460337638,62.26810539662362,100
aj,-72.04095565346223,34.95904434653776,100
ji,-94.94462925317877,65.05537074682123,100
ve,-6.606314837391557,25.393685162608442,100
hu,-25.757196161697667,94.24280383830234,100
de,-56.454935065776574,5.545064934223428,100
re,-75.05419553937563,97.94580446062437,100
tn,-35.59948447385103,76.40051552614896,100
ji,-36.38348654297546,28.61651345702454,100
sw,-33.30347738631833,2.69652261368167,100
sk,-93.78822552473973,24.21177447526027,100
sz,-25.215353152875885,10.784646847124115,100
el,-92.53954620737161,53.46045379262839,100
sx,-18.99693757639417,76.00306242360583,100
kq,-47.69735679111973,34.30264320888027,100
ez,-3.68342216106039,90.31657783893961,100
oh,-15.462767308504798,59.537232691495205,100
ma,-82.8831354249851,91.1168645750149,100
rv,-8.503209527201351,87.49679047279865,100
nm,-91.21269305784148,60.78730694215852,100
sb,-41.35084351064416,11.64915648935584,100
me,-16.868802351329,69.131197648671,100
iv,-9.436102789236969,68.56389721076303,100
ui,-49.17642054552105,26.823579454478956,100
yp,-79.18227960624263,81.81772039375737,100
dm,-54.65299600665751,25.347003993342494,100
im,-95.89442524306878,63.105574756931226,100
se,-63.993253648049446,38.006746351950554,100
zq,-78.38934764133037,98.61065235866963,100
vc,-60.172441857680795,60.827558142319205,100
yy,-6.446301844923184,35.553698155076816,100
ub,-73.4054921977485,86.5945078022515,100
hc,-45.420327778872704,28.5796722211273,100
oo,-40.28704108113313,80.71295891886686,100
zn,-46.70165661214117,49.29834338785883,100
qu,-78.83288723837761,63.1671127616224,100
td,-63.65520175312468,14.344798246875321,100
vm,-32.91809971299161,68.08190028700838,100
cr,-75.7962384351074,91.2037615648926,100
nk,-9.61931732299426,5.380682677005741,100
of,-47.20672367127066,43.79327632872934,100
fn,-95.7604795340224,31.239520465977602,100
re,-61.61738025198403,57.38261974801597,100
jn,-56.56418621365864,8.435813786341367,100
ns,-59.430437931051685,97.56956206894831,100
zy,-44.76780599161687,16.232194008383132,100
hs,-59.32255377286596,87.67744622713404,100
rx,-69.39387930224525,23.60612069775475,100
em,-9.649507317597953,39.35049268240205,100
sd,-70.29059672824219,68.70940327175781,100
tc,-84.99225704494476,18.00774295505524,100
sd,-57.624204400461146,87.37579559953885,100
zl,-17.32087408405408,77.67912591594592,100
gk,-3.9676244947934762,13.032375505206524,100
kp,-93.69869828641295,33.30130171358705,100
vv,-93.49648349165507,76.50351650834493,100
lo,-88.22224985760495,79.77775014239505,100
qe,-15.858700920709603,81.14129907929039,100
yj,-31.602689886904077,47.39731011309593,100
qs,-48.75458356815897,25.245416431841033,100
nf,-34.352407128811855,88.64759287118814,100
iu,-92.83993124338903,63.16006875661097,100
dr,-18.133713054777264,32.86628694522274,100
ug,-6.608528598127561,75.39147140187244,100
ci,-30.020163334512727,68.97983666548727,100
vi,-81.35187339142824,42.64812660857176,100
wr,-90.71035424080394,31.28964575919606,100
jf,-83.24339437686116,53.75660562313884,100
nj,-14.033957512518498,8.966042487481502,100
ry,-31.40705539780099,17.59294460219901,100
pq,-86.08153722842948,55.91846277157051,100
ll,-28.331217011493358,30.668782988506642,100
vy,-75.94767331969607,65.05232668030393,100
vi,-1.235907097016436,4.764092902983564,100
rp,-85.54698910904426,51.45301089095573,100
mj,-37.475482673442706,92.52451732655729,100
ul,-33.492064543872665,58.507935456127335,100
pv,-74.82155991620714,51.17844008379287,100
uw,-33.053317372434165,8.946682627565833,100
hu,-69.77676450864277,62.22323549135724,100
ga,-7.053774605944504,86.9462253940555,100
ps,-48.57594161790529,17.424058382094707,100
ql,-85.09883142264086,46.901168577359144,100
vb,-69.9251319800704,75.0748680199296,100
li,-90.59345539475896,38.406544605241045,100
kq,-6.727811992635595,81.2721880073644,100
dy,-33.68774592875935,12.312254071240652,100
nn,-30.688405445434057,58.31159455456594,100
jm,-30.670714411271362,2.3292855887286383,100
gm,-83.80000803733219,37.19999196266781,100
by,-55.58432138165904,51.41567861834096,100
tn,-58.924058762489864,87.07594123751014,100
cc,-33.87432121747129,68.12567878252871,100
ow,0.47765996355734597,13.477659963557347,100
od,-33.50275931746488,69.49724068253512,100
ht,-57.60010789416431,9.399892105835686,100
zk,-73.69536829267135,40.30463170732866,100
gv,-51.29044927149874,33.70955072850126,100
zu,-52.9191357695325,39.0808642304675,100
vb,-33.395320974071026,25.604679025928974,100
dy,-46.014038836153354,77.98596116384665,100
xe,-45.27086133477623,75.72913866522377,100
fm,-75.24083592922098,47.75916407077902,100
zz,-40.829826610560815,23.17017338943918,100
zq,-64.33327424031106,70.66672575968894,100
qk,-79.15949336457459,90.84050663542541,100
pd,-95.02725852481915,39.97274147518085,100
zx,-86.44664392646236,6.553356073537646,100
nd,-37.472751928823,79.527248071177,100
xv,-54.101920740871535,46.898079259128465,100
wd,-14.244664681234543,7.755335318765456,100
tm,-23.573933081814832,68.42606691818517,100
up,-9.899542177643896,15.100457822356104,100
mi,-66.6624445917262,26.337555408273804,100
vi,-0.42937277446168964,11.57062722553831,100
gj,-35.56283509657397,80.43716490342602,100
pc,-63.55490356080548,0.4450964391945247,100
zd,-92.94781103717565,32.05218896282435,100
od,-15.756704665865076,43.24329533413492,100
ia,-60.05790483648809,53.94209516351191,100
zl,-31.15267840317878,65.84732159682122,100
cq,-36.846815135246146,32.153184864753854,100
sc,-8.529939291305983,33.470060708694014,100
fj,-21.43699564752387,94.56300435247613,100
xp,-73.48160228745668,2.5183977125433143,100
cg,-78.16645976343527,56.83354023656474,100
uo,-77.69077332224359,45.30922667775641,100
my,-27.620917021720366,90.37908297827963,100
ur,-55.61760556710586,85.38239443289413,100
kk,-80.99551492663622,8.00448507336378,100
zc,-60.21724929740288,91.78275070259713,100
pe,-79.59711584498315,15.40288415501685,100
od,-50.33542161269706,30.66457838730294,100
ax,-26.808389685425322,38.19161031457468,100
jj,-65.22447984123737,32.77552015876263,100
lo,-59.80905123943947,38.19094876056053,100
ry,-22.944843287665815,23.055156712334185,100
xa,-10.748725624024623,34.25127437597538,100
iu,-14.861638011688134,82.13836198831187,100
jq,-2.5910572830381113,96.40894271696189,100
xo,-41.90785738799746,29.09214261200254,100
zp,-39.27425446990239,6.725745530097612,100
ru,-14.36093707696131,85.6390629230387,100
jr,-46.24494702893077,73.75505297106923,100
jg,-68.8861798195759,75.1138201804241,100
oa,-23.989848818171726,82.01015118182828,100
vp,-52.70860332540889,94.29139667459111,100
ng,-18.771974061524812,19.228025938475188,100
pt,-14.413512427035988,88.58648757296402,100
ko,-34.87030289876878,74.12969710123122,100
jm,-8.035288365934294,70.96471163406571,100
fb,-67.84859866108704,56.15140133891297,100
ko,-53.96821151098975,51.03178848901025,100
dw,-14.868104148906772,33.131895851093226,100
su,-24.43458302881023,96.56541697118978,100
dq,-56.35875245483722,17.641247545162777,100
ww,-28.966203756431867,44.03379624356813,100
cw,-23.66365400214102,5.336345997858982,100
kb,-26.711206752830577,59.28879324716942,100
fe,-4.53296481466769,62.46703518533231,100
of,-83.48756164034623,19.512438359653768,100
yg,-27.655622953103762,86.34437704689624,100
wi,-77.2837927771707,77.7162072228293,100
dt,-46.56087673671106,87.43912326328895,100
jt,-48.767497677019485,43.232502322980515,100
na,-86.87387561186914,80.12612438813086,100
al,-16.608067985913486,1.3919320140865148,100
fe,-3.380165763037482,1.619834236962518,100
dj,-42.6679112338673,82.3320887661327,100
wq,-43.7044489302279,65.2955510697721,100
rz,-65.90430859347778,10.095691406522226,100
ry,-79.55471595614594,14.445284043854057,100
vl,-69.16331505066304,33.836684949336956,100
tk,-29.46763765697942,9.53236234302058,100
ms,-10.71138744911405,37.28861255088595,100
tz,-50.5766142573237,82.4233857426763,100
fo,-23.02210375095203,20.97789624904797,100
hx,-18.24392527405227,77.75607472594773,100
jd,-75.75881418441382,79.24118581558618,100
gn,-4.239629103350692,65.7603708966493,100
qz,-49.181245275138714,13.818754724861286,100
dr,-6.303908906921041,20.69609109307896,100
vk,-16.007380576783294,97.99261942321671,100
il,-11.797737195618437,84.20226280438156,100
jx,0.6315362912413306,16.631536291241332,100
yi,-69.81187858552146,60.18812141447855,100
ph,-36.76176781049567,45.23823218950433,100
at,-37.44120448172837,77.55879551827164,100
sh,-75.96903566635346,62.03096433364653,100
hh,-1.8419282015388365,57.158071798461165,100
ap,-14.623880145224481,98.37611985477552,100
mp,-25.118930078601686,46.881069921398314,100
qf,-33.473676921891716,16.526323078108284,100
vk,-23.79538972932655,28.20461027067345,100
zo,-54.019954006267625,37.980045993732375,100
ut,-27.641500192592705,71.3584998074073,100
tl,-29.04958635879096,65.95041364120904,100
qh,-10.772289746955392,10.227710253044608,100
pg,-39.293597197241134,64.70640280275887,100
kh,-60.0007525639841,31.999247436015903,100
xf,-31.139093881840086,88.86090611815992,100
nf,-76.7707384839529,60.2292615160471,100
dg,-50.166546151145745,1.8334538488542529,100
fc,-85.66560242737492,53.33439757262508,100
pj,-23.80293698111034,91.19706301888966,100
hu,-49.908840887782375,50.091159112217625,100
jn,-39.07970218247062,90.92029781752937,100
vs,-24.638798279635562,13.361201720364438,100
ue,-49.11390577545978,5.886094224540225,100
pd,-81.51144453854585,60.48855546145416,100
tm,-43.29213034881286,26.707869651187135,100
oi,-84.75022472585117,94.24977527414883,100
nq,-65.34086382490057,79.65913617509943,100
np,-11.351681619801075,73.64831838019893,100
lp,-79.67863854896738,37.32136145103262,100
fo,-57.59213030646004,51.40786969353996,100
qn,-22.609537186683397,18.390462813316603,100
qg,-8.891724998686177,62.10827500131382,100
gd,-9.975061227284575,22.024938772715423,100
zp,-33.05259715182531,28.947402848174693,100
xz,-92.52917313707447,89.47082686292553,100
oh,-12.613730555550426,81.38626944444957,100
vd,-51.433793763386646,55.566206236613354,100
ma,-72.00240843070321,8.997591569296787,100
jr,-90.65325993147748,63.34674006852253,100
mw,-6.111064205371859,26.88893579462814,100
bc,-72.58974243304498,74.41025756695502,100
sn,-46.501555545085694,64.4984444549143,100
nq,-50.47980621037669,58.52019378962331,100
wp,-52.22255206302589,41.77744793697411,100
sw,-95.98181901759736,46.01818098240263,100
cd,-61.057322076005306,13.942677923994692,100
gw,-12.219575353037579,56.78042464696242,100
wx,-96.77841078559139,84.22158921440861,100
nu,-20.3095796790396,37.6904203209604,100
uz,-51.516813364927366,85.48318663507264,100
zp,-16.664645880137364,17.335354119862636,100
hz,-87.99351339615446,47.006486603845545,100
yw,-68.72157082547793,84.27842917452207,100
cc,-27.06555407632902,51.934445923670985,100
sq,-19.075267395949755,55.92473260405024,100
vm,-29.441032443184834,35.55896755681516,100
om,-73.92790681897307,33.07209318102692,100
lv,-89.90221944823456,58.09778055176543,100
nm,-49.05232639134163,92.94767360865838,100
hg,-90.41766678564538,49.58233321435462,100
io,-74.0633746055314,41.9366253944686,100
vh,-64.94267910922295,76.05732089077705,100
rm,-7.677396715441055,91.32260328455895,100
ut,-36.478971615227515,51.521028384772485,100
xd,-84.34866505349427,22.65133494650573,100
ja,-47.744317925365465,29.255682074634535,100
bw,-21.717455638794604,46.282544361205396,100
cm,-45.87320034866876,59.12679965133124,100
dc,-39.306120133805116,60.693879866194884,100
vf,-94.43786309855221,25.56213690144778,100
ao,-61.55083598595238,34.44916401404762,100
fn,-10.422169388480455,62.577830611519545,100
bt,-29.53131056014367,35.468689439856334,100
of,-24.376757248033535,26.623242751966465,100
gn,-47.16112621611492,17.838873783885074,100
cn,-80.99014099409443,57.00985900590557,100
lf,-41.04401351543465,4.955986484565348,100
md,-81.40705362244208,61.59294637755793,100
xr,-0.26345683748993987,44.73654316251006,100
gh,-76.46809013198872,1.5319098680112893,100
gl,-77.91037955676262,8.089620443237374,100
tm,-64.90175104022431,9.09824895977569,100
kq,-34.54179486749332,63.45820513250668,100
gp,0.461100845097415,2.4611008450974152,100
vh,-2.775054651517461,21.22494534848254,100
yc,-10.883517921956873,98.11648207804313,100
sy,-72.26784391961634,74.73215608038366,100
lw,-73.09134307461117,62.908656925388826,100
hp,-11.805852798946981,22.19414720105302,100
qi,-34.8727219242262,96.1272780757738,100
nh,-52.371595142476586,25.628404857523417,100
hu,-40.30784313423191,10.692156865768087,100
on,-46.82858154040312,54.17141845959688,100
lh,-50.05010848044381,5.949891519556191,100
rq,-31.094915029697166,12.905084970302832,100
hg,-15.12069287508081,85.8793071249192,100
uv,0.8824212128512154,48.88242121285121,100
dq,-28.356175177410762,83.64382482258924,100
yu,-46.74296573796135,2.257034262038652,100
gd,-20.78134500761763,90.21865499238237,100
ln,-83.15811320944452,83.84188679055548,100
ah,-71.70057466589373,25.299425334106274,100
hn,-16.336458619129672,92.66354138087033,100
jy,-77.73324378077533,60.266756219224675,100
em,-86.86872964677845,64.13127035322155,100
si,-17.24292869917925,1.7570713008207528,100
vh,-95.82473860551202,32.175261394487976,100
eh,-44.810877887286836,50.189122112713164,100
qt,-67.34357603470778,36.65642396529222,100
zl,-92.72422801894993,73.27577198105007,100
uq,-20.477433421970456,35.52256657802954,100
cz,-8.723204378908317,38.276795621091686,100
cm,-11.35452743506322,27.645472564936778,100
og,-33.611144108744966,97.38885589125503,100
ha,-82.01319745910575,3.9868025408942396,100
wp,-24.67527790187778,36.32472209812222,100
ux,-28.587282121782632,54.41271787821737,100
do,-47.737184305310365,62.262815694689635,100
xz,-13.00320051293229,87.9967994870677,100
ij,-26.147187585690524,83.85281241430948,100
ph,-56.933278364612484,15.066721635387513,100
xq,-67.15571392309461,31.844286076905387,100
zb,-89.64998455257339,5.350015447426614,100
qc,-43.4406393835345,22.559360616465497,100
sb,-84.94543391937533,53.05456608062467,100
zk,-14.370728819841442,5.629271180158557,100
lp,-72.37382683560817,22.626173164391837,100
fp,-29.04840355717851,24.95159644282149,100
wv,-3.0696536370177476,24.930346362982252,100
rc,-26.575840552506342,72.42415944749366,100
re,-87.41239407151707,44.58760592848293,100
ip,-91.04913701267672,88.95086298732328,100
ib,-2.177663709700784,73.82233629029922,100
lr,-13.539224195287257,5.460775804712743,100
vo,-52.48342848092267,18.51657151907733,100
mu,0.061053415999338445,91.06105341599934,100
gl,-59.65602953981506,74.34397046018495,100
ip,-64.74106997305155,69.25893002694845,100
ap,-41.87757600495712,60.12242399504288,100
ss,-89.05350202871878,56.94649797128122,100
bu,-24.44073797730514,51.55926202269486,100
ty,-7.111276115029665,47.88872388497033,100
gb,-37.01026714960846,79.98973285039155,100
cx,-64.76968862234186,72.23031137765814,100
sr,-68.4104792223363,42.5895207776637,100
zd,-56.503715535061204,95.4962844649388,100
na,-76.58206734954781,48.41793265045218,100
mz,-82.45400942937654,25.54599057062346,100
qe,-76.06629116755012,40.93370883244988,100
xm,-9.587303018891467,46.41269698110853,100
bc,-33.31073342183626,6.689266578163738,100
hc,-3.263389372760217,12.736610627239783,100
nj,-55.53320978382896,70.46679021617103,100
aw,-18.394631664626253,59.60536833537375,100
yc,-42.46734508256921,51.53265491743079,100
uf,-59.78044034617003,57.21955965382997,100
ty,-27.518757001118242,68.48124299888175,100
vk,-27.03996439812372,22.96003560187628,100
fd,-89.44179351658866,15.558206483411343,100
yq,-22.06001365914723,32.93998634085277,100
rm,-50.219716500906586,85.78028349909341,100
ca,-52.28626739457225,5.713732605427748,100
wy,-14.435140484589628,97.56485951541038,100
gz,-51.45559510662148,62.54440489337852,100
iz,-19.020816667749376,43.97918333225063,100
bx,-96.11239711012284,7.887602889877153,100
yr,-19.565621682887027,94.43437831711297,100
bb,-74.19404603745983,90.80595396254017,100
ht,-70.6824267399556,27.317573260044394,100
pi,-29.346459707274526,78.65354029272547,100
ee,-50.4772304683016,18.5227695316984,100
yi,-64.44086778744942,41.55913221255058,100
bj,-67.8990381608565,49.1009618391435,100
ja,-45.62763120584312,87.37236879415688,100
fr,-43.337572944830406,50.662427055169594,100
wm,-73.42895802772254,39.57104197227745,100
oq,-87.79744276658859,62.20255723341142,100
ek,-29.69652982155925,80.30347017844075,100
bl,-54.305131989857614,89.69486801014239,100
mk,-49.78714196280493,39.21285803719507,100
ti,-75.18390443072636,94.81609556927364,100
er,-77.24831052686018,35.75168947313982,100
ap,-58.33771407029581,90.6622859297042,100
vm,-70.93869146384058,41.06130853615941,100
kg,-54.32914134580344,32.67085865419656,100
on,-14.468270641033554,41.531729358966444,100
wu,-7.88676152831419,29.11323847168581,100
lq,-95.21477541471637,47.785224585283636,100
wn,-22.730314993636267,94.26968500636373,100
fc,-45.67296573318176,26.327034266818234,100
zk,-42.35780412816708,21.642195871832914,100
mq,-5.419948316634014,81.58005168336598,100
kc,-45.307811106312904,60.692188893687096,100
ck,-37.23095256505722,33.76904743494278,100
iu,-85.78661727883546,98.21338272116454,100
ar,-74.2509757692934,5.749024230706598,100
uc,-21.904767633930312,74.0952323660697,100
re,-56.29075592403339,6.709244075966607,100
ry,-30.95383562276732,51.046164377232685,100
jn,-19.36268608321576,54.63731391678424,100
jv,0.9863282595298463,10.986328259529847,100
fs,-52.21591708759912,76.78408291240089,100
pk,-69.49991775017898,27.500082249821027,100
kg,-64.04771022207736,9.952289777922642,100
iz,-44.61891201622593,20.381087983774073,100
ty,-48.69084293912775,98.30915706087225,100
pb,-41.39987484244095,29.600125157559052,100
gt,-56.35785773489534,90.64214226510467,100
no,-20.192508248618267,17.807491751381733,100
xg,-5.710531946616721,19.28946805338328,100
gn,-44.771481498452346,75.22851850154765,100
ol,-62.080762391277574,57.919237608722426,100
od,-85.4638007090972,18.536199290902793,100
eu,-20.498388111747165,29.501611888252835,100
bo,-97.03409808526025,27.965901914739742,100
oz,-47.90655981258329,53.09344018741671,100
kb,-77.51536735561616,80.48463264438384,100
zd,-22.267911667217245,18.732088332782755,100
kn,-94.23075895391707,37.76924104608292,100
il,-70.5949815469091,59.405018453090904,100
fq,-89.67429983836878,28.32570016163121,100
tp,-83.8570932810643,20.142906718935702,100
jg,-19.753457346649785,36.24654265335021,100
qr,-59.89783476291952,8.102165237080477,100
we,-82.00372488475755,36.996275115242454,100
wq,-78.82760069847279,69.17239930152721,100
lv,-58.33470837648635,35.66529162351365,100
kz,-90.81390789571222,93.18609210428778,100
vp,-35.624391202458035,69.37560879754197,100
kd,-68.87980828135387,79.12019171864613,100
hf,-70.64774894404012,81.35225105595988,100
hl,-85.1918848603013,35.80811513969871,100
na,-9.904449357277501,44.0955506427225,100
gn,-53.90190656647045,90.09809343352956,100
fc,-59.37088597499829,94.62911402500171,100
vh,-45.75532200620904,39.24467799379096,100
mz,-88.76466829644838,62.23533170355162,100
xj,-5.805493306491775,76.19450669350823,100
fb,-87.49070148675501,90.50929851324499,100
pj,-21.401634381179075,70.59836561882092,100
ry,-11.823201233965111,93.17679876603489,100
ax,-34.015345601004526,97.98465439899547,100
hr,-75.44875095549384,91.55124904450616,100
qg,-24.967975492383214,82.03202450761678,100
jk,-89.39096040094215,78.60903959905785,100
tm,-85.76908085731156,1.230919142688442,100
tw,-75.23574144489189,94.76425855510811,100
ay,-26.419821173862836,93.58017882613717,100
zx,-17.207022141185647,58.79297785881435,100
an,-96.52731240761064,64.47268759238936,100
mk,-16.116049891021845,40.883950108978155,100
kb,-79.64117389661597,96.35882610338403,100
bg,-0.7259802763628022,3.2740197236371977,100
fg,-53.596502731654326,72.40349726834567,100
kl,-52.22856941185328,81.77143058814673,100
dm,-26.66610846564592,97.33389153435408,100
wd,-23.255144377820947,51.74485562217905,100
rh,-23.088939377374967,72.91106062262503,100
wz,-53.84030824434294,94.15969175565705,100
jn,-19.763386890845652,26.236613109154348,100
yu,-35.706526055775534,44.293473944224466,100
sl,-66.43230458503288,27.567695414967112,100
fh,-2.5060915410666755,15.493908458933324,100
qy,-6.830203354165466,40.16979664583453,100
gk,-21.424962527121693,18.575037472878307,100
eg,-56.04803221014648,60.95196778985352,100
io,-83.50727495423986,72.49272504576014,100
dv,-23.49803098813819,20.50196901186181,100
gf,-16.882359842877236,59.117640157122764,100
iy,-20.746108635120667,69.25389136487934,100
bj,-57.93755616290756,46.06244383709244,100
vv,-32.92976641327461,88.0702335867254,100
jk,-7.913327658474542,75.08667234152546,100
qf,-18.664002205935724,44.335997794064276,100
fy,-40.44498030895405,14.555019691045949,100
yp,-50.74673523488795,21.25326476511205,100
rh,-2.8516334242321655,84.14836657576784,100
qx,-13.956449695038849,7.043550304961152,100
im,-20.273421060809355,77.72657893919065,100
wu,-35.62705127496068,38.37294872503932,100
an,-14.059036199571583,15.940963800428417,100
uq,-19.08031072850265,47.919689271497354,100
qf,-45.644620188906885,43.355379811093115,100
db,-36.97096545685077,68.02903454314924,100
jd,-70.78782745953096,18.212172540469034,100
ft,-92.94957475995174,45.050425240048256,100
ni,-32.786568805530045,9.213431194469958,100
yc,-71.81898093682653,31.181019063173466,100
by,-94.03175292207317,21.968247077926836,100
