us,-49.75795745352783,96.24204254647218,100
py,-77.14999435862258,72.85000564137742,100
ry,-8.23026006777465,22.769739932225352,100
qn,-89.66577986864043,9.334220131359572,100
do,-52.4165622128461,76.5834377871539,100
zx,-3.1245402344178133,78.87545976558219,100
fl,-94.60082653018306,55.399173469816944,100
ci,-65.5097019365619,96.4902980634381,100
rj,-19.106897681451805,5.893102318548194,100
tj,-56.283675754338816,81.71632424566118,100
fn,-28.558133492243346,35.44186650775666,100
ea,-4.5240891444816445,28.475910855518357,100
ss,-36.55876237879617,5.441237621203831,100
ka,-29.22994083645174,84.77005916354827,100
ws,-61.561963773716286,74.43803622628371,100
dm,-28.957935364514306,40.042064635485694,100
cy,-88.3978307976077,78.6021692023923,100
jn,-48.587870699870415,38.412129300129585,100
aw,-93.45383908008081,5.5461609199191875,100
is,-94.50387882887959,15.496121171120413,100
zl,-83.91743145500587,3.0825685449941314,100
or,-59.26672497341141,25.733275026588593,100
cd,-82.75636313006736,50.243636869932644,100
de,-34.15096241275627,82.84903758724373,100
tk,-21.79312106869,47.20687893131,100
wy,-44.33095071959319,28.669049280406814,100
cc,-26.9546007464351,31.0453992535649,100
mv,-34.05662443778555,92.94337556221444,100
nw,-11.371667527205869,61.62833247279413,100
id,-6.2932791634839536,83.70672083651604,100
zk,-69.51645697646904,20.483543023530952,100
vg,-64.13293251952538,70.86706748047462,100
wu,-51.0311681116436,68.9688318883564,100
kg,-6.894204038678499,97.1057959613215,100
mj,-92.68179264552771,56.318207354472285,100
jb,-68.75665246736106,3.2433475326389387,100
my,-57.74573288727604,43.25426711272396,100
el,-27.179230352947705,18.820769647052295,100
nj,-83.69690418448577,16.303095815514233,100
yw,-90.65584340106518,56.34415659893481,100
dj,-58.7444123257414,55.2555876742586,100
bf,-14.56400663780744,15.43599336219256,100
xi,-15.015501298351706,84.98449870164829,100
jw,-78.0138638835227,53.986136116477304,100
sm,-30.023292182550414,97.97670781744958,100
lw,-18.641783693557535,17.358216306442465,100
vk,0.38549254192944404,90.38549254192944,100
qz,-73.85833933817965,47.141660661820346,100
nl,-1.1094733824210585,23.890526617578942,100
xg,-17.556184620340336,57.44381537965967,100
wn,-53.876746223686,43.123253776314,100
rm,-15.892050818889016,43.10794918111098,100
kn,-86.49399582437592,36.506004175624085,100
qu,-71.41633025902976,32.58366974097024,100
jn,-27.122656398816407,46.87734360118359,100
tq,-47.48068222147916,36.51931777852084,100
rg,-75.70820067529286,29.291799324707146,100
bz,-42.94326159250072,44.05673840749928,100
yy,-44.079089147180404,89.92091085281959,100
uj,-0.03365049503765649,84.96634950496234,100
ou,-7.783023333672652,28.216976666327348,100
dc,-91.2626373267906,69.7373626732094,100
yy,-1.527426457092846,16.472573542907153,100
nd,-75.89780082040672,49.10219917959329,100
nn,-15.776055488861003,19.223944511138995,100
gy,-40.32745106060474,95.67254893939526,100
yo,-7.457278554027935,50.54272144597206,100
sa,-21.191347983356287,66.80865201664372,100
ck,-60.74643806593539,80.2535619340646,100
tp,-97.3976989909554,89.6023010090446,100
ex,-65.00234375408235,57.997656245917646,100
uj,-58.589880646735956,27.410119353264044,100
tp,-78.42625110738986,73.57374889261014,100
xe,-68.50677763468799,62.49322236531201,100
bc,-41.64814614667632,86.35185385332369,100
vu,-77.3503629592389,76.6496370407611,100
kp,-81.61393650333818,98.38606349666182,100
lh,-80.17078864070801,18.82921135929199,100
dx,-67.10404977977765,64.89595022022235,100
ls,-20.318822608613626,75.68117739138637,100
pj,-51.68806295911609,20.31193704088391,100
uy,-36.63208318216855,88.36791681783146,100
zr,-42.01483127974218,26.98516872025782,100
uz,-40.141267768920095,84.8587322310799,100
hd,-58.162243235930696,48.837756764069304,100
hh,-23.977902365928404,42.02209763407159,100
gc,-77.16115061233661,25.838849387663387,100
ho,-18.418066485982624,64.58193351401738,100
ov,-34.86516541168156,22.134834588318444,100
wh,-75.88934184176146,64.11065815823854,100
va,-7.682139944206374,47.31786005579362,100
tf,-87.05049974494754,80.94950025505246,100
iq,-20.383672581926064,74.61632741807394,100
po,-44.64536953235557,37.35463046764443,100
eo,-12.459012775747599,6.540987224252401,100
ye,-22.03858147572917,80.96141852427083,100
se,-89.80818252778747,67.19181747221253,100
nu,-87.2122943975015,45.787705602498505,100
gw,-79.40887640674407,33.591123593255936,100
yc,-84.00467979955413,68.99532020044587,100
qt,-94.2672512919416,22.73274870805839,100
ue,-19.844546316286788,84.15545368371322,100
wr,-5.796066523559926,93.20393347644007,100
qy,-24.80839405066233,21.19160594933767,100
st,-87.97405227219622,31.02594772780379,100
ra,-14.994195057728271,89.00580494227172,100
ni,-87.492427074773,71.507572925227,100
ix,-48.39913502071458,63.60086497928542,100
ej,-29.086918280615706,82.9130817193843,100
tv,-19.503765281379266,63.496234718620734,100
ht,-36.45091472423795,43.54908527576205,100
bi,-6.547312151090963,51.45268784890904,100
ox,-94.01433993863374,53.98566006136627,100
ji,-56.3276703628883,78.6723296371117,100
oc,-23.757036745564793,89.24296325443521,100
la,-74.84412740465815,35.15587259534185,100
eu,-3.1053856111877183,70.89461438881229,100
ce,-37.326630561303375,17.673369438696625,100
ku,-2.5026531548807265,8.497346845119274,100
bl,-16.93499939466618,37.06500060533382,100
pk,-17.5370318269662,40.4629681730338,100
zg,-25.55533420993725,37.44466579006275,100
ec,-3.8710677273692435,70.12893227263076,100
ne,-41.94437295669356,38.05562704330644,100
zo,-8.858054615380173,4.141945384619827,100
nn,-48.286140598760696,3.7138594012393074,100
im,-45.957143940893246,72.04285605910675,100
vu,-24.852122679855917,52.14787732014408,100
ox,-74.68481813642461,7.315181863575387,100
cb,-87.5688076208364,91.4311923791636,100
rc,-71.39952839286259,40.6004716071374,100
rf,-69.44789990523458,63.55210009476542,100
pi,-29.42281668411165,71.57718331588835,100
fd,-95.90681321143067,89.09318678856933,100
io,-64.08511828253012,20.914881717469882,100
un,-93.05181071158525,78.94818928841475,100
ow,-97.05522967695946,43.944770323040544,100
la,-53.20942279223008,77.79057720776993,100
cd,-18.264173758866427,53.73582624113357,100
sn,-33.7100930642728,78.2899069357272,100
tr,-31.99138637079197,71.00861362920803,100
rk,-81.55673342093597,90.44326657906403,100
yu,-25.795257053120643,7.204742946879357,100
jz,-46.995903580970314,13.004096419029686,100
us,-40.622957267526125,15.377042732473873,100
ne,-80.39623222654234,74.60376777345766,100
sa,-26.1190516655587,12.880948334441301,100
bb,-23.183201625850305,3.816798374149696,100
lm,-81.90328073038145,42.096719269618546,100
ma,-29.969065838899954,57.03093416110004,100
kr,-5.881339223188172,34.11866077681183,100
rs,-74.17123914522601,50.82876085477399,100
xc,-87.50217820300293,81.49782179699707,100
hb,-61.94949490602812,37.05050509397188,100
lt,-65.04754354718125,39.95245645281875,100
ao,-55.796290574867115,38.203709425132885,100
dp,-53.8989374377362,10.101062562263797,100
fj,-7.252802053522681,28.747197946477318,100
ny,-33.409173637703624,94.59082636229637,100
lh,-71.2727751607247,48.727224839275294,100
wq,-62.37865242109076,31.62134757890924,100
lg,-20.73205877595652,77.26794122404348,100
ne,-46.31389541400588,12.686104585994121,100
ke,-11.666454342762698,35.3335456572373,100
au,-5.526893186240391,45.47310681375961,100
ng,-17.010008483907644,89.98999151609236,100
pt,-56.522620969689655,39.477379030310345,100
ah,-15.299652867654489,31.700347132345513,100
ag,-43.193178198872204,37.806821801127796,100
bz,-23.18615808720829,59.81384191279171,100
bk,-19.669772019310102,15.330227980689898,100
rm,-38.974125378197456,70.02587462180254,100
tu,-93.21253912270704,65.78746087729296,100
tc,-11.506339912366565,56.49366008763344,100
to,-65.75584160466956,88.24415839533044,100
cm,-94.16308701706916,1.836912982930846,100
ao,-80.95019898404823,58.04980101595177,100
zt,-76.38376104710537,15.61623895289464,100
yn,-50.12482596340463,93.87517403659537,100
nv,-69.37047959809051,32.629520401909495,100
uv,-24.484534277387027,64.51546572261297,100
qj,-35.5417406529226,97.4582593470774,100
nu,-52.03400978817115,81.96599021182885,100
sq,-44.454828310330754,47.545171689669246,100
fh,-28.669188105433502,54.330811894566494,100
ds,-72.47861239581155,92.52138760418845,100
om,-20.398611470978036,65.60138852902196,100
at,-21.354956799131568,19.645043200868432,100
yn,-32.15147165586598,31.84852834413402,100
fz,-94.30118040513506,74.69881959486494,100
ss,-33.95419189998403,89.04580810001596,100
vk,-40.011056083502645,92.98894391649736,100
yz,-71.32358022104876,6.6764197789512485,100
zy,-28.49955627384009,88.50044372615992,100
fh,-0.14359086337356597,58.85640913662643,100
qo,-94.20430662135668,6.795693378643324,100
rb,-40.25719043871869,29.742809561281316,100
mo,-49.38396130085975,41.61603869914025,100
eb,-78.27068574676915,1.729314253230857,100
kh,-16.94828352403856,0.05171647596144002,100
pb,-39.456350358034015,21.543649641965988,100
dr,-57.592193743929094,1.4078062560709057,100
yi,-9.118028733770712,41.881971266229286,100
so,-25.91448043397624,9.085519566023759,100
wn,-22.444221680749042,92.55577831925096,100
di,-33.16624566371791,26.833754336282087,100
ei,-7.686025217963888,94.31397478203611,100
ha,-3.9865406046459735,42.013459395354026,100
qj,-14.408309927700577,67.59169007229943,100
es,-54.23220772344749,44.76779227655251,100
ec,-18.081780446613898,43.9182195533861,100
ph,-67.54384841285798,76.45615158714202,100
ze,-90.38061964340059,53.6193803565994,100
ft,-78.05286878923486,47.94713121076514,100
xx,-57.98845151189145,72.01154848810855,100
dd,-36.30781826140922,25.692181738590783,100
zv,-86.9938659996656,40.0061340003344,100
mq,-24.923934096025924,85.07606590397408,100
wp,-60.09272039630123,50.90727960369877,100
wk,-75.52670963730304,95.47329036269696,100
sd,-83.14652125883042,6.853478741169576,100
gi,-10.347580745657595,2.652419254342405,100
cx,-15.310393484971522,37.68960651502848,100
dj,-74.70321506639246,92.29678493360754,100
xw,-96.39570702576849,93.60429297423151,100
jz,-54.65085775929329,57.34914224070671,100
xz,-78.85467488358111,60.14532511641888,100
jk,-18.43574978034169,39.564250219658305,100
lh,-22.711461781475798,82.2885382185242,100
aa,-95.17351901225412,10.826480987745887,100
ey,-40.121939835912094,17.878060164087906,100
uz,-43.544114069143085,38.455885930856915,100
ni,-79.25031406698554,29.74968593301447,100
dl,-87.83467170411532,49.16532829588467,100
ff,-70.99156286968942,50.008437130310575,100
gf,0.4150039001376996,33.4150039001377,100
vq,-71.71422391379583,68.28577608620417,100
hr,-25.640354817839157,85.35964518216085,100
ai,-41.863996310568766,72.13600368943123,100
hx,-10.774571035311162,96.22542896468883,100
hw,-34.68897478362879,62.31102521637121,100
fy,-23.135771259865205,73.86422874013479,100
ww,-16.727761622868663,56.27223837713134,100
qd,-25.118332847001856,27.881667152998144,100
tq,-87.12948203836864,80.87051796163136,100
zf,-49.38212285891883,54.61787714108117,100
zh,-77.44901703707986,48.550982962920145,100
ce,-95.76554710402674,67.23445289597326,100
jx,-86.01540412165267,55.984595878347335,100
ti,-23.64544435182348,35.35455564817652,100
mu,-60.49052867548067,59.50947132451933,100
ql,-30.216728439383154,6.783271560616847,100
rw,-50.83968435927071,75.1603156407293,100
cy,-4.810320826328094,69.1896791736719,100
lq,-75.54378843511196,93.45621156488804,100
qj,-7.537087306737338,43.46291269326266,100
cs,-45.378309835493916,17.621690164506084,100
nr,-91.41017738733153,5.589822612668469,100
aw,-41.134771805716085,0.8652281942839178,100
of,-87.61689629952095,16.38310370047905,100
gi,-32.76725574604733,63.23274425395267,100
cp,-9.370630477509769,86.62936952249024,100
rm,-42.80322867325195,36.19677132674805,100
gl,-58.97881528202582,88.02118471797418,100
rg,-7.745661818051733,15.254338181948267,100
zz,-90.09698690996348,9.90301309003653,100
xp,-33.95012288917628,58.04987711082372,100
dr,-1.9506073577931144,26.049392642206886,100
du,-37.2220044757768,38.7779955242232,100
qa,-55.974901115811384,61.025098884188616,100
bn,-80.89161766958048,44.10838233041951,100
wk,-68.53372687976275,52.46627312023725,100
yg,-18.189071779370153,56.81092822062985,100
xj,-12.298619013811148,88.70138098618885,100
bo,-70.23520942056578,18.764790579434223,100
kq,-86.70488665431515,61.29511334568485,100
pf,-48.03965996487826,72.96034003512175,100
ni,-73.50196509557533,58.49803490442467,100
qu,-81.2683559609213,52.73164403907871,100
xz,-30.56296835404194,20.43703164595806,100
vj,-53.38293396154224,87.61706603845775,100
rj,-18.000006844005878,18.999993155994122,100
ub,-9.878550144842622,20.12144985515738,100
rw,-54.9943353966918,77.0056646033082,100
nx,-82.69474156003952,11.305258439960479,100
yg,-24.9966619408592,66.0033380591408,100
dk,-80.79219056877113,9.20780943122887,100
un,-54.22127675118166,3.778723248818337,100
ci,-63.44061428010899,26.559385719891015,100
uu,-31.448765521051268,35.55123447894873,100
tx,-39.05112190174977,71.94887809825023,100
bq,-86.71238217355135,56.28761782644866,100
gf,-85.66930369654978,26.33069630345022,100
it,-22.312732011440147,73.68726798855985,100
vb,-52.39309989503296,32.60690010496704,100
wb,-2.3057756723356184,65.69422432766439,100
iz,-34.98775761653272,97.01224238346728,100
fq,-2.0573899739803534,87.94261002601965,100
cd,-1.9254501329318705,34.07454986706813,100
nt,-36.20011137892167,94.79988862107832,100
nt,-16.45935197501871,91.5406480249813,100
zx,-30.894409948500062,92.10559005149995,100
ls,-14.779453275969658,28.220546724030342,100
fs,-4.990663078826959,6.009336921173041,100
qk,-1.605341573606976,23.394658426393026,100
wq,-90.21446378845185,84.78553621154815,100
jl,-0.7230294507868444,23.276970549213157,100
pt,-87.84117848110252,40.158821518897476,100
do,-96.00792118469424,3.9920788153057614,100
pe,-89.39811708833608,73.60188291166392,100
fc,-53.167782602961914,14.83221739703809,100
rc,-77.20843581369262,10.791564186307383,100
mj,-87.73180383763223,6.268196162367768,100
ub,-41.412145710778766,23.587854289221237,100
si,-69.93224087307811,30.06775912692188,100
zk,-72.74894242951261,9.251057570487387,100
wa,-45.20035234459699,82.799647655403,100
ey,-55.367472733316994,4.632527266683006,100
pf,-9.913088838821945,10.086911161178055,100
qk,-69.72045346876347,17.279546531236534,100
gh,-11.41557958495198,34.58442041504802,100
ws,-29.060631545353466,78.93936845464653,100
og,-55.998067092779124,88.00193290722088,100
zx,-28.800719338486854,45.19928066151314,100
xn,-89.2007074833686,74.7992925166314,100
hh,-1.2092798640622422,76.79072013593776,100
vi,-47.85509358776689,50.14490641223311,100
ab,-17.74264990229534,91.25735009770466,100
ci,-95.61539790821722,49.38460209178279,100
ml,-53.55696447690815,96.44303552309185,100
rp,-38.85093684463907,55.14906315536093,100
ii,-28.46516009032773,12.534839909672272,100
mz,-69.00741318503667,40.99258681496333,100
hy,0.25341218424875744,76.25341218424876,100
pz,-66.34743501884303,55.65256498115697,100
rf,-54.91940874254715,72.08059125745285,100
gq,-77.66912162267468,7.330878377325321,100
wu,-28.687162867621335,51.31283713237866,100
ne,-17.28439450081324,77.71560549918676,100
jl,-87.97746384790233,48.02253615209768,100
vq,-63.84127841415318,75.15872158584682,100
my,-65.32011610938984,97.67988389061016,100
un,-62.79915419791706,61.20084580208294,100
rw,-70.9979685869602,20.0020314130398,100
tc,-23.958120474354747,7.041879525645253,100
yg,-9.413854337073072,64.58614566292692,100
zb,-40.19042271320541,12.80957728679459,100
xe,-84.7736801367697,64.2263198632303,100
mp,-41.54174435243521,59.45825564756479,100
mh,-32.31213910244748,61.68786089755252,100
ug,-71.64081743136187,84.35918256863813,100
py,-96.01225353157074,22.98774646842927,100
iu,-67.50577485231256,44.494225147687445,100
cs,-22.19602302085376,63.803976979146235,100
tt,-67.29182418525907,18.70817581474093,100
qr,-48.10625487457924,27.89374512542076,100
kx,-44.12023774093266,53.87976225906734,100
xx,-23.763945207585852,58.236054792414144,100
qs,-79.7260603428417,50.273939657158294,100
tk,-64.95218121577975,9.04781878422026,100
wu,-72.99729597646207,68.00270402353793,100
hk,-6.877102175095357,1.1228978249046437,100
qs,-49.54543619224795,75.45456380775205,100
ur,-29.77109675082869,71.22890324917131,100
uw,-44.263127013228235,13.736872986771763,100
dn,-36.01779446845364,1.9822055315463634,100
ha,-51.10545072059944,10.894549279400557,100
vr,-26.385304716289387,8.614695283710613,100
la,-6.518147170335857,34.48185282966414,100
vr,-67.65645096112695,52.34354903887304,100
or,-0.11720629659802562,8.882793703401974,100
qu,-40.89411767757152,40.10588232242848,100
ge,-93.5956295779099,54.4043704220901,100
hr,-2.4834909436262,2.5165090563738,100
ii,-3.689484588637111,50.310515411362886,100
ff,-24.7013169635002,67.2986830364998,100
db,-34.69403831904946,63.30596168095054,100
rf,-30.50045122738557,31.49954877261443,100
pq,-70.65125693749572,63.34874306250429,100
fh,-86.9012434784192,64.0987565215808,100
cz,-28.2594205394133,37.7405794605867,100
an,-84.01834731610884,19.98165268389116,100
vq,-8.603026865211595,17.396973134788404,100
uj,-76.17159026804826,64.82840973195174,100
ee,-2.8776956916813248,64.12230430831868,100
cp,-66.40269997431801,94.59730002568199,100
vk,-28.623084974852418,85.37691502514758,100
jh,-64.95156788838582,79.04843211161418,100
qo,-55.47927817537065,81.52072182462935,100
rf,-4.617553422767626,33.38244657723237,100
vl,-44.19771316146891,89.80228683853109,100
fu,-72.44226728235589,98.55773271764411,100
fg,-13.480749298464026,54.519250701535974,100
fj,-16.60147185248044,22.39852814751956,100
ke,-56.11650526184141,31.88349473815859,100
tu,-35.1160203938748,78.8839796061252,100
tk,-22.79109769064126,72.20890230935873,100
fu,-90.86891257389686,15.131087426103129,100
nh,-32.002276084321984,34.997723915678016,100
wn,-0.6050818643011796,26.39491813569882,100
bf,-53.33485982532615,13.665140174673853,100
pu,-69.77261708918729,43.227382910812715,100
xv,-11.86771762782645,57.13228237217355,100
yd,-60.33348559384061,59.66651440615939,100
qu,-83.1833668164633,79.8166331835367,100
vh,-31.108422707631686,43.89157729236831,100
ll,-27.073794398091106,12.926205601908892,100
nx,-62.89930949223869,14.100690507761309,100
bb,-16.236256945782515,96.76374305421749,100
se,-11.33711762127489,64.66288237872512,100
dh,-58.28374300763084,3.716256992369162,100
dd,-93.75393268435764,61.24606731564236,100
uw,-45.06881781912683,47.93118218087317,100
vi,-58.23335114091707,95.76664885908293,100
ch,-27.478345482863553,7.521654517136447,100
df,-57.14202490961786,46.85797509038214,100
tc,-79.05736959130213,28.942630408697866,100
gb,-25.228324922898064,40.77167507710194,100
az,-60.21761625248964,31.782383747510362,100
lw,-56.93964445609528,94.06035554390472,100
za,-13.328057584680755,96.67194241531925,100
mj,-57.79611991731468,67.20388008268533,100
ze,-9.039584105023787,73.96041589497621,100
di,-56.985712531011714,60.014287468988286,100
ry,-8.196397642255201,61.8036023577448,100
le,-23.612475423912393,79.3875245760876,100
ok,-65.5606996206846,6.439300379315392,100
vi,-18.66371406669857,52.33628593330143,100
tk,-70.1842129239424,93.8157870760576,100
me,-82.01228689724618,29.98771310275382,100
za,-40.50965445659285,46.49034554340715,100
su,-54.88055052924003,91.11944947075996,100
ww,-81.84292126766302,71.15707873233698,100
dk,-52.99830329038727,75.00169670961273,100
db,-14.73570166821688,45.264298331783124,100
qm,-22.380929067803205,89.61907093219679,100
fl,-0.6233687699563903,0.37663123004360965,100
pw,-52.86043113571424,68.13956886428576,100
oy,-68.71554491772318,39.28445508227682,100
gh,-85.72427719499356,37.27572280500643,100
tz,-48.41039947457963,34.58960052542037,100
be,-12.863157893576462,26.136842106423536,100
vf,-18.547962581694733,0.45203741830526556,100
og,-96.21773808098771,14.78226191901228,100
aw,-33.12966340129957,45.87033659870043,100
fu,-25.788724064451237,31.211275935548763,100
mb,-28.809465133854143,33.19053486614585,100
ok,-95.9710571757954,62.028942824204606,100
px,-8.875127720526152,91.12487227947385,100
os,-4.864470195759603,15.135529804240397,100
dr,-30.01376542291377,43.98623457708623,100
yf,-74.82876506534525,12.171234934654752,100
xj,-14.196801450379079,67.80319854962092,100
az,-18.9539680384898,91.0460319615102,100
gq,-91.41947023751176,11.580529762488245,100
zy,-41.226094349734005,16.77390565026599,100
zn,-53.55921164392516,92.44078835607485,100
em,-55.34700040152739,16.652999598472615,100
wh,-60.02460675170392,78.97539324829609,100
uh,-11.505275294850408,2.4947247051495918,100
xo,-48.08766005460538,41.91233994539462,100
cn,-74.24454108681175,97.75545891318825,100
sh,-7.791209353297704,9.208790646702296,100
le,-64.91083450356179,79.08916549643821,100
hr,-32.551078214002125,21.448921785997875,100
ti,-2.9703610750921907,88.02963892490781,100
zq,-66.53477745018371,2.4652225498162847,100
th,-34.83648154091103,3.163518459088971,100
bw,-75.26823121419856,73.73176878580144,100
iu,-42.88291499543178,46.11708500456822,100
ux,-41.74235977985428,11.257640220145715,100
wj,-50.281886698793606,81.71811330120639,100
qi,-68.14808853124708,18.85191146875291,100
vm,-72.56454051938408,54.43545948061592,100
fn,-16.897342078034438,43.102657921965566,100
yc,-22.68279536325009,54.317204636749906,100
cs,-41.61512030884686,75.38487969115315,100
fd,-57.34988529476903,70.65011470523098,100
sd,-17.220576998622416,14.779423001377582,100
eh,-50.788902784205355,16.211097215794645,100
zp,-77.79327337888127,49.20672662111874,100
xr,-42.17519582005687,33.82480417994313,100
za,-36.872000673187436,62.127999326812564,100
ws,-64.69042313919601,6.309576860803982,100
aa,-81.82546332656328,21.174536673436723,100
jc,-69.91807642418664,68.08192357581336,100
uo,-16.75184734137725,23.24815265862275,100
gt,-75.95350483398848,58.04649516601153,100
xz,-53.86826951364396,57.13173048635604,100
pw,-94.6830871381264,36.316912861873604,100
zl,-84.36314052748317,71.63685947251683,100
tz,-76.33686318336544,7.663136816634556,100
xz,-72.68425351197853,58.315746488021475,100
ee,-68.99052506944342,36.00947493055657,100
th,-2.5538727977490736,19.446127202250928,100
sq,-13.881857571731251,60.11814242826875,100
yj,-82.97907416436432,73.02092583563568,100
sk,-18.306992968136843,89.69300703186316,100
gp,-86.92169804861199,82.07830195138801,100
cl,-57.31340464731943,10.686595352680566,100
np,-51.153318216632556,82.84668178336744,100
jk,-23.537048024840356,97.46295197515964,100
wy,-36.35144327728219,7.648556722717808,100
zl,-56.80885387769851,83.19114612230149,100
fy,-95.38458502156375,52.61541497843624,100
lz,-18.16083208370345,51.83916791629655,100
wc,-84.992721747132,5.007278252868005,100
tv,-11.321405997878028,27.678594002121972,100
wi,-0.2733810106456259,4.726618989354374,100
po,-64.3570678689367,2.6429321310633087,100
fu,-15.705955228652387,51.294044771347615,100
sp,-94.12270492689674,52.877295073103255,100
ug,-65.41918292177442,92.58081707822558,100
nf,-1.453340715722018,40.54665928427798,100
pp,-96.05657270145664,82.94342729854336,100
mz,-30.136386118060205,36.86361388193979,100
pe,-36.37526774390447,54.62473225609553,100
px,-70.39560567940602,66.60439432059398,100
ce,-51.20865729841692,40.79134270158308,100
te,-95.44036329224114,27.55963670775886,100
zr,-34.25449537860462,69.74550462139538,100
au,-97.6862958714685,57.3137041285315,100
lx,-26.51970229955492,33.480297700445085,100
ej,-8.249292225688015,25.750707774311984,100
yx,-91.15667344504355,44.84332655495644,100
qm,-7.03138613684626,14.96861386315374,100
wa,-44.5062513318851,52.4937486681149,100
nz,-66.51909799876906,69.48090200123094,100
pk,-10.79500056125768,90.20499943874232,100
ro,-32.134763403870366,74.86523659612963,100
yt,-0.14729114241230878,65.85270885758769,100
kp,-6.541952809525261,70.45804719047474,100
mt,-64.35184471832389,1.6481552816761167,100
bg,-19.212006438638472,22.787993561361528,100
tk,-13.058693103400115,90.94130689659988,100
ms,-33.046199081777296,8.953800918222704,100
dv,-5.435099251860893,79.56490074813911,100
zq,-49.82494829627742,79.17505170372257,100
bs,-26.559503813618278,50.44049618638172,100
zq,-36.134451070451235,67.86554892954877,100
jw,-91.95863427103879,33.04136572896121,100
wt,-16.160794407985936,94.83920559201407,100
to,-41.60165206274443,90.39834793725558,100
jl,-74.27570854394655,18.724291456053443,100
il,-11.253567652434814,91.74643234756519,100
ib,-42.47358257620719,93.52641742379281,100
zq,-14.310327087884266,71.68967291211574,100
mx,-69.19622922671181,97.80377077328819,100
wf,-32.48407806835303,44.51592193164697,100
hm,-63.69700019142705,66.30299980857295,100
hp,-46.17828351183831,2.821716488161694,100
no,-4.072609097953589,60.92739090204641,100
kd,-39.08336643469391,70.9166335653061,100
ej,-84.19578346258051,11.804216537419498,100
lh,-36.572049165715306,70.42795083428469,100
mm,-38.599954164825455,26.40004583517455,100
ap,-95.57699889820645,98.42300110179355,100
mk,-33.55291351992688,37.44708648007312,100
cv,-78.21665818661225,53.78334181338775,100
jz,-34.98176492173799,94.01823507826201,100
ma,-83.83754459391065,43.16245540608936,100
jn,-13.685126716831382,9.314873283168618,100
nl,-63.96962993355653,39.03037006644347,100
bm,-47.08175115761224,65.91824884238777,100
ka,-24.175143793395744,37.82485620660426,100
xt,-48.66523173121697,87.33476826878302,100
qp,-78.32626357556218,27.67373642443782,100
bx,-6.716164860492699,56.2838351395073,100
it,-67.23312643939157,67.76687356060843,100
jj,-2.807569385799141,6.192430614200859,100
tg,-33.881559989892715,43.118440010107285,100
zh,-26.11260800601956,9.88739199398044,100
ob,-86.74916944798875,32.25083055201125,100
sp,-53.22100320504193,60.77899679495807,100
mw,-43.894892361827374,1.1051076381726228,100
sf,-5.834205894059604,96.16579410594039,100
wc,-26.641821496920013,95.35817850307998,100
ny,-92.69729515857141,76.30270484142859,100
jg,-20.326290538532266,61.67370946146773,100
rp,-68.33982320146501,80.66017679853499,100
yu,-80.42421475939695,17.575785240603047,100
lv,-91.02774730043713,24.972252699562873,100
kf,-16.1661296114056,44.8338703885944,100
gq,-87.00586302101716,45.99413697898284,100
jl,-5.320957602431823,47.679042397568175,100
yf,-78.5286690947912,9.4713309052088,100
wm,-15.552942465789664,7.447057534210336,100
db,-9.303301674035097,93.6966983259649,100
ov,-86.60893893963382,17.391061060366184,100
ka,-59.76549954572238,0.2345004542776219,100
rb,0.49309799529885556,2.4930979952988555,100
og,-24.157798370016724,55.84220162998327,100
xq,-61.03111989405365,5.968880105946348,100
yi,-85.53835210257014,74.46164789742986,100
si,-71.52250626201091,72.47749373798909,100
ku,-34.322182644863446,66.67781735513655,100
ry,-78.33555298227911,71.66444701772089,100
dc,-41.65267132673839,11.347328673261611,100
bp,-42.27936353279486,0.7206364672051396,100
jo,-23.586221747036983,2.4137782529630156,100
zu,-52.39440445974282,29.605595540257173,100
tq,-19.912348648263052,88.08765135173695,100
ft,-83.94174419221613,44.058255807783866,100
fk,-60.8861201179109,33.1138798820891,100
np,-8.588108026789325,75.41189197321067,100
vb,-42.66741818706806,38.33258181293194,100
yv,-87.73161742733032,41.26838257266967,100
ac,-16.75298726359834,95.24701273640166,100
aj,-61.20309879855059,0.796901201449406,100
wo,-65.93761370389021,64.06238629610979,100
vx,-2.3580279758021185,94.64197202419788,100
tz,-31.17306478609401,43.82693521390599,100
af,-2.620035235890149,51.37996476410985,100
xd,-23.707506860209495,25.292493139790505,100
us,-41.04479608344946,56.95520391655054,100
ja,-41.95021060037433,25.049789399625674,100
vs,-21.175901335624946,70.82409866437506,100
gg,-20.456345958266283,5.543654041733718,100
qq,-40.419144156606926,80.58085584339307,100
lx,-44.190007951600556,54.809992048399444,100
jk,-52.545732821862615,80.45426717813739,100
vm,-6.340082082465217,29.659917917534784,100
sa,-82.79590327113985,15.204096728860147,100
pm,-80.95768578145437,27.042314218545627,100
ih,-5.835445827603152,69.16455417239685,100
mc,-36.27157611416106,39.72842388583894,100
xs,-44.871187358717535,53.128812641282465,100
nh,-84.09280037515731,19.907199624842693,100
ai,-34.25384802168996,70.74615197831004,100
qg,-38.45221900793972,88.54778099206028,100
tq,-26.582568739140346,26.417431260859654,100
bg,-76.52227581939255,40.477724180607446,100
pe,-4.027286784362632,28.97271321563737,100
iy,-39.980240243564815,77.01975975643519,100
uv,-80.67583933792385,98.32416066207615,100
zj,-5.4248255540413775,32.57517444595862,100
ia,-97.59533690903277,97.40466309096723,100
vk,-21.220469372402086,56.779530627597914,100
pq,-23.29822658252731,2.701773417472689,100
vc,-26.65391865445062,76.34608134554938,100
jj,-75.80319449991082,93.19680550008918,100
ax,-55.770181958383844,2.229818041616158,100
ws,-84.8302218369988,61.169778163001205,100
dt,-30.59922600301529,85.40077399698471,100
xn,-31.089895735841676,39.91010426415833,100
fr,-31.178481225088234,35.821518774911766,100
yn,-35.129725714050245,96.87027428594976,100
ae,-38.95377416582582,70.04622583417418,100
vy,-61.31712076165834,74.68287923834167,100
rh,-34.794719907829204,48.205280092170796,100
vs,-78.13123935400202,75.86876064599798,100
md,-69.05794092878541,7.942059071214588,100
mk,-7.9370780523833435,28.062921947616655,100
xk,-46.571419000131264,55.428580999868736,100
qt,-11.17829562956674,14.82170437043326,100
it,-79.28647235847785,29.713527641522152,100
cl,-97.96442067308053,53.035579326919475,100
dh,-14.791562118685325,28.208437881314673,100
ka,-68.77103438449257,49.228965615507434,100
xh,-73.89968197157042,10.100318028429582,100
ho,-87.02452307891255,38.975476921087456,100
jk,-74.86874353177794,4.131256468222069,100
qe,-31.85531629553611,84.14468370446389,100
ta,-39.321355191223155,14.678644808776847,100
er,-80.7634314692014,90.2365685307986,100
uj,-48.792849261957976,88.20715073804202,100
jx,-62.226321648444504,35.773678351555496,100
iv,-8.961929488640761,77.03807051135924,100
wj,-49.26905223480313,50.73094776519687,100
ao,-88.11541505337871,56.88458494662129,100
xa,-35.38241504403089,88.61758495596911,100
df,-88.88704685543249,76.11295314456751,100
vu,-86.05480364209626,81.94519635790374,100
lq,-17.751319523137173,76.24868047686283,100
my,-38.17238756942797,18.827612430572028,100
jx,-29.716896969234554,11.283103030765448,100
hw,-29.22651734501738,16.77348265498262,100
wl,-71.04975137604715,73.95024862395285,100
jl,-78.53993972694926,8.460060273050741,100
de,-10.03901789539892,92.96098210460107,100
ik,-1.6111589941748203,0.38884100582517955,100
cy,-96.04422986969517,12.955770130304833,100
ip,-70.9359731533672,11.064026846632794,100
ah,-36.019463068269076,15.980536931730926,100
lq,-26.550419635478406,62.449580364521594,100
iu,-12.736035940419194,52.26396405958081,100
tl,-17.94059961329381,3.0594003867061916,100
lu,-29.239454714915766,74.76054528508423,100
su,-11.861152538489367,14.138847461510633,100
qz,-85.44405043573302,90.55594956426698,100
nm,-34.911343415813576,24.088656584186428,100
vn,-70.3034262285447,68.6965737714553,100
ur,-71.07346162116953,31.92653837883047,100
fk,-84.65557509577745,30.344424904222553,100
lq,-61.354194939981824,80.64580506001818,100
gb,-52.43459151103186,41.56540848896814,100
tb,-29.732209042564538,73.26779095743547,100
oo,-46.296886980759254,16.703113019240746,100
vh,-57.27798748583612,38.72201251416388,100
er,-88.73346205781695,12.266537942183056,100
nn,-77.49880579061427,72.50119420938573,100
gc,-85.94007943164173,3.059920568358271,100
cv,-70.46688369324983,50.533116306750166,100
xt,-81.07115420800231,41.92884579199768,100
dp,-6.125713774954891,82.87428622504511,100
xq,0.3917596695217933,4.391759669521793,100
qa,-38.10791058542378,77.89208941457622,100
ty,-70.0772609159792,21.922739084020797,100
fk,-58.18003873709948,26.81996126290052,100
cq,-23.458886984712375,28.541113015287625,100
rd,-33.15736327252753,25.842636727472463,100
nx,-22.459315473974858,78.54068452602515,100
jo,-63.18148200330636,41.81851799669364,100
wh,-72.3523478505737,56.64765214942631,100
xr,-78.30725929304786,69.69274070695214,100
vs,-95.58962338678957,17.410376613210428,100
vt,-27.741331376586025,50.258668623413975,100
nk,-44.38040441288608,43.61959558711392,100
pn,-88.73434825247278,9.265651747527217,100
za,-44.5036983299286,25.496301670071396,100
xa,-12.312888684297405,86.6871113157026,100
vs,-65.08318857529177,8.916811424708223,100
ci,-47.17687521773695,95.82312478226305,100
ri,-12.215847225993555,29.784152774006444,100
pj,-17.546375616512123,44.45362438348788,100
sx,-11.85738081275706,21.14261918724294,100
bt,-2.4996266809215943,10.500373319078406,100
lu,-13.316130593379858,63.68386940662014,100
kq,-22.9001189683425,19.0998810316575,100
jx,-80.63138608763319,25.368613912366815,100
nf,-52.313677577781675,98.68632242221832,100
qz,-73.90330827379847,98.09669172620153,100
rj,-6.328517632560311,2.671482367439688,100
zj,-81.60609829381251,65.39390170618749,100
sz,-19.5792634666895,25.4207365333105,100
oe,-55.56054746206702,40.43945253793298,100
bh,-4.448108150922349,24.551891849077652,100
ih,-7.813516349375928,13.186483650624071,100
ez,-71.938765264852,23.061234735148005,100
ai,-89.65944906625666,57.34055093374335,100
xf,-8.348298559643125,79.65170144035687,100
xe,-23.987564700944784,34.01243529905521,100
lv,-83.97336935256189,13.026630647438113,100
su,-37.79705063109205,91.20294936890795,100
lh,-11.848261803217314,48.15173819678269,100
rz,-20.64593242244004,12.35406757755996,100
bj,-90.17017699875039,15.82982300124961,100
il,-33.39261183275953,88.60738816724047,100
gf,-59.94233677663779,3.057663223362209,100
qk,-93.89224060711206,52.107759392887935,100
rf,-70.52937030257047,17.470629697429533,100
av,-46.37320455171096,1.626795448289041,100
ir,-69.32322108650094,71.67677891349906,100
zg,-38.84291719694896,39.15708280305104,100
ln,-16.911301160576265,23.088698839423735,100
mo,-97.07079263830714,80.92920736169286,100
zm,-65.68969986025122,64.31030013974878,100
su,-94.73099972187661,13.269000278123382,100
in,-42.095900641675264,35.904099358324736,100
bx,-52.600689729413915,38.399310270586085,100
eo,-86.95984987241327,30.04015012758673,100
nf,-39.41106186622088,67.58893813377912,100
mw,-72.42724783535098,7.572752164649022,100
sw,-2.5124597133256654,58.48754028667433,100
qn,-56.72587807538485,51.27412192461515,100
xg,-26.005558513925244,67.99444148607476,100
pn,-52.517858277361725,48.482141722638275,100
pb,-52.56733345246988,17.43266654753012,100
vn,-46.86635806608744,39.13364193391256,100
fo,-54.98896113492235,85.01103886507765,100
gg,-67.61840997056417,40.38159002943583,100
ue,-60.260692143018815,98.73930785698118,100
xa,-38.0724543895355,57.9275456104645,100
rr,-48.60456633571216,87.39543366428784,100
ib,-63.7622250775311,91.2377749224689,100
vz,-20.771512075672195,81.22848792432781,100
mg,-11.907249263936933,48.09275073606307,100
ea,-40.590589408608075,5.409410591391922,100
gb,-28.387655336342377,87.61234466365762,100
xg,-29.175808889117313,89.8241911108827,100
sw,-91.58050382759902,92.41949617240098,100
fq,-22.621912841369454,20.378087158630546,100
ew,-51.01559749214176,64.98440250785825,100
el,-27.80379765798712,57.19620234201288,100
fh,-21.23037852320237,11.769621476797631,100
it,-17.50042082213554,9.499579177864462,100
qe,-47.201558827636156,77.79844117236385,100
ic,-96.75512931642825,20.244870683571744,100
ut,-79.48320403325553,9.51679596674447,100
gl,-89.18542291722652,41.81457708277349,100
ct,-22.643783347704062,85.35621665229594,100
jd,-20.545121120384977,77.45487887961502,100
xt,-96.28692726727144,37.71307273272856,100
dh,-21.05214123714537,6.947858762854631,100
yp,-9.54958509546637,71.45041490453363,100
sn,-10.508410599721254,84.49158940027874,100
vp,-94.84798446887545,50.15201553112455,100
si,-8.986228707518023,62.01377129248198,100
zx,-73.65401740228972,68.34598259771028,100
iq,-60.8665058450597,10.133494154940305,100
ub,-81.13555964675325,63.86444035324674,100
qh,-40.444070044212204,49.555929955787796,100
nj,-23.528997093684644,5.471002906315357,100
zt,-38.67031731054212,43.32968268945788,100
zz,-6.574092594728066,50.425907405271936,100
ma,-18.74170530162846,10.25829469837154,100
jg,-60.23281134387643,29.767188656123572,100
ej,-37.68752736521403,23.312472634785966,100
ne,-21.601549616750933,80.39845038324907,100
no,-82.2929805431096,43.70701945689039,100
kf,-70.33988875626507,71.66011124373493,100
yt,-57.18557186687215,10.81442813312785,100
ry,0.7170363735909185,80.71703637359091,100
rb,-2.3742360242759033,62.6257639757241,100
xw,0.2902919595882638,75.29029195958826,100
do,-14.915421028163841,4.084578971836159,100
tx,-92.96745205816585,63.03254794183415,100
qq,-75.97222408723883,44.02777591276117,100
kp,-26.548288137603198,57.451711862396806,100
gf,-27.547777433785452,63.45222256621455,100
xb,-5.789925969051503,56.2100740309485,100
ll,-21.595986063635426,92.40401393636458,100
pd,-72.51474606725908,76.48525393274092,100
gn,-0.4832968142179026,82.51670318578209,100
oq,-42.34600110812679,80.65399889187321,100
kp,-86.53267775375514,41.467322246244855,100
yr,-83.91035460006935,26.089645399930642,100
pd,-45.53964470314197,2.460355296858036,100
nj,-15.986876174313048,82.01312382568695,100
aq,-2.6784515286607307,94.32154847133927,100
xo,-90.74615103742123,21.25384896257877,100
iy,-44.44459855223319,90.55540144776681,100
fa,-95.78158369989158,89.21841630010842,100
fb,-9.549082058769931,17.450917941230067,100
ea,-12.326672903810156,77.67332709618985,100
hs,-37.36285098342143,27.637149016578565,100
qi,-60.313496923204056,52.686503076795944,100
js,-72.90001445297541,79.09998554702459,100
vc,-1.6594390613732664,23.340560938626734,100
bi,-50.17762757652985,65.82237242347016,100
ra,-69.71942083925238,79.28057916074762,100
pw,-4.988850973064515,20.011149026935485,100
gg,-82.9184521388742,79.0815478611258,100
zb,-41.765047033241835,13.234952966758165,100
ux,-59.58087022325425,30.419129776745745,100
tu,-75.52212985309959,58.47787014690042,100
xy,-92.4782580173396,15.521741982660396,100
mz,-20.1291057880554,59.8708942119446,100
bv,-35.817039223203494,67.1829607767965,100
mo,-11.093438968980383,77.90656103101962,100
ht,0.5972525313999482,4.597252531399948,100
pc,-89.44306520447128,14.55693479552872,100
vc,-56.199754501358676,81.80024549864132,100
tc,-38.66689412110572,90.33310587889427,100
oi,-19.900984109837726,31.099015890162274,100
lh,-1.3902362582540415,84.60976374174597,100
fb,0.5282050585343684,28.52820505853437,100
ba,-4.450129436756107,13.549870563243893,100
lw,-39.71647943088643,87.28352056911358,100
mz,-86.41834774979591,66.58165225020409,100
ks,-44.28233108115144,84.71766891884856,100
qr,-83.66887249693657,55.33112750306342,100
le,-97.83060496143418,35.16939503856583,100
he,-44.324099823051824,71.67590017694818,100
ys,-62.76088713820369,49.23911286179631,100
lr,-46.71223673366021,24.287763266339784,100
vy,-18.01738245284619,64.98261754715381,100
pk,-82.8059072005755,77.1940927994245,100
re,-41.07172168552168,46.92827831447832,100
ai,-40.28186388199482,4.718136118005175,100
aq,-40.262241878453935,30.737758121546065,100
db,-84.63436093594468,93.36563906405532,100
vd,-27.629042913271654,72.37095708672834,100
sn,-55.481924094295884,38.518075905704116,100
tz,-2.10251770922998,86.89748229077001,100
fw,-75.79374800205676,77.20625199794324,100
xl,-88.75522532878126,18.24477467121874,100
qw,-34.274601496206124,97.72539850379388,100
ul,-79.98028370075825,23.01971629924175,100
yx,-0.38181489966353277,85.61818510033646,100
ni,-38.137444978444954,4.862555021555046,100
op,-3.65713138984247,13.34286861015753,100
pi,-8.701946080758605,93.2980539192414,100
xl,-35.90156857153433,12.098431428465673,100
ka,-67.27702204190962,88.72297795809038,100
cw,-68.49361571558585,32.506384284414146,100
do,-86.49905670177026,30.50094329822974,100
op,-78.43814002261266,33.56185997738734,100
tc,-12.777376725292608,16.22262327470739,100
ia,-57.767170615129054,18.23282938487095,100
ib,-82.72519548499606,92.27480451500394,100
gp,-30.98265528567521,44.01734471432479,100
tm,-37.292133502523264,37.707866497476736,100
kp,-73.96983138922435,85.03016861077565,100
bh,-81.00804479002686,18.991955209973145,100
ki,-57.954356644314295,29.045643355685705,100
hs,-54.21783304874749,66.78216695125252,100
oq,-57.45122975608413,33.54877024391587,100
cs,-32.22142300316523,34.77857699683477,100
qr,-28.93397982710263,25.06602017289737,100
oa,-46.869079796795674,48.130920203204326,100
ck,-28.400130221889395,87.5998697781106,100
uj,-69.94001560407767,9.059984395922328,100
oe,-44.043352766384686,77.95664723361531,100
tv,-21.7614750588143,97.2385249411857,100
mm,-54.68222065489188,88.31777934510812,100
ty,-11.81352310457026,0.18647689542974055,100
gb,-23.213222718127085,14.786777281872913,100
zs,-22.18410200441993,86.81589799558007,100
ws,-86.36469060376214,68.63530939623786,100
ow,-60.44702424044658,21.55297575955342,100
wu,-34.53342089688104,37.46657910311896,100
zi,-53.86926320850911,23.130736791490886,100
wt,-46.47562238188144,51.52437761811856,100
nr,-39.352499200479734,4.647500799520267,100
vw,-48.65243284814056,13.347567151859439,100
hb,-42.697800811861086,59.302199188138914,100
vi,-43.47057829288066,18.529421707119337,100
yd,-84.71279909141818,52.28720090858182,100
jb,0.9234405610211136,42.92344056102112,100
qs,-14.143082240636893,60.85691775936311,100
mo,-39.92131129218656,35.07868870781344,100
cw,-69.20338236142044,33.796617638579555,100
bt,-89.48772523521237,34.51227476478764,100
si,-9.568631448709121,85.43136855129087,100
ag,-92.52881246532326,38.471187534676744,100
tj,-89.64315404744896,10.356845952551044,100
qd,-91.4276492008039,19.57235079919611,100
gv,-20.343939324469254,14.656060675530746,100
rr,-91.15802564494837,24.841974355051633,100
ih,-1.006183664657094,68.9938163353429,100
pg,-46.242641488870284,82.75735851112971,100
yg,-68.18819988528337,62.81180011471664,100
rn,0.40615393003774125,83.40615393003775,100
vv,-21.14223186275683,81.85776813724317,100
tk,-80.77561425009314,80.22438574990686,100
gh,-62.71708219582017,27.28291780417983,100
si,-64.15223253372515,88.84776746627485,100
mb,-97.6797778579342,94.3202221420658,100
mm,-58.835592108360665,17.164407891639332,100
di,-87.0130889575965,10.986911042403507,100
ya,-57.24600813033805,69.75399186966196,100
jt,-47.78152975339738,73.21847024660262,100
ws,-35.89437912016305,17.105620879836945,100
zn,-10.70036315129776,59.29963684870224,100
lf,-59.153127873510364,60.846872126489636,100
ox,-81.09697566356581,7.903024336434181,100
cm,-73.2923598710033,68.7076401289967,100
qy,-46.06124859516975,56.93875140483025,100
ny,-91.80524421821603,17.194755781783968,100
kd,-4.882748024883071,53.11725197511693,100
jp,-51.62862909257224,13.37137090742776,100
xb,-9.594608844730612,38.40539115526939,100
ln,-62.67353268225523,79.32646731774477,100
mj,-75.02034386599843,22.979656134001573,100
ad,-83.25847627775565,93.74152372224435,100
nw,-80.33864788296395,37.661352117036046,100
as,-47.167009014451395,21.8329909855486,100
qo,-83.46152978570882,76.53847021429118,100
qe,-39.03571884705881,48.96428115294119,100
ji,-9.152049542268273,40.84795045773173,100
qg,-92.76401332576714,51.23598667423286,100
ir,-62.616765916376714,84.3832340836233,100
pj,-24.797503737067217,75.20249626293278,100
gg,-24.48036261746545,49.51963738253455,100
vy,-87.31848518835459,80.68151481164541,100
dc,-30.164373540888025,59.83562645911197,100
dy,-48.76071978418818,14.239280215811819,100
ld,-61.698577914254216,2.301422085745786,100
yh,-62.011993512592106,69.9880064874079,100
cc,-73.43841790406054,75.56158209593946,100
qd,-63.733876367978816,80.26612363202118,100
fa,-12.480358252179151,12.519641747820849,100
it,-17.349936223908603,33.65006377609139,100
zg,-81.47711560221319,17.522884397786815,100
vd,-30.043090352837538,72.95690964716246,100
ds,-81.91807601774343,72.08192398225657,100
xl,-47.72940498560987,93.27059501439012,100
cu,-74.81100218468406,11.188997815315938,100
dd,-71.20968105319423,88.79031894680577,100
ms,-57.42051749546019,28.579482504539815,100
sp,-22.596125860884204,11.403874139115798,100
nm,-72.09525122274697,68.90474877725303,100
vf,-48.27228532713597,46.72771467286403,100
qe,-8.722453814047608,85.27754618595239,100
td,-72.92069525201987,38.07930474798013,100
jy,-43.65197301005969,65.34802698994031,100
vh,-77.27223724909172,2.727762750908283,100
wg,-47.92796197696824,41.07203802303176,100
ui,-37.37046973766895,68.62953026233106,100
ay,-92.84902273138529,94.15097726861471,100
gl,-26.74729173312114,5.252708266878859,100
ai,-63.50059950979386,91.49940049020614,100
gw,-8.262966976608535,53.73703302339146,100
pw,-32.37949455963995,13.62050544036005,100
aa,-97.541162215318,41.458837784682004,100
hv,-76.33543016179019,91.66456983820981,100
eo,-71.58001157241509,78.41998842758491,100
nx,-49.50999962520225,6.490000374797754,100
jt,-39.718865391499705,85.2811346085003,100
th,-30.882832765513168,3.11716723448683,100
