rsm,-39.466431232314605,40.533568767685395,1000
uom,-97.20625239783475,74.79374760216525,1000
tck,-11.155003041818023,24.844996958181977,1000
ngp,-21.284823777565983,75.71517622243402,1000
ooy,-96.90723425580255,75.09276574419745,1000
wla,-25.075314297644464,11.924685702355536,1000
juk,-18.059659238299353,54.94034076170065,1000
kqd,-47.01266094008167,30.987339059918327,1000
fel,-45.36967522452637,96.63032477547364,1000
usp,-1.6354221676452148,9.364577832354785,1000
kxc,-34.793369024480924,75.20663097551908,1000
avn,-83.97155923516857,92.02844076483143,1000
zyc,-53.255198688666844,89.74480131133315,1000
gja,-90.04470855746641,81.95529144253359,1000
fyp,-92.1739346127363,91.8260653872637,1000
owk,-18.17080877269185,28.82919122730815,1000
frx,-36.83985747517725,8.160142524822756,1000
hnq,-59.7446899698809,54.2553100301191,1000
bup,-0.8029195179590395,68.19708048204096,1000
byx,-76.66805573605521,85.33194426394479,1000
ejf,-97.7455600905894,85.2544399094106,1000
esg,-2.7091063044047785,4.290893695595221,1000
ado,-3.3751134089200656,23.624886591079935,1000
lee,-90.70434580960914,36.29565419039087,1000
mpu,-16.405602454644036,72.59439754535596,1000
ksj,-57.06139779090796,44.93860220909204,1000
ceg,-0.8715280924815516,83.12847190751845,1000
xgx,-97.33405369692936,56.66594630307064,1000
jxe,-31.927963629931796,86.0720363700682,1000
uzh,-69.93255595910377,56.06744404089623,1000
jex,-12.339008917873507,42.66099108212649,1000
zvq,-53.46719967763002,59.53280032236998,1000
ign,-74.89026789789983,54.10973210210017,1000
agk,-43.67101791072253,20.32898208927747,1000
lrm,-17.993406975570203,74.00659302442979,1000
elp,-1.6811728453822603,57.318827154617736,1000
xzn,-45.115432825129886,31.884567174870114,1000
kfi,-96.86875463238059,82.13124536761941,1000
sjs,-60.84194380066348,57.15805619933652,1000
abz,-27.9820170056471,73.01798299435289,1000
ftk,-7.483720294807228,70.51627970519277,1000
his,-88.54827748525896,67.45172251474104,1000
sox,-15.294531885187357,76.70546811481265,1000
efs,-21.199436947521527,25.800563052478473,1000
aur,-88.2225455016742,8.77745449832579,1000
lgr,-85.88418006688082,95.11581993311918,1000
qmk,-22.23566479821375,47.764335201786245,1000
vgk,-86.1869009263446,18.8130990736554,1000
rkf,-51.31348220135367,57.68651779864633,1000
wdr,-33.48564859226389,27.514351407736108,1000
xfx,-9.134796772664856,58.865203227335144,1000
qxd,-47.0032805411463,80.99671945885369,1000
qwz,-73.57903657402417,18.420963425975827,1000
pcu,-57.74301801006017,65.25698198993983,1000
mjd,-0.781787762867666,20.218212237132335,1000
pdo,-1.2507993819623533,38.74920061803765,1000
kov,-26.912439474218658,36.08756052578134,1000
zgi,-44.82210681050777,28.177893189492227,1000
sxu,-72.55270608368193,57.447293916318074,1000
ifn,-37.99625763671799,30.003742363282008,1000
psy,-68.76677203883814,7.23322796116186,1000
wjf,-16.422758178593675,63.577241821406325,1000
gds,-42.696194585742994,52.303805414257006,1000
egf,-18.719143974733072,65.28085602526693,1000
ohb,-52.137524276172144,51.862475723827856,1000
qtf,-14.443682939731534,39.55631706026846,1000
wih,-97.1006431929774,62.8993568070226,1000
gzz,-26.2360931235185,72.7639068764815,1000
oqb,-11.618337012793223,58.38166298720678,1000
gsv,-49.27788720975199,41.72211279024801,1000
xuh,-32.254844351309714,98.74515564869029,1000
dew,-66.80130015315338,80.19869984684662,1000
yfl,-63.49000569726191,25.509994302738093,1000
xck,-57.40752156696063,84.59247843303936,1000
ikp,-37.790244911295844,93.20975508870416,1000
vwf,-55.50999578531093,16.490004214689073,1000
szh,-16.747599809765525,7.252400190234475,1000
ubz,-27.29661710961925,56.70338289038075,1000
ial,-96.09455763997451,32.90544236002548,1000
kts,-59.59427301150625,49.40572698849375,1000
pmf,-47.56043355679717,95.43956644320284,1000
obe,-97.45406927958997,83.54593072041003,1000
sqc,-20.313915054231583,52.686084945768414,1000
ddf,-92.06760455089113,44.932395449108874,1000
pwn,-35.84293278895684,90.15706721104317,1000
rqg,-21.02387197904618,7.97612802095382,1000
koe,-17.754768487151953,16.245231512848047,1000
iqh,-68.58814668084938,75.41185331915062,1000
dog,-68.73036900558897,51.26963099441103,1000
wbs,-36.66375771345432,4.336242286545677,1000
nrr,0.9798667032956186,70.97986670329561,1000
nmj,-80.30045102534125,65.69954897465875,1000
egq,-34.91404158819765,92.08595841180235,1000
gaw,-37.52726931892279,72.47273068107721,1000
hnd,-86.8185488223546,16.181451177645396,1000
uko,-28.656919091934384,73.34308090806562,1000
nkj,-54.43534431737181,78.5646556826282,1000
meg,-90.65700835457491,92.34299164542509,1000
qht,-39.95619205928495,70.04380794071506,1000
pse,-33.78006359108965,72.21993640891036,1000
psd,-92.71874950973455,75.28125049026545,1000
xcw,-12.617975236312798,65.3820247636872,1000
dia,-86.35914357654046,50.640856423459546,1000
eyd,-16.39638202312073,55.60361797687927,1000
rtj,-53.22082339121097,2.779176608789033,1000
ula,-19.953507894977005,15.046492105022997,1000
iyk,-38.158819660011716,78.84118033998828,1000
iao,-84.47628829574276,16.523711704257234,1000
skx,-54.32867185308584,32.67132814691416,1000
ysz,-63.57958978440251,83.4204102155975,1000
ymb,-49.32368432553962,2.6763156744603824,1000
lan,-75.78042853397667,27.219571466023325,1000
qde,-80.58799505332578,17.412004946674212,1000
vpx,-94.65308174316263,52.34691825683736,1000
viu,-30.018117416197775,5.981882583802226,1000
ejr,-20.472997473451514,52.527002526548486,1000
awg,-15.420205132828334,51.579794867171664,1000
hij,-35.9930295977387,72.0069704022613,1000
yfd,-82.02333458191798,91.97666541808202,1000
mlx,-41.66575778734913,38.33424221265087,1000
xig,-33.892960096826336,34.107039903173664,1000
jft,-88.33612076743009,92.66387923256991,1000
lvy,-46.992088500583414,6.007911499416584,1000
zkw,-69.896587849089,45.10341215091099,1000
dpz,-94.57586623356508,40.42413376643492,1000
ztk,-90.15710980549007,17.842890194509938,1000
bhr,-21.110410369235982,69.88958963076402,1000
hum,-5.550718155106157,6.449281844893843,1000
qcs,-94.47350289818897,40.52649710181103,1000
ujl,-64.92345773317308,72.07654226682692,1000
jqg,-34.141271041472486,9.85872895852751,1000
xsp,-21.498647100081175,73.50135289991883,1000
wzd,-31.361142085229012,45.63885791477099,1000
zeh,-60.95407369728975,62.04592630271025,1000
pik,-21.547462321150945,96.45253767884905,1000
pby,-23.138305856868975,81.86169414313103,1000
exv,-49.373331543574984,82.62666845642502,1000
rrg,-37.69489022362086,18.30510977637914,1000
sed,-46.06714768065259,89.9328523193474,1000
gei,-95.07883667598797,22.921163324012028,1000
kce,-67.59906862246405,12.400931377535949,1000
wiu,-91.43099628827098,41.56900371172903,1000
lxb,-61.722639555549144,3.2773604444508564,1000
urs,-8.761761503965367,11.238238496034633,1000
dro,-58.96541320498719,22.034586795012803,1000
qqd,-64.57960143502734,27.420398564972665,1000
nwe,-9.166909679582824,0.8330903204171755,1000
tua,-6.904197411166538,44.095802588833465,1000
znn,-58.86658958568333,13.133410414316673,1000
yrb,-78.71596553258237,85.28403446741763,1000
fzn,-50.16109576301611,93.8389042369839,1000
hsf,-25.111028912623876,89.88897108737612,1000
jnt,-81.77153480095738,30.228465199042624,1000
rrb,-81.31242810976048,69.68757189023952,1000
rjm,-66.59323090893845,49.40676909106155,1000
tbd,-53.64777520576005,15.352224794239952,1000
jnt,-73.250595644091,84.749404355909,1000
kkg,-47.005410451377166,38.994589548622834,1000
hjk,-75.90097547257321,2.099024527426797,1000
zgu,-34.580743085454756,57.419256914545244,1000
ywi,-1.937962465092057,19.062037534907944,1000
kun,-24.294229798140837,13.705770201859163,1000
vuu,-64.20136685389829,71.79863314610171,1000
psj,-50.77095742730228,39.22904257269772,1000
zit,-55.08163534420208,43.91836465579792,1000
hum,-86.92182489845351,38.07817510154649,1000
leu,-78.86760394569758,44.132396054302426,1000
enc,-63.98028808401424,44.01971191598576,1000
edd,-61.84719945664822,16.15280054335178,1000
xim,-89.67931118527538,36.320688814724626,1000
wef,-55.180054936485774,75.81994506351423,1000
vbd,-56.1720302092164,0.8279697907836009,1000
jil,-19.540152157197767,9.459847842802233,1000
tyw,-0.3205595652119311,96.67944043478806,1000
vzi,-66.51766830816088,18.482331691839114,1000
ome,-26.942860468360394,79.0571395316396,1000
wrh,-94.85541596492122,98.14458403507878,1000
eyp,-81.45973250780705,62.54026749219295,1000
wuo,-78.78321173827814,91.21678826172186,1000
mmv,-32.20606568258513,83.79393431741488,1000
ucd,-86.78050637740739,24.219493622592612,1000
izv,-67.7857258331813,38.21427416681869,1000
ffc,-69.40469470990307,78.59530529009693,1000
xnh,-1.5687473613818002,65.4312526386182,1000
jtw,-83.27810636820472,5.721893631795282,1000
reh,-81.39769825139949,36.60230174860052,1000
ohf,-30.909871415899293,90.09012858410071,1000
ppj,-93.12664448847119,90.87335551152881,1000
pug,-45.95411070646271,44.04588929353729,1000
nfb,-3.732656835341854,88.26734316465814,1000
hle,-50.12751313044193,62.87248686955807,1000
oxe,-13.396717342554734,29.603282657445266,1000
nbu,-36.43869523162148,88.56130476837852,1000
sto,-30.203217237734428,73.79678276226558,1000
qns,-12.882124559341364,62.117875440658636,1000
ykq,-20.30058990039228,75.69941009960772,1000
gas,-75.77690068338597,23.223099316614032,1000
nae,-3.669164580472999,43.330835419527,1000
iza,-90.09400721477756,56.905992785222445,1000
ifj,-32.027400953575125,31.97259904642487,1000
pqm,-23.15828200652988,4.8417179934701196,1000
ked,-1.2147375911507459,75.78526240884925,1000
owb,-20.705835746360062,91.29416425363993,1000
wxi,-9.02811559306383,95.97188440693617,1000
fyr,-70.1492912285272,71.8507087714728,1000
orw,-70.708958422874,85.291041577126,1000
hkx,-26.48064104678208,33.51935895321792,1000
lwf,-0.9922318937930389,50.00776810620696,1000
icq,-54.970838168338496,38.029161831661504,1000
uxo,-49.24124243239234,97.75875756760766,1000
pes,-70.04430939117556,15.955690608824446,1000
owh,-74.20885198415094,56.79114801584906,1000
amg,-85.31472213884562,86.68527786115438,1000
alw,-25.16159316660483,36.83840683339517,1000
znv,-30.503538003710037,48.496461996289966,1000
lnw,-84.49581406404504,49.50418593595496,1000
rte,-48.44878612149332,47.55121387850668,1000
ypp,-33.02708379674534,49.97291620325466,1000
hdu,-35.635685619529,22.364314380471,1000
mju,-71.65556300491916,96.34443699508084,1000
sel,-57.33361011485066,49.66638988514934,1000
zob,-0.9275112019951625,73.07248879800484,1000
ykk,-46.97814070675111,67.02185929324888,1000
oqx,-65.0466381344465,1.9533618655535006,1000
pvu,-65.46482555259739,30.535174447402614,1000
bso,-52.28030415957672,83.71969584042327,1000
zpj,-18.773180574349936,32.22681942565006,1000
srj,-46.33828666785377,40.66171333214623,1000
jfh,-90.71200322876058,93.28799677123942,1000
mvc,-80.95952368120196,57.04047631879805,1000
fgz,-58.32611537122209,11.67388462877791,1000
tmz,-43.78497519810388,77.21502480189612,1000
wfj,-78.11740472117265,40.88259527882735,1000
ava,-5.9113533864928876,84.08864661350711,1000
tra,-57.291769356401915,11.708230643598084,1000
bsh,-2.1211730731671947,75.8788269268328,1000
zmn,-65.41626825586275,55.58373174413725,1000
euu,-48.6133150879837,97.3866849120163,1000
biw,-86.87249332260528,45.12750667739471,1000
knh,-27.083727815139298,86.9162721848607,1000
xpl,-86.21128367249597,79.78871632750403,1000
kws,-12.467682403805169,30.53231759619483,1000
nif,-23.102368280976098,91.8976317190239,1000
nym,-19.551738952521525,23.448261047478475,1000
bja,-23.3864058260455,22.6135941739545,1000
wbl,-88.71306821956716,32.28693178043283,1000
djy,-18.29363737800259,87.70636262199741,1000
dkz,-8.095218271503837,72.90478172849616,1000
aol,-8.071315046929888,33.92868495307011,1000
udw,-57.03554350867138,11.96445649132862,1000
rlo,-9.970793970580017,14.029206029419983,1000
