nks,-60.234754761529466,56.765245238470534,500
xlf,-69.72199351921049,69.27800648078951,500
hyr,-0.7009730105340163,37.299026989465986,500
gqx,-54.21350032383554,43.78649967616446,500
ehg,-31.881607162362492,79.11839283763751,500
aqi,-72.76640956707492,20.23359043292508,500
sto,-82.1536168412685,7.846383158731494,500
kry,-3.010530294646583,1.9894697053534172,500
vqs,-39.02799708903524,82.97200291096476,500
hak,-28.498135279576097,68.5018647204239,500
nlp,-13.831827083101956,75.16817291689804,500
nwb,-32.23390012145676,89.76609987854323,500
pvy,-27.362517567437074,82.63748243256292,500
qzo,-85.59796751392089,69.40203248607911,500
wje,0.33815586422669586,67.33815586422669,500
dxl,-68.72790219437539,46.272097805624604,500
fxw,-0.6167195786251908,88.3832804213748,500
pqm,-59.72999902477139,80.27000097522861,500
rqv,-80.40377137504841,81.59622862495159,500
nkz,-77.68629639519898,89.31370360480102,500
qvl,-64.84981972774565,90.15018027225435,500
hne,-41.030547872192685,14.969452127807315,500
yok,-15.242365603824513,28.757634396175487,500
jiv,-66.4302817299311,55.569718270068904,500
nmu,-38.154489326941665,72.84551067305833,500
osd,-39.57811028203036,77.42188971796965,500
wyp,-37.78360393535393,80.21639606464608,500
rjb,-46.755201316320154,13.24479868367985,500
zyo,-40.7216745415015,74.2783254584985,500
oft,-43.6854328173793,10.314567182620701,500
gdt,-88.46922936452324,66.53077063547676,500
gbx,-92.64618155919452,79.35381844080548,500
rzv,-67.1466182165581,52.85338178344191,500
yyb,-30.610507173755565,5.389492826244434,500
pgz,-69.40244764784069,5.597552352159312,500
ggu,-0.4165121056589345,26.583487894341065,500
hqa,-36.147848144618756,57.852151855381244,500
cys,-9.783422024194245,70.21657797580575,500
nfd,-93.12790442009647,40.87209557990354,500
fyg,-92.45565215037152,39.54434784962848,500
sqp,-55.76372467897854,2.2362753210214583,500
axn,-84.06447195201261,34.93552804798739,500
yml,-45.03897090967191,6.961029090328087,500
irr,-90.5080257525087,51.49197424749131,500
cgm,-34.64217736959426,38.35782263040574,500
aaf,-84.58293843762341,81.41706156237659,500
lmc,-71.72259767325366,84.27740232674634,500
eho,-19.93730672148102,85.06269327851898,500
omu,-83.21479222455524,2.7852077754447535,500
ilk,-48.8407998474213,10.159200152578695,500
wfx,-78.36081473334393,61.63918526665608,500
pyv,-21.202312063790515,51.797687936209485,500
oxh,-39.449564735176196,59.550435264823804,500
iex,-3.305454768517455,81.69454523148255,500
wjm,-72.88271011061535,40.11728988938465,500
dre,-8.69077046895097,39.30922953104903,500
iwj,-91.19937545937499,55.800624540625016,500
nzp,-59.989531607957375,23.010468392042625,500
ilt,-30.019947926155016,96.98005207384499,500
nmk,-85.58972097628062,60.41027902371938,500
ydp,-87.36968958844048,9.630310411559517,500
ofg,-45.06666386192476,73.93333613807525,500
dnv,-45.73067154089893,0.26932845910106995,500
fgw,-0.2509028955928556,45.74909710440714,500
cvp,-76.15738631004756,91.84261368995244,500
wqi,-33.881989360074094,27.118010639925906,500
gbi,-25.975234434884698,45.0247655651153,500
dhd,-94.12925773152074,90.87074226847926,500
yzl,-24.269315837329245,1.7306841626707548,500
hsq,-93.18088218422392,41.81911781577608,500
mrt,-61.91366696092738,63.08633303907262,500
xdf,-27.09689072194218,64.90310927805781,500
mlv,-1.1948124174259638,47.805187582574035,500
qhf,-2.6552537359710255,78.34474626402897,500
afr,-17.964276532085403,48.0357234679146,500
gbf,-81.02939595124211,39.970604048757885,500
cdo,-60.593189369556924,38.406810630443076,500
kps,-14.771939695736412,15.228060304263588,500
kns,-93.6417912262289,26.3582087737711,500
roj,-52.19230463788677,37.80769536211323,500
gew,-67.73332069370989,57.26667930629011,500
mqh,-73.42789207821862,48.57210792178139,500
jcx,-53.319183277418915,46.680816722581085,500
pzp,-55.531899025262454,5.468100974737549,500
pge,-24.03499484958343,8.96500515041657,500
vxe,-70.94540401532477,44.05459598467523,500
lwv,-74.71751683358394,79.28248316641606,500
frd,-64.3409587509206,5.659041249079391,500
hpj,-39.284593212134574,95.71540678786542,500
szy,-37.774543698177816,45.225456301822184,500
jst,-43.041017541400635,23.958982458599362,500
rlh,-13.228859784232856,34.77114021576714,500
zvs,-0.48752195739082704,25.512478042609175,500
lrq,-44.992117088622244,9.007882911377754,500
idc,-26.009842606204487,84.99015739379551,500
qnv,-5.731658933670634,31.268341066329366,500
vcl,-36.72725685261774,25.27274314738226,500
gai,-40.43087871359267,29.569121286407327,500
xyr,-25.367611275747503,57.63238872425249,500
lud,-21.950464201644458,7.049535798355543,500
odr,-44.50328794429561,24.496712055704396,500
wha,-8.643549277250939,23.356450722749063,500
rmp,-19.497527285376556,71.50247271462344,500
zde,-41.05767666127624,68.94232333872377,500
skv,-86.1998668411358,7.800133158864201,500
doo,-82.0035346646619,61.9964653353381,500
xlz,-49.0533317926912,1.9466682073087962,500
sri,-85.61001645494211,18.389983545057888,500
hqe,-27.431293101210052,56.56870689878995,500
gjd,-79.43615267935665,82.56384732064335,500
sag,-39.629755833948295,12.370244166051709,500
jwv,-62.33089333574242,22.669106664257583,500
nvu,-26.706485070291823,83.29351492970818,500
bhb,-76.08328514643976,23.916714853560233,500
jnm,-45.47643982543029,45.52356017456971,500
giu,-67.0543828243627,66.9456171756373,500
duf,-71.6907661434384,20.3092338565616,500
ckp,-13.576858889045813,36.423141110954184,500
cre,-80.9975179633383,5.002482036661702,500
rec,-71.80358652407938,24.196413475920615,500
syb,-13.912755234530024,10.087244765469976,500
txo,-16.835160406547427,87.16483959345257,500
ymd,-29.813710043661168,70.18628995633884,500
efm,-49.60512147776103,16.394878522238965,500
tsz,-69.82738904714957,3.172610952850437,500
sir,-65.79006625578845,4.209933744211548,500
dlb,-59.137562821347096,49.862437178652904,500
qnl,-95.20469057775964,36.79530942224036,500
efs,-31.52575590988077,94.47424409011923,500
jkz,-89.98497922277805,87.01502077722195,500
hrw,-17.410358163481543,33.58964183651845,500
exn,-35.30940988508486,31.69059011491514,500
heu,-74.89731660253383,65.10268339746617,500
qkv,-95.86164370189488,15.13835629810512,500
ber,-91.3517660747632,37.64823392523679,500
caa,-82.92446708937364,61.075532910626364,500
vbh,-64.89652262049816,38.10347737950184,500
wjb,-27.745863739623566,19.254136260376434,500
fqh,-72.72406678321687,33.27593321678312,500
hyg,-84.52270150676136,37.47729849323864,500
vco,-76.08042358076509,71.91957641923491,500
drf,-7.380475253601263,25.61952474639874,500
ily,-81.1184593373235,46.88154066267649,500
cql,-87.1792960379914,52.820703962008594,500
ctm,-13.379765072978259,34.62023492702174,500
fao,-2.160736078533993,96.83926392146601,500
ccg,-70.86298998066799,18.137010019332013,500
ncj,-2.401733350503526,94.59826664949648,500
chp,-74.9949971277402,39.00500287225979,500
tey,-72.42583471657147,64.57416528342853,500
tui,-97.2414823162709,39.758517683729096,500
psf,-67.81761427140266,24.182385728597335,500
nxe,-32.76183387864816,82.23816612135184,500
bfy,-14.75563280190141,60.244367198098594,500
fvm,-47.08990780374562,51.91009219625438,500
arz,-37.179446909981266,8.820553090018734,500
kcj,-39.931673855335916,9.068326144664084,500
eud,-72.28161545590804,67.71838454409196,500
dko,-29.94363729172644,52.05636270827356,500
ykq,-68.13738564006943,23.86261435993057,500
vyt,-89.15600944444247,86.84399055555753,500
cka,-1.3551762142327277,93.64482378576727,500
vgq,-16.24069677198425,9.75930322801575,500
sge,-57.542203296249596,10.457796703750402,500
vtl,-71.08817289976277,11.911827100237232,500
awc,-82.18116386717105,89.81883613282895,500
zdj,-31.35347301021892,74.64652698978108,500
qsp,-42.99359615117558,50.00640384882442,500
gqy,-62.40670202126053,81.59329797873947,500
xuq,-43.2620244994252,85.73797550057479,500
znx,-79.84184272717395,96.15815727282605,500
zxy,-93.08256953239707,77.91743046760293,500
vts,-88.59837758602833,42.401622413971666,500
osg,-16.323665210495054,10.676334789504947,500
jxj,-33.70143262818213,50.29856737181787,500
gjp,-52.25645550391095,32.74354449608905,500
xpa,-78.93218898288845,93.06781101711155,500
sag,-25.23574959464663,33.764250405353366,500
rjs,-29.991082368587186,96.00891763141281,500
eno,-90.87719826917419,43.12280173082581,500
fbq,-0.0727555754878737,4.927244424512127,500
tke,-31.801881968573504,85.1981180314265,500
vsz,-32.57490663877687,14.42509336122313,500
bte,-89.97540413496503,86.02459586503497,500
pgu,-29.161242469777036,56.83875753022296,500
scr,-45.06819391955084,43.93180608044916,500
isv,-22.922260170607668,19.077739829392332,500
fio,-72.96320442100722,9.036795578992786,500
cnt,-48.396748111934684,85.60325188806532,500
fph,-93.88131643141881,51.11868356858119,500
fzv,-35.74780593750568,9.252194062494318,500
oum,-5.972988231094819,44.02701176890518,500
kfy,-66.2838690395585,87.7161309604415,500
pmf,-40.78125536984847,8.218744630151527,500
cdu,-68.30572534287197,36.69427465712803,500
eyo,-92.6035392052681,63.3964607947319,500
ict,-96.75351002754407,10.246489972455928,500
hgk,-37.60149586343299,45.39850413656701,500
ygz,-40.39137812042934,38.60862187957066,500
vsc,-6.750359219953954,88.24964078004605,500
bov,-96.04422060673446,42.955779393265544,500
afn,-41.5696230810349,19.430376918965106,500
cns,-58.832852956672625,74.16714704332738,500
qid,-79.32670402899913,93.67329597100087,500
bpi,-89.98747475080832,13.01252524919168,500
hwq,-1.3538898724311228,67.64611012756887,500
mna,-8.691142096131696,20.308857903868304,500
fen,-18.27630899011753,73.72369100988247,500
kwi,-92.25592996555322,76.74407003444678,500
ixm,-18.002937319975988,89.99706268002402,500
txb,-50.84960429679211,64.15039570320789,500
dfh,-46.02344998229271,91.9765500177073,500
wya,-71.35234051243486,91.64765948756514,500
fxn,-92.98101716714137,8.018982832858619,500
sym,-82.14357392039211,85.85642607960789,500
tnn,-46.18738298093035,93.81261701906965,500
xzj,-4.666041597681859,44.33395840231814,500
kqb,-81.60011236827356,55.399887631726436,500
lgi,-11.277951257675673,79.72204874232433,500
zow,-82.38738605356517,89.61261394643483,500
ehz,-55.34015817822298,26.659841821777025,500
pxk,-30.79568558077875,74.20431441922125,500
pvp,-26.274482164005303,42.725517835994694,500
wms,-77.72773870118125,21.272261298818748,500
tav,-61.237123101667684,87.76287689833232,500
dwm,-83.49758797238526,97.50241202761474,500
leq,-37.39540686705934,83.60459313294065,500
ksz,-76.8069938664529,20.193006133547104,500
gef,-58.243297972677546,42.756702027322454,500
aky,-67.96525158960416,67.03474841039584,500
ntx,-39.25179673255798,60.74820326744202,500
tsl,-11.098318636466097,22.901681363533903,500
obe,-72.05521669941254,47.94478330058745,500
rqn,-15.71967075023759,69.2803292497624,500
ibw,-6.600155876311107,72.3998441236889,500
sye,-96.31717132910936,94.68282867089064,500
fca,-91.08568559808906,35.91431440191094,500
bbx,-67.20407182364663,80.79592817635337,500
eit,-15.127345597113262,94.87265440288674,500
ofi,-70.57182793834929,56.428172061650706,500
lqi,-29.63699437519708,18.36300562480292,500
acs,-55.72584739696068,2.274152603039316,500
mbi,-42.200633172255536,3.7993668277444668,500
srl,-42.35418961688515,84.64581038311485,500
qbx,-60.73513411111091,1.2648658888890931,500
vwp,-32.215783380557234,15.784216619442763,500
rlh,-3.4299442640596953,11.570055735940304,500
mjp,-74.18562261910027,16.814377380899725,500
dvn,-93.91734516173719,60.082654838262805,500
ygu,-33.95124592779535,83.04875407220464,500
dto,-22.676581567753253,88.32341843224675,500
