liy,-26.360877738462182,7.639122261537817,500
prf,-36.44834043310894,88.55165956689106,500
wpv,-80.7733850716368,93.2266149283632,500
bas,-19.675532339342254,23.324467660657746,500
kth,-28.3365832019981,5.663416798001901,500
wfn,-81.72143679730051,73.27856320269949,500
hxt,-20.30918953362555,41.69081046637445,500
gsc,-52.14023795587783,24.85976204412217,500
naj,-11.438126256427045,20.561873743572956,500
fqm,-84.45218976303624,55.54781023696376,500
gah,-50.98379553054212,87.01620446945788,500
tzg,-94.66594650450939,20.334053495490604,500
fze,-48.93939895367806,7.0606010463219455,500
oll,-10.96239166995861,4.037608330041391,500
mhm,-75.52852487427026,88.47147512572974,500
lro,-77.13652724843426,96.86347275156574,500
dmj,-84.26917287350462,0.730827126495382,500
weo,-67.78189911149269,82.21810088850731,500
krs,-36.67104433753928,9.32895566246072,500
qxh,-61.4117994545403,37.5882005454597,500
tph,-45.43502278355666,35.56497721644334,500
cbc,-48.46538348491848,63.53461651508152,500
rnp,-2.2854333420835733,36.71456665791643,500
dor,-4.197442387219361,94.80255761278065,500
qwt,-4.699053859562652,56.30094614043735,500
kaa,-61.59842667220351,20.401573327796488,500
teo,-62.46582898995619,47.53417101004381,500
led,-40.459153898898144,51.540846101101856,500
snb,-11.975933798755191,26.024066201244807,500
ebq,-12.217803242180349,31.78219675781965,500
mvm,-84.98407575031489,88.01592424968511,500
uir,-64.95996928948007,61.04003071051993,500
iwl,-34.36252558615906,44.63747441384094,500
dmo,-6.84183922390188,13.15816077609812,500
bqk,-53.66055117054222,36.33944882945778,500
ear,-81.52668382105146,59.47331617894854,500
jwu,-88.39014866369652,95.60985133630348,500
hej,-2.0001515761800674,96.99984842381993,500
cva,-48.629331922512705,80.3706680774873,500
xqe,-25.648801344003996,44.35119865599601,500
hny,-38.68769871913812,77.31230128086189,500
vhf,-1.1560489970419408,81.84395100295806,500
dvm,-55.0699528813383,81.9300471186617,500
xyb,-81.11976609431858,10.880233905681422,500
oiz,-94.83287711733306,19.16712288266694,500
lhk,-51.78850164669971,6.211498353300291,500
qex,-19.196464931907112,60.803535068092884,500
ygb,-92.60252945808296,83.39747054191704,500
gir,-86.18122594189248,78.81877405810752,500
tbm,-0.3819724413721405,54.61802755862786,500
zux,-56.137718929380156,18.862281070619844,500
dwm,-88.29543932812912,41.70456067187088,500
gne,-91.75353334538907,80.24646665461093,500
cxi,-23.655321587205595,21.344678412794405,500
eeu,-8.241019788416663,39.758980211583335,500
dvv,-85.63530669502964,52.36469330497036,500
ata,-63.446753972626134,0.5532460273738696,500
rdj,-41.638398617309036,72.36160138269096,500
qux,-40.45513413734275,23.544865862657247,500
hlr,-67.15549021357974,36.84450978642026,500
lpg,-33.675479612902954,85.32452038709704,500
iqx,-52.262351706712856,37.737648293287144,500
dey,-69.19871783639745,94.80128216360255,500
uso,-15.300511268908055,48.69948873109195,500
bbx,-58.20324345383027,20.79675654616973,500
glb,-43.25390291592887,43.74609708407113,500
tqt,-13.139081152640655,47.86091884735934,500
twk,-6.005285835926835,35.994714164073166,500
cds,-62.19382249175263,30.806177508247373,500
rvz,-58.300732027357114,81.69926797264289,500
jom,-27.189819069812494,69.8101809301875,500
tmp,-45.825269608646416,49.174730391353584,500
dmh,-57.66076380655796,69.33923619344205,500
uet,-78.88088688102364,13.119113118976351,500
jrm,-14.073604666135468,47.926395333864534,500
ywi,-18.06018097692977,14.939819023070228,500
thl,-87.08657268994685,45.91342731005315,500
oco,-15.304823634404366,47.695176365595636,500
gxp,-48.679966986186656,32.320033013813344,500
upg,-47.3100107322359,96.68998926776409,500
xua,-27.34065032332505,77.65934967667495,500
spq,-25.106178019972308,9.893821980027694,500
vmo,-57.882810133727695,57.117189866272305,500
ybf,-9.27371078069526,20.72628921930474,500
kqo,-61.16281451903688,17.83718548096312,500
nut,-45.643672794830344,26.356327205169656,500
mec,-95.64143379672896,93.35856620327104,500
rmp,-53.99357049375553,82.00642950624447,500
sls,-44.43723993144447,82.56276006855553,500
wch,-44.68678140950164,37.31321859049836,500
mhj,-25.57971917221307,95.42028082778693,500
vim,-10.500934985799812,78.49906501420018,500
vso,-74.0747376494407,84.9252623505593,500
uhd,-37.99861150622885,52.00138849377115,500
shu,-44.85340762078314,55.14659237921686,500
tml,-78.7831907051213,87.2168092948787,500
fcr,-20.444762300258496,84.55523769974151,500
vae,-72.41304205773928,40.58695794226073,500
cfa,-78.22924616822183,20.77075383177817,500
cmh,-46.50194547819919,47.49805452180081,500
rag,-29.318480825851104,68.68151917414889,500
ska,-68.49626018989814,10.50373981010186,500
vvl,-73.74624135025829,85.25375864974171,500
dve,-97.71914456996006,60.280855430039935,500
tfa,-22.736531749738617,10.263468250261385,500
uht,-50.770684043889496,35.229315956110504,500
kvk,-82.19824310401135,45.80175689598865,500
iph,-68.59440013311985,58.405599866880145,500
wel,-55.462440367700246,78.53755963229975,500
rmh,-0.7580653480968234,7.241934651903176,500
fgb,-17.985440100559714,39.014559899440286,500
hcq,-67.44624575924598,13.553754240754015,500
mfc,-23.694428027837407,35.30557197216259,500
kgm,-22.478031387122414,17.521968612877586,500
srb,-28.185757617924477,31.814242382075523,500
skd,-97.52995980518754,12.470040194812462,500
ivf,-30.277489978294668,89.72251002170533,500
bdd,-4.117471237561311,31.88252876243869,500
ifq,-58.99270323913809,7.007296760861911,500
aqe,-33.74902872643026,40.25097127356974,500
pkn,-89.72005215678088,4.279947843219112,500
gzg,-80.44697953956404,61.55302046043596,500
xym,-60.702841078429586,87.29715892157041,500
luj,-52.691344200948116,83.30865579905189,500
rlb,-8.083773351400879,98.91622664859912,500
vic,-4.75719887938103,79.24280112061896,500
ibm,-53.714775239665975,68.28522476033403,500
ori,-78.16194174336293,97.83805825663707,500
ocq,-26.1474396489583,12.852560351041697,500
uqj,-78.54388673102471,76.45611326897529,500
dsp,-36.41770478114044,37.58229521885956,500
qhw,-10.569659900735699,43.4303400992643,500
sfl,-40.07559983108793,13.924400168912074,500
sog,-30.368439590898575,41.631560409101425,500
lwd,-48.011240481773335,79.98875951822667,500
icp,-27.755868961473247,13.244131038526753,500
qlr,-65.20045282745619,50.79954717254381,500
bhn,-2.7088702627899037,44.2911297372101,500
cjl,-51.00061751345699,37.99938248654301,500
fzw,-91.50522942605004,22.494770573949957,500
ifj,-11.24654312870247,0.7534568712975303,500
yxb,-11.254402752560026,95.74559724743997,500
mla,-4.359227000154456,89.64077299984554,500
bgo,-57.42408205707743,61.57591794292257,500
wkd,-31.807692379762223,28.192307620237777,500
nfy,-60.33945257814939,47.66054742185061,500
ibw,-38.7367658592159,68.26323414078409,500
qfx,-10.089948989835243,80.91005101016475,500
eii,-48.92857338717748,39.07142661282252,500
rkn,-31.060912623586514,19.939087376413486,500
chw,-96.48545962996943,58.514540370030566,500
nfq,-42.28401556531471,90.7159844346853,500
tje,-5.353910574104274,80.64608942589572,500
ssa,-63.256062748110786,55.743937251889214,500
ddp,-48.50758020814273,31.492419791857273,500
bao,-79.349810732807,98.650189267193,500
rba,-65.50950006095131,11.490499939048695,500
yxe,-53.9856802012722,40.0143197987278,500
ueh,-63.16273276633471,56.83726723366529,500
mto,-15.254137073146104,74.7458629268539,500
wzf,-11.88229322401513,98.11770677598487,500
dwl,-67.5745805280539,21.4254194719461,500
agz,-94.0577995943153,40.942200405684694,500
pqr,-38.41835323913475,55.58164676086525,500
ypr,-36.23710616812911,45.76289383187089,500
afi,-11.229278152229316,10.770721847770684,500
tan,-71.55751015542315,23.44248984457686,500
zlf,-97.34321382748486,72.65678617251514,500
zvl,-53.644702480147906,44.355297519852094,500
mnj,-20.678998104509137,64.32100189549087,500
ooh,-58.237418699463426,25.76258130053657,500
idv,-1.349071715468858,8.650928284531142,500
lxc,-89.97524621769158,65.02475378230842,500
pko,-66.06309333618536,98.93690666381464,500
okg,-56.466362228231255,9.533637771768745,500
sgk,-16.213890068181364,63.786109931818636,500
bfm,-7.054422899069441,34.94557710093056,500
wtt,-90.61042719949852,20.389572800501487,500
pae,-58.21415039914289,84.7858496008571,500
yba,-75.34917608261449,12.650823917385514,500
osq,-60.35998267104818,69.64001732895183,500
gqf,-75.46467156547153,82.53532843452847,500
oft,-3.40437322298943,60.59562677701057,500
hnk,-93.75238475193846,38.24761524806153,500
rsr,-96.76085576944092,44.239144230559084,500
xhw,-46.588813026594686,76.41118697340531,500
eqx,-89.73999580290123,8.260004197098763,500
xis,-65.25092210208776,72.74907789791224,500
gdf,-37.05931335111953,74.94068664888047,500
syo,-71.32833628278702,92.67166371721298,500
cuc,-22.49468770242502,85.50531229757499,500
hjp,-95.6231541829681,3.3768458170319056,500
avq,-72.70892654502963,77.29107345497037,500
ljv,-94.70299277772365,73.29700722227635,500
uet,-43.12408812822067,94.87591187177934,500
mzm,-55.98957065465288,47.01042934534712,500
zfc,-89.55737312677667,32.442626873223325,500
tey,-24.52834328161937,96.47165671838063,500
oej,-72.69859106248795,62.30140893751205,500
ojr,-49.16346435928223,72.83653564071777,500
wpc,-22.85268242707438,76.14731757292562,500
zgq,-51.12805815893152,19.871941841068473,500
nlk,-77.49706495471598,93.50293504528402,500
bdt,-5.605869925008914,68.39413007499108,500
ovj,-21.169581161846544,53.830418838153456,500
jsb,-93.24775108301219,54.75224891698781,500
fjn,-45.097737584357546,22.90226241564245,500
foe,-29.873597755002958,27.126402244997042,500
qvf,-37.323898470282785,23.67610152971721,500
cnp,-24.61721224906045,88.38278775093954,500
bcu,-57.937068662182426,82.06293133781757,500
xqe,-20.71278748444278,44.28721251555722,500
nuw,-30.18370952412757,91.81629047587244,500
fok,-91.85896096568108,96.14103903431892,500
dnw,-42.762087726738116,53.237912273261884,500
axg,-34.8312923663386,55.1687076336614,500
cdn,-19.82174811919801,13.17825188080199,500
xzx,-25.391495695345967,79.60850430465403,500
ajv,-47.253756181935096,41.746243818064904,500
zhq,-78.59399112999667,52.40600887000333,500
lrr,-56.5122961269117,97.4877038730883,500
ugr,-95.99145868576454,84.00854131423546,500
cpe,-61.41628455505047,23.583715444949533,500
vfm,-29.985273822305984,25.014726177694016,500
cgu,-41.16094983299172,39.83905016700828,500
wjb,-65.79648915355905,69.20351084644095,500
nke,-90.84994640133378,20.150053598666215,500
pxm,-51.542627263355406,72.45737273664459,500
aih,-44.81912112374067,26.180878876259328,500
fsd,-57.748037491288436,98.25196250871157,500
lkt,-10.009158152553972,85.99084184744603,500
dhk,-26.60395346041369,40.396046539586315,500
lyr,-29.64625760501737,59.35374239498263,500
eqs,-21.656037482265752,28.343962517734248,500
uvp,-7.706973987925288,66.29302601207472,500
byn,-80.54808023593705,91.45191976406295,500
ftn,-12.228477167100166,96.77152283289983,500
iqn,-29.582711771367176,56.41728822863283,500
ung,-38.4562916581755,78.5437083418245,500
wio,-49.10216664951354,18.897833350486454,500
lyz,-86.5607339765494,98.4392660234506,500
cby,-29.250855694839558,79.74914430516044,500
pku,-85.84334839505533,6.156651604944667,500
knt,-28.01443204282753,21.98556795717247,500
uwj,-66.97358222742933,13.026417772570662,500
pji,-85.41538380945894,66.58461619054106,500
hkb,-44.88593251245473,69.11406748754527,500
xyf,-64.99363257205562,17.006367427944387,500
mdp,-69.09742503988356,45.90257496011643,500
oug,-6.973983753989883,4.026016246010117,500
piy,-23.140844259602325,65.85915574039767,500
