ogb,-97.05801406994951,62.9419859300505,1000
kdh,-90.87572670336766,82.12427329663234,1000
die,-32.95757701379305,42.04242298620695,1000
ajj,-92.32214987161764,50.67785012838236,1000
bno,-87.75184615983322,83.24815384016678,1000
kcy,-74.50931990674165,41.490680093258355,1000
sci,-22.199102465545398,92.8008975344546,1000
ktn,-42.37193448350979,85.62806551649021,1000
dyq,-84.02467428740582,41.975325712594184,1000
fju,-51.885371155099975,68.11462884490003,1000
omq,-23.144792692215578,69.85520730778443,1000
hpq,-26.030886090315256,36.969113909684744,1000
jkc,-45.92868513386921,48.07131486613079,1000
waj,-65.49575134875327,40.504248651246726,1000
uez,-89.9541497782592,29.04585022174081,1000
emv,-81.71699401368339,82.28300598631661,1000
hll,-83.85834577008832,92.14165422991168,1000
pxw,-69.34272207827279,14.657277921727221,1000
ymd,-2.849009622341586,75.15099037765842,1000
iaj,-56.176179026770185,5.823820973229814,1000
glj,-62.68021159049752,40.31978840950248,1000
crw,-7.687206195423417,78.31279380457659,1000
vtx,-7.068510771745797,98.93148922825421,1000
mvn,-11.835608083662098,12.164391916337902,1000
uuq,-47.250161232918686,6.749838767081313,1000
cvl,-62.440376131491355,78.55962386850865,1000
jut,-60.1876578924934,97.8123421075066,1000
zvx,-1.7390844531975749,91.26091554680242,1000
gpw,-65.68613458823226,90.31386541176774,1000
bdw,-68.26004673526313,45.73995326473687,1000
ffc,-87.6587959596435,55.34120404035651,1000
lwd,-68.91708326667353,16.08291673332647,1000
nzd,-14.910163083608335,94.08983691639166,1000
oht,-5.032253429314366,32.967746570685634,1000
bpq,-78.63300805993802,97.36699194006198,1000
lca,-92.9785801629571,36.0214198370429,1000
ekf,-40.539935923098035,59.460064076901965,1000
aoh,-42.251167254759366,76.74883274524063,1000
vti,-60.930884064030856,47.069115935969144,1000
yae,-28.398071033375786,56.601928966624214,1000
jqm,-60.66231144442059,68.33768855557942,1000
xcr,-7.153722142834163,60.84627785716584,1000
tbl,-2.249732244748543,18.750267755251457,1000
wei,-33.68289983993815,47.31710016006185,1000
ggr,-68.07152490830723,60.92847509169277,1000
imn,-42.879805473466,19.120194526534004,1000
paa,-15.89897133433889,89.1010286656611,1000
mkg,-25.428849186462767,46.57115081353723,1000
elg,-31.638318053824158,74.36168194617584,1000
sat,-89.39152626825114,36.608473731748866,1000
jbj,-19.58637639571797,44.41362360428203,1000
zyg,-90.42927014496227,69.57072985503773,1000
xzd,-59.40526615474005,88.59473384525995,1000
yrv,-74.59124322741904,56.40875677258096,1000
xnp,-84.80243314264801,88.19756685735199,1000
ois,-84.59888158270437,74.40111841729563,1000
yjy,-31.252820959305453,70.74717904069455,1000
zgi,-7.9977497462387035,35.0022502537613,1000
iuz,-48.218709322023706,65.78129067797629,1000
tui,-45.57679888483985,30.42320111516015,1000
sqc,-88.72792029220248,58.27207970779751,1000
lxu,-42.90183584794418,12.098164152055823,1000
qug,-4.99384415720858,46.00615584279142,1000
qpc,-89.5261905754809,39.473809424519104,1000
bnd,-79.51595963211417,0.4840403678858275,1000
oze,-50.7418381120986,79.2581618879014,1000
wdk,-41.45843921501919,93.54156078498082,1000
jlo,-27.538267328342485,86.46173267165751,1000
hma,-63.25192077201827,90.74807922798172,1000
nms,-70.97325250524518,17.026747494754808,1000
yub,-69.24817855133102,57.75182144866897,1000
jgw,-15.388799569580293,46.61120043041971,1000
akn,-78.50871948180675,34.49128051819326,1000
eqh,-42.47731983510443,50.52268016489557,1000
odu,-26.665845639051376,26.334154360948624,1000
ebl,-85.06649268494067,16.93350731505933,1000
tcj,-36.967553529512614,37.032446470487386,1000
xrx,-0.18912862264796237,65.81087137735204,1000
kdj,-28.43571387469813,21.56428612530187,1000
gwf,-35.54593292793713,64.45406707206287,1000
euq,-82.90053640922721,18.099463590772793,1000
gbh,-6.325395719736938,20.67460428026306,1000
dhy,0.7495018438400561,91.74950184384005,1000
cwf,-96.00456972147178,10.995430278528222,1000
rzc,-81.9013171224683,89.0986828775317,1000
rxl,-78.60760296009963,61.39239703990037,1000
muz,-80.17228721553315,96.82771278446685,1000
nqj,-48.42769910682557,17.57230089317443,1000
txh,-10.444477196125225,86.55552280387478,1000
qht,-74.09084602059026,4.909153979409733,1000
tyb,-37.517084910760786,71.48291508923921,1000
mqn,-78.79498672952771,43.2050132704723,1000
dgd,-65.59675653267314,68.40324346732686,1000
dur,-70.22248687502147,7.77751312497852,1000
jox,-95.6608946783865,91.3391053216135,1000
xyb,-97.13507337841156,23.864926621588445,1000
lap,-57.24327230441811,28.756727695581883,1000
tke,-93.11922599866632,41.880774001333684,1000
llb,-10.735920683889294,82.26407931611071,1000
ofn,-75.8533928846427,73.1466071153573,1000
npz,-23.110732946539784,66.88926705346022,1000
rch,-72.72561837875607,44.27438162124393,1000
nzl,-18.566346018805454,42.433653981194546,1000
enm,-10.964253531397649,86.03574646860235,1000
wlp,-88.02454594226725,72.97545405773275,1000
ifz,-59.51426007745233,45.48573992254767,1000
roj,-68.03517029599244,46.964829704007556,1000
lzg,-49.91394697820115,12.086053021798847,1000
dra,-84.59722811399848,59.40277188600152,1000
ved,-12.531227018325964,73.46877298167404,1000
ztt,-75.0172990059296,33.9827009940704,1000
www,-47.73593490498289,42.26406509501711,1000
ayd,-93.53969241810772,47.46030758189228,1000
ltq,-54.8952608659243,39.1047391340757,1000
jxf,-84.81399193428669,46.1860080657133,1000
cvg,-24.56103954335916,81.43896045664084,1000
xny,-51.48576461568807,32.51423538431193,1000
itc,-28.013061845180747,86.98693815481926,1000
kfp,-49.8287440029346,18.1712559970654,1000
vqr,-86.75203773580886,7.247962264191146,1000
npp,-66.13249523551903,92.86750476448097,1000
umo,-81.04726836340613,36.952731636593874,1000
oun,-84.92382107463386,23.076178925366143,1000
hzc,-1.1084983244959714,32.89150167550403,1000
vlu,-84.43772601871343,76.56227398128657,1000
nwl,-17.170282977440465,83.82971702255954,1000
yrp,-4.258083291046815,76.74191670895318,1000
cgo,-6.1785307926132855,20.821469207386713,1000
swz,-35.85829628704665,94.14170371295334,1000
jnz,-59.52504902884769,2.474950971152312,1000
agi,-63.64688307447452,49.35311692552548,1000
aci,-13.749814528094323,67.25018547190568,1000
qnt,-76.65920256763518,18.34079743236482,1000
myz,-91.05441401824802,76.94558598175198,1000
cdr,-64.71949846818434,8.280501531815657,1000
fsh,-0.2208585652629067,69.7791414347371,1000
ddc,0.7937089776127506,26.793708977612752,1000
cpy,-93.6586005583843,18.341399441615707,1000
gik,-22.821624901016886,5.178375098983116,1000
tas,-97.94104503382334,7.058954966176651,1000
stp,-22.15246223144211,96.84753776855788,1000
uiv,-38.04866581492004,64.95133418507996,1000
jgk,-78.7701456951855,81.2298543048145,1000
nes,-59.938316870810006,0.061683129189993524,1000
nzc,-76.08599382604739,77.91400617395261,1000
xbv,-86.67333035942296,23.326669640577034,1000
een,-62.98837147564732,63.01162852435268,1000
ozq,-35.785690707007504,14.2143092929925,1000
rvk,-15.133120994363427,32.86687900563658,1000
fvd,-33.68648708102587,54.31351291897413,1000
ttu,-14.005321068733231,41.99467893126677,1000
yek,-33.80496256127898,61.19503743872102,1000
exk,-26.054956363079345,15.945043636920653,1000
pva,-79.95237159055812,37.047628409441884,1000
kyp,-30.675464159635613,36.32453584036438,1000
cyy,-32.73153360800013,6.268466391999875,1000
zxw,-97.52262133125384,61.477378668746155,1000
yin,-87.94165039678488,12.058349603215124,1000
djr,-78.86944955673859,98.13055044326141,1000
vnj,-88.88859995029563,65.11140004970437,1000
xgc,-95.17365683953608,48.82634316046392,1000
qmx,-39.02248635822428,81.97751364177573,1000
fhx,-85.0074615896857,89.9925384103143,1000
bqb,-81.96630891737317,91.03369108262683,1000
zur,-43.25105568370684,91.74894431629316,1000
ozh,-9.523234449749884,48.476765550250114,1000
sdc,-95.58345507874016,24.416544921259845,1000
xny,-19.18794599100284,11.81205400899716,1000
ccu,-68.65709874651884,88.34290125348116,1000
gjj,-20.608907044047793,14.391092955952207,1000
zpa,-37.95990838944165,84.04009161055835,1000
cat,-54.99376237309462,89.00623762690539,1000
ien,-73.70931557338055,92.29068442661945,1000
xdz,-45.07788534735653,54.92211465264347,1000
jvs,0.8384435761491281,6.838443576149128,1000
wdd,-30.81478496218432,20.18521503781568,1000
ovg,-11.79660406030523,47.20339593969477,1000
qtx,-95.2279226194069,11.772077380593103,1000
jan,-16.580717037901476,36.41928296209853,1000
phn,-68.22844607717794,81.77155392282206,1000
lwn,-4.540411211944096,57.4595887880559,1000
hst,-36.879479025157686,27.120520974842314,1000
bga,-17.754971696994605,20.245028303005395,1000
zzk,-76.40575386136197,86.59424613863803,1000
pmk,-24.602939614185818,93.39706038581419,1000
hqp,-93.78884851963178,91.21115148036822,1000
con,-62.141179142586,51.858820857414,1000
kzc,-73.79310570993368,32.20689429006632,1000
lun,-63.881210085813244,63.118789914186756,1000
cbo,-11.210710015639686,97.78928998436031,1000
sqf,-42.264386771643466,39.735613228356534,1000
vui,-7.003389753008961,46.99661024699104,1000
swc,-22.36901984216932,53.630980157830685,1000
jvt,-97.59708189905977,94.40291810094023,1000
cfp,-39.10372514977465,44.89627485022535,1000
fpo,-96.23592680495662,42.76407319504338,1000
hqw,-69.05405924821765,96.94594075178235,1000
ntm,-75.43423882295201,14.56576117704799,1000
evn,-17.284891039163817,1.7151089608361827,1000
ugm,-61.14122864285007,79.85877135714992,1000
jeq,-53.2261472700137,37.7738527299863,1000
ync,-61.74153358577043,32.25846641422957,1000
abt,-52.05495725018171,32.94504274981829,1000
amj,-71.75592305206374,23.244076947936268,1000
hyq,-45.22921698379497,52.77078301620503,1000
mep,-49.87179668755688,45.12820331244312,1000
sxo,-59.52931161699368,11.47068838300632,1000
hfh,-77.99998129480714,53.00001870519286,1000
cfy,-45.531954324655416,31.468045675344587,1000
rrt,-97.3397129479308,37.66028705206919,1000
rfk,-95.14764748450008,20.852352515499916,1000
nfi,-61.770264815033066,25.229735184966934,1000
izy,-24.64931209813479,2.3506879018652116,1000
joc,-62.639466963577426,83.36053303642257,1000
rkw,-69.0029962053576,1.9970037946423953,1000
pue,-58.81503973644328,30.184960263556718,1000
avs,-89.27378583839442,37.72621416160558,1000
erz,-5.160428784303555,97.83957121569645,1000
oxe,-69.59569066974736,91.40430933025264,1000
hnq,-27.524309810485843,11.47569018951416,1000
qtd,-76.03220975822376,71.96779024177624,1000
fjo,-11.624923339787376,58.37507666021262,1000
ylo,-46.44706014259706,18.55293985740294,1000
vos,-19.698572719851516,19.301427280148484,1000
czg,-3.498584131666426,96.50141586833358,1000
xvq,0.6309838687072321,65.63098386870723,1000
bco,-69.00110362166872,48.998896378331274,1000
opl,-21.26285505000506,47.73714494999494,1000
koz,-51.24774064364953,60.75225935635047,1000
xao,-10.700256607597149,92.29974339240285,1000
miq,-71.14183683553902,92.85816316446098,1000
sst,-37.158350018667164,92.84164998133284,1000
lho,-40.050707789907065,56.949292210092935,1000
rdw,-39.13078081500692,35.86921918499308,1000
lme,-89.50613920977035,16.493860790229647,1000
lbi,-92.7952632481452,95.2047367518548,1000
afd,-1.9255255184393039,82.0744744815607,1000
lhc,-7.1691773616719345,60.830822638328065,1000
gma,-12.937027864902541,12.062972135097459,1000
bjs,-34.362985155810165,38.637014844189835,1000
yek,-62.61343808753895,35.38656191246105,1000
cyw,-64.83757283435105,43.16242716564894,1000
fmy,-92.21820012279778,87.78179987720222,1000
oyr,-31.144983480228746,97.85501651977125,1000
sfh,-55.02865139880082,28.971348601199185,1000
pxs,-30.997231964665776,1.0027680353342237,1000
zfw,-12.85993427027881,16.14006572972119,1000
agk,-10.08215896888559,78.9178410311144,1000
uco,-43.325864645787185,59.674135354212815,1000
nlg,-31.408126786450847,46.59187321354915,1000
chy,-59.42478181676452,29.575218183235474,1000
exa,-72.01456377090716,23.985436229092848,1000
fwd,-25.572228255136952,20.427771744863048,1000
ktq,-27.054791872726234,82.94520812727377,1000
cae,-89.78490856148261,50.2150914385174,1000
ttr,-52.500160988369935,37.499839011630065,1000
hgt,0.5147463896295866,33.514746389629586,1000
ncu,-92.18050474740407,79.81949525259593,1000
sqi,-80.37679184210846,72.62320815789154,1000
hrm,-90.3018174091708,42.698182590829205,1000
kdy,-78.0327452665546,67.9672547334454,1000
qbn,-21.03962330269721,21.96037669730279,1000
cju,-13.096913006288409,29.903086993711593,1000
pnv,-10.378954255632122,79.62104574436788,1000
ipb,-60.70428307629713,87.29571692370287,1000
eib,-90.721547255899,13.278452744101,1000
aur,-1.7219567217269671,30.27804327827303,1000
pny,-31.1205536756423,48.8794463243577,1000
ytv,-4.887057639175578,91.11294236082442,1000
brw,-34.5631301364221,64.4368698635779,1000
dqg,-49.50623685798143,57.49376314201857,1000
wux,-78.4220413822108,88.5779586177892,1000
tfl,-23.77911679662388,33.22088320337612,1000
olm,-95.90578454600968,63.09421545399032,1000
nog,-35.36112243381087,42.63887756618913,1000
hri,-65.48281113074152,31.517188869258476,1000
irp,-28.3776954480045,33.622304551995505,1000
xxt,-83.01888051401919,56.98111948598081,1000
wfy,-4.164281493519091,58.83571850648091,1000
kop,-28.926210002074683,72.07378999792532,1000
sit,-54.828545429566155,49.171454570433845,1000
aiz,-18.631909541697112,35.36809045830289,1000
lcy,-49.16778125506749,94.83221874493252,1000
jis,-83.42805878094208,34.57194121905792,1000
mib,-94.65549573417742,74.34450426582258,1000
lfg,-23.96297578216354,59.03702421783646,1000
sus,-21.686608307005017,17.313391692994983,1000
uzd,-31.51981062237785,14.48018937762215,1000
ooc,-40.77995289817154,10.220047101828463,1000
ets,-8.831712576933816,17.168287423066182,1000
ohb,-16.38944447165235,32.610555528347646,1000
cjc,-81.43875981035434,25.561240189645662,1000
sat,-37.61644496954395,93.38355503045605,1000
btg,-79.45012688562032,77.54987311437968,1000
fzn,-86.89324129818144,3.106758701818562,1000
nzy,-28.641004619099355,12.358995380900643,1000
opk,-73.39333672307298,91.60666327692702,1000
cqt,-62.62520464649793,78.37479535350207,1000
eas,-23.771499181620094,3.228500818379905,1000
bnj,-87.92802019546914,68.07197980453086,1000
ptl,-82.60041492642131,60.39958507357869,1000
stg,-15.927585507139298,37.0724144928607,1000
jiy,-83.40189942204363,33.59810057795637,1000
wgh,-20.658212638751717,90.34178736124828,1000
uly,-24.967435147122345,37.032564852877655,1000
irh,-57.53356480110638,21.46643519889362,1000
jqm,-3.8719578916496165,29.12804210835038,1000
uni,-45.86503012770609,74.13496987229391,1000
asq,-89.44351615177817,66.55648384822183,1000
bln,-43.61189115179771,60.38810884820229,1000
aen,-78.09908067944099,75.90091932055901,1000
cvi,-40.7951883663289,9.2048116336711,1000
nhz,-43.72970301124981,33.27029698875019,1000
shv,-68.13410637133471,30.865893628665297,1000
nbl,-23.986879405492587,53.01312059450741,1000
xuk,-29.27914258450608,33.720857415493924,1000
vkc,-37.2481541438094,19.7518458561906,1000
jvk,-78.80805875542949,71.19194124457051,1000
fah,-52.072903654228405,87.9270963457716,1000
bqz,-72.29787013555907,20.70212986444093,1000
ems,-40.18569995064998,82.81430004935002,1000
xln,-0.8079023998356808,12.192097600164319,1000
tca,-18.37938813272731,46.62061186727269,1000
rqp,-42.61399591654596,94.38600408345404,1000
lar,-0.1532081198209465,9.846791880179053,1000
pil,-28.831618489291788,59.168381510708215,1000
xmm,-17.071320973176057,20.928679026823943,1000
yti,-36.37598424827177,67.62401575172822,1000
bog,-69.02760249266046,9.97239750733954,1000
dxy,-73.37987605852972,23.62012394147028,1000
tjl,-36.59887724475554,76.40112275524446,1000
tep,-97.23378556493735,47.76621443506266,1000
owj,-83.7491392014789,34.25086079852111,1000
ouh,-55.65855908238459,93.3414409176154,1000
yvk,-76.10042447163508,98.89957552836492,1000
oub,-18.63693451477078,21.36306548522922,1000
jmg,-76.48542245301059,90.51457754698941,1000
leh,-52.93369684630009,81.06630315369992,1000
pot,-19.803828711858603,72.1961712881414,1000
qbs,-53.895443329143845,73.10455667085616,1000
zaz,-10.247912050571538,69.75208794942846,1000
xkm,-11.840908735482586,32.159091264517414,1000
juz,-0.6679823630376754,9.332017636962325,1000
zmk,-85.60110540159172,84.39889459840828,1000
fkj,-84.34415272463156,96.65584727536844,1000
lbr,-18.30594659529997,33.69405340470003,1000
zgw,-20.40132491703714,0.5986750829628612,1000
qkn,-26.46579018517729,52.53420981482271,1000
hqi,-43.92556319554552,13.07443680445448,1000
ygl,-83.81244433341217,36.18755566658782,1000
lkr,-6.131096972445062,41.868903027554936,1000
itl,-67.60751758383698,24.392482416163013,1000
axs,-71.3586698282895,58.6413301717105,1000
hei,-21.494441547032007,91.50555845296799,1000
ctu,-60.61249622106002,22.38750377893998,1000
gvn,-23.16115405148171,61.83884594851829,1000
jcw,-27.28258598374693,56.71741401625307,1000
zjm,-63.23785618027877,66.76214381972123,1000
kpe,-41.53593153349369,47.46406846650631,1000
mev,-5.6188083828701645,83.38119161712983,1000
lno,-60.17122632414168,2.828773675858323,1000
aym,-19.687554679807334,27.312445320192666,1000
cno,-22.07783549676467,13.922164503235331,1000
kxj,-27.93842612533819,53.06157387466181,1000
boe,-28.76496679012204,38.23503320987796,1000
fht,-80.31768856797243,72.68231143202757,1000
kjt,-70.12305397694871,23.876946023051286,1000
gea,-92.62514015827901,96.37485984172099,1000
wqm,-80.803335559123,70.196664440877,1000
bvp,-60.518963914355886,97.48103608564412,1000
eki,-84.83363430617877,61.16636569382123,1000
jya,-10.332782829906787,84.66721717009321,1000
bee,-67.1707277433737,74.8292722566263,1000
xep,-30.784057656914438,5.215942343085562,1000
axc,-58.43896112402739,53.56103887597261,1000
xul,-37.80685040752478,80.19314959247522,1000
qou,-5.513392129565493,58.486607870434504,1000
wxq,-59.641184446819885,24.358815553180115,1000
irk,-61.275292756981614,80.72470724301839,1000
moa,-96.13511254472942,81.86488745527058,1000
qxu,-47.61976993958044,48.38023006041956,1000
xom,-51.068680893883695,69.9313191061163,1000
wsd,-86.41899110950952,53.58100889049047,1000
jbc,-62.520750660813675,56.479249339186325,1000
bkv,-53.85878894588667,1.141211054113329,1000
ror,-50.162807403974625,67.83719259602537,1000
ltt,-39.12281422533217,44.87718577466783,1000
ujw,0.009685618162901921,27.0096856181629,1000
kik,-61.33406446475553,67.66593553524447,1000
omk,-8.58142526288394,32.41857473711606,1000
irl,-17.316906215438806,87.6830937845612,1000
oal,-96.76779719925739,88.23220280074261,1000
vtp,-69.32499407887443,76.67500592112557,1000
bps,-47.603022900253116,93.39697709974688,1000
ahi,-85.81620341597119,51.18379658402881,1000
cxa,-80.24158377744031,38.758416222559696,1000
vhm,-68.21316414015796,90.78683585984204,1000
zer,-50.105672016439605,81.89432798356039,1000
qib,-36.91064528603107,94.08935471396893,1000
ane,-43.67707138641674,84.32292861358326,1000
lrg,-70.86283378174916,19.137166218250833,1000
ziq,0.2423275942178853,77.24232759421788,1000
kfl,-32.30703106464725,10.692968935352754,1000
dpb,-60.55526296018835,79.44473703981164,1000
lez,-38.58912648316971,75.41087351683029,1000
geh,-29.036325820185592,93.9636741798144,1000
qgm,-58.07540100060544,38.92459899939456,1000
ihb,-92.05066212189371,67.94933787810629,1000
zxz,-81.47073791576396,82.52926208423604,1000
mov,-64.48187353615512,73.51812646384488,1000
gun,-7.569623697754629,54.43037630224537,1000
phr,-49.05468922326337,3.9453107767366347,1000
iyg,-1.5018456012660186,86.49815439873399,1000
zaa,-48.17923233260573,48.82076766739427,1000
tws,-59.40927087339637,92.59072912660363,1000
gev,-33.87801602139659,50.12198397860341,1000
ukj,-97.01735615445087,25.982643845549138,1000
qmc,-74.73116491376422,69.26883508623578,1000
byb,-20.02999476494353,22.97000523505647,1000
moq,-59.94381448487904,6.0561855151209585,1000
syd,-52.46228560945626,42.53771439054374,1000
ryk,-67.94629290737555,88.05370709262445,1000
srs,-30.9884101382217,42.011589861778305,1000
ahx,-35.83189863479303,56.16810136520697,1000
lkt,-46.73242541095582,70.26757458904417,1000
zam,-81.97633785881804,4.023662141181954,1000
yhh,-68.60711696966995,23.392883030330058,1000
qom,-93.6282763878596,92.3717236121404,1000
ufu,-31.09181736915165,57.90818263084835,1000
zhp,-80.19186657978493,52.808133420215064,1000
gln,-13.983078439856762,44.01692156014324,1000
mwo,-39.36270930338772,12.63729069661228,1000
wuf,-15.01980545387505,43.98019454612495,1000
tle,-31.899170214261563,79.10082978573844,1000
yzp,-20.0252072037583,46.9747927962417,1000
ccp,-36.78535750384386,5.21464249615614,1000
ykq,-5.05080292671482,42.949197073285184,1000
wkq,-32.50750963751214,78.49249036248786,1000
nfg,-61.34195335597333,48.65804664402667,1000
rvd,-77.99867710448356,53.00132289551643,1000
all,-69.50860520398138,69.49139479601862,1000
vfg,-79.15964514555812,59.84035485444189,1000
ksb,-86.74144465095789,29.258555349042116,1000
syt,-36.01848420414197,57.98151579585803,1000
fdv,-87.46649214000779,82.53350785999221,1000
zrr,-20.601480615591296,31.398519384408704,1000
zpn,-46.045516504797696,64.9544834952023,1000
fzs,-49.28258039024256,48.71741960975744,1000
ywh,-69.2659061769184,70.7340938230816,1000
mgf,-80.31613871085611,33.68386128914389,1000
nzx,-86.21742045563592,26.78257954436408,1000
otb,-55.10674286833205,31.893257131667948,1000
pkg,-65.53289846193121,44.46710153806879,1000
jiq,-31.157160065298864,38.84283993470113,1000
amr,-46.13332047216392,6.866679527836077,1000
jdv,-47.3383122991056,29.661687700894397,1000
jpb,-91.76210256166226,90.23789743833774,1000
cdq,-45.198230465800506,76.8017695341995,1000
egx,-97.70281562421286,69.29718437578714,1000
obl,-83.14230570353723,68.85769429646277,1000
gpu,-36.80312638015037,27.19687361984963,1000
wkj,-67.85261282457147,42.14738717542854,1000
waw,-83.63992963759682,8.360070362403182,1000
ixm,-82.1826254638961,55.817374536103905,1000
efd,-68.58659483628239,10.413405163717616,1000
vkk,-97.1728996121543,24.827100387845704,1000
txn,-91.7088071066448,18.291192893355202,1000
hji,-90.20058934911161,13.799410650888388,1000
jfx,-95.9411759902131,89.0588240097869,1000
ogb,-83.13973612022181,58.86026387977819,1000
jok,-5.72461170889658,25.27538829110342,1000
nzr,-61.949048373430344,89.05095162656966,1000
ruu,-91.6570098548913,3.3429901451087067,1000
azh,-83.71595711626293,31.284042883737072,1000
whm,-70.71911284194395,27.280887158056046,1000
yvg,-22.64117284476719,11.358827155232808,1000
qdp,-7.229284226350745,10.770715773649254,1000
uub,-34.56235147929627,51.43764852070373,1000
yzm,-74.70237497075243,31.297625029247563,1000
ret,-56.09615265559347,88.90384734440653,1000
hrd,-29.065662821721965,0.9343371782780339,1000
tty,-63.37373173476268,20.62626826523732,1000
hej,-44.02431860881926,6.975681391180744,1000
wdn,-93.8703371972264,61.12966280277359,1000
zsg,-26.122964446969988,56.87703555303001,1000
wkn,-19.390858481049,91.609141518951,1000
xrr,-74.88257854719247,14.117421452807537,1000
dfl,-3.5181458308905746,14.481854169109425,1000
gwi,-63.268819027291485,59.731180972708515,1000
zgz,-13.558857471832829,67.44114252816718,1000
uyw,-36.00875633482637,84.99124366517363,1000
rej,-95.01991904428697,16.980080955713028,1000
tdv,-57.25344174292648,53.74655825707352,1000
gzu,-25.68897001609012,63.311029983909876,1000
gpb,-41.31495743076796,31.685042569232042,1000
vzy,-71.4672798147395,39.532720185260494,1000
lpq,-42.02797244973347,65.97202755026653,1000
fzt,-26.219119379259382,65.78088062074062,1000
rzj,-82.06949468126425,7.9305053187357615,1000
jaw,-49.742052372443304,43.257947627556696,1000
qwc,-46.27864229202178,14.721357707978225,1000
kdq,-17.994164073591783,12.005835926408219,1000
ugc,-75.56733272151438,16.43266727848562,1000
hcb,-32.08647519661187,45.91352480338813,1000
wbt,-81.80831064001728,42.19168935998271,1000
zfd,-25.842682719929492,47.15731728007051,1000
nnx,-37.48449699229818,91.51550300770182,1000
rax,-70.66713909257957,0.3328609074204204,1000
rep,-43.80197809583459,32.19802190416541,1000
bxe,-66.87887706149303,68.12112293850697,1000
sil,-31.45495837002361,30.54504162997639,1000
rij,-8.708431287033305,14.291568712966695,1000
zoh,-4.62656841530433,69.37343158469567,1000
qvh,-40.42091862738622,29.579081372613775,1000
xjo,-10.039763479751501,82.9602365202485,1000
arz,-67.32966888417364,13.670331115826356,1000
lzo,-59.776481235024065,12.223518764975935,1000
itt,-94.24580504924702,96.75419495075298,1000
hfi,-34.84136253643047,63.15863746356953,1000
jsx,-61.90941339524381,62.09058660475619,1000
tpp,-90.94456627566724,36.05543372433276,1000
oxo,-33.6839452202256,56.3160547797744,1000
rig,-18.526644427153858,4.473355572846143,1000
krq,-49.50987149005557,61.49012850994443,1000
igw,-73.1099598581818,34.890040141818204,1000
edx,-72.45757189793784,96.54242810206216,1000
mak,-90.46119633469692,48.538803665303085,1000
eji,-30.37976922857158,17.62023077142842,1000
nvz,-63.65617421416478,63.34382578583522,1000
wzp,-39.68753153787255,68.31246846212746,1000
wgz,-84.71101314490747,92.28898685509253,1000
vwt,-51.62297500351886,1.3770249964811376,1000
yig,-20.347018123116356,62.65298187688364,1000
nfs,-78.75940396153561,17.240596038464382,1000
bgl,-86.52710604017196,28.472893959828042,1000
fcn,-90.67462546271058,50.32537453728941,1000
wsm,-58.30143549018245,5.698564509817549,1000
cdp,-88.9742518108438,50.02574818915621,1000
vad,-41.89561004819149,97.1043899518085,1000
hwk,-29.612084621751645,30.387915378248355,1000
khg,-72.7823101376558,37.217689862344194,1000
aup,-5.937770498622394,20.062229501377608,1000
kzv,-23.88436512275002,30.11563487724998,1000
rye,-26.07642197580043,11.923578024199571,1000
urm,-32.07183347842742,88.92816652157258,1000
nee,-49.060197266095436,18.939802733904564,1000
cep,-39.59840130042495,17.401598699575047,1000
lpf,-26.1697069813276,84.8302930186724,1000
rel,-0.008804601888475094,49.99119539811152,1000
vrt,-17.391807594047677,30.608192405952323,1000
vgb,-44.295206021324205,63.704793978675795,1000
tzt,-60.55719410056552,84.44280589943449,1000
aqw,-69.57817510115574,31.42182489884426,1000
iat,-26.72336502780883,5.27663497219117,1000
lvq,-56.21309441728488,62.78690558271512,1000
nyc,-67.75538850410433,38.24461149589566,1000
hqe,-93.55637836830391,97.44362163169609,1000
abi,-76.04076526926265,13.959234730737347,1000
ycg,-38.999233959319604,73.0007660406804,1000
cgn,-67.16220318445845,60.83779681554155,1000
wrs,-75.54083021338879,87.45916978661121,1000
bmh,-73.86850489351139,68.13149510648861,1000
ohy,-64.58264838964958,8.417351610350424,1000
peg,-25.19456818112434,14.805431818875661,1000
txi,-52.6052946957719,40.3947053042281,1000
jje,-62.81748250716293,34.18251749283707,1000
dxa,-28.301175498915274,7.698824501084726,1000
zrr,-87.73361892593512,18.266381074064878,1000
tmm,-90.94328427958104,66.05671572041896,1000
iti,-13.7421700666343,41.2578299333657,1000
hak,-70.66468357266362,30.335316427336387,1000
dnm,-62.78129673760676,11.218703262393241,1000
mcr,-74.57298088711387,95.42701911288613,1000
nmf,-45.26214813409555,54.73785186590445,1000
ezj,-50.429801632227566,94.57019836777243,1000
zux,-63.17562693087083,44.82437306912917,1000
atk,-81.85882069346972,52.141179306530276,1000
ncc,-53.218424671727554,80.78157532827245,1000
xnp,-53.78735196624646,12.212648033753537,1000
wke,-51.86777042722604,25.13222957277396,1000
mpt,-10.40089158191738,5.599108418082621,1000
rfz,-39.24260430739636,50.75739569260364,1000
pcq,-82.58649983384902,36.41350016615098,1000
xqv,-39.38126051923669,94.61873948076331,1000
pdx,-28.416807520769105,28.583192479230895,1000
frq,-20.893106127620047,33.10689387237995,1000
psk,-92.98617544400066,78.01382455599934,1000
hxi,-48.02314680290912,68.97685319709088,1000
rwn,-70.44618548557493,0.5538145144250707,1000
chu,-24.71402075729557,86.28597924270443,1000
jmk,-80.44825182178529,54.55174817821471,1000
nls,-71.72784319327342,83.27215680672658,1000
ccv,-68.49447951880322,40.50552048119678,1000
wdl,-33.810850647707305,44.189149352292695,1000
nzc,-49.44414748505886,58.55585251494114,1000
rru,-54.14357815244293,26.856421847557073,1000
ksk,-55.87229407283805,37.12770592716195,1000
ovr,-82.37691957791623,84.62308042208377,1000
sfl,-80.64342401311968,18.356575986880312,1000
dmi,-28.393726697512847,31.606273302487153,1000
wov,-70.09669339040113,40.90330660959887,1000
kux,-11.826436907872127,95.17356309212788,1000
jah,-34.46753163271053,14.532468367289464,1000
dbh,-83.37051995158603,84.62948004841397,1000
bzj,-56.191595791908206,85.8084042080918,1000
pwm,-33.49472050936996,92.50527949063003,1000
ppk,-16.628725243994392,68.3712747560056,1000
gjc,-52.01167581949189,19.98832418050811,1000
ppu,-24.808957132047656,2.1910428679523446,1000
lgo,-5.753439326408092,74.24656067359192,1000
azn,-85.61882933914546,95.38117066085454,1000
hlw,-47.227871183142526,28.772128816857478,1000
zwd,-60.891908430038384,73.10809156996162,1000
qow,-94.42453883607361,26.575461163926388,1000
cxq,-63.610802025548296,19.389197974451704,1000
rtr,-64.98042052789972,81.01957947210028,1000
oyu,-51.57779095784463,33.42220904215537,1000
sru,-43.011567744995766,29.988432255004238,1000
sdy,-93.53476839787645,48.46523160212355,1000
hji,-16.07531573959352,55.92468426040648,1000
rit,-24.78839922657872,50.21160077342128,1000
frm,-13.461154999646247,17.538845000353753,1000
yhc,-24.170546735686624,29.829453264313376,1000
iwx,-3.0263993707742713,19.97360062922573,1000
wjw,-89.60786229531121,5.392137704688787,1000
iej,-85.16227692145932,11.837723078540682,1000
mge,-92.44721758435894,49.55278241564107,1000
nyh,-47.60067209920931,35.39932790079069,1000
ina,-31.798985649066754,68.20101435093325,1000
kun,-78.76096255822898,58.23903744177102,1000
fel,-29.594941668078615,11.405058331921383,1000
kyx,-2.0148025397772322,28.985197460222768,1000
lhr,-43.45007820134549,35.54992179865451,1000
uoz,-72.70421896641056,15.295781033589442,1000
yfn,-36.09564151177289,30.90435848822711,1000
tsn,-85.45267188159941,68.54732811840059,1000
xhg,-12.10275020060882,88.89724979939118,1000
sdr,-59.10427207191918,92.89572792808082,1000
onu,-33.41463973318998,13.58536026681002,1000
brk,-3.43281703143046,67.56718296856954,1000
arg,-9.216829714177853,91.78317028582215,1000
dsk,-5.480776232030165,39.519223767969834,1000
lyj,-95.4474183247986,10.552581675201392,1000
vqi,-44.213929732752945,89.78607026724706,1000
qft,-80.09921091197272,22.900789088027288,1000
shj,-26.380847860709633,37.619152139290364,1000
iex,-74.98975194080374,24.010248059196254,1000
ptp,-57.78054529490025,17.219454705099746,1000
gpk,-50.50644850570265,19.493551494297353,1000
gpr,-70.72266079150275,60.27733920849725,1000
zew,-15.182484920027012,76.81751507997299,1000
azt,-54.61420562838841,65.38579437161158,1000
lzw,-26.474319836218346,55.52568016378166,1000
znz,-42.15010479995361,90.84989520004639,1000
tyw,-67.58779876872315,18.412201231276853,1000
wsx,-96.48340658377022,32.516593416229775,1000
ibx,-54.71647629236656,90.28352370763345,1000
yqc,-11.750262243340806,59.249737756659194,1000
anb,-54.250245175170825,12.749754824829173,1000
rvc,-13.36392760763088,74.63607239236912,1000
ojg,-2.5724013295696073,41.42759867043039,1000
hmt,-53.588851384320705,14.411148615679295,1000
gfa,-83.09514231664967,58.904857683350336,1000
zgq,-2.25480481334529,83.74519518665471,1000
ngp,-5.348522158621394,88.65147784137861,1000
nst,-47.175658121190864,20.82434187880914,1000
xbr,-42.49017514992017,42.50982485007983,1000
vcg,-18.542461752469006,91.45753824753099,1000
jfh,-12.167519400072381,70.83248059992762,1000
rns,-79.56770915891178,50.43229084108821,1000
swm,-63.73170732802233,62.26829267197767,1000
ekr,-15.871347244509847,44.12865275549015,1000
cmn,-0.5462771531742758,10.453722846825723,1000
ghr,-78.34656137832025,12.653438621679753,1000
tnf,-47.37622614533353,8.62377385466647,1000
dbj,-86.27017059937914,28.72982940062086,1000
jcu,-0.04311942253240997,4.95688057746759,1000
rwq,-36.19294328272625,42.80705671727375,1000
omn,-53.68554176626173,76.31445823373826,1000
wzt,-63.96505809273604,9.034941907263965,1000
anl,-40.20355811790374,96.79644188209626,1000
fbu,-53.93633552952462,68.06366447047537,1000
cre,-18.341492957631754,19.658507042368246,1000
rsy,-80.6772768075251,91.3227231924749,1000
vgu,-7.478662875531214,15.521337124468786,1000
dam,-38.36726923834218,20.63273076165782,1000
iig,-9.962567278414287,32.037432721585716,1000
ibq,-44.51316056023733,45.48683943976267,1000
pmz,-31.29026184187797,13.709738158122029,1000
ttq,-83.88664720629015,36.11335279370986,1000
lxz,-13.292122952751962,5.707877047248038,1000
mih,-45.37734069620189,61.62265930379811,1000
qdo,-13.602638894102062,68.39736110589794,1000
ohz,-24.046702834648876,94.95329716535113,1000
izt,-44.23772212423303,66.76227787576697,1000
hak,-2.297839675263577,50.702160324736425,1000
sdj,-77.85771880750157,41.14228119249843,1000
kmd,-31.076881328166575,15.923118671833425,1000
jzm,-20.439154483128224,81.56084551687178,1000
cxr,-23.433835714898485,13.566164285101516,1000
jce,-32.298555636259465,86.70144436374053,1000
uhr,-70.65368355099223,38.34631644900778,1000
yrf,-94.4162091840359,78.5837908159641,1000
hcv,-13.43757054616094,42.56242945383906,1000
lrd,-8.25464240853913,15.74535759146087,1000
fwc,-4.197602229744263,7.802397770255737,1000
yua,-62.0109087461056,40.9890912538944,1000
uyh,-22.230775197314575,86.76922480268543,1000
ydy,-80.2316841267369,1.7683158732631115,1000
izx,-61.38696009932433,70.61303990067567,1000
nvg,-40.21861924189375,41.78138075810625,1000
aus,-22.648910709180534,92.35108929081946,1000
ipq,-48.57535384696239,11.424646153037605,1000
ftc,-89.75960114999181,17.240398850008187,1000
avn,-4.081926017918855,82.91807398208114,1000
gpi,-61.71124232561637,29.288757674383632,1000
tpv,-94.87691921268517,93.12308078731483,1000
ctx,-7.634591710187227,52.36540828981277,1000
jqp,-97.26930720434245,45.73069279565755,1000
jwa,-40.86492265343706,59.13507734656294,1000
svx,-80.14582487145746,56.85417512854253,1000
lfr,-11.277029851270624,73.72297014872937,1000
dlj,-85.47667632858835,22.52332367141164,1000
bjw,-4.5664812757897195,84.43351872421027,1000
ssw,-79.09094762222591,32.90905237777409,1000
lfg,-78.7665209573805,98.2334790426195,1000
uye,-29.112758250540516,84.88724174945948,1000
mce,-85.45300921032721,88.54699078967279,1000
cpi,-82.83402392266929,61.165976077330704,1000
wsa,-59.84616099764688,94.15383900235312,1000
xyl,-4.889879447639844,54.11012055236016,1000
ijt,-35.22251386481934,95.77748613518065,1000
aum,-61.245756250518674,69.75424374948133,1000
pif,-51.28240775158209,51.71759224841791,1000
gjm,-72.73999726921635,96.26000273078365,1000
ddf,-28.549392802036394,70.4506071979636,1000
ikb,-49.54747420470922,9.452525795290782,1000
gxw,-46.72202090609585,92.27797909390415,1000
rym,-7.313377098159944,97.68662290184005,1000
qrg,-37.56296564325026,8.437034356749738,1000
qed,-2.4064133077795304,18.59358669222047,1000
akm,-15.946028064371017,80.05397193562898,1000
pyq,-76.86873630247902,13.131263697520986,1000
zaf,-44.51097381605273,71.48902618394726,1000
yim,-16.01066142259197,76.98933857740803,1000
sfj,-48.55619252305045,38.44380747694955,1000
tfi,-92.85062528795105,27.14937471204896,1000
xov,0.7788616565976012,68.7788616565976,1000
uhf,-12.876906602220503,50.1230933977795,1000
php,-23.901859159716345,91.09814084028366,1000
vnu,-17.446899787225483,76.55310021277451,1000
wee,-8.583524944650632,62.416475055349366,1000
oyd,-82.262164210125,87.737835789875,1000
zot,-8.141533577619688,87.85846642238032,1000
kvl,-48.1364014007067,33.8635985992933,1000
qih,-22.40128169987041,6.59871830012959,1000
bfh,-92.07658465801492,50.923415341985084,1000
thq,-28.825797535978104,8.174202464021898,1000
fwj,-22.4057289500211,49.5942710499789,1000
lgh,-45.19045131492964,78.80954868507035,1000
jdd,-83.38169266393811,27.61830733606189,1000
sbm,-30.178345660155003,74.821654339845,1000
rjm,-38.460035637600896,84.5399643623991,1000
ant,-97.13236331362779,71.86763668637221,1000
pcv,-78.07284689631614,76.92715310368386,1000
mdg,-32.27996777476362,58.72003222523638,1000
ehg,-19.551085545288633,95.44891445471137,1000
ayo,-81.5418903263471,82.4581096736529,1000
nna,-76.6789826185456,32.321017381454396,1000
bym,-8.194299130466673,9.805700869533327,1000
ctt,-86.84714813756717,3.1528518624328203,1000
moz,-69.6285605803353,82.3714394196647,1000
fxz,-48.12673528413133,64.87326471586867,1000
fbo,-69.10700405222984,52.89299594777015,1000
qvt,-19.121587512747155,97.87841248725285,1000
nqi,-39.39639795973265,54.60360204026735,1000
mdg,-26.34388795393556,21.65611204606444,1000
tcx,-83.76602414680927,82.23397585319073,1000
xlw,-88.73151823317964,23.268481766820358,1000
phl,-27.631167343740675,87.36883265625933,1000
fvl,-60.305158165260366,25.694841834739634,1000
vht,-45.45467947736697,19.545320522633027,1000
xzu,-80.6741422156537,80.3258577843463,1000
xnr,-88.19838806193009,29.801611938069914,1000
dgf,-28.45379158049967,73.54620841950033,1000
blf,-45.087947231773946,28.91205276822605,1000
pez,-44.31956096099262,41.68043903900738,1000
cku,-11.280071761512254,18.719928238487746,1000
uos,-93.80619877183318,84.19380122816682,1000
vam,-6.437485363099255,30.562514636900744,1000
atf,-22.29034128954175,29.70965871045825,1000
qnv,-31.810352052042663,4.1896479479573365,1000
qjk,-17.804831810597676,68.19516818940232,1000
hrv,-86.97349454029658,81.02650545970342,1000
ewe,-36.074974056916275,85.92502594308372,1000
uot,-50.25246754691446,54.74753245308554,1000
sni,-7.426856586872462,83.57314341312754,1000
rnj,-38.975753389004616,29.024246610995387,1000
uye,-17.792773890704463,46.20722610929553,1000
ybv,-48.28383205004582,10.716167949954182,1000
prm,0.4950502459012489,24.49505024590125,1000
qqg,-13.38309533803026,19.61690466196974,1000
jed,-38.299837335565805,84.7001626644342,1000
oqi,-42.193999020468944,47.806000979531056,1000
cec,-48.22428695279973,29.77571304720027,1000
fgx,-28.76506206300843,15.234937936991571,1000
aph,-63.66427855472581,34.33572144527419,1000
twg,-48.98106822377455,93.01893177622546,1000
gdo,-63.26008580993565,0.7399141900643502,1000
yle,-91.66040746166547,84.33959253833453,1000
wgd,-47.038540152770786,88.96145984722921,1000
bco,-92.46993571389152,0.5300642861084871,1000
feb,-6.887857909032821,17.11214209096718,1000
lul,-53.93302808474166,78.06697191525835,1000
okh,-6.637654189549297,67.3623458104507,1000
wob,-19.94391664105251,97.05608335894749,1000
xvh,-4.843753439258938,10.156246560741062,1000
xsj,-45.13242130281234,46.86757869718766,1000
zqq,-93.52966490273471,84.47033509726529,1000
oal,-48.68245230318741,19.31754769681259,1000
hbv,-74.19443380798701,67.80556619201299,1000
sln,-51.766493611024266,22.23350638897573,1000
dre,-21.111650500051304,11.888349499948696,1000
nii,-40.90541969581312,71.09458030418688,1000
bsj,-75.12126599373573,63.87873400626427,1000
jgt,-2.9141697237036004,92.0858302762964,1000
tvc,-13.209446959919013,90.79055304008098,1000
uae,-37.09748153680679,78.9025184631932,1000
png,-40.170673469720455,36.829326530279545,1000
dip,-70.72667735069355,19.273322649306458,1000
poa,-84.68710236666003,67.31289763333997,1000
wun,-31.40366182462449,18.59633817537551,1000
fry,-22.382019162067287,8.617980837932713,1000
yhl,-87.34451115218121,57.65548884781879,1000
xte,-8.77934913639733,93.22065086360267,1000
eec,-52.7282247889572,0.27177521104280056,1000
fnt,-67.70707234997002,60.29292765002998,1000
dmg,-9.741316571315,94.258683428685,1000
uac,-39.042675696075065,10.957324303924931,1000
vvt,-15.026575624610109,15.973424375389891,1000
yqo,-63.49731118794515,10.502688812054851,1000
ojl,-38.28468437476188,45.71531562523812,1000
ebp,-4.181373943293182,61.81862605670682,1000
jiy,-38.10824693901854,36.89175306098146,1000
azu,-51.88189509030398,97.11810490969603,1000
txh,-3.0306416807874887,63.96935831921251,1000
kcn,-27.94304798935686,92.05695201064314,1000
ycl,-68.91696973108826,75.08303026891174,1000
fdb,-35.59470299475419,10.405297005245808,1000
pkj,-14.894424043546291,11.105575956453709,1000
jso,-4.213084598867855,98.78691540113215,1000
tur,-29.95426671276275,30.04573328723725,1000
ndv,-43.48721064647988,47.51278935352012,1000
ufd,-53.82025410332358,0.17974589667642016,1000
yfq,-72.9425264765327,95.0574735234673,1000
ajo,-31.764854889733357,9.235145110266645,1000
agz,-51.80180727818538,73.19819272181462,1000
kml,-75.1591596681028,59.8408403318972,1000
ght,-10.907775319929824,60.092224680070174,1000
jlv,-65.4456668587607,61.5543331412393,1000
wxo,-88.02093846186972,52.979061538130274,1000
ozs,-94.47055446346428,9.52944553653572,1000
opw,-60.97130728196566,70.02869271803434,1000
exa,-5.492626724351883,8.507373275648117,1000
lvq,-81.69307718631309,35.30692281368692,1000
dob,-19.060063082927826,50.939936917072174,1000
nlf,-30.06756033322127,79.93243966677873,1000
tfs,-43.210524772692665,46.789475227307335,1000
qfk,-35.26059007753701,15.739409922462988,1000
auj,-65.1068807700512,9.893119229948802,1000
sdx,-85.4729087439529,39.52709125604709,1000
jbz,-33.13057475782494,38.86942524217506,1000
pdm,-41.63059178784398,87.36940821215602,1000
kdt,-92.43178527011939,59.56821472988061,1000
idc,-75.09891254362799,97.90108745637201,1000
hau,-21.767620465742155,83.23237953425784,1000
mga,-87.74215837804412,57.25784162195587,1000
szp,-92.528093698166,77.471906301834,1000
vmo,-73.68657760963903,86.31342239036097,1000
bwa,-2.070018421394286,26.929981578605712,1000
ojy,-22.781457886816952,72.21854211318305,1000
wde,-71.9037754558664,68.0962245441336,1000
eme,-34.90821471963363,6.0917852803663735,1000
kei,-83.40135104012884,24.59864895987115,1000
ohj,-22.096545699120014,74.90345430087999,1000
mka,-84.01045044232094,42.989549557679055,1000
gqh,-90.47519488782028,51.52480511217973,1000
xsq,-13.423754820175047,0.5762451798249529,1000
wbi,-10.489192698093897,75.5108073019061,1000
mte,-86.04251036507254,70.95748963492746,1000
sjx,-85.88199552476112,52.11800447523888,1000
nni,0.4133977255452872,27.413397725545288,1000
iqq,0.9887137516622633,87.98871375166226,1000
djm,-31.513554571378236,23.486445428621764,1000
guq,-70.60473172452355,64.39526827547645,1000
bxt,-41.38554668514496,93.61445331485504,1000
vbs,-92.30010088405979,81.69989911594021,1000
kfb,-68.40087714125352,75.59912285874648,1000
psn,-20.071410265737626,89.92858973426237,1000
fpp,-89.02489269462153,19.975107305378472,1000
zpb,-89.13311288646516,68.86688711353484,1000
zlu,-84.14820147912424,36.85179852087576,1000
plh,-8.870193328648744,5.129806671351256,1000
rtw,-55.602751043474555,6.397248956525448,1000
dqs,0.2945593050892962,77.2945593050893,1000
zhe,-17.096228423786055,49.90377157621394,1000
rjs,-40.30935684294067,30.69064315705933,1000
ljl,-81.26402610098812,17.735973899011885,1000
sxs,-15.140988094728856,98.85901190527115,1000
wmq,-0.3817940013011806,49.61820599869882,1000
qvt,-62.76144939708484,13.238550602915165,1000
yvz,-26.99440954701611,46.00559045298389,1000
yry,-45.90396789562867,43.09603210437133,1000
bsw,-9.016250193713997,20.983749806286003,1000
tyg,-34.24935801755902,53.75064198244098,1000
vnh,-89.21148104880045,79.78851895119955,1000
kvv,-81.66768719689335,26.33231280310665,1000
sqm,-34.34464196976258,31.655358030237426,1000
ole,-28.966857422557958,42.03314257744204,1000
pbu,-96.85963226285268,51.140367737147315,1000
wkn,-30.411329139817195,38.58867086018281,1000
kaq,-27.195265938654636,70.80473406134536,1000
khy,-44.362727488157915,49.637272511842085,1000
awh,-57.93590936528371,98.06409063471628,1000
ats,-60.80597247359233,20.194027526407673,1000
ite,-24.43120857093814,72.56879142906186,1000
tgk,-12.652506035345954,50.34749396465404,1000
lxg,-39.79207577865226,6.207924221347737,1000
xta,-4.7365105906874945,40.263489409312506,1000
qvh,-41.53644166744521,91.46355833255478,1000
suf,-74.49355026455797,90.50644973544203,1000
rcs,-7.291027816506479,9.708972183493522,1000
mgg,-35.23096354461722,46.76903645538278,1000
yxz,-10.294185700077458,61.705814299922544,1000
klp,-67.34055487381193,79.65944512618807,1000
iez,-58.17299599845412,83.82700400154587,1000
sgs,-74.64282941465036,42.35717058534963,1000
jvc,-95.82287321653229,84.17712678346771,1000
sgv,-79.66953843300202,1.3304615669979816,1000
bgb,-81.30917411243294,15.690825887567055,1000
ink,-25.586672576233212,90.41332742376679,1000
aai,-37.003648184439975,28.996351815560025,1000
gvr,-33.287202528474815,3.7127974715251852,1000
xel,-89.36055772761932,12.639442272380679,1000
uro,-39.864904067187304,59.135095932812696,1000
zip,-54.38170567827587,50.61829432172413,1000
swp,-49.68802272764949,85.3119772723505,1000
bmo,-23.555748928783654,46.44425107121634,1000
jxq,-23.14121425079089,46.85878574920911,1000
csv,-92.3800434332179,50.61995656678209,1000
xwy,-51.515153772204776,30.484846227795227,1000
qra,-68.59329831043145,82.40670168956855,1000
vrq,-14.234070760961496,73.7659292390385,1000
urx,-34.03413599629872,5.965864003701279,1000
ing,-81.5346404853837,45.4653595146163,1000
phn,-5.880919538950636,39.119080461049364,1000
zie,-64.07368818726881,5.926311812731182,1000
vqa,-12.999422221470244,27.000577778529756,1000
esu,-83.26346420924739,6.73653579075261,1000
cdf,-82.11418596376251,43.88581403623749,1000
rij,-71.57741261080952,40.42258738919048,1000
yty,-29.524479799778035,10.475520200221965,1000
xtj,-66.82526439378856,50.17473560621144,1000
ibp,-10.701288037639117,29.298711962360883,1000
gao,-46.447944311797,7.552055688202997,1000
jyz,-6.307616110940313,49.692383889059684,1000
nkh,-17.578307083967907,27.421692916032093,1000
lvf,-26.930504822972413,37.06949517702759,1000
ioh,-66.36228124208833,94.63771875791167,1000
uhc,-27.660453104282745,35.339546895717255,1000
mlw,-76.21948905621467,39.78051094378533,1000
ttq,-29.378336441145834,42.621663558854166,1000
bwc,-11.370558882278523,72.62944111772148,1000
xeb,-64.44545954212128,61.554540457878716,1000
mey,-18.567233801891412,26.432766198108588,1000
alh,-36.81212178721625,70.18787821278374,1000
dnk,-42.85773419025353,0.14226580974647118,1000
jyj,-62.71527509849323,75.28472490150678,1000
meb,-81.67025830526734,67.32974169473266,1000
unj,-34.62344934195255,62.37655065804745,1000
orr,-59.732311077425976,15.267688922574024,1000
ysl,-40.17071485857127,85.82928514142873,1000
qsv,-21.64213691284026,42.35786308715974,1000
rqy,-82.01080205225584,43.98919794774416,1000
rci,-1.6509747693112269,75.34902523068877,1000
agq,-90.28683885896552,10.71316114103447,1000
qcx,-38.61920587521186,28.38079412478814,1000
qas,-88.73519723719491,28.264802762805097,1000
kcq,-43.84856342452216,56.15143657547784,1000
eea,-58.202697419977895,56.797302580022105,1000
juv,-52.27677760206389,3.723222397936109,1000
atk,-79.9702419700208,75.0297580299792,1000
ncv,-86.08767905910118,4.912320940898827,1000
ekv,-14.404002481334794,7.5959975186652064,1000
hvk,-10.350768548122023,73.64923145187798,1000
cdl,-18.171961135492495,70.8280388645075,1000
yhq,-80.25544788135876,85.74455211864124,1000
fco,-58.62141267147423,11.378587328525771,1000
imm,-94.93291089252634,65.06708910747366,1000
fbf,-16.028698207801323,1.9713017921986777,1000
kjr,-14.9039417318487,98.0960582681513,1000
