btp,-21.75009674367686,29.24990325632314,1000
ckl,-5.135421666418212,7.864578333581788,1000
kxg,0.3601537487764388,53.36015374877644,1000
mrw,-29.15974987800163,0.8402501219983683,1000
rdc,-21.076524834867698,67.9234751651323,1000
mri,-16.45536127081122,16.54463872918878,1000
rer,-3.8946768970700303,60.10532310292997,1000
fty,-44.80522733295945,32.19477266704055,1000
yoe,-1.4018647811560259,85.59813521884398,1000
xks,-53.37524297466107,42.62475702533893,1000
sdq,-88.83385237039701,39.16614762960299,1000
trw,-97.20406327712539,92.79593672287461,1000
grl,-48.54207047903597,59.45792952096403,1000
irf,-83.84320011682239,57.15679988317761,1000
trg,-13.464051414561366,72.53594858543863,1000
hdj,-42.359008449913844,23.64099155008616,1000
iea,-7.9173632097829945,87.08263679021701,1000
lpu,-11.035442821297611,76.96455717870239,1000
wbu,-16.121127465846634,68.87887253415336,1000
xmo,-8.06866812623014,34.93133187376986,1000
waa,-92.43463558214448,87.56536441785552,1000
snr,-54.47978399871521,31.520216001284787,1000
lcl,-31.636507309622555,39.36349269037745,1000
ner,-21.152262875413754,47.847737124586246,1000
skw,-5.152202254413228,15.847797745586771,1000
yth,-53.99604521785569,58.00395478214431,1000
whh,-32.23068530745084,93.76931469254916,1000
hzo,-38.54981826925814,72.45018173074186,1000
fxc,-71.01874375781401,34.981256242185985,1000
yli,-87.60653863554872,64.39346136445128,1000
gjt,-85.79928212823226,1.2007178717677347,1000
jbq,-36.11319254449417,65.88680745550583,1000
ugg,-71.22802343884327,77.77197656115673,1000
yiw,-62.46048784762906,51.53951215237094,1000
dnu,-10.018929770607313,15.981070229392687,1000
eop,-71.64526501090964,54.35473498909036,1000
hde,-89.29831037408931,35.701689625910696,1000
nqs,-62.18491454226453,23.81508545773547,1000
zmg,-27.879859621613576,7.120140378386425,1000
jtm,0.8167502941940086,53.81675029419401,1000
kgw,-30.52600024499779,70.47399975500221,1000
anl,-91.28902995509048,13.710970044909509,1000
gty,-35.96206431656753,98.03793568343248,1000
bzz,-76.00996213535993,69.99003786464007,1000
vly,-78.845282153931,32.15471784606901,1000
fgt,-52.689315994812524,49.310684005187476,1000
dnk,-29.451898323093133,39.54810167690687,1000
hij,-69.20961264087889,43.79038735912111,1000
zvd,-39.022448151951444,23.977551848048556,1000
orb,-68.96242575699802,95.03757424300198,1000
dmh,-27.04173407075126,22.95826592924874,1000
wri,-14.561868559166648,57.43813144083335,1000
cmd,-21.974638562702292,79.0253614372977,1000
iov,-49.22828392851659,11.771716071483413,1000
hvb,-91.50645072407806,18.493549275921936,1000
uax,-52.41564942960569,17.584350570394307,1000
zkt,-37.39204372189779,74.60795627810221,1000
hdn,-10.523521459875136,62.476478540124866,1000
klv,-13.385198894180617,81.61480110581938,1000
tgj,-17.95995461172216,47.04004538827784,1000
gcg,-91.30570248953252,13.694297510467484,1000
tti,-26.244736029574543,14.755263970425458,1000
ebn,-72.4650835914315,44.53491640856851,1000
nrd,-18.09574129900605,56.90425870099395,1000
biv,-88.97673137412475,42.02326862587524,1000
nsq,-48.04898879805661,92.95101120194339,1000
inh,-87.41143279264976,71.58856720735024,1000
qks,-97.6302204590846,77.3697795409154,1000
gxz,-73.21538744605766,62.78461255394234,1000
cvt,-48.56425453696127,60.43574546303873,1000
weo,-20.535104469070905,10.464895530929093,1000
lkx,-87.67746000818211,5.322539991817893,1000
scb,-66.39024090343534,64.60975909656466,1000
akn,-52.15070827915919,68.84929172084081,1000
mrk,-36.07915760442863,75.92084239557137,1000
ibm,-83.03209403266446,46.96790596733555,1000
ieo,-90.45617355316851,31.543826446831496,1000
nig,-37.73551351254679,71.26448648745321,1000
uog,-93.77490957106197,17.225090428938024,1000
nxj,-7.267891747246291,15.732108252753708,1000
cqc,-66.03357814578047,50.96642185421953,1000
wkc,-6.547199587780467,36.45280041221953,1000
onf,-33.999037425098926,46.000962574901074,1000
zss,-93.17553645600361,36.82446354399639,1000
min,-17.085366059026533,32.91463394097347,1000
opm,-26.865895856426516,14.134104143573484,1000
svg,-2.649072066499331,24.35092793350067,1000
opj,-30.624355211835187,4.375644788164811,1000
yej,-63.685214260165466,93.31478573983453,1000
vye,-51.73045725913573,98.26954274086427,1000
umo,-96.93742841138861,14.062571588611387,1000
usq,-13.100163594902302,43.899836405097695,1000
aqn,-15.502089629691142,3.497910370308859,1000
nkd,-12.441281413378713,17.558718586621286,1000
uwb,-44.33903653433687,26.66096346566313,1000
ldy,-4.229985522418015,82.77001447758198,1000
lwd,-48.81925667819479,46.18074332180521,1000
qlh,-63.221239856734016,80.77876014326598,1000
smv,0.024796975210081174,0.024796975210081174,1000
tqr,-35.68049740839637,66.31950259160364,1000
tyj,-63.908451777982464,66.09154822201754,1000
iso,-73.07199250009113,12.928007499908876,1000
sfy,-36.171920463408995,78.828079536591,1000
duc,-23.448079648426372,22.551920351573628,1000
jil,-23.716546732264128,39.28345326773587,1000
qgg,-42.46768723826007,52.53231276173993,1000
jly,-45.20585503612981,56.79414496387019,1000
egf,-57.373059066004316,20.626940933995687,1000
bgr,-20.091566970206085,40.90843302979392,1000
jej,-79.52834415132871,81.47165584867129,1000
jhu,-75.15947083538681,66.84052916461319,1000
lze,-30.111772292564243,80.88822770743576,1000
dtm,-34.235293075869954,4.7647069241300475,1000
scw,-64.27953566331183,75.72046433668817,1000
phl,-62.8202911186041,43.1797088813959,1000
lrp,-86.57152741474069,31.42847258525931,1000
kug,-46.54789557755508,23.452104422444915,1000
xrh,-62.88607148219855,92.11392851780144,1000
daq,-6.19721657644941,55.802783423550586,1000
yjc,-63.648809966320265,50.351190033679735,1000
vfj,-65.9344751380293,73.0655248619707,1000
aga,-89.23313232748748,23.766867672512515,1000
flz,-25.693385077503983,16.306614922496017,1000
tuz,-37.37047189531276,49.62952810468724,1000
utd,-4.664344884844474,12.335655115155527,1000
dxh,-51.392137206444595,35.607862793555405,1000
lcb,-88.53183394855922,73.46816605144078,1000
fdv,-19.85482314731894,39.14517685268106,1000
yeu,-97.86281903401242,86.13718096598758,1000
jje,-2.3618044752063865,24.638195524793613,1000
fnw,-55.00699890664314,58.99300109335686,1000
wpv,-51.31351303924863,54.68648696075137,1000
icr,-66.80848770022097,29.191512299779035,1000
ebm,-92.9314479965552,31.068552003444793,1000
hke,-93.89396445432249,50.10603554567752,1000
eld,-40.620695902211914,9.379304097788086,1000
xkn,-68.01390928691212,71.98609071308788,1000
ctc,-97.8867831768585,43.11321682314151,1000
uqo,-16.408349032008193,31.591650967991807,1000
pol,-45.209917709032425,68.79008229096758,1000
rwq,-68.48931952270559,70.51068047729441,1000
jzs,-44.20077909231741,14.799220907682587,1000
mvj,-66.47559210454227,36.52440789545772,1000
wev,-81.46058456122485,84.53941543877515,1000
bgu,-18.077100016719456,81.92289998328054,1000
dzf,-9.865728087006273,70.13427191299373,1000
dej,-4.697772393176086,43.30222760682391,1000
yiv,-16.182170615855643,84.81782938414436,1000
rth,-43.67282905139862,3.327170948601378,1000
frd,-8.501878660737122,67.49812133926288,1000
pnp,-54.11031669307256,78.88968330692744,1000
ped,-42.47933490310245,50.52066509689755,1000
obt,-69.22726861126513,38.77273138873486,1000
zof,-70.17090759059728,67.82909240940272,1000
fiv,-69.3606687490947,82.6393312509053,1000
epd,-38.51596431550314,93.48403568449686,1000
vno,-95.381173105419,64.618826894581,1000
mtf,-90.27068420784633,43.72931579215366,1000
mam,-7.46105554399683,81.53894445600316,1000
kbg,-93.58486670562345,27.41513329437655,1000
ywz,-59.16838011533723,40.83161988466277,1000
hrp,-86.17894697434566,79.82105302565434,1000
zjo,-28.248890840525014,50.751109159474986,1000
hss,-49.63910309175779,2.360896908242208,1000
rdf,-51.30606368948706,9.693936310512939,1000
mux,-15.717642509234254,30.282357490765744,1000
kjo,-96.8017693508918,22.198230649108194,1000
fod,-57.951953367377335,92.04804663262266,1000
fbb,-92.27940136215588,93.72059863784412,1000
obd,-26.4545634770914,46.5454365229086,1000
riz,-41.96554740792712,40.03445259207288,1000
erd,-3.904032179108119,26.095967820891882,1000
hcg,-71.83046309545605,47.169536904543946,1000
xbr,-20.730776169904594,47.269223830095406,1000
vkk,-73.9018371592687,48.09816284073131,1000
wch,-41.38573015777231,86.6142698422277,1000
inz,-2.5729764817598153,56.42702351824018,1000
ucr,-52.98868366666107,84.01131633333894,1000
hia,-10.559869624411068,38.44013037558893,1000
foh,-7.9171589002508105,68.08284109974919,1000
nsk,-64.98636808938987,98.01363191061013,1000
knp,-7.356188640260348,54.64381135973965,1000
oed,-40.81270038097499,80.18729961902501,1000
srg,-81.89990987888184,3.100090121118158,1000
gwt,-54.129984650086875,10.870015349913123,1000
ccq,-68.7896020603256,36.210397939674394,1000
jac,-68.21598213401629,9.784017865983706,1000
fio,-43.116563428735674,57.883436571264326,1000
kry,-83.32938961517765,21.67061038482235,1000
rkz,-70.1132596696259,24.886740330374103,1000
oes,-37.09458924122445,59.90541075877555,1000
nxz,-89.12560461775213,94.87439538224787,1000
nyv,-13.549505288405712,71.45049471159429,1000
bla,-32.66912974641881,84.3308702535812,1000
tts,-61.70735711876514,37.29264288123486,1000
jsg,-57.90404601130115,80.09595398869885,1000
erd,-17.77224605535868,19.22775394464132,1000
ako,-30.279367604638797,22.720632395361203,1000
njy,-11.620591586488533,89.37940841351147,1000
ske,0.7296786924705895,57.72967869247059,1000
zoq,-97.2504990069352,50.7495009930648,1000
kwv,-50.672981678120784,1.3270183218792186,1000
gjw,-56.023579453814044,41.976420546185956,1000
gnm,-45.83109278161561,53.16890721838439,1000
mwo,-16.296141791359894,60.703858208640106,1000
urq,-55.22881179346653,80.77118820653347,1000
tmg,-11.383291487379777,85.61670851262022,1000
tyh,-27.74174183824008,22.25825816175992,1000
qbr,-44.52935718471705,11.470642815282952,1000
bww,-42.24228529323725,6.757714706762746,1000
epj,-83.61195395544064,80.38804604455936,1000
zar,-73.78780420426207,55.21219579573793,1000
rkp,-1.336277272961777,59.66372272703822,1000
lgr,-28.0565708654536,62.9434291345464,1000
xpf,-34.97323448720139,74.02676551279862,1000
tjy,-6.643732577441203,44.356267422558794,1000
glm,-81.95739401991074,16.04260598008927,1000
srf,-84.04985851370654,62.950141486293454,1000
wvp,-74.32422372625417,27.675776273745818,1000
jiu,-55.80794119525768,61.19205880474232,1000
rab,-5.189559367469755,60.810440632530245,1000
iyd,-91.54298909960266,24.45701090039734,1000
mam,-54.53349453159855,51.46650546840145,1000
qxt,-67.04908266368393,61.950917336316074,1000
ylu,-75.65107912684714,1.3489208731528572,1000
lir,-85.97038453535947,38.02961546464052,1000
tab,-73.06786719789275,89.93213280210725,1000
ukm,-42.80649611221023,86.19350388778976,1000
rft,-65.240797510692,20.759202489307995,1000
fdk,-73.87076787377123,8.129232126228773,1000
eca,-93.49754581648168,93.50245418351832,1000
kvy,-54.827695198709016,4.172304801290983,1000
bjp,-8.127158741483894,11.872841258516106,1000
zvl,-63.798817688420925,37.201182311579075,1000
qwx,-96.62555817515143,40.37444182484858,1000
cwu,-41.416110461750485,26.583889538249515,1000
pao,-52.40165839543424,31.598341604565757,1000
isa,-30.193542950123245,66.80645704987676,1000
rhx,-93.30973139726889,65.69026860273111,1000
jid,-51.81653520240012,74.18346479759988,1000
vei,-35.16854071660955,16.83145928339045,1000
zsd,-16.147456538050303,67.8525434619497,1000
dhn,-34.954745018760626,9.045254981239372,1000
oyb,-7.280484644176308,64.71951535582369,1000
egg,-0.427873843189726,17.572126156810274,1000
irw,-47.36893735034705,16.631062649652943,1000
xkt,-24.435235350076486,17.564764649923514,1000
uxl,-28.230349538176554,39.769650461823446,1000
ceo,-39.26777163724816,64.73222836275184,1000
rbu,-6.043203519736308,21.95679648026369,1000
jcu,-88.11203959636339,50.88796040363661,1000
hcc,-20.016006936662908,45.983993063337095,1000
ptz,-81.78883780214943,15.211162197850568,1000
ihn,-2.1704088311852514,75.82959116881474,1000
zmf,-36.3747863033146,41.6252136966854,1000
dyw,-24.875240612647136,97.12475938735287,1000
pnp,-49.550343979874654,23.449656020125342,1000
pqt,-5.80148550023229,59.19851449976771,1000
cej,-39.98601025542578,42.01398974457422,1000
tqb,-43.44521311311341,20.554786886886593,1000
oia,-64.6057346897761,18.394265310223904,1000
jea,-62.51790476727856,4.482095232721438,1000
ilg,-31.125504698130246,79.87449530186976,1000
ahv,-78.22606380656211,78.77393619343789,1000
mgz,-16.682188076723364,25.317811923276636,1000
rdt,-27.668413880629238,27.331586119370762,1000
dla,-18.426407706878706,8.573592293121294,1000
ynk,-19.325405601499355,3.6745943985006453,1000
fmy,-42.19889549640964,21.80110450359036,1000
bxo,-20.88346432520663,11.11653567479337,1000
gja,-94.7773302282725,29.222669771727492,1000
pll,-80.04350033236831,53.95649966763168,1000
txf,-41.29516742454158,33.70483257545842,1000
eun,-69.46371461300326,94.53628538699674,1000
mcm,-95.30806213651978,68.69193786348022,1000
dej,-44.57751762468122,69.42248237531878,1000
lvu,-96.72951404455415,34.27048595544584,1000
yuc,-10.651379722153013,78.34862027784699,1000
vik,-28.70985521875958,32.29014478124042,1000
mxz,-32.98267933928999,41.01732066071001,1000
ytv,-27.283484156981633,22.716515843018367,1000
yzu,-32.270899341300705,29.72910065869929,1000
qdw,-80.61558326050975,45.384416739490256,1000
jfl,-61.44344459451579,39.55655540548421,1000
utc,-90.46690893085247,16.533091069147524,1000
sxa,-80.9146074497218,76.0853925502782,1000
yao,-17.79187585948139,63.20812414051861,1000
eyi,-39.58546538514845,69.41453461485155,1000
sgt,-33.98076497250616,70.01923502749383,1000
vdh,-48.435579213138965,22.564420786861035,1000
szm,-17.092428585701693,78.9075714142983,1000
xyo,-7.174799740016435,69.82520025998356,1000
rnn,-2.405883925897397,66.5941160741026,1000
mvr,-76.96724070127294,24.032759298727058,1000
xxe,-88.37006808626684,28.629931913733163,1000
xmq,-72.34404842992195,56.65595157007804,1000
lmj,-54.49217151404868,87.50782848595132,1000
loc,-52.409411148181526,12.590588851818472,1000
elv,-75.72568221753218,87.27431778246782,1000
dbe,0.8918194002805014,7.891819400280501,1000
umj,-90.03634022357033,14.963659776429662,1000
xlw,-92.18744760992962,97.81255239007038,1000
fts,-20.132188474272102,45.867811525727895,1000
dvu,-59.76677998655738,17.233220013442615,1000
xcw,-87.48050999032178,21.519490009678226,1000
qhi,-39.798753894838185,36.201246105161815,1000
kzl,-40.90016909052297,67.09983090947703,1000
jpv,-24.234757697352144,89.76524230264785,1000
uil,-22.74190541074605,94.25809458925394,1000
qjg,-54.285579253437945,43.714420746562055,1000
ori,-48.51343445483793,51.48656554516207,1000
vxt,-46.72392382791446,76.27607617208554,1000
utz,-29.994271924628325,52.00572807537167,1000
hzg,-41.40243287592668,95.59756712407332,1000
jfo,-56.134688253954444,85.86531174604555,1000
dxo,-34.56548186514343,95.43451813485657,1000
qsd,-23.69398901167768,59.30601098832232,1000
drn,-34.795366042156516,82.20463395784348,1000
laz,-70.01527967624615,55.98472032375385,1000
pao,-3.278943937087023,31.721056062912975,1000
fxg,-0.5865525022772384,64.41344749772276,1000
ene,-14.541018428048927,74.45898157195107,1000
esm,-33.05230935597461,80.94769064402539,1000
nmv,-4.090214518598576,51.90978548140142,1000
jyh,-82.28640799946871,24.713592000531293,1000
nvs,-93.65077996186766,14.34922003813234,1000
sra,-17.635752907435027,77.36424709256497,1000
ivx,-29.573557320553327,28.426442679446673,1000
egz,-6.656342962525082,62.34365703747492,1000
ycz,-80.38881453368012,70.61118546631988,1000
wdw,-56.88374812598022,73.11625187401978,1000
aem,-0.09708554367461064,7.902914456325389,1000
qjr,-41.046913172154355,18.953086827845645,1000
auq,-47.74610665885968,44.25389334114032,1000
uol,-83.37995184797889,5.620048152021114,1000
nfu,-72.94560331136138,15.054396688638622,1000
ywg,-17.944426382515864,30.055573617484136,1000
elo,-92.55797211116932,65.44202788883068,1000
exi,-14.807973647904223,26.192026352095777,1000
hwc,-88.31675846072706,94.68324153927294,1000
tat,-79.81669640282217,95.18330359717783,1000
udc,-43.78224153284858,84.21775846715143,1000
tws,-29.1962848279732,55.8037151720268,1000
tqa,-62.63235105210014,47.36764894789986,1000
nzg,-30.999868113744338,70.00013188625566,1000
gkj,-49.01725032986496,11.982749670135044,1000
len,-3.6522849001875484,16.34771509981245,1000
rbp,-47.46418843093544,1.535811569064566,1000
gqn,-62.52738630534274,66.47261369465726,1000
hjy,-92.3576799461573,77.6423200538427,1000
dis,-69.85227304661886,33.14772695338114,1000
wje,-88.25578592805216,58.74421407194783,1000
lif,-4.026721384532454,61.97327861546754,1000
upj,-39.47493098749438,53.52506901250562,1000
cxq,-29.433977252186004,16.566022747813996,1000
yym,-57.45017714499683,68.54982285500317,1000
yjd,-87.97478819550793,40.02521180449208,1000
lkl,-46.998612323559506,77.00138767644049,1000
lof,-12.562388148184528,83.43761185181548,1000
mjb,-92.88989003272054,94.11010996727946,1000
dgn,-85.84533124801153,77.15466875198847,1000
tes,-68.17737245127674,4.822627548723264,1000
xop,-61.534183087663365,11.465816912336635,1000
qqa,-21.540429205301347,37.45957079469865,1000
ylg,-70.4345054251577,53.565494574842305,1000
qgh,-15.755622173803374,42.244377826196626,1000
oeb,-71.95750815746149,46.0424918425385,1000
tut,-61.75913688667998,28.240863113320014,1000
pbz,-6.256665177162479,63.74333482283752,1000
iwx,-59.95402878604044,79.04597121395956,1000
djl,-90.73249611636655,21.267503883633445,1000
zma,-78.57307386681771,46.426926133182285,1000
dbr,-87.23537173839243,67.76462826160757,1000
pov,-97.71826093054723,30.28173906945276,1000
efr,-61.307140995800246,87.69285900419976,1000
kse,-87.96359973783944,11.03640026216056,1000
hen,-77.15952817776682,65.84047182223318,1000
diz,-84.5430417069001,42.45695829309991,1000
rbr,-92.49445672541184,64.50554327458816,1000
kqt,-54.23944750304382,97.76055249695618,1000
ltf,-48.217593143127935,85.78240685687207,1000
iaa,-92.02928353168512,40.97071646831487,1000
iaz,-29.85541966943596,58.14458033056404,1000
wvf,-17.441375375508606,20.558624624491394,1000
hfr,-5.6283566525305435,20.37164334746946,1000
toc,-17.839175617911877,13.160824382088123,1000
edd,-62.38796383458984,43.61203616541016,1000
jyu,-89.76192210819936,77.23807789180064,1000
awq,-45.612173012279,98.387826987721,1000
jkv,-89.45657698753891,34.54342301246109,1000
ogz,-39.79385600586603,48.20614399413397,1000
zza,-37.31186704878346,71.68813295121653,1000
nkb,-59.00487717107874,43.99512282892126,1000
gfh,-35.003321934470236,36.996678065529764,1000
yza,-13.783140861047006,84.216859138953,1000
cup,-80.74682374274916,42.253176257250836,1000
ula,-74.95404528578227,10.045954714217729,1000
dfo,-31.77802586821769,51.22197413178231,1000
rlp,-5.551036392909795,17.448963607090207,1000
siq,-20.738371949673002,85.26162805032699,1000
ogb,-84.59664648698941,56.403353513010586,1000
sao,-86.39053628286047,8.609463717139526,1000
ndr,-75.14648982239264,13.853510177607362,1000
uqx,-47.35822083461608,67.64177916538392,1000
wdz,-46.139322118627106,76.8606778813729,1000
pjs,-15.62542438585419,61.37457561414581,1000
bxr,-0.851969601665825,95.14803039833417,1000
bmz,-81.34193416927374,77.65806583072626,1000
rwy,-50.09485494811147,7.90514505188853,1000
eod,-9.697076657963734,40.302923342036266,1000
duo,-13.658580790744217,61.34141920925578,1000
sog,-41.85598878144545,62.14401121855455,1000
oqi,-6.029236985275545,42.970763014724454,1000
luo,-2.980653593028313,7.019346406971687,1000
jwb,-74.28961083896051,79.71038916103949,1000
wlg,-53.9759773286546,59.0240226713454,1000
wkc,-20.942539080764863,16.057460919235137,1000
rfm,-14.06250219890927,10.93749780109073,1000
yij,0.3302896076380374,68.33028960763804,1000
clp,-83.31269460230729,67.68730539769271,1000
kdv,-20.270309107431228,19.729690892568772,1000
bjf,-19.673984293751882,69.32601570624811,1000
rmh,-39.33120643119777,19.66879356880223,1000
nxl,-88.47073728710399,6.529262712896014,1000
xem,-16.393992556642488,91.60600744335751,1000
hyk,-35.99907165868662,93.00092834131338,1000
opd,-70.88680118050539,61.11319881949461,1000
grx,-8.174905402291987,9.825094597708013,1000
jff,-41.79973162051245,60.20026837948755,1000
eru,-79.77335534342927,13.226644656570727,1000
hbz,-17.9534504660861,93.0465495339139,1000
yud,-34.727108325913726,57.272891674086274,1000
ljx,-37.600693285317284,50.399306714682716,1000
iyg,-91.79154296896257,26.208457031037423,1000
jps,-39.4841307939339,12.515869206066101,1000
fde,-30.201580831578806,73.79841916842119,1000
vml,-9.744574622453747,42.25542537754625,1000
zpm,-94.99302471562649,84.00697528437351,1000
lgh,-34.601850196818305,22.3981498031817,1000
duz,-22.483614060126904,81.5163859398731,1000
pyj,-34.293636945444234,32.706363054555766,1000
cvb,-22.397034285248488,38.60296571475151,1000
luf,-76.30819909385285,58.69180090614715,1000
iiy,-37.293369514093776,39.706630485906224,1000
ckh,-68.64175647133477,67.35824352866523,1000
jbj,-4.438689889457202,88.56131011054279,1000
ycz,-75.37197918992146,72.62802081007854,1000
gsf,-35.112588645910236,8.887411354089762,1000
nrv,-80.19018361797406,98.80981638202594,1000
hbs,-62.94412836245188,54.05587163754812,1000
nej,-4.48841462189304,81.51158537810696,1000
dje,-21.364519124252304,38.635480875747696,1000
oxy,0.038900612885526376,56.03890061288553,1000
odl,-79.457264700298,69.542735299702,1000
pbh,-19.766592357737913,1.2334076422620868,1000
bgm,-25.635599553262793,88.3644004467372,1000
ezh,-75.4349770588116,81.5650229411884,1000
tvj,-77.88428423640556,94.11571576359444,1000
etw,-94.7555434378453,33.24445656215469,1000
edq,-25.622006270079545,10.377993729920455,1000
eia,-38.19023581868904,8.809764181310959,1000
wzj,-27.23131756067112,13.768682439328883,1000
ctw,-91.03571073114176,6.964289268858235,1000
reg,-84.01057538369389,79.98942461630611,1000
pxb,-12.21340180311302,26.786598196886978,1000
doh,-86.85205619279485,15.147943807205147,1000
hxe,-20.262569796355432,71.73743020364456,1000
rpz,-39.72564443676913,73.27435556323087,1000
bkq,-30.680665329208416,82.31933467079159,1000
pwa,-3.690524982324254,69.30947501767575,1000
muy,-96.12100898946854,14.878991010531465,1000
jjy,-48.821785774323985,76.17821422567602,1000
iir,-81.78223101809716,12.21776898190284,1000
tah,-21.02114227543603,68.97885772456397,1000
xuy,-6.1094645624147645,91.89053543758524,1000
gwa,-3.2182300677344386,50.78176993226556,1000
zjc,-85.31904874769742,13.680951252302572,1000
iaw,-78.60385127663463,82.39614872336537,1000
pwz,-26.780413620737306,53.219586379262694,1000
fxj,-44.68711729359022,0.31288270640977744,1000
bni,-91.84670917606289,50.15329082393712,1000
bgw,-57.24455088250851,0.755449117491489,1000
vqp,-43.52627444311362,35.47372555688638,1000
nsy,-39.64729260730884,60.35270739269116,1000
dqj,-80.32836364578317,33.67163635421682,1000
ojv,-94.91517243542155,58.084827564578454,1000
ikb,-66.01346389071095,21.98653610928905,1000
rlx,-91.17926993492337,69.82073006507663,1000
wcf,-97.74618060837867,87.25381939162133,1000
wjq,-4.194883387695948,95.80511661230405,1000
cdv,-77.50714229532042,41.49285770467958,1000
fjv,-87.06391327318005,37.93608672681995,1000
dfe,-19.297391189147245,61.70260881085276,1000
ade,-45.89539138266269,49.10460861733731,1000
zrj,-2.860302341245725,59.13969765875427,1000
lph,-59.532390833956775,9.467609166043223,1000
phd,-11.669439773202937,95.33056022679706,1000
nmy,-62.033906735311675,84.96609326468833,1000
qfr,-39.33882309766063,15.66117690233937,1000
aga,-28.328822795813817,47.67117720418618,1000
wlg,-82.08742196990629,14.91257803009372,1000
neq,-73.63203578600174,86.36796421399826,1000
jsv,-93.82901064677237,62.17098935322763,1000
lsb,-8.797218364092682,97.20278163590731,1000
dbo,-34.09444091041122,10.90555908958878,1000
mbm,-35.433844633922064,68.56615536607794,1000
ilb,-73.82362609482564,18.17637390517435,1000
mjz,-67.7246492324679,53.2753507675321,1000
rdl,-18.092118341514777,72.90788165848522,1000
erc,-51.69780374181519,53.30219625818481,1000
xyv,-40.9064070410155,59.0935929589845,1000
vku,-1.4938876899389428,9.506112310061058,1000
puc,-71.62608861026138,64.37391138973862,1000
ksu,-32.10530533519526,65.89469466480473,1000
wen,-2.5394071149911275,49.46059288500887,1000
dvi,-79.71775995066297,6.2822400493370285,1000
cof,-50.39548202986931,58.60451797013069,1000
gwg,-56.97215577696273,6.027844223037273,1000
sif,-3.167416553616071,80.83258344638394,1000
koc,-90.19204392080988,95.80795607919012,1000
bjf,-82.58514882540794,4.4148511745920604,1000
uns,-26.733592243421143,17.266407756578857,1000
mep,-71.20231689542973,84.79768310457027,1000
lso,-69.00973506910275,27.990264930897247,1000
fhm,-44.59527569136775,91.40472430863224,1000
vpk,-65.3032665771319,76.6967334228681,1000
ouj,-61.62081048327394,2.37918951672606,1000
zac,-25.108050875965503,71.8919491240345,1000
ezo,-18.35738672799973,55.64261327200027,1000
rcv,-72.196329297392,78.803670702608,1000
wxp,-36.26191376933244,25.73808623066756,1000
hrh,-87.77453767399972,40.22546232600029,1000
ogm,-46.03382068496112,80.96617931503889,1000
yui,-38.78044195629426,61.21955804370574,1000
bdw,-32.6256365175124,44.3743634824876,1000
ags,-93.37532936704937,73.62467063295063,1000
qhq,-12.937745291695196,91.0622547083048,1000
emp,-63.6585866064512,19.341413393548798,1000
qdj,-20.351287981281068,96.64871201871894,1000
nad,-61.14822100331148,65.85177899668852,1000
lqw,-96.62179349096053,84.37820650903947,1000
ydj,-91.8615866747764,53.138413325223596,1000
mbj,-18.948654699491627,20.051345300508373,1000
ryf,-35.13753712561473,98.86246287438527,1000
sxb,-46.94301878617024,30.05698121382976,1000
kyd,-92.59958880738381,12.400411192616184,1000
glj,-9.764751189355742,88.23524881064425,1000
kjq,-34.786114030348,2.2138859696519946,1000
ckg,-14.705070424977936,19.294929575022064,1000
vfv,-13.9396910169378,15.0603089830622,1000
ybw,-88.99982455664863,73.00017544335137,1000
nsv,-54.78727347016578,66.21272652983421,1000
byr,-16.422971767697224,63.57702823230277,1000
vzw,-47.923977013939655,92.07602298606035,1000
neo,-88.28208456651359,40.71791543348641,1000
lea,-7.15509380792086,8.84490619207914,1000
llk,-82.0853113878743,61.914688612125694,1000
efz,-58.07805283178652,97.92194716821348,1000
thd,-61.564579500028856,28.43542049997114,1000
gov,-22.330414909854962,73.66958509014503,1000
gsy,-56.93070126570137,42.06929873429863,1000
pmb,-45.62205309642366,18.377946903576333,1000
jrg,-86.79748134878871,85.20251865121129,1000
hpf,-66.3538798898336,48.64612011016639,1000
zbv,-45.070235404225805,48.929764595774195,1000
kog,-5.276795468266789,86.72320453173322,1000
ldd,-78.34427133890549,69.65572866109451,1000
dhg,-68.07046936973187,0.9295306302681304,1000
yri,-28.724142362113405,80.2758576378866,1000
cue,-18.488330278926977,29.511669721073023,1000
yvm,-70.20546638835626,78.79453361164374,1000
wsl,-42.61271442877691,15.387285571223092,1000
ell,-17.575890474794218,18.424109525205782,1000
rjq,-66.94245289737941,20.057547102620592,1000
qlh,-89.27650570473706,88.72349429526294,1000
vrp,-86.94884711460097,40.051152885399034,1000
lff,-85.27482661500106,57.72517338499894,1000
tqv,-74.12544658411805,52.874553415881955,1000
djb,-44.222005962127945,96.77799403787205,1000
pgh,-29.34118692396266,52.65881307603734,1000
lbv,-5.6247789350067325,33.37522106499327,1000
ade,-8.586217238399925,46.413782761600075,1000
sfv,-92.00039442141568,42.99960557858432,1000
fii,-59.49633293746217,32.50366706253783,1000
dsw,-83.47710369909399,70.52289630090601,1000
aoc,-32.88798144427879,66.1120185557212,1000
lfp,-58.13406251914568,50.86593748085432,1000
juq,-24.67145465145109,55.328545348548914,1000
ahl,-96.19326771473507,39.80673228526493,1000
zya,-52.137365925515965,38.862634074484035,1000
eaj,-57.12924685377955,7.870753146220452,1000
fiv,-29.191414482816118,1.8085855171838818,1000
iza,-94.2702361490452,37.72976385095479,1000
jdi,-96.80061469780662,73.19938530219338,1000
tbi,-37.31646311472997,44.68353688527003,1000
faf,-38.06640256320856,34.93359743679144,1000
jhk,-91.03153590229749,14.968464097702503,1000
ose,-42.43876370305964,17.56123629694036,1000
urb,-78.09283765942484,23.907162340575155,1000
uzb,-54.329141866572066,61.670858133427934,1000
czb,-2.2495893507765716,44.750410649223426,1000
nfi,-76.74351513963951,77.25648486036049,1000
hmx,-17.47025669786264,28.52974330213736,1000
dur,-15.646877238316291,48.35312276168371,1000
bct,-74.23519856711455,86.76480143288545,1000
tcb,-5.603436190420711,6.396563809579289,1000
gyx,-81.62519518934474,15.37480481065526,1000
zyo,-72.71057637631715,56.28942362368284,1000
kuu,-61.147311713447635,60.852688286552365,1000
uxi,-43.70755936066523,12.292440639334774,1000
xar,-21.87665331283101,6.123346687168988,1000
ekt,-84.77708141450184,71.22291858549816,1000
ufi,-4.564619199785682,18.43538080021432,1000
zhp,-55.749236526748874,47.250763473251126,1000
vqh,-1.382773523315612,20.617226476684387,1000
tcm,-39.50962115998256,60.49037884001744,1000
wgj,-36.278569311276755,24.721430688723245,1000
zvu,-74.55673045922275,87.44326954077725,1000
ace,-85.33184335163166,88.66815664836834,1000
epb,-33.97131386839239,74.0286861316076,1000
brj,-0.6237151024904308,63.37628489750957,1000
muf,-7.808665052180456,66.19133494781954,1000
vqa,-67.58393557182553,43.416064428174465,1000
uha,0.32681152720426376,22.326811527204264,1000
god,-39.511372797563986,98.488627202436,1000
tty,-48.584537157915506,74.4154628420845,1000
kwm,-32.83544817432741,29.16455182567259,1000
ywc,-59.63251600665323,80.36748399334677,1000
bdu,0.4307975399782811,72.43079753997829,1000
ctg,-90.32965367313012,24.67034632686988,1000
xcd,-88.94415822382524,81.05584177617476,1000
yak,-81.82744041968127,24.172559580318737,1000
etw,-23.303675832628993,39.696324167371,1000
hdl,-97.99002966290675,73.00997033709325,1000
mjp,-94.51951518871783,91.48048481128217,1000
jat,-17.179678353395698,52.8203216466043,1000
fxo,-80.34173220786529,85.65826779213471,1000
bkv,-52.89808207255605,9.101917927443951,1000
ihc,-54.23668662545039,54.76331337454961,1000
loy,-87.39927469230375,12.600725307696246,1000
smw,-4.684891477921267,20.31510852207873,1000
fsj,-97.73348174067168,77.26651825932832,1000
wnc,-91.46616448255413,76.53383551744587,1000
blq,-15.738055892643573,17.261944107356427,1000
qxk,-33.19763009382196,4.802369906178043,1000
bcf,-7.528658613739129,40.471341386260875,1000
pao,-42.52432377932821,75.47567622067179,1000
dpe,-61.29857006975044,14.701429930249562,1000
myf,-82.29666375555422,24.703336244445772,1000
gxi,-54.55551226483483,11.444487735165167,1000
ocw,-6.2726934029924655,26.727306597007534,1000
tzy,-42.29088026162534,35.70911973837466,1000
owk,-67.07835855639601,70.92164144360399,1000
bgd,-1.0290332058790301,47.97096679412097,1000
tpe,-15.193489417033293,16.806510582966705,1000
div,-23.843389747290864,42.156610252709136,1000
sme,-97.51538434637115,84.48461565362885,1000
tqz,-33.12368538645137,47.87631461354863,1000
baz,-42.149289209499834,87.85071079050017,1000
ush,-72.36837971317605,96.63162028682395,1000
rsg,-0.04853520416229751,11.951464795837703,1000
itv,-47.474434940778636,93.52556505922136,1000
hna,-62.72874562160278,15.271254378397217,1000
iyg,-21.331735413734265,56.668264586265735,1000
cub,-59.79473236382665,43.20526763617335,1000
gsb,-85.53084021874332,0.4691597812566838,1000
zgq,-26.2146218181917,70.7853781818083,1000
hxn,-32.42545024156708,25.57454975843292,1000
qey,-34.12380643027317,27.876193569726826,1000
ztk,0.26720664985693965,82.26720664985694,1000
bba,-84.32470685583253,98.67529314416747,1000
jff,-10.254646634551142,32.74535336544886,1000
xup,-6.626520171951175,58.37347982804882,1000
bqf,-31.979770071443834,7.020229928556166,1000
yly,-43.43440496071302,62.56559503928698,1000
vzu,-14.881492453586755,86.11850754641324,1000
png,-58.155589656508226,41.844410343491774,1000
sjm,-56.145809693020674,66.85419030697933,1000
aue,-62.03796632015918,20.962033679840818,1000
tdk,-83.36873021555276,92.63126978444724,1000
pbr,-17.125313187019973,14.874686812980025,1000
amg,-48.41275213184449,5.587247868155509,1000
wnu,-24.502980152691023,1.4970198473089757,1000
aau,-43.5960283386525,49.4039716613475,1000
ulq,-55.75986149211825,6.240138507881754,1000
phl,-11.15886418248739,3.841135817512611,1000
arp,-65.24917320809166,33.75082679190834,1000
jsd,-52.14936186511777,87.85063813488223,1000
slm,-4.131713586307982,13.868286413692017,1000
ccg,-59.40434896302572,73.59565103697429,1000
adu,-56.81336004386565,15.186639956134346,1000
vzm,-35.280947476642304,52.719052523357696,1000
slo,-83.20775679785194,27.792243202148065,1000
jib,-67.70415746634058,41.295842533659425,1000
nfl,-89.57452255124132,55.42547744875869,1000
bsj,-55.20110496176579,39.79889503823421,1000
baw,-14.496048377759397,55.5039516222406,1000
qro,-63.08799831581765,51.91200168418235,1000
hlc,-22.50236802575846,41.497631974241536,1000
pzz,-58.29703288316101,63.70296711683899,1000
vov,-55.971909122100115,13.028090877899883,1000
zko,-40.38327752813707,12.616722471862929,1000
zfr,-51.55273119610666,44.44726880389334,1000
vvi,-12.984292561951028,89.01570743804898,1000
omj,-33.02251732050906,16.977482679490937,1000
zuo,-22.496473069614048,94.50352693038595,1000
iyr,-63.661210988725415,10.338789011274583,1000
yym,-65.68897888072594,29.311021119274063,1000
ayz,-20.79675971319782,68.20324028680218,1000
qda,-18.637350398875935,60.36264960112407,1000
xyg,-42.205254643990294,5.794745356009703,1000
vjn,-71.28882518298627,27.711174817013735,1000
qqv,-74.68265543303056,68.31734456696944,1000
mcl,-21.046768968035877,62.95323103196412,1000
xii,-67.10634138490073,85.89365861509927,1000
uub,-56.752566616629686,25.247433383370314,1000
qdq,-27.165009891040942,12.834990108959058,1000
ken,-76.77435809535919,24.22564190464081,1000
zah,-80.52796544719507,83.47203455280493,1000
rdk,-72.25425730147447,23.74574269852553,1000
brs,-74.42239740762906,18.57760259237094,1000
qkd,-96.31818673049538,74.68181326950462,1000
dmj,-36.79887731452314,9.201122685476859,1000
gsx,-18.756074765697996,21.243925234302004,1000
ofx,-4.784744406659598,89.2152555933404,1000
wit,-52.26644211928571,58.73355788071429,1000
eem,-81.91025095212275,92.08974904787725,1000
ovh,-14.425967647832126,4.574032352167874,1000
fce,-40.23112201784934,85.76887798215066,1000
xuy,-87.32218839514084,67.67781160485916,1000
vso,-58.69730898933075,66.30269101066925,1000
bgf,-69.385637520349,88.614362479651,1000
xvh,-61.96509380944232,85.03490619055768,1000
dfm,-32.732783584480956,57.267216415519044,1000
bhv,-62.89283691918594,15.107163080814061,1000
jug,-65.4199409488225,39.58005905117749,1000
fra,-82.04122730255978,80.95877269744022,1000
sao,-91.40585055778475,97.59414944221525,1000
dcj,-8.993133611277642,76.00686638872236,1000
yad,-19.770679010522134,90.22932098947787,1000
mky,-23.526594834458553,74.47340516554145,1000
jdm,-42.03429105648629,59.96570894351371,1000
gxx,-81.71693140813836,53.283068591861635,1000
sur,-45.967712766033536,75.03228723396647,1000
yux,-53.604407307521775,93.39559269247822,1000
ueu,-61.312116027895556,47.687883972104444,1000
keg,-92.56887447306657,92.43112552693343,1000
vqz,-68.73207430382054,39.26792569617947,1000
qpo,-84.94130093652815,94.05869906347185,1000
emv,-49.38560219782685,6.61439780217315,1000
liw,-24.204912030098622,93.79508796990137,1000
wfd,-82.43656877561796,34.56343122438204,1000
zmj,-87.98644142089339,61.01355857910661,1000
asl,-84.67199353680438,86.32800646319562,1000
ozk,-69.48528064401438,25.514719355985626,1000
mxt,-39.18347314666671,60.81652685333329,1000
hdg,-66.76079289211376,27.23920710788625,1000
jup,-28.449853206408854,54.550146793591146,1000
olt,-57.204123345086,28.795876654913993,1000
xoa,-85.13276720137372,19.867232798626272,1000
srv,-57.53320033111584,14.466799668884155,1000
zpp,-69.42155626972249,92.57844373027751,1000
alr,-3.4990688129222436,75.50093118707775,1000
qce,-88.00843024038919,39.99156975961081,1000
riq,-42.01203093703808,77.98796906296192,1000
jsc,-19.593628256417993,91.406371743582,1000
skl,-24.359498794169564,50.64050120583043,1000
peh,-66.77202414870588,30.227975851294122,1000
bdq,-55.55688892533065,43.44311107466935,1000
cxi,-14.526030676598308,57.47396932340169,1000
obr,-41.95625548100941,54.04374451899059,1000
tor,-52.211443404169046,60.788556595830954,1000
lui,-10.99499079649915,86.00500920350085,1000
qkv,-64.9810741703217,95.0189258296783,1000
hur,-90.1610021506791,15.838997849320908,1000
ixv,-4.013546179356057,19.98645382064394,1000
qam,-63.428117971588186,97.57188202841182,1000
mhm,-49.33807480193293,31.661925198067067,1000
tqu,-57.46593711004166,43.53406288995834,1000
fym,-60.47235453428131,56.52764546571869,1000
ffx,-51.08458553201852,73.91541446798148,1000
qzr,-89.61673902093807,85.38326097906193,1000
agn,0.755342467490644,14.755342467490644,1000
lsc,-49.59146721054141,9.408532789458592,1000
dgw,-56.09213802153382,86.90786197846617,1000
rtv,-87.21664457341384,1.7833554265861529,1000
zcb,-19.541571317790023,21.458428682209977,1000
uhq,-83.89697470268663,85.10302529731337,1000
kjo,-93.81621962947855,24.18378037052144,1000
arm,-96.24733963358943,43.75266036641056,1000
ttd,-6.982806040724254,82.01719395927574,1000
nbc,-13.803708994255373,53.19629100574463,1000
wuq,-62.523886885784776,65.47611311421522,1000
nhw,-87.9723495827532,62.02765041724681,1000
hrs,-28.00931781890064,27.99068218109936,1000
iai,-91.24425289125463,27.755747108745368,1000
byl,-90.94757308417257,12.052426915827422,1000
fwg,0.36616919724225927,73.36616919724226,1000
neb,-16.31891483572593,86.68108516427407,1000
fcz,-29.971982254972737,32.02801774502726,1000
fqm,-58.47141842810803,9.528581571891971,1000
lhp,-83.02788192055338,29.97211807944662,1000
ssi,-11.212820859398763,68.78717914060124,1000
mdq,-94.25204927561731,57.74795072438269,1000
ekx,-21.13147081597991,13.86852918402009,1000
ber,-74.57252628996913,70.42747371003087,1000
yot,-16.696988696225144,69.30301130377485,1000
pjo,-84.45197770706295,46.54802229293704,1000
mio,-76.01754156217731,79.98245843782269,1000
wme,-50.48958508078643,74.51041491921357,1000
uyh,-62.58555871931975,0.4144412806802482,1000
azx,-58.237250847567125,65.76274915243287,1000
vlu,-9.445820345022815,14.554179654977185,1000
rvx,-76.37341895211273,97.62658104788727,1000
vod,-86.9268233664477,44.073176633552286,1000
wsm,-36.72326437971208,11.276735620287921,1000
fbp,-22.261347013641192,49.73865298635881,1000
fcv,-69.72967966498034,43.27032033501967,1000
roo,-0.35539365596791617,11.644606344032084,1000
iyj,-83.06891514842467,61.931084851575335,1000
pep,-39.601868355874636,41.398131644125364,1000
wjq,-61.372503174722034,95.62749682527797,1000
ldc,-49.33627104028864,2.6637289597113574,1000
txx,-16.307621691042755,18.692378308957245,1000
qca,-2.0070944800004797,25.99290551999952,1000
xvb,-28.542634520209617,46.45736547979038,1000
wby,-6.0839531062233325,97.91604689377667,1000
lye,-54.59359273407768,1.4064072659223164,1000
ref,-29.572399740044826,98.42760025995517,1000
muw,-81.97020135517727,84.02979864482273,1000
gdz,-36.67437261654642,76.32562738345358,1000
pnv,-6.3211298098092765,11.678870190190723,1000
xfd,-45.697176476000614,57.302823523999386,1000
uuv,-85.85660568916057,51.143394310839426,1000
glp,-73.94039282755494,48.059607172445055,1000
wlg,-77.37414342684671,22.625856573153282,1000
ftl,-57.04336495922316,69.95663504077683,1000
wng,-16.185075967504115,24.814924032495885,1000
tdl,-34.677656480486306,29.322343519513694,1000
pic,-62.03069764668271,12.96930235331729,1000
ybf,-37.74854732551268,11.251452674487314,1000
tau,-90.12459551597739,43.87540448402262,1000
feg,-23.188874201604406,97.8111257983956,1000
sqq,-69.70338685656435,25.296613143435646,1000
nlo,-31.81094211191936,91.18905788808064,1000
bim,-2.3144885561668893,53.68551144383311,1000
klx,-26.592439931111507,92.40756006888849,1000
shw,-76.813076740535,10.186923259464999,1000
frx,-53.449263131686294,33.550736868313706,1000
bnk,-40.729745873327296,73.27025412667271,1000
ivg,-76.76380659762657,8.236193402373434,1000
ozp,-24.013504884233097,22.986495115766903,1000
plq,-35.79810146287465,25.201898537125356,1000
cak,-35.632553472865915,41.367446527134085,1000
mcu,-71.71104320823717,18.288956791762832,1000
hwn,-54.48262085949468,23.51737914050532,1000
ghh,-89.027460282052,77.972539717948,1000
oyi,-68.66463729280186,51.335362707198136,1000
nwg,-83.59432246126042,33.40567753873958,1000
qll,-79.85167258122762,4.148327418772381,1000
hyh,-46.76664636176683,23.233353638233172,1000
fkm,-10.589445123127893,92.41055487687211,1000
nml,-14.702959307516052,0.29704069248394804,1000
qbg,-4.375159516669401,29.6248404833306,1000
nlw,-4.3551050226220624,6.6448949773779376,1000
xix,-72.39468956117412,15.605310438825887,1000
wjz,-67.6341701478501,56.3658298521499,1000
rlh,-49.60228467159779,82.3977153284022,1000
pfe,-26.162569502332357,27.837430497667643,1000
sst,-10.179946179883238,1.8200538201167618,1000
iqh,-85.13903184804238,17.860968151957614,1000
qeu,-76.11035848897659,33.88964151102341,1000
jeb,-42.64957792550145,49.35042207449855,1000
kak,-97.91944279104501,37.08055720895499,1000
ybr,-18.355898041517,41.644101958483,1000
ztb,-47.326279265318455,42.673720734681545,1000
ifu,-16.168876224061297,87.8311237759387,1000
qup,-61.245392297532376,98.75460770246762,1000
bpd,-70.60875154138989,25.391248458610114,1000
mgz,-38.6955658133839,14.304434186616103,1000
mlv,-1.2809238177884803,90.71907618221152,1000
zdc,-67.83236154454909,53.16763845545092,1000
sun,-56.50436602518312,78.49563397481688,1000
fkw,-6.749069040713163,73.25093095928683,1000
xju,-22.764565482308377,20.235434517691623,1000
vgi,-80.15628487671282,25.843715123287186,1000
zvh,-41.09533309980119,40.90466690019881,1000
svr,-14.819015016700053,41.18098498329995,1000
ghg,-89.95520562356988,30.04479437643011,1000
vgc,-49.72949033812073,79.27050966187926,1000
hhx,-58.91620632980708,25.083793670192915,1000
cve,-77.22720603861256,73.77279396138744,1000
fkt,-66.98611206949877,35.01388793050123,1000
zaj,-23.298595950340435,46.701404049659565,1000
dmx,-28.952818884588254,61.047181115411746,1000
rde,-89.79504454724426,47.20495545275573,1000
xcs,-23.023351090671795,84.9766489093282,1000
qsf,-48.26023201463243,39.73976798536757,1000
jgr,-53.275194609502,79.72480539049799,1000
ktg,-67.55493109356479,60.44506890643521,1000
lpi,-84.0645782168283,81.9354217831717,1000
sni,-53.34665111829204,87.65334888170797,1000
zyb,-56.17550106341701,67.82449893658298,1000
gdu,-90.68920335319147,46.31079664680852,1000
neb,-31.096686527881367,81.90331347211863,1000
rty,-46.192335908662955,90.80766409133705,1000
yao,-31.48703534104145,61.512964658958545,1000
uak,-2.0217983919199067,84.9782016080801,1000
knp,-43.79161601629576,8.208383983704241,1000
lmz,-11.661921203506944,73.33807879649305,1000
lwk,-1.8197826211950705,0.1802173788049296,1000
alj,-30.79116890026128,91.20883109973872,1000
som,-12.08849956425495,62.91150043574505,1000
nkx,-23.831111857441236,96.16888814255876,1000
gpc,-83.71859118623695,17.281408813763054,1000
hna,-16.016012436033265,78.98398756396674,1000
rdd,-1.2843916649918143,93.71560833500818,1000
aho,-72.52938539017988,49.47061460982012,1000
eqi,-96.91799903477961,17.08200096522039,1000
ovq,-21.928703970314682,98.07129602968531,1000
sll,-84.84502371331128,96.15497628668872,1000
pgf,-80.08454143065387,65.91545856934613,1000
emb,-39.81884877604206,87.18115122395794,1000
ove,-64.03853231477189,16.961467685228115,1000
rag,-7.64978127459359,4.35021872540641,1000
jcg,-74.65119773166369,25.348802268336318,1000
kwn,-34.807435577255376,69.19256442274462,1000
wgz,-6.746135038627549,59.25386496137245,1000
beg,-82.08948202172768,45.910517978272324,1000
mkr,-68.09590131240203,47.904098687597966,1000
fpt,-77.71933204235816,2.2806679576418363,1000
int,-34.29726917877902,96.70273082122098,1000
yun,-92.25874160389769,48.7412583961023,1000
uyy,-78.77625594658817,61.223744053411835,1000
chl,-22.745199040224563,19.254800959775437,1000
qgk,-8.570550494972567,29.429449505027435,1000
kqu,-20.974094861612578,88.02590513838742,1000
arp,-42.858702814976894,19.14129718502311,1000
xoc,-77.31096890603062,69.68903109396938,1000
vvi,-34.21875986014426,37.78124013985574,1000
ols,-73.58889142567674,27.41110857432326,1000
ceu,-91.23603060682319,58.76396939317681,1000
qdc,-54.94995243187539,29.050047568124615,1000
tbo,-12.961380872652711,19.03861912734729,1000
fne,-62.27402801639554,27.725971983604463,1000
drd,-9.344619615290036,84.65538038470997,1000
lhp,-73.52248960901795,52.47751039098204,1000
rcx,-3.1744885259295765,11.825511474070424,1000
zhd,-88.98033530858916,60.01966469141083,1000
fox,-19.728705435282478,16.271294564717522,1000
gar,-87.24843579433718,19.75156420566282,1000
cwj,-89.05644195159825,96.94355804840175,1000
rsr,-56.01180089453398,67.98819910546602,1000
elo,-68.51277388804165,55.48722611195836,1000
cmm,-19.490228585401685,36.50977141459832,1000
igu,-72.20682240407466,43.79317759592535,1000
wmx,-14.094422754108479,3.9055772458915223,1000
acs,-61.5631049666208,77.4368950333792,1000
tby,-7.744807850841147,95.25519214915886,1000
joa,-1.8636879508102955,60.136312049189705,1000
wby,-42.872245018424394,44.127754981575606,1000
hue,-90.68073656899239,83.31926343100761,1000
nqo,-97.2045927209212,79.7954072790788,1000
iii,-70.44949568435555,1.5505043156444485,1000
uur,-9.33134710002245,9.66865289997755,1000
uxd,-91.1991474372883,13.800852562711702,1000
ifb,-51.76094205817526,44.23905794182474,1000
wor,-17.056702923824272,84.94329707617572,1000
vou,-69.79479274011081,95.20520725988919,1000
vpx,-47.061054621747466,52.938945378252534,1000
yrv,-6.979050179582795,18.020949820417204,1000
mor,-86.80419716776086,25.195802832239135,1000
ubx,-95.07727409613292,37.92272590386708,1000
bvt,-44.63298242142485,1.3670175785751493,1000
wcs,-53.44451107994672,92.55548892005328,1000
ofo,-86.41439302699142,83.58560697300858,1000
zvn,-95.9661247543183,75.0338752456817,1000
dyz,-2.6853600283359205,45.31463997166408,1000
idn,-63.748233902565964,8.251766097434034,1000
hhj,-0.6941113880941906,31.30588861190581,1000
rnp,-2.7896804095167695,80.21031959048324,1000
jpb,-72.77977441614435,41.22022558385566,1000
jpf,-37.97806132562841,98.02193867437158,1000
mip,-47.93729678410554,21.062703215894455,1000
jbs,0.5595976358804396,50.559597635880436,1000
vhj,-53.26493508299884,60.73506491700116,1000
kuf,-38.807549025371706,30.19245097462829,1000
ziy,-29.827548290128743,57.17245170987126,1000
jfx,-52.564773475463475,0.43522652453652333,1000
ean,-14.129944889679493,49.87005511032051,1000
nvx,-30.650133036960664,30.349866963039336,1000
ims,-9.789442684290645,73.21055731570935,1000
iwc,-45.07760199371343,84.92239800628657,1000
fxn,-32.91550999053476,10.084490009465243,1000
kpi,-69.73876628024082,45.26123371975917,1000
wig,-54.834332721030044,37.165667278969956,1000
gik,0.2626485984410687,82.26264859844107,1000
rwn,-83.02137366906922,30.97862633093078,1000
vbg,-11.665516190896602,98.3344838091034,1000
ekr,-61.967878214236784,91.03212178576321,1000
njn,-41.295518073959215,45.704481926040785,1000
