fom,-76.9087336797068,55.0912663202932,1000
cfm,-82.74140511388009,26.25859488611991,1000
qcw,0.33798553885556604,9.337985538855566,1000
ghr,-37.93293187699706,16.067068123002944,1000
wgg,-79.96851630172434,4.031483698275667,1000
nyp,-61.32329575524101,97.676704244759,1000
hox,-70.27297108871215,13.727028911287848,1000
otc,-20.466445595253646,26.533554404746354,1000
mol,-49.80546815690057,63.19453184309943,1000
vkb,-46.20335278322145,95.79664721677855,1000
vie,-42.94487908497554,54.05512091502446,1000
pdd,-40.83896421254812,27.161035787451876,1000
mqb,-5.19458704289055,20.80541295710945,1000
qzl,-93.93356703682629,60.06643296317372,1000
fdy,-37.03323048633084,16.966769513669167,1000
shm,-58.07241583609449,58.92758416390551,1000
snk,-28.641305677809125,40.35869432219087,1000
frv,-12.107945085602537,79.89205491439746,1000
ydc,-31.6340954732023,52.3659045267977,1000
itn,-82.72124125480674,39.27875874519326,1000
gnv,-79.81068031192932,69.18931968807068,1000
lhh,-67.49879883636771,48.50120116363229,1000
lir,-65.14875609758391,74.85124390241609,1000
bao,-75.92485193957624,36.07514806042376,1000
lhm,-65.43219817377107,56.56780182622893,1000
pry,-63.52513994032479,98.47486005967521,1000
ppl,-57.32031610615746,17.679683893842537,1000
bcm,-49.554228698294686,87.44577130170532,1000
kie,-80.33000457891025,76.66999542108975,1000
egp,-50.2584894055294,57.7415105944706,1000
nai,-61.037453872590916,51.962546127409084,1000
ckc,-74.75520456036902,45.24479543963097,1000
ahe,-53.48616374862892,68.51383625137107,1000
igl,-76.67562377846302,39.32437622153699,1000
fgt,-92.52842773795611,89.47157226204389,1000
mfn,-83.38849315893196,50.611506841068035,1000
kov,-87.40947045640712,72.59052954359288,1000
tsu,-61.473130858551826,85.52686914144817,1000
jgz,-70.00923119008849,46.99076880991152,1000
fba,-33.65990804059139,43.34009195940861,1000
cac,-77.52228548174486,8.477714518255139,1000
iik,-49.08674582888982,20.913254171110182,1000
yzy,-14.257122270024812,58.742877729975184,1000
uin,-81.86552006457768,5.134479935422322,1000
xxg,-47.24633809952595,8.75366190047405,1000
oqo,-4.354130853000067,89.64586914699993,1000
puw,-36.5970581897018,49.4029418102982,1000
qaz,-0.47181548214029734,74.5281845178597,1000
hzq,-74.98254336901981,0.01745663098018535,1000
cig,-1.5692775360443414,0.4307224639556586,1000
uxt,-0.912915386906904,96.0870846130931,1000
fjv,-57.44176183116924,94.55823816883077,1000
htj,-16.050180166048197,60.94981983395181,1000
tqk,-38.56554946474939,84.4344505352506,1000
njz,-94.84134676044192,82.15865323955808,1000
ouw,-69.61924910573325,15.380750894266752,1000
jsb,-53.44202860116997,23.557971398830027,1000
odb,-90.61300932202491,48.386990677975085,1000
ifl,-11.773547686886989,77.22645231311301,1000
hhs,-58.737498927135206,61.262501072864794,1000
qug,-3.283033851995949,27.71696614800405,1000
sar,-62.60031802546881,81.39968197453119,1000
fyv,-53.73965071787932,71.26034928212069,1000
ctr,-47.01040163588999,88.98959836411001,1000
rrn,-44.66078565058083,24.339214349419176,1000
ubh,-75.12700496685814,36.87299503314187,1000
jch,-74.73052106738966,73.26947893261034,1000
fsa,-30.975677655421137,14.024322344578863,1000
rzx,-38.573416185936644,74.42658381406336,1000
plw,-76.27441278172654,94.72558721827346,1000
ioz,-76.66224574082624,4.337754259173768,1000
krf,-27.590317721969164,89.40968227803084,1000
qwf,-53.272400174626725,33.727599825373275,1000
igi,-35.729803016851264,86.27019698314874,1000
bfs,-42.04186316503042,68.95813683496958,1000
jxn,-35.843869682969476,15.156130317030525,1000
bmp,-28.78811592286914,58.21188407713086,1000
cdo,-61.40254549414993,44.59745450585007,1000
qkl,-6.180102607276324,54.819897392723675,1000
quc,-2.8349835978269136,95.16501640217308,1000
wxn,-0.2722046967889682,81.72779530321102,1000
kwz,-25.724851207821914,72.27514879217809,1000
qrk,-43.077647898924006,71.922352101076,1000
kkh,-19.616387293149284,55.38361270685071,1000
mdm,-40.19043317134095,82.80956682865906,1000
odg,-40.04799419511223,15.952005804887765,1000
mlw,-27.794427358914945,32.205572641085055,1000
fai,-75.5812246264611,14.41877537353891,1000
lol,-25.45729190775082,30.54270809224918,1000
lei,-1.7272559895997508,84.27274401040025,1000
dyo,-65.8643519806001,89.1356480193999,1000
ggn,-36.856976479842174,2.1430235201578243,1000
kva,-30.29992826183493,52.70007173816507,1000
kkp,-92.81828226708123,0.18171773291877658,1000
ocb,-51.63106935926838,72.36893064073162,1000
ohg,-50.226367412866225,55.773632587133775,1000
keu,-76.67435652823829,15.325643471761705,1000
spt,-10.345297892241494,62.6547021077585,1000
ovx,-59.22133177844026,56.77866822155974,1000
wec,-18.17139819232091,9.828601807679089,1000
mra,-48.608773034434236,28.391226965565767,1000
kuk,-79.05250343145384,45.94749656854616,1000
ycr,-30.414953954292017,76.58504604570798,1000
gzi,-77.29170553646314,80.70829446353686,1000
ivs,-72.16137674497905,68.83862325502095,1000
lmo,-18.855403271049738,45.14459672895026,1000
idv,-56.12312601854298,92.87687398145701,1000
ato,-57.34102339493702,24.658976605062985,1000
uet,-90.31381321132751,34.68618678867249,1000
mon,-48.372180245970796,18.627819754029204,1000
bfs,-67.54352051259923,62.45647948740077,1000
tee,-75.33988545628523,75.66011454371477,1000
ntb,-70.89495691736043,52.10504308263957,1000
taq,-23.155846184383126,69.84415381561688,1000
cfk,-97.30129436061743,89.69870563938257,1000
kry,-61.097114026034404,63.902885973965596,1000
ock,-95.53364116022631,46.46635883977369,1000
bzx,-48.41297208409765,87.58702791590235,1000
wkl,-13.713076349312754,60.28692365068725,1000
izt,-73.46846033853988,93.53153966146012,1000
fav,-59.39367377504482,1.6063262249551835,1000
apl,-27.14455084259217,21.85544915740783,1000
eqa,-30.712847653868234,58.28715234613177,1000
pgg,-64.90475981945502,50.095240180544984,1000
gbm,-1.3486104248460902,48.65138957515391,1000
acc,-16.966177715072792,33.03382228492721,1000
vxw,-36.24254704411757,38.75745295588243,1000
etv,-38.44929618956714,20.550703810432857,1000
mwg,-96.25508590329062,3.744914096709377,1000
goi,-59.59468610131876,17.405313898681243,1000
vnj,-91.19374654569725,22.80625345430274,1000
rcx,0.03067829465851668,71.03067829465851,1000
ozs,-93.99613287270515,92.00386712729485,1000
jlq,-91.38634347675944,72.61365652324056,1000
wvs,-50.2769134363278,49.7230865636722,1000
hqi,-95.2803906437639,56.7196093562361,1000
mcg,-34.603831613961994,36.396168386038006,1000
azq,-89.35375009879836,64.64624990120164,1000
qbo,-32.721664729684385,54.278335270315615,1000
kuh,-62.43728410466361,91.5627158953364,1000
rlj,-5.732593391199256,89.26740660880074,1000
ryg,-74.73096053532362,5.269039464676386,1000
vxr,-87.47715769619103,88.52284230380897,1000
ldi,-83.95851106099296,91.04148893900704,1000
xtw,-39.86577862340039,51.13422137659961,1000
phg,-17.179021402650292,85.82097859734971,1000
uqn,-42.20115718405697,94.79884281594303,1000
ghm,-12.813812092397566,39.18618790760244,1000
myc,-22.358272108842296,91.6417278911577,1000
ogd,-55.06155528420318,79.93844471579682,1000
enz,-80.17035335948009,65.82964664051991,1000
nmf,-89.87396895730112,64.12603104269888,1000
vte,-4.24891654538478,0.7510834546152193,1000
fwa,-82.72969233400362,28.270307665996388,1000
rrr,-89.4432324985146,83.5567675014854,1000
sju,-35.246046948004846,84.75395305199515,1000
rid,-90.78912357440743,25.210876425592577,1000
nph,-50.36928944747813,53.63071055252187,1000
dyl,-68.76445242822128,80.23554757177872,1000
tls,-59.25005801883775,98.74994198116225,1000
obl,-81.2100873475076,24.78991265249241,1000
xmc,-1.994467113444116,1.005532886555884,1000
rzf,-63.26951868249864,85.73048131750136,1000
esn,-93.92076651111896,75.07923348888104,1000
dyv,-81.87481611906996,98.12518388093004,1000
yjd,-26.903967363162135,50.09603263683787,1000
bob,-70.64803858220854,53.35196141779146,1000
dvm,-86.60112991758606,88.39887008241394,1000
wod,-19.08385522172532,67.91614477827468,1000
pla,-28.987853364961143,14.012146635038858,1000
igr,-87.38200548768246,75.61799451231754,1000
zlh,-17.95093124747277,45.049068752527226,1000
nen,-50.75232404917052,34.24767595082948,1000
rek,-73.9609238346646,13.039076165335407,1000
zac,-80.07486540349565,80.92513459650435,1000
caz,-93.23128721415772,91.76871278584228,1000
ufu,-23.9155800126958,22.0844199873042,1000
wkn,-78.26443631716089,75.73556368283911,1000
xbd,-80.89508783166049,18.10491216833951,1000
vky,-31.031673135929072,30.968326864070928,1000
czn,-39.33311280256908,27.66688719743092,1000
rsz,-94.83991723621472,75.16008276378528,1000
kzd,-5.168828756978727,88.83117124302127,1000
wdo,-52.86469458475631,40.13530541524369,1000
ibr,-47.40466941610585,55.59533058389415,1000
kpd,-60.57724639185861,85.42275360814139,1000
iwa,-45.62953318847115,44.37046681152885,1000
rwh,-86.67054818074578,70.32945181925422,1000
nff,-43.644107906104075,36.355892093895925,1000
ajc,-25.53285326886974,46.46714673113026,1000
yti,-9.196903838462037,41.803096161537965,1000
ukj,-36.70590418085146,43.29409581914854,1000
fgc,-23.701386072640187,37.29861392735981,1000
nsf,-48.255270584623496,12.744729415376506,1000
tmk,-49.28335554342611,66.71664445657389,1000
isu,-50.916683262524494,62.083316737475506,1000
uap,-51.30159893247956,0.6984010675204432,1000
bga,-77.98393437456652,15.016065625433482,1000
ioe,-2.289698044023416,62.71030195597658,1000
alw,-47.089336692957644,67.91066330704236,1000
gol,-64.81276455999657,41.18723544000343,1000
pkh,-37.96244318377779,98.0375568162222,1000
rjk,-41.52484883373393,25.47515116626607,1000
rjd,-72.48441297332405,44.515587026675945,1000
tdr,-39.68628794844806,94.31371205155195,1000
vaj,-91.72474927198932,22.275250728010672,1000
whs,-34.28734067645677,89.71265932354322,1000
ixm,-27.391803050245723,20.608196949754277,1000
xnl,-95.69043077255262,3.3095692274473785,1000
wzi,-87.52556036303864,55.47443963696137,1000
wyv,-94.62425432687088,65.37574567312912,1000
rbm,-4.710007782561828,69.28999221743817,1000
taq,-42.45486462661481,60.54513537338519,1000
qso,-64.14720881914454,55.85279118085547,1000
mud,-52.25818521473687,20.741814785263127,1000
wof,-9.348539120441142,60.65146087955886,1000
onm,-70.82056390945893,34.179436090541074,1000
ofp,-53.660741230806764,45.339258769193236,1000
tcd,-11.778039265689245,80.22196073431076,1000
uwg,-55.96366303573096,54.03633696426904,1000
tom,-7.652745250726677,60.347254749273326,1000
jwh,-33.44044850322924,79.55955149677077,1000
owt,-93.43595036240883,68.56404963759117,1000
dce,-93.76980489658561,16.230195103414385,1000
fzd,-91.04635083055808,69.95364916944192,1000
zdk,-67.46179249499383,85.53820750500617,1000
ygf,-93.01508040130025,40.98491959869975,1000
sag,-24.701753252744926,61.29824674725507,1000
fkq,-94.20230346206873,50.79769653793127,1000
ncb,-32.44093749833798,27.559062501662016,1000
jaf,-66.70439881047105,91.29560118952895,1000
okh,-25.995246001973676,33.004753998026324,1000
pat,-53.32852701872314,16.671472981276853,1000
nkx,-25.265399317013593,22.734600682986407,1000
uql,-32.228387638937605,70.7716123610624,1000
rff,-73.95214583793725,63.047854162062755,1000
tmw,-62.49522523522481,26.504774764775195,1000
ekt,-61.6264964328576,20.3735035671424,1000
rly,-2.671972717521816,74.32802728247819,1000
dku,-52.35796167627529,48.64203832372471,1000
eto,-67.395510335068,36.604489664932004,1000
nby,-15.030149124747096,7.969850875252904,1000
zgv,-72.93369314703634,26.066306852963667,1000
yuc,-68.34121590937536,9.658784090624636,1000
yeo,-93.46079327935693,28.53920672064306,1000
zsn,-17.78960666851691,61.21039333148309,1000
jcg,-78.62035226897994,95.37964773102006,1000
tgv,-22.611098078334177,63.38890192166582,1000
ird,-17.33179043242809,68.6682095675719,1000
mxb,-67.28051251094254,31.71948748905745,1000
emr,-23.430091110697013,45.56990888930299,1000
pok,-23.701697211136686,52.29830278886332,1000
iky,-4.540570458071946,3.4594295419280536,1000
kvg,-40.83987673384628,86.16012326615372,1000
wog,-38.36250462145526,1.6374953785447408,1000
drt,-93.4354537300788,35.564546269921195,1000
lgd,-26.603657430793014,54.396342569206986,1000
hqk,-56.39033040334022,83.60966959665977,1000
kgi,-69.24243066037337,95.75756933962663,1000
smt,-78.87461642909388,66.12538357090612,1000
utf,-30.254840802943875,7.745159197056124,1000
znm,-28.525929954378043,44.47407004562196,1000
yzw,-32.09357742876434,13.90642257123566,1000
igv,-75.91646200933644,34.08353799066355,1000
vih,-35.30824287361493,38.69175712638507,1000
hvc,-53.47599724881427,45.52400275118573,1000
rnj,-38.965756615397936,95.03424338460206,1000
men,-62.660025909289665,11.339974090710335,1000
tiu,-0.29911257890403853,76.70088742109596,1000
wis,-83.88016783375511,67.11983216624489,1000
rqe,-32.384599227747124,45.615400772252876,1000
pqo,-0.7140113179961408,6.285988682003859,1000
ikr,-96.28575245808219,80.71424754191781,1000
zeg,-68.48663911009379,71.51336088990621,1000
ahr,-37.586378909735046,37.413621090264954,1000
zvx,-33.44785742502663,45.55214257497337,1000
fdv,-16.102833435530286,14.897166564469714,1000
gkz,-86.35545376401095,19.64454623598905,1000
psb,-21.657863296740192,17.342136703259808,1000
kuz,-46.90963553240391,3.090364467596089,1000
yya,-88.07575444345876,36.92424555654124,1000
mhn,-28.866221875087355,81.13377812491265,1000
exx,-35.604480970225964,68.39551902977404,1000
fpb,-11.30475754416127,54.69524245583873,1000
ple,-82.79009390039927,93.20990609960073,1000
avs,-91.98443755932036,4.015562440679644,1000
oye,-30.281595559774303,87.7184044402257,1000
czl,-28.600740851217076,85.39925914878293,1000
nce,-71.07379980448658,38.92620019551342,1000
hve,-52.45227024869494,10.547729751305065,1000
bai,-76.2147643557787,76.7852356442213,1000
tvz,-50.751715517448424,64.24828448255157,1000
pgh,-56.591395628731185,65.40860437126882,1000
zuw,-81.56236827022053,58.43763172977946,1000
tbc,-57.28864000399094,64.71135999600907,1000
vvq,-74.42981685159425,43.570183148405754,1000
dev,-92.39325800550903,85.60674199449097,1000
xda,-4.104621425760843,9.895378574239157,1000
tew,-8.93250766896918,61.06749233103082,1000
ami,-43.8906265977193,21.109373402280706,1000
awy,-21.034890016930053,54.96510998306995,1000
jdu,-47.00419001832019,80.99580998167981,1000
mco,-82.38406907664209,22.6159309233579,1000
xep,-24.914223836531246,97.08577616346875,1000
dly,-93.40450025647587,41.59549974352412,1000
vqn,-75.81552656178357,97.18447343821643,1000
rwg,-93.30227342158311,78.69772657841689,1000
wyk,-57.573847297744784,68.42615270225521,1000
zff,-6.789369775707608,53.210630224292395,1000
ymq,-69.27508034010756,17.72491965989244,1000
dfy,-43.04003555634148,39.95996444365852,1000
amk,-85.09807424177137,52.901925758228636,1000
qog,-66.84160642479205,68.15839357520795,1000
grh,-9.852944569304372,19.14705543069563,1000
snm,-26.102381646887284,90.89761835311272,1000
lus,-9.798447712050566,21.201552287949433,1000
ljh,-87.77101600419216,57.228983995807845,1000
wmf,-7.032466805917261,68.96753319408273,1000
oeb,0.07378793783520543,3.0737879378352053,1000
yed,-65.51461268686697,41.48538731313304,1000
ibe,-9.341281281282743,89.65871871871725,1000
fsz,-31.128548507168254,21.871451492831746,1000
fpz,-66.54568568989208,5.454314310107923,1000
hpb,-30.908399991422513,95.09160000857749,1000
rbd,-29.73413042532549,29.26586957467451,1000
att,-22.93632049592214,93.06367950407785,1000
pso,-10.81872690789066,34.181273092109336,1000
ayc,-34.19079190001218,2.809208099987821,1000
zir,-50.36475528404793,48.63524471595207,1000
ouy,-45.6090692110335,80.3909307889665,1000
zrq,-19.402007234451734,40.59799276554826,1000
ncb,-49.8543760641124,28.145623935887595,1000
wmo,-57.7190069174531,83.2809930825469,1000
trc,-85.15776871851843,33.842231281481574,1000
ume,-26.19634579490406,92.80365420509594,1000
xhu,-93.6925541091415,4.3074458908585,1000
uai,-27.124012391958924,47.87598760804108,1000
ykj,-41.35120048497257,45.64879951502743,1000
vvj,-86.8628798088397,66.1371201911603,1000
qrh,-96.9948969769184,6.005103023081601,1000
hve,-17.530599793207898,18.469400206792102,1000
rwf,-92.78251749214142,46.217482507858584,1000
jeo,-96.79158381164983,10.208416188350165,1000
fct,-36.44843350269789,10.55156649730211,1000
ulx,-53.459141242940355,31.540858757059645,1000
vnj,-89.13919464688455,19.86080535311545,1000
hsy,-14.38923705027451,83.61076294972548,1000
dil,-52.18221859977999,48.81778140022001,1000
yhc,-44.54408697998744,42.45591302001256,1000
xbr,-12.673648616251787,88.32635138374822,1000
cef,-56.62053286189261,25.37946713810739,1000
xqu,-92.76045594120666,64.23954405879334,1000
nzr,-3.5731470817608284,25.42685291823917,1000
xhu,-84.95585357463952,51.04414642536048,1000
qgv,-91.05637830690556,38.943621693094435,1000
enq,-49.39828324194425,7.601716758055754,1000
ebv,-48.09665325289175,84.90334674710824,1000
zdq,-55.583056727106495,30.4169432728935,1000
cwq,-42.547742190675535,6.452257809324464,1000
knm,-34.18319933317157,0.8168006668284298,1000
brv,-41.25443578643279,82.7455642135672,1000
ydw,-33.60499233239767,85.39500766760233,1000
cly,-84.76669394611415,98.23330605388585,1000
uci,-2.6444294254172895,74.35557057458271,1000
gtu,-4.846246202684258,38.153753797315744,1000
gjz,-24.91138580487879,52.08861419512121,1000
qsn,-54.09809657267669,62.90190342732331,1000
zrx,-69.63572285210891,48.36427714789108,1000
nnp,-4.536183465026655,27.463816534973347,1000
mwh,-60.8872749808142,15.1127250191858,1000
acb,-11.07869285779061,86.92130714220939,1000
ipc,-14.613637470839025,56.38636252916098,1000
dpe,-38.367541678839565,88.63245832116044,1000
ogf,-84.05924272845104,62.94075727154896,1000
nwg,-23.19104856719507,91.80895143280493,1000
wtd,-60.0582394187673,50.9417605812327,1000
cca,-65.98780931362724,0.012190686372765103,1000
agu,-20.09155101654328,69.90844898345672,1000
aqc,-92.66697444399068,59.33302555600932,1000
ksq,-68.18130964772138,83.81869035227862,1000
cqn,-93.56325158393382,3.436748416066182,1000
fcp,-86.805308502437,62.194691497563,1000
ffu,-77.33613387786792,37.663866122132085,1000
nos,-81.45209923369957,98.54790076630043,1000
bfv,-67.5707515005835,21.429248499416506,1000
uam,-17.520122971021046,91.47987702897896,1000
ron,-40.60042424268058,60.39957575731942,1000
maw,-39.243437152149454,90.75656284785055,1000
ppb,-20.483163226372504,79.51683677362749,1000
hsx,-73.66417434270484,4.335825657295159,1000
yrf,-86.79998441087194,1.2000155891280635,1000
hdq,-65.46236131467762,81.53763868532238,1000
nzw,-6.263710759846446,82.73628924015355,1000
suy,-94.5990166354797,9.400983364520306,1000
vmj,-51.53489527437645,0.46510472562355076,1000
slr,-13.241416072253879,86.75858392774612,1000
usw,-97.37454210757296,13.625457892427042,1000
dva,-19.507869953486995,5.492130046513005,1000
hzi,-57.90373084484781,13.096269155152191,1000
wku,-45.657400048603016,78.34259995139699,1000
unz,-1.874177283222634,53.125822716777364,1000
kwh,-27.691214071105435,15.308785928894565,1000
amu,-37.635291785097316,83.36470821490269,1000
unj,-65.46041184498421,46.539588155015785,1000
jlh,-88.18887275918674,56.81112724081326,1000
utv,-23.52549377275547,21.47450622724453,1000
wwp,-2.253022503625468,26.746977496374534,1000
xgh,-6.901090732947011,8.098909267052989,1000
drl,-57.75749592840761,16.24250407159239,1000
ylu,-17.414442796956624,94.58555720304338,1000
tht,-81.768597638791,68.231402361209,1000
lzo,-29.317308805738776,9.682691194261224,1000
ych,-16.007950384110067,29.992049615889933,1000
opf,-15.226229331789362,15.773770668210638,1000
zuf,-6.691040768373685,11.308959231626314,1000
xzy,-81.08017549993629,93.91982450006371,1000
eal,-34.64062673264221,79.3593732673578,1000
whx,-81.10257750123306,8.897422498766943,1000
skf,-87.7548197897489,2.2451802102511076,1000
mag,-26.834169844346857,38.16583015565314,1000
udc,-57.36777789898265,60.63222210101735,1000
uud,-3.8630987334724827,98.13690126652752,1000
hzb,-21.041304521063655,49.95869547893635,1000
cew,-89.28585612216484,36.71414387783515,1000
rsl,-62.225127823445,98.774872176555,1000
cbs,-73.50570649539216,17.494293504607846,1000
qqa,-8.450353509161294,97.54964649083871,1000
woa,-30.39512455972834,47.60487544027166,1000
vjb,-30.395206669118217,25.604793330881783,1000
cre,-87.13733403422135,77.86266596577865,1000
kyr,-49.75455769020855,15.24544230979145,1000
xas,-81.62490603450824,95.37509396549176,1000
dpl,-88.44115664342692,50.558843356573085,1000
qsm,-34.00088903300453,16.999110966995463,1000
gfl,-29.749199618057865,39.250800381942135,1000
vte,-2.5895143558960183,16.410485644103982,1000
yly,-65.41206677294514,6.587933227054866,1000
fik,-54.15965995794105,35.84034004205895,1000
xoo,-50.45392402858024,90.54607597141977,1000
ikz,-31.574158861730705,89.42584113826929,1000
twg,-1.274076041540885,2.725923958459115,1000
hcj,-8.11763691476085,97.88236308523915,1000
itw,-86.87412381825841,79.12587618174159,1000
wum,-1.150736479266873,86.84926352073313,1000
tbs,-4.682796966422713,71.31720303357729,1000
fvm,-65.38599762713115,47.61400237286885,1000
izn,-15.063058447166098,39.9369415528339,1000
gyq,-2.333156022387235,46.666843977612764,1000
xuu,-11.09387243103177,43.90612756896823,1000
pbt,-63.3883210862086,9.611678913791403,1000
bkf,-17.27413501227058,33.72586498772942,1000
jwe,-61.651733935631334,53.348266064368666,1000
gqz,-86.88840929285644,56.11159070714356,1000
kgv,-60.36366573289046,97.63633426710953,1000
bto,-68.9142394672932,88.0857605327068,1000
mkk,-82.88837575541248,53.11162424458751,1000
txo,-92.41413633065385,43.585863669346146,1000
nmf,-23.069533912167447,73.93046608783256,1000
dzu,-36.2112179026844,6.788782097315598,1000
fcr,-5.538779799422649,6.461220200577351,1000
zkt,-96.55534351223076,51.444656487769244,1000
jkr,-84.63140635992612,91.36859364007388,1000
pvo,-41.575269003639605,88.4247309963604,1000
evv,-8.49861988675042,78.50138011324958,1000
npx,-10.807054236210462,73.19294576378954,1000
jjr,-88.79488471100802,14.205115288991978,1000
out,-84.28476704488884,73.71523295511116,1000
grs,-21.444424956238283,54.55557504376172,1000
dlq,-47.63905710742003,49.36094289257997,1000
ado,-30.583232115444087,4.416767884555914,1000
ahz,-71.72319226418156,61.27680773581843,1000
hcd,-96.08580729340822,74.91419270659178,1000
zeq,-31.014637502762437,28.985362497237563,1000
qtb,-3.0070016551351753,85.99299834486483,1000
abd,-3.873772042311717,95.12622795768829,1000
gua,-56.47648718580965,4.52351281419035,1000
kfi,-30.886683288037773,51.11331671196223,1000
qqb,-31.96460599683215,15.035394003167848,1000
rzb,-11.452138181931055,71.54786181806894,1000
aij,-68.78908705274578,27.210912947254215,1000
skx,-22.52129410139609,16.47870589860391,1000
zts,-44.96908299339443,18.03091700660557,1000
bwr,-4.08167570569616,74.91832429430384,1000
ale,-26.26100978719084,36.738990212809156,1000
dco,-20.907970217702857,44.09202978229714,1000
tri,-6.505045215527437,96.49495478447257,1000
sho,-84.2964598319416,68.7035401680584,1000
ufe,-15.125483749443426,79.87451625055658,1000
cmt,-44.14388662708186,59.85611337291814,1000
kkf,-57.14307155538737,43.85692844461263,1000
lms,-26.869187864451863,38.13081213554814,1000
rba,-17.516819109301586,88.4831808906984,1000
kdj,-57.801463025650804,18.1985369743492,1000
ujx,-66.6946797961051,69.3053202038949,1000
wdm,-83.91071225070355,11.089287749296442,1000
zig,-27.411994679188975,9.588005320811025,1000
noy,-70.9715840905758,29.02841590942419,1000
waw,-38.067689663010675,87.93231033698933,1000
wsm,-87.07313738281951,10.926862617180486,1000
hqn,-78.34312128914698,45.65687871085302,1000
cou,-54.36701297928253,93.63298702071748,1000
vnf,-74.23795873358058,6.762041266419416,1000
dye,-33.52164039359494,10.478359606405053,1000
dgn,-61.476472967258246,68.52352703274175,1000
eea,-59.13055732972943,84.86944267027057,1000
qiq,-42.70452425851462,25.295475741485387,1000
wsy,-37.25781264402394,10.742187355976057,1000
cmx,-44.66084225990583,90.33915774009418,1000
yhr,-18.489603305894093,36.51039669410591,1000
nix,-9.535718099123638,78.46428190087636,1000
ddh,-58.450520295274416,2.549479704725583,1000
yqu,-13.387193635051677,9.612806364948323,1000
plf,-27.835198842221896,56.1648011577781,1000
yxt,-34.778012044642715,10.221987955357285,1000
zcm,-25.39932126950914,22.60067873049086,1000
oka,-95.11073493739612,10.889265062603885,1000
vcs,-96.50047758211984,30.499522417880158,1000
hha,-11.87608891229342,86.12391108770657,1000
luh,-14.259787500205233,81.74021249979477,1000
foj,-90.9356843829205,9.064315617079494,1000
glk,-72.56040863208526,36.439591367914744,1000
lpk,-86.75509127785237,9.244908722147635,1000
fge,-36.962468294552465,65.03753170544753,1000
uew,-13.110077143344787,48.88992285665521,1000
luf,-18.781550561256157,84.21844943874385,1000
ypp,-92.77052816398654,22.22947183601346,1000
jim,-81.1128672316592,17.887132768340805,1000
kjg,-53.146582021694066,52.853417978305934,1000
kts,-20.746557124265262,59.25344287573474,1000
uhb,-86.1936637785637,42.80633622143629,1000
fbw,-79.01036250569896,65.98963749430104,1000
qtp,-67.26081838636574,41.73918161363426,1000
gri,-20.579814899829138,13.42018510017086,1000
mvk,-70.36401785181219,78.63598214818781,1000
lix,-19.136640215239176,79.86335978476082,1000
sfq,-92.30440681059508,14.695593189404915,1000
zjv,-58.42711910727476,34.57288089272524,1000
xda,-28.3630594758996,72.6369405241004,1000
hxp,-22.556916564623517,81.44308343537648,1000
ruu,-29.511141134713725,26.488858865286275,1000
ekj,-22.558587270541334,34.44141272945867,1000
sgt,-35.75723102081574,8.24276897918426,1000
khy,-7.4863415798458215,66.51365842015417,1000
vjb,-73.46052386613997,76.53947613386003,1000
zqq,-65.85353444225926,60.14646555774074,1000
pup,-61.77915773896133,10.220842261038666,1000
ned,-79.54853962731025,88.45146037268975,1000
kby,-69.67174959401781,19.328250405982185,1000
zlq,-62.16688971771522,44.83311028228478,1000
rio,-82.4932331614315,42.5067668385685,1000
lxy,-58.722953594104524,68.27704640589548,1000
nci,-46.11495281101011,29.885047188989883,1000
urm,-79.04151055388465,82.95848944611535,1000
lqy,-90.2619087248811,29.738091275118908,1000
hqr,-8.524048893015994,77.475951106984,1000
vcx,0.02010662849997369,0.02010662849997369,1000
cfp,-60.36694427241343,87.63305572758658,1000
vaj,-4.53982921509073,57.460170784909266,1000
sai,-27.487424280104086,29.512575719895914,1000
jnk,-34.510147899831225,30.489852100168772,1000
mlp,-4.500768081638361,86.49923191836164,1000
tez,-57.49511032286688,83.50488967713312,1000
tmu,-87.73282627148409,81.26717372851591,1000
gvz,-41.797896718536514,48.202103281463486,1000
mxb,-84.65297968521308,38.347020314786924,1000
ecb,-0.7580617979776436,74.24193820202235,1000
cis,-11.8297351800533,26.1702648199467,1000
iie,-75.68242418162399,32.31757581837602,1000
rxh,-11.887214640733454,27.112785359266546,1000
hns,-69.61130839680241,83.38869160319759,1000
ztt,-10.612952238659464,67.38704776134054,1000
zjo,-15.507265161285616,2.4927348387143837,1000
rxq,-61.2814944657786,56.7185055342214,1000
iwm,-13.191484106276835,85.80851589372317,1000
gms,-71.74953416812863,54.25046583187136,1000
kfz,-39.969157305118834,26.030842694881166,1000
geo,-74.95598922421489,74.04401077578511,1000
hkj,-89.09629283884406,49.903707161155936,1000
wpp,-17.630890760432234,4.369109239567767,1000
lgd,-96.91994973593101,72.08005026406899,1000
rgr,-94.88711474256826,63.11288525743175,1000
mhf,-15.654822709904074,18.345177290095926,1000
ywo,-20.61454206655603,71.38545793344397,1000
bdj,-57.576372056142,6.423627943858003,1000
uki,0.5189943405958155,29.518994340595814,1000
qde,-39.67191119957055,56.32808880042945,1000
mid,-85.78950198253875,95.21049801746125,1000
gfx,-25.61228918411659,59.38771081588341,1000
aql,-86.68419970483967,54.31580029516033,1000
nxr,-9.601115350859581,61.39888464914042,1000
jsh,-67.4991940397563,34.500805960243696,1000
owr,-35.15126727421224,87.84873272578777,1000
dpm,-56.428509656229494,65.5714903437705,1000
ilz,-58.174750279465954,6.825249720534045,1000
lni,-39.71430093955364,20.28569906044636,1000
ipw,-62.50067895972104,74.49932104027896,1000
ycj,-83.23893712288134,25.761062877118658,1000
aqn,-91.60530605386795,73.39469394613205,1000
tah,-78.70085089119627,79.29914910880373,1000
mzc,-54.66896108425912,43.33103891574088,1000
cfh,-21.35918020211908,79.64081979788092,1000
ozs,-42.755965833810826,72.24403416618917,1000
jxi,-93.52094261144795,39.47905738855205,1000
kcb,-28.982432779833616,92.01756722016638,1000
fka,-9.852049511340748,57.14795048865925,1000
jak,-85.12177131859993,19.87822868140007,1000
rwf,-78.02614202633181,7.973857973668185,1000
cmy,-46.90416330513425,49.09583669486575,1000
zya,-69.62516859284148,38.374831407158524,1000
aig,-8.31364768742808,30.68635231257192,1000
swh,-20.39034133336882,66.60965866663118,1000
ohj,-63.78696151067959,75.21303848932041,1000
uid,-50.353995716766164,27.646004283233836,1000
vre,-45.72613473272314,67.27386526727686,1000
auy,-43.54086504417214,54.45913495582786,1000
ikt,-63.88624041828626,32.11375958171374,1000
yli,-78.33245856927238,25.667541430727624,1000
pcz,-15.003043532780882,50.99695646721912,1000
jpq,-9.34174054298313,86.65825945701687,1000
waw,-38.529540295794845,54.470459704205155,1000
mnt,-9.465684739913316,84.53431526008669,1000
kpx,-68.18867939703051,10.811320602969495,1000
wgj,-93.26836494611118,91.73163505388882,1000
gns,-67.73488201228585,36.26511798771414,1000
ijt,-11.242476071458041,50.75752392854196,1000
ncv,-8.842251017534057,43.15774898246595,1000
qub,-26.446460106780112,37.55353989321989,1000
nrn,-5.9050732956775365,75.09492670432246,1000
aik,-68.6152693488489,57.3847306511511,1000
acl,-55.81739372644154,54.18260627355846,1000
yzi,-95.07220339657245,36.927796603427545,1000
hch,-95.59204083678229,22.407959163217708,1000
nbt,0.6698354790416695,86.66983547904167,1000
tcd,-44.54116401987342,73.45883598012658,1000
kjw,-56.44536710799335,64.55463289200665,1000
kod,-1.7068069373683028,16.293193062631698,1000
ivs,-90.58967328934519,54.41032671065482,1000
kgo,-65.85804879626134,47.14195120373865,1000
gjg,-94.93919675934397,67.06080324065603,1000
kfv,-15.799413053519688,8.200586946480312,1000
wuw,-8.150781904766179,69.84921809523382,1000
kgv,-65.31142312656611,37.68857687343388,1000
brs,-29.23114607020392,34.76885392979608,1000
ucd,-56.09707936180884,77.90292063819116,1000
ccw,-51.940041429616045,80.05995857038396,1000
qqs,-24.73411916938481,93.26588083061519,1000
hmz,-66.58799161910001,39.41200838089999,1000
fbp,-25.113557836513632,93.88644216348636,1000
rpo,-61.93888342573877,44.06111657426123,1000
zdp,-86.15204114823172,71.84795885176828,1000
joq,-4.0681211313219166,12.931878868678083,1000
wse,-51.41904286397484,70.58095713602516,1000
sak,-35.302886986746515,14.697113013253485,1000
cbx,-91.28148167133915,95.71851832866085,1000
gug,-88.29398907589938,25.70601092410062,1000
beg,-88.5526411380823,38.4473588619177,1000
mks,-96.10659778415481,86.89340221584519,1000
kza,-49.44571492864395,11.554285071356045,1000
nnz,-33.905407785032025,93.09459221496797,1000
pth,-66.4069260863034,88.5930739136966,1000
rtz,-68.92594345308578,83.07405654691422,1000
zyb,-4.236924142181518,25.76307585781848,1000
cxo,-30.524318199418268,24.475681800581732,1000
jzn,-31.31253355345152,1.6874664465484814,1000
hhp,-5.9306305364308125,8.069369463569187,1000
bka,-34.439992982233505,88.5600070177665,1000
ory,-0.7006525554749945,72.29934744452501,1000
qbl,-19.84376451286145,95.15623548713855,1000
mrf,-0.9764048255681926,5.023595174431807,1000
ebs,-42.367616712573366,58.632383287426634,1000
uqq,-46.818311031486026,17.181688968513974,1000
sdh,-71.71036439305428,80.28963560694572,1000
yfz,-14.645729155559362,74.35427084444063,1000
cud,-34.99331243754724,9.00668756245276,1000
kui,-6.0061821946786145,48.993817805321385,1000
mhs,-87.63730992000023,47.36269007999977,1000
gwu,-42.34553746856881,1.654462531431196,1000
fsj,-40.25079652679247,61.74920347320753,1000
ggw,-56.68565052235351,90.31434947764649,1000
rwd,-41.561955565334536,7.438044434665466,1000
azk,-33.90788269175645,1.0921173082435542,1000
sxt,-2.0487838692058684,27.95121613079413,1000
pgq,-43.11455553874702,60.88544446125298,1000
hyy,-28.005712951925016,46.99428704807499,1000
xui,-59.389394029552676,78.61060597044732,1000
hdr,-28.430171534907394,9.569828465092606,1000
jxj,-20.477643301780034,37.522356698219966,1000
zed,-81.43186726874497,95.56813273125503,1000
ysa,-82.0776165553165,24.92238344468351,1000
ico,-10.930992633513364,36.06900736648664,1000
wkn,-15.479225167301971,48.52077483269803,1000
dgw,-87.98001736911111,46.01998263088889,1000
yzb,-59.685726781970125,29.314273218029875,1000
any,-54.295300344259886,39.704699655740114,1000
frw,-72.58227226787835,80.41772773212165,1000
yyz,-24.708631856325372,40.29136814367463,1000
tli,-97.56597243873324,23.434027561266767,1000
xkd,-9.671394338958624,24.328605661041376,1000
oou,-73.21395159407757,45.786048405922436,1000
xjz,-20.695668520646297,5.304331479353701,1000
ezv,-86.4987402934384,47.5012597065616,1000
ucm,-63.558493888968876,22.441506111031124,1000
izf,-73.12105266668591,42.87894733331409,1000
hul,-48.295758298462346,34.704241701537654,1000
qoc,-28.341510205991916,22.658489794008084,1000
lve,-94.15465917844348,12.845340821556514,1000
vdd,-91.12210738425053,32.87789261574947,1000
xjt,-44.7431385058178,77.2568614941822,1000
iej,-51.903333907556785,38.096666092443215,1000
hyk,-21.13698314610582,63.86301685389418,1000
exa,-89.78555891359284,29.214441086407163,1000
gee,-6.567489157618724,55.43251084238128,1000
jpb,-61.15999566157982,84.84000433842017,1000
hxh,-21.712932485309633,33.28706751469037,1000
vgc,-19.022569740274502,19.977430259725498,1000
zna,-47.13406170894843,40.86593829105157,1000
lsf,-15.888743049153257,0.11125695084674336,1000
qfu,-1.9962052331694824,79.00379476683052,1000
aud,-72.09131415064641,5.9086858493535885,1000
iam,-53.131654418626994,38.868345581373006,1000
pov,-25.678872266725303,81.3211277332747,1000
kdw,-42.02846181937377,46.97153818062623,1000
mav,-60.53628278823725,10.463717211762747,1000
zab,-86.95311390856735,93.04688609143265,1000
nww,-41.5461040639018,39.4538959360982,1000
wwe,-55.52537719284529,16.474622807154713,1000
suv,-44.61328269723498,13.386717302765017,1000
ujs,-34.9590369915446,53.0409630084554,1000
igy,-84.73514812091423,27.264851879085775,1000
waq,-89.7833645717638,32.21663542823621,1000
efb,-0.9847945953114537,76.01520540468854,1000
bru,-30.35759501063996,62.64240498936004,1000
rwt,-8.99310266828156,66.00689733171843,1000
ouq,-6.899272943102446,74.10072705689755,1000
alo,-52.35244417600287,82.64755582399714,1000
igo,-33.944459057476855,56.055540942523145,1000
jof,-96.12710667267493,30.87289332732507,1000
jtw,-87.38666592041069,47.61333407958931,1000
jue,-22.825195763173127,92.17480423682687,1000
rpv,-18.221904062965862,33.77809593703414,1000
zxa,-33.302426021359274,78.69757397864073,1000
gul,-79.62771007176322,25.372289928236786,1000
wuk,-74.39435796027949,51.605642039720514,1000
ulq,-6.455878481346107,2.5441215186538924,1000
goi,-48.268699276343014,24.73130072365699,1000
eqg,-77.90653290068074,14.093467099319257,1000
gjk,-71.24555289689556,12.754447103104434,1000
iin,-29.15621684969792,2.8437831503020794,1000
sko,-5.19708608498101,37.80291391501899,1000
wjf,-96.78472658678405,90.21527341321595,1000
uzt,-91.45362702492818,75.54637297507182,1000
jmf,-88.60266993711039,26.397330062889615,1000
ojy,-44.362525286234735,56.637474713765265,1000
bji,-14.875059423804812,46.124940576195186,1000
bdw,-12.451159857923505,29.548840142076493,1000
kta,-91.52302059346883,41.47697940653117,1000
urq,-34.524693251702054,29.475306748297946,1000
tcn,-38.295634443509535,3.704365556490468,1000
xzz,-93.72985407699177,45.27014592300823,1000
dwr,-90.31877776445651,88.68122223554349,1000
rpo,-25.513923978085042,21.486076021914958,1000
dvt,-12.304994823683575,68.69500517631643,1000
bki,-47.60926241530114,32.39073758469886,1000
roh,-13.009177893575824,24.990822106424176,1000
rhp,-93.30571710194194,5.694282898058069,1000
eyd,-74.09423450066464,82.90576549933536,1000
hqn,-17.095304932364215,52.904695067635785,1000
tuq,-64.6419885892445,81.3580114107555,1000
dxj,-58.900022900806945,2.099977099193056,1000
sdx,-38.3245760350966,51.6754239649034,1000
xyv,-76.80440255550278,79.19559744449722,1000
zmb,-60.97766626077695,27.02233373922305,1000
vua,-76.6566724752435,86.3433275247565,1000
zkz,-33.103907535555436,91.89609246444456,1000
azz,-51.49372654702992,25.506273452970074,1000
ngd,-80.01150444794975,90.98849555205025,1000
nid,-85.04433493620957,94.95566506379043,1000
tze,-65.7337398256414,61.266260174358614,1000
lbl,-66.59230629625988,58.40769370374013,1000
off,-19.84082000555098,85.15917999444902,1000
wdd,-47.99573027308192,91.00426972691808,1000
prd,-8.116955368760065,30.883044631239937,1000
nbf,-76.26879646491726,36.73120353508275,1000
xbo,-84.53420789342296,51.46579210657704,1000
ogc,-90.23259352552333,90.76740647447667,1000
kha,-6.774637190231866,87.22536280976813,1000
ejr,-92.85454479808303,15.145455201916969,1000
kpu,-23.546904787082088,97.45309521291792,1000
vso,-7.1855455014740715,23.81445449852593,1000
ymt,-18.379892197358522,3.620107802641478,1000
yas,-63.271539007287785,91.72846099271221,1000
lqa,-36.64449340688742,91.35550659311258,1000
cqu,-18.313961624463026,61.686038375536974,1000
zxy,-49.219343361578986,55.780656638421014,1000
oli,-37.06755979657773,33.93244020342227,1000
uug,-15.318520377969408,13.681479622030592,1000
btj,-19.390037860263135,74.60996213973687,1000
cxa,-35.89222775599434,98.10777224400566,1000
ynl,-26.826231641819213,11.173768358180785,1000
yzi,-90.09171741993873,5.908282580061271,1000
rak,-67.19480067401432,60.80519932598568,1000
hpe,-65.67016816748125,58.32983183251874,1000
vmy,-52.10412856989226,1.8958714301077366,1000
mjt,-84.11862034858703,92.88137965141297,1000
vkp,-4.028511293225784,69.97148870677421,1000
gxd,-94.42542361125771,41.57457638874229,1000
wmw,-75.74528388044986,29.254716119550142,1000
ivf,-70.05549324898563,80.94450675101437,1000
kga,-12.651935262395908,26.34806473760409,1000
gow,-19.851941084310884,14.148058915689115,1000
nne,-84.48814953975258,98.51185046024742,1000
isf,-75.14928353604918,48.85071646395082,1000
xcg,-97.17141540337026,89.82858459662974,1000
uil,-72.53482343554158,4.465176564458413,1000
klc,0.3959455128185264,63.39594551281853,1000
wfz,-41.13525282293193,40.86474717706807,1000
whi,-3.3328834835671386,97.66711651643286,1000
vkn,-1.311650631380834,43.688349368619164,1000
ffi,-48.856486031398006,55.143513968601994,1000
eow,-72.77101272379088,28.22898727620913,1000
zet,-77.02665145988016,40.973348540119844,1000
cld,-19.216627756303023,69.78337224369697,1000
arg,-40.424400528324796,2.5755994716752033,1000
ukv,-45.35400655383484,58.64599344616516,1000
van,-32.57618588507642,75.42381411492357,1000
zvt,-46.960904223870756,71.03909577612924,1000
dmh,-30.909199207084193,23.090800792915807,1000
vxo,-2.8921184889962652,11.107881511003734,1000
vpl,-11.59838543254714,78.40161456745285,1000
qlr,-24.4483235965423,33.551676403457705,1000
lkc,-80.31521587473686,79.68478412526314,1000
oft,-8.370129839499404,80.6298701605006,1000
xrf,-4.191507352962015,65.80849264703798,1000
orr,-97.34062647870006,80.65937352129994,1000
jpn,-5.841776183546669,70.15822381645333,1000
mdg,-38.02116072007731,84.9788392799227,1000
uwa,-69.02409572993729,43.97590427006271,1000
aji,-54.371943132419325,93.62805686758067,1000
zxg,-65.01129859652147,81.98870140347853,1000
zht,-10.82833943159583,55.17166056840417,1000
opv,-73.17918315684969,52.82081684315032,1000
ybx,-88.10065373929868,72.89934626070132,1000
xhk,-29.847200856992664,66.15279914300733,1000
etv,-48.751866635885605,49.248133364114395,1000
sqz,-45.669057349772075,2.330942650227927,1000
gwh,-18.91301706301303,84.08698293698697,1000
jjh,-69.55848273458611,39.44151726541389,1000
vbx,-79.37848224297998,58.621517757020015,1000
usk,-95.37848137341699,34.62151862658301,1000
emp,-86.93378898150785,77.06621101849215,1000
ndy,-17.23629476990756,22.76370523009244,1000
srd,-84.55544604827097,0.444553951729028,1000
gsf,-80.18398909386356,25.816010906136448,1000
gnt,-17.10125314729324,37.898746852706765,1000
utt,-38.89869770246904,77.10130229753096,1000
bce,-22.20284171930033,23.79715828069967,1000
xed,-9.190372797930836,18.809627202069166,1000
wzg,-60.491168935530546,69.50883106446946,1000
cfd,-27.88050832268296,51.119491677317036,1000
xsx,-50.59541938751875,77.40458061248125,1000
dut,-91.23279116732961,38.76720883267039,1000
mst,-9.823987856638455,53.17601214336155,1000
bjo,-65.82585759278419,13.174142407215808,1000
xzn,-33.710065770288956,91.28993422971105,1000
iqt,-48.94368861488568,66.05631138511433,1000
lrz,-4.33477806713363,86.66522193286637,1000
oqt,-16.927005655989067,72.07299434401094,1000
fzy,-4.007316140005193,46.992683859994806,1000
mno,-81.86418671049323,33.13581328950677,1000
jnn,-87.210657308157,72.789342691843,1000
dfm,-27.121978280796846,86.87802171920316,1000
aqi,-83.67217549639003,6.327824503609978,1000
knv,-54.06695218585642,93.93304781414358,1000
eek,-53.195173093655654,12.804826906344342,1000
etp,-25.593726060201273,32.40627393979873,1000
gyq,-93.854582190334,89.145417809666,1000
vxv,-83.86718422993239,33.13281577006761,1000
bdk,-34.12374784797963,56.87625215202037,1000
wsg,-48.30817671679839,77.69182328320161,1000
arw,-42.988449245359675,42.011550754640325,1000
tgf,0.8206698637897791,74.82066986378977,1000
ach,-38.46719751114576,43.53280248885424,1000
htj,-77.49515450535434,60.504845494645664,1000
hnj,-47.39957137214343,17.600428627856573,1000
uvr,-78.63241927317719,17.367580726822812,1000
psp,-74.4306249609547,98.5693750390453,1000
inc,-94.93795602441016,8.06204397558985,1000
ear,-61.757404792315846,76.24259520768416,1000
xli,-16.931528647297103,58.06847135270289,1000
nmp,-25.81748179875523,59.18251820124477,1000
bdg,-90.130474023278,89.869525976722,1000
fka,-64.41125332644336,20.588746673556646,1000
yxn,-93.05500341644436,60.944996583555636,1000
tvu,-33.62649103752919,94.37350896247081,1000
qcc,-60.054490792946055,27.94550920705394,1000
vsd,-70.77851686125632,11.221483138743679,1000
cbw,-51.68776040731204,41.31223959268796,1000
pvr,-36.52480312697147,93.47519687302852,1000
hnz,-33.03916229559816,86.96083770440184,1000
wvf,-2.6779920858509274,12.322007914149072,1000
hez,-42.22500007279387,12.77499992720613,1000
dkb,-0.20954243347012613,5.790457566529874,1000
isd,-70.29350491840755,91.70649508159245,1000
hnz,-54.96743700760058,94.03256299239942,1000
ytd,-68.15952339913595,34.840476600864044,1000
yrm,-67.97349634599524,72.02650365400476,1000
kho,-9.075636877697939,39.92436312230206,1000
cgi,-54.78977191775968,5.210228082240319,1000
eag,-41.369216859344185,94.63078314065582,1000
vsl,-72.86790195605566,12.132098043944332,1000
mgr,-91.89288430544448,9.10711569455552,1000
jbq,-31.172476523493625,86.82752347650637,1000
uti,-67.43002646982968,60.569973530170316,1000
uff,-33.796501816156166,12.203498183843834,1000
xqe,-11.079963940341454,72.92003605965854,1000
hie,-1.0864718172168106,83.9135281827832,1000
xmd,-25.62207918937532,86.37792081062469,1000
lbc,-88.24329408939701,45.75670591060298,1000
php,-49.57299288718276,57.42700711281724,1000
erk,-82.37517751500322,7.624822484996777,1000
cze,-8.560955466483339,35.43904453351666,1000
fnk,-39.8573808896679,25.1426191103321,1000
ahu,-7.01335227752633,24.98664772247367,1000
ysn,-35.93459889507825,18.065401104921747,1000
kgv,-53.30239560210444,27.69760439789556,1000
smu,-82.16331483582418,93.83668516417582,1000
yns,-23.265425454607534,84.73457454539246,1000
vdh,-33.17079187847006,62.82920812152994,1000
aih,-87.41192124343753,69.58807875656247,1000
jfu,-95.24849275526127,66.75150724473873,1000
xia,-33.279166422506016,96.72083357749399,1000
ndx,-61.24109034218553,19.75890965781447,1000
plj,-64.67071718770798,63.32928281229202,1000
jcd,-86.22902898307618,53.77097101692382,1000
ftk,-12.249459097393899,92.7505409026061,1000
sis,-7.08809443640078,25.91190556359922,1000
xjt,-94.45248544130132,32.54751455869869,1000
fby,-90.90590422989176,12.09409577010824,1000
jxd,-18.85348497159335,49.146515028406654,1000
xmb,-1.7526471029157498,78.24735289708426,1000
lxl,-66.90492071087272,89.09507928912728,1000
cmr,-35.339586030750674,4.660413969249329,1000
tdx,-70.79587820569695,26.204121794303042,1000
tco,-64.07031192702564,20.929688072974354,1000
las,-27.442450827409807,16.557549172590193,1000
yhk,-2.1778322859100707,80.82216771408993,1000
tzj,-8.320070605199506,32.679929394800496,1000
wax,-29.403887055353604,22.596112944646396,1000
hkl,-48.98934191850088,66.01065808149912,1000
pjc,-7.432370014291992,12.567629985708008,1000
svx,-87.0062025243222,41.993797475677795,1000
gbg,-43.8445677233732,42.1554322766268,1000
hke,-93.90503331126948,56.09496668873052,1000
jgv,-85.52658952109643,25.47341047890357,1000
eys,-1.8082032719475643,28.191796728052434,1000
juw,-27.978406884974003,41.02159311502599,1000
eqq,-35.30058704009815,2.6994129599018524,1000
cqw,-14.629190130570858,27.37080986942914,1000
ary,-24.87926694629362,91.12073305370637,1000
fpf,-72.87287115816673,85.12712884183327,1000
gmj,-43.70110747944598,21.29889252055402,1000
sre,-86.52107768496255,97.47892231503745,1000
pnd,-7.021820452632909,93.97817954736709,1000
fqo,-16.429611061940232,97.57038893805976,1000
xzc,-90.86551089291339,96.13448910708661,1000
zde,-77.12142414221545,52.87857585778456,1000
fsb,-66.0744794177565,11.925520582243495,1000
agu,-79.26339411041765,86.73660588958235,1000
dul,-32.67763246099537,91.32236753900463,1000
duh,-54.73063032784126,63.26936967215874,1000
ufo,-73.28964834682145,87.71035165317855,1000
lnz,-76.55998085409495,45.440019145905055,1000
akc,-20.405232284198192,44.59476771580181,1000
ges,-24.084017432747178,8.915982567252822,1000
gjc,-43.61678130283007,11.383218697169928,1000
ucm,-59.09232045435486,78.90767954564514,1000
lnj,-67.24449182137447,8.75550817862553,1000
hnc,-74.21289528957251,35.787104710427485,1000
jgl,-87.86435580886321,21.135644191136787,1000
okk,-54.89743705834773,63.10256294165227,1000
ngy,-33.55685753846849,24.443142461531504,1000
cdv,-14.588451673796676,86.41154832620333,1000
kfi,-18.613712249408277,5.3862877505917215,1000
ngk,-15.19279121922461,96.8072087807754,1000
utl,-86.07812635630349,32.92187364369651,1000
cda,-44.94703454025918,80.05296545974082,1000
tsj,-25.80941800502709,16.19058199497291,1000
svt,-79.73155695039561,81.26844304960439,1000
cto,-56.38801520558036,20.611984794419644,1000
nfx,-5.974067422969292,63.02593257703071,1000
yem,-6.06709782152994,7.93290217847006,1000
pyj,-41.96630729334914,89.03369270665085,1000
qkc,-76.41127443889947,89.58872556110053,1000
gih,-79.91914126710553,12.080858732894466,1000
abb,-32.29252669459145,48.70747330540855,1000
czq,-35.53179528738505,31.468204712614945,1000
lcd,-66.53474777761251,45.46525222238749,1000
vav,-28.84939179142147,61.15060820857853,1000
xky,-55.15334353572633,91.84665646427366,1000
ywk,-34.632019877573015,17.367980122426985,1000
lsb,-94.19972325523037,80.80027674476963,1000
