fxj,-36.535752759476956,80.46424724052305,1000
olg,-76.0912238016316,62.9087761983684,1000
ibh,-30.1908496312707,38.8091503687293,1000
zwk,0.9767313976030997,40.976731397603096,1000
oaf,-55.223619894183855,66.77638010581614,1000
dke,-27.05859158790832,84.94140841209168,1000
hlm,-43.83135643646732,13.16864356353268,1000
bwg,-63.15695397753676,81.84304602246324,1000
oco,-37.21455780874605,91.78544219125395,1000
qyq,-54.515153813163586,49.484846186836414,1000
qrl,-23.992274451844654,22.007725548155346,1000
pja,-51.046987000800186,42.953012999199814,1000
aqz,-28.721188820240382,48.278811179759614,1000
mgz,-61.459499893818325,89.54050010618167,1000
buf,-0.5389648335379135,41.46103516646209,1000
ruu,-38.73690161314994,15.263098386850062,1000
nva,-27.565374727913206,25.434625272086794,1000
mgs,-26.43245387143009,31.56754612856991,1000
nes,-75.71366436558743,32.28633563441256,1000
kiz,-53.00778774596727,69.99221225403274,1000
hzs,-8.151341799804117,6.848658200195883,1000
efk,-0.40189241679495136,16.59810758320505,1000
cvf,-22.217996772521218,11.78200322747878,1000
hvr,-63.96634051761536,65.03365948238465,1000
tgj,-66.95412183392325,32.04587816607675,1000
slo,-87.52351079730823,91.47648920269177,1000
mpo,-37.54528525787289,29.45471474212711,1000
wcu,-27.114247316221192,74.8857526837788,1000
elk,-62.96048251908963,13.03951748091037,1000
xkw,-38.1395010289297,18.860498971070303,1000
pmi,-17.511486277227203,51.488513722772794,1000
edm,-23.89366798815844,95.10633201184156,1000
ngn,-60.54932354052415,59.45067645947585,1000
iuy,-1.439320787103826,2.560679212896174,1000
yar,-86.49546854678086,63.50453145321915,1000
nul,-8.565635211792605,4.434364788207394,1000
pdq,-70.42911290370336,52.570887096296644,1000
piu,-37.121466174181144,15.878533825818856,1000
vql,-77.64521383651937,4.354786163480631,1000
gfx,-85.91896692458323,62.08103307541676,1000
ocz,-9.423091524361515,4.5769084756384855,1000
ftq,-19.21996178405869,34.78003821594131,1000
yxe,-16.987361539478446,51.01263846052156,1000
irz,-7.731096658920011,22.26890334107999,1000
dyb,-89.50362558427568,85.49637441572432,1000
zjd,-54.469880809983685,3.5301191900163174,1000
zal,-93.42649408195524,61.57350591804476,1000
xlq,-24.77364440642743,67.22635559357256,1000
klk,-32.920939669593636,55.079060330406364,1000
fxs,-17.94998684653979,42.05001315346021,1000
gjv,-40.58968099868421,96.4103190013158,1000
bzt,-87.59496208699832,83.40503791300168,1000
kvv,-72.73548208335137,9.264517916648629,1000
jak,-15.924215890929691,56.075784109070305,1000
tff,-10.274168824485944,64.72583117551406,1000
ibz,-88.60665308833363,19.393346911666367,1000
elq,-33.11194885667473,85.88805114332527,1000
tal,-0.2058688116585825,50.79413118834142,1000
pwi,-72.48858556705326,32.51141443294674,1000
lqe,-44.43915842071881,26.560841579281192,1000
epw,-95.83354300657449,84.16645699342551,1000
svk,-38.79989580374031,27.200104196259684,1000
tlj,-47.6753065717527,11.324693428247299,1000
ksw,-10.900316549263172,90.09968345073683,1000
ynw,-24.88733345784787,96.11266654215213,1000
vpb,-36.45052616369245,47.54947383630755,1000
vna,-81.61232585022867,13.387674149771334,1000
xor,-92.99430215002066,81.00569784997934,1000
cih,-53.529552690387675,64.47044730961233,1000
iuw,-2.5935403782539215,40.40645962174608,1000
tlz,-35.384659349956145,36.615340650043855,1000
zgp,-53.83698664067018,82.16301335932982,1000
ovp,-11.535451970875084,41.46454802912491,1000
chk,-45.53366854278191,3.466331457218089,1000
zwg,-50.836957533693855,21.16304246630614,1000
lde,-4.322953359823573,26.677046640176428,1000
brr,-2.7492449992834684,41.25075500071653,1000
wds,-90.83254658340536,39.16745341659463,1000
nfm,-58.13335946583075,85.86664053416925,1000
mxm,-18.884316830960902,28.115683169039098,1000
lzf,-90.23642637135391,58.76357362864609,1000
nje,-49.24060403275644,23.759395967243563,1000
kom,-61.57420552874939,98.42579447125061,1000
zfa,-18.292269610660686,96.70773038933932,1000
ron,-67.47081504386117,22.529184956138838,1000
hyy,-66.06800670938813,23.931993290611874,1000
rcx,-71.82669019328777,14.173309806712226,1000
giq,-61.80567551603447,18.19432448396553,1000
eyb,-69.0028699266916,24.99713007330839,1000
cpy,-69.05699297948364,11.94300702051636,1000
par,-88.51016025830498,87.48983974169502,1000
dvv,-77.56906394546316,45.43093605453684,1000
vgv,-40.40661120909509,49.59338879090491,1000
uic,-15.34389071244258,60.65610928755742,1000
hvn,-18.767436779594593,52.2325632204054,1000
eil,-44.950965032128536,32.049034967871464,1000
yng,-81.56364201449009,29.436357985509918,1000
the,-72.95938457671718,85.04061542328282,1000
cyw,-46.0129114856236,1.9870885143764023,1000
fps,-17.759986456671918,88.24001354332809,1000
dyn,-96.17948649284824,84.82051350715176,1000
rlm,-20.636558924516795,19.363441075483205,1000
sse,-86.9824466941593,75.0175533058407,1000
rqm,-15.491275948207505,35.50872405179249,1000
gxu,-84.38529026672231,23.614709733277696,1000
fcq,-28.594018058280973,85.40598194171902,1000
uzh,-86.05880353737975,82.94119646262025,1000
ihp,-97.49657466456404,74.50342533543596,1000
wqt,-90.86954570878902,64.13045429121098,1000
rsm,-88.38553485288931,36.614465147110685,1000
wwn,-14.992447475927635,6.007552524072365,1000
puo,-88.75478189872071,77.24521810127929,1000
ndb,-50.21296757616374,94.78703242383627,1000
nmm,-34.17658852740075,19.823411472599247,1000
smf,-39.15586830983907,48.84413169016093,1000
rjt,-5.905539099332888,6.094460900667112,1000
rwk,-5.65621010993422,40.34378989006578,1000
foy,-57.81608438394423,58.18391561605577,1000
uia,-76.3010984380052,42.69890156199481,1000
jxs,-40.629818540944015,72.37018145905598,1000
uhq,-20.714559955587372,72.28544004441262,1000
heg,-57.76078468334811,91.2392153166519,1000
awj,-45.0646688498848,56.9353311501152,1000
wkt,-63.2348635589216,52.7651364410784,1000
jph,-81.42533030419222,96.57466969580778,1000
mxq,-59.41377440119822,0.5862255988017795,1000
xjx,-44.6357799344186,63.3642200655814,1000
ngl,-36.54993118499877,19.450068815001227,1000
pla,-43.984553905803686,35.015446094196314,1000
hnf,-97.5207606386275,63.479239361372514,1000
str,-27.66007827301586,34.33992172698414,1000
xnv,-12.428911359224191,94.57108864077581,1000
wmg,-96.61702259764031,1.38297740235969,1000
jfm,-82.41295676261339,90.58704323738661,1000
bet,-82.08650072175935,74.91349927824065,1000
deb,-69.3425439032061,48.6574560967939,1000
wvv,-55.85905092067894,1.1409490793210597,1000
tru,-76.28381765616324,10.71618234383677,1000
tfc,-44.39912594453467,50.60087405546533,1000
gce,-44.85854425575362,40.14145574424638,1000
nmi,-60.29728617174485,95.70271382825514,1000
fnx,-36.703677247166304,54.296322752833696,1000
mns,-16.28187851569938,49.718121484300625,1000
nzg,-77.98718676407204,46.012813235927965,1000
bnx,-12.601602330514893,28.398397669485107,1000
bvk,-59.544291204460286,49.455708795539714,1000
kgy,-86.40618668087623,92.59381331912377,1000
kia,-23.171140754215998,82.828859245784,1000
aaf,-3.440250085791624,85.55974991420838,1000
rlm,-13.979823122389627,57.020176877610375,1000
fvi,-92.16154557815464,27.838454421845356,1000
ddv,-51.514971372675596,11.485028627324404,1000
kwr,-14.31078546691874,41.68921453308126,1000
hpv,-56.6290413278117,75.3709586721883,1000
aon,-82.17494793401002,19.825052065989976,1000
lxl,-10.622701979379718,32.37729802062028,1000
uac,-0.7509858881894884,72.24901411181051,1000
yht,-30.6681435260074,5.331856473992601,1000
jcy,-97.23238005369514,15.767619946304857,1000
pul,-91.7706646607098,23.22933533929021,1000
vwd,-10.994122256003932,73.00587774399607,1000
ahf,-38.669960602530715,14.330039397469285,1000
sek,-66.59513818532176,5.404861814678238,1000
fyz,-58.98545713295607,79.01454286704393,1000
bmt,-17.09201996372671,69.90798003627329,1000
vbm,-61.734519552914605,89.2654804470854,1000
yif,-63.12569330069841,62.87430669930159,1000
icl,-44.7450701062535,45.2549298937465,1000
hsb,-87.72530737134967,44.27469262865033,1000
coq,-6.245445118666143,3.754554881333857,1000
goo,-32.94067322513795,38.05932677486205,1000
xcq,-60.80826513175889,88.19173486824111,1000
pfi,-93.19921538948893,15.80078461051108,1000
nlx,-21.293008876256962,70.70699112374304,1000
znj,-20.840341156379456,23.159658843620544,1000
uec,-96.36822267922982,11.631777320770189,1000
vgt,-30.25058871757488,64.74941128242511,1000
mwr,-46.70718944211115,73.29281055788884,1000
bvx,-4.10049889500348,8.899501104996519,1000
kjh,-52.79906972522232,91.20093027477769,1000
ddt,-51.31174033819549,70.68825966180451,1000
ree,-28.03698144789237,61.96301855210763,1000
chh,-83.52467726447121,10.475322735528787,1000
blf,-15.31278961327556,9.68721038672444,1000
klt,-27.96382828462903,9.03617171537097,1000
nao,-71.19842392185654,65.80157607814346,1000
tgk,-28.79561174772562,84.20438825227438,1000
ojx,-49.397441596300155,66.60255840369985,1000
eor,-23.04404710873433,64.95595289126567,1000
llc,-18.6388467189049,21.3611532810951,1000
upq,-95.89655799933612,64.10344200066388,1000
avm,-95.16536073357754,81.83463926642246,1000
fgf,-24.514703769547648,43.485296230452356,1000
vfq,-1.923218085762251,95.07678191423776,1000
nmy,-73.16356913033665,28.83643086966335,1000
fxx,-20.452302235279323,82.54769776472068,1000
mda,-55.45948527436387,71.54051472563613,1000
tvs,-5.9717705822439475,1.0282294177560525,1000
jwm,-42.18278511054407,29.817214889455933,1000
grq,-7.139728664893048,75.86027133510696,1000
iwe,-91.7987095539371,78.2012904460629,1000
bie,-77.35265504964693,7.647344950353071,1000
eog,-21.00178081089382,92.99821918910618,1000
irc,-69.20266479548128,30.797335204518713,1000
gro,-15.07881737166836,15.92118262833164,1000
txa,-79.64190377457761,75.35809622542239,1000
mul,-81.58648446672098,32.413515533279025,1000
anh,-96.317932465486,85.682067534514,1000
dnu,-50.29190583363187,4.708094166368131,1000
jqf,-27.819272605495613,92.18072739450439,1000
cwy,-20.907067652365434,1.0929323476345674,1000
gum,-25.43722632718577,12.562773672814231,1000
ttd,-97.81242742946925,40.18757257053075,1000
kjc,-40.170347227401784,13.829652772598218,1000
kys,-73.23331292136523,22.766687078634767,1000
eyk,-13.000929121651781,8.999070878348219,1000
gxd,-0.5921496105719544,64.40785038942805,1000
yyz,-32.68738006234506,31.312619937654937,1000
fzj,-1.4858756682912806,60.51412433170872,1000
wty,-29.500527844114092,75.49947215588591,1000
vzj,-20.782354561556282,1.2176454384437163,1000
nee,-60.54998091706493,29.45001908293507,1000
brn,-34.31406897799836,44.68593102200164,1000
kfs,-59.2615219046459,89.7384780953541,1000
akl,-62.27824773263478,31.721752267365222,1000
tki,-20.679292314994868,30.320707685005132,1000
gre,-33.6158822468675,20.3841177531325,1000
pts,-40.29333204747619,87.7066679525238,1000
oyx,-56.72312019357153,10.276879806428468,1000
fqx,-49.10693566420576,84.89306433579425,1000
nki,-40.76046790645158,85.23953209354842,1000
arz,-14.8092148611014,37.1907851388986,1000
fbc,-16.55447721382887,22.44552278617113,1000
ghl,-40.00480604950507,10.995193950494926,1000
gjn,-57.99752659675418,50.00247340324582,1000
ehn,-39.46563946490056,44.53436053509944,1000
eyk,-82.27797507513277,98.72202492486723,1000
vgo,-42.61007271050578,56.38992728949422,1000
spo,-5.547772441151926,60.45222755884807,1000
zhj,-95.29034554054604,76.70965445945396,1000
ijt,-71.65200746702864,27.34799253297136,1000
oop,-63.94591658174551,8.054083418254493,1000
hta,-56.33003938876651,30.669960611233495,1000
pzm,-53.599903420370914,84.40009657962908,1000
dte,-1.679285407890272,81.32071459210972,1000
hod,-47.784411044940406,83.21558895505959,1000
ygx,-4.285076643474504,13.714923356525496,1000
huf,-25.583892311711395,75.4161076882886,1000
gvx,-5.962915740108962,39.03708425989104,1000
yqt,-52.95343363195062,9.046566368049383,1000
piy,-83.55065994938899,14.44934005061101,1000
bjy,-60.19157809269933,44.80842190730067,1000
trz,-46.34597996103168,51.65402003896832,1000
wtf,-58.7950556344245,27.204944365575496,1000
udl,-6.693904554112798,43.3060954458872,1000
ajp,-55.83055988286448,31.16944011713552,1000
ptz,-14.374672383865027,77.62532761613497,1000
yjp,-23.37966337353869,86.62033662646131,1000
gqw,-87.00204612688187,94.99795387311813,1000
ssw,-76.78573495180281,44.21426504819719,1000
wvr,-42.410479231245574,4.589520768754425,1000
gbn,-23.236944136534706,53.7630558634653,1000
jzk,-5.176060861013839,61.82393913898616,1000
ouf,-79.55868727758067,55.44131272241933,1000
dly,-51.89031185754494,33.10968814245506,1000
qwn,-18.92185117091415,14.078148829085851,1000
wyd,-95.924887453449,47.075112546551004,1000
oyv,-59.53605942599847,46.46394057400153,1000
ihe,-42.84656931334656,51.15343068665344,1000
pag,-95.77401032505408,40.22598967494592,1000
tra,-53.50508159965264,40.49491840034736,1000
jgo,-69.19367355510494,8.806326444895058,1000
awc,-12.79386327332158,25.20613672667842,1000
oqy,-87.79707942788316,65.20292057211684,1000
lix,-51.38655213137135,68.61344786862864,1000
hhz,-49.74189869384445,45.25810130615555,1000
lda,-85.65256876531885,83.34743123468115,1000
ryq,-91.44712099425519,69.55287900574481,1000
ihs,-91.27667344180698,32.723326558193016,1000
oob,-35.63573238976026,78.36426761023974,1000
fuy,-64.93983894070779,2.0601610592922173,1000
ted,-31.2420664372381,90.75793356276189,1000
flw,-14.430967357864613,16.569032642135387,1000
lcj,-88.51279998626543,14.487200013734572,1000
lcz,-56.36843709575662,37.63156290424338,1000
zgc,-18.779167890389193,82.22083210961081,1000
ohp,-57.81383552490166,15.186164475098334,1000
fxu,-26.60823941630521,21.39176058369479,1000
tge,-38.02372002767032,34.97627997232968,1000
mvp,-54.218890947695456,16.781109052304544,1000
fyr,-28.728655644140787,36.27134435585921,1000
nvr,-49.63572114837903,51.36427885162097,1000
sea,-57.7607643427074,57.2392356572926,1000
aif,-69.77428463891555,35.225715361084454,1000
drf,-31.339503952197344,16.660496047802656,1000
zzq,-20.280769099227296,42.71923090077271,1000
kxv,-56.28970235961617,52.71029764038383,1000
rai,-1.0152528574745596,95.98474714252544,1000
ewx,-80.93148295838604,15.06851704161396,1000
mvo,-80.83555947269818,87.16444052730182,1000
tak,-54.748274416164136,39.251725583835864,1000
kko,-64.42567050710434,53.57432949289566,1000
pqe,-53.99416274359732,33.00583725640268,1000
cwj,-17.52123073861306,80.47876926138694,1000
dcn,-30.959091691570503,19.040908308429497,1000
awx,-4.105426834609217,63.89457316539078,1000
rpa,-17.86420275255598,63.135797247444025,1000
dee,-89.78264762625714,97.21735237374286,1000
knl,-85.89139541687597,58.10860458312403,1000
ado,-92.7770825389456,96.2229174610544,1000
ldm,0.9271668217242925,11.927166821724292,1000
khp,-60.11031776604322,78.88968223395679,1000
xvt,-56.99106346635472,3.0089365336452807,1000
epy,-13.020308324680856,26.979691675319142,1000
szb,-29.816513015924638,28.183486984075362,1000
muz,-66.94715551367102,42.05284448632897,1000
ect,-27.556430558600745,53.443569441399255,1000
yaa,-74.88922861757422,6.110771382425786,1000
jzn,-74.09603114498117,90.90396885501883,1000
vaw,-71.45242595002605,77.54757404997395,1000
rcn,-62.25840012056166,41.74159987943834,1000
mek,-68.76018177063666,30.23981822936333,1000
lvn,-49.75298067962812,50.24701932037188,1000
tqo,-29.58884603791435,86.41115396208565,1000
wwt,-21.576866151737956,46.42313384826205,1000
izo,-57.23974745366369,6.760252546336311,1000
zgb,-35.128499692893044,60.871500307106956,1000
tsu,-2.1783698848237227,83.82163011517628,1000
dmf,-85.79717914373936,81.20282085626064,1000
dfr,-67.65263589576801,17.34736410423199,1000
pim,-43.89292700166032,5.107072998339684,1000
lup,-92.3067587094102,14.693241290589791,1000
xdj,-29.28726942115876,24.71273057884124,1000
faf,-52.73536083719169,59.26463916280831,1000
mar,-30.38029121297603,83.61970878702397,1000
ybl,-30.166729849410125,12.833270150589877,1000
aov,-54.430321872770016,77.56967812722999,1000
zqd,-86.91054006730194,86.08945993269806,1000
xkx,-48.84781466140444,66.15218533859556,1000
gbm,-79.56260016405793,27.437399835942077,1000
lkk,-92.13674980334793,23.86325019665208,1000
cgc,-7.421596020183384,77.57840397981661,1000
hoy,-77.92452026178135,66.07547973821865,1000
jhu,-26.386289139190588,3.6137108608094133,1000
dtl,-78.81082881165983,79.18917118834017,1000
eet,-25.33072883152646,36.66927116847354,1000
hfa,-72.86425446882795,74.13574553117205,1000
imh,-52.88764591940716,95.11235408059284,1000
vqi,-92.08089609166296,67.91910390833704,1000
csg,-89.73779658968395,69.26220341031605,1000
gty,-85.26403485437352,43.73596514562648,1000
wwq,-76.33995513969771,90.66004486030229,1000
buo,-2.868194945725603,73.1318050542744,1000
jhe,-38.594834845423016,60.405165154576984,1000
hru,-58.06833671256363,16.931663287436372,1000
swj,-39.64015057562781,82.3598494243722,1000
mpg,-39.43520901076108,10.564790989238919,1000
une,-29.923410555463903,66.0765894445361,1000
rjk,-44.57853005225732,31.42146994774268,1000
tod,-55.96229694264862,46.03770305735138,1000
jew,-80.09288513754744,18.907114862452556,1000
dzb,-94.08715300062381,56.912846999376185,1000
dam,-64.13535716709,5.864642832909995,1000
xrm,-41.05602441996447,84.94397558003553,1000
osb,-94.82561914484641,0.17438085515359025,1000
uli,-71.07647406869366,43.923525931306344,1000
kxw,-50.0794691760091,12.920530823990905,1000
flf,-41.74520182316816,26.25479817683184,1000
wou,-87.06504359932144,89.93495640067856,1000
evg,-97.61460868116832,81.38539131883168,1000
ecv,-60.36242207797647,68.63757792202352,1000
nzy,-0.9175744567916385,84.08242554320836,1000
gtk,-54.58117699975924,17.418823000240756,1000
gor,-14.628960831425589,44.37103916857441,1000
qyx,-55.249558298093085,44.750441701906915,1000
kyn,-46.07843317521137,33.92156682478863,1000
vzf,-91.84915833469836,27.150841665301648,1000
vpd,-8.51526222621892,0.4847377737810795,1000
oqp,-95.70840980716856,16.291590192831432,1000
kaa,-70.98115719818826,85.01884280181174,1000
kmq,-46.68294568878629,1.3170543112137103,1000
cum,-25.47104480375916,8.528955196240839,1000
rbx,-94.25446846313356,18.745531536866434,1000
ngn,-79.13885979895086,14.861140201049144,1000
lrv,-86.6114090192637,21.38859098073629,1000
baw,-19.74887099011195,59.251129009888054,1000
yey,-80.29977591183328,43.70022408816672,1000
mks,-25.59441525073759,98.40558474926242,1000
ibl,-16.835667935715076,11.164332064284924,1000
soe,-44.114639006014386,52.885360993985614,1000
don,-72.51658244381512,72.48341755618488,1000
osb,-15.666624111800186,74.33337588819981,1000
cvd,-65.87681277270606,87.12318722729394,1000
rom,-33.20078041247292,7.799219587527074,1000
kak,-70.56037004255428,79.43962995744572,1000
dis,-28.096869757816872,98.90313024218312,1000
zss,-94.9470223293574,30.052977670642605,1000
fga,-72.02548144409982,79.97451855590018,1000
gak,-31.17803375137413,78.82196624862587,1000
zyx,-17.387525502311544,49.61247449768845,1000
jdw,-3.0596890424971828,15.940310957502817,1000
xle,-0.44447763721123135,27.555522362788768,1000
gbz,-35.91411928465307,34.08588071534693,1000
cum,-86.57219600242713,31.427803997572866,1000
ivd,-82.19296524030301,66.80703475969699,1000
lrd,-75.3693216788476,48.63067832115241,1000
raz,-7.091587884962199,40.9084121150378,1000
get,-36.808482114962,68.19151788503801,1000
lch,-45.895959352530326,57.104040647469674,1000
lib,-80.7430796224562,56.25692037754381,1000
olh,-12.83437813690115,59.16562186309885,1000
uwq,-46.37125688366803,26.62874311633197,1000
nnj,-86.79820389726753,63.20179610273248,1000
fms,-77.4011297642252,10.598870235774799,1000
ndg,-46.957064599441935,43.042935400558065,1000
pek,-64.05382697563316,51.94617302436684,1000
ugy,-50.7049654148448,23.2950345851552,1000
yll,-14.469901751030164,76.53009824896984,1000
lre,-72.17461994430944,49.82538005569056,1000
tlc,-62.31733336860668,17.682666631393317,1000
bjw,-63.071921172945125,54.928078827054875,1000
kqk,-21.683934897334357,5.316065102665644,1000
gxe,-84.50843896227894,43.49156103772105,1000
kil,-1.0683626586709267,84.93163734132908,1000
fwj,-1.3778244943644866,1.6221755056355134,1000
emq,-55.76121766066917,64.23878233933084,1000
gya,-6.969610468193036,73.03038953180696,1000
vil,-54.7148053777845,97.2851946222155,1000
wcw,-22.25289241963466,75.74710758036534,1000
ghj,-50.68058174240071,95.3194182575993,1000
xpo,-90.59422871329642,12.405771286703589,1000
llb,-53.16119497981648,4.838805020183521,1000
qvq,-55.42171245092649,70.57828754907351,1000
sjl,-11.519697624772181,35.480302375227815,1000
vfs,-68.44669069557139,9.553309304428602,1000
kbp,-2.917921596739829,86.08207840326017,1000
gqd,-35.77865327349286,77.22134672650714,1000
jhb,0.8600456869007249,25.860045686900726,1000
lca,-87.27472035328064,95.72527964671936,1000
fax,-86.83967402928423,25.160325970715782,1000
zlq,-45.071253851602854,2.9287461483971478,1000
hbj,-29.689490096026887,91.31050990397311,1000
ceg,-16.30287474230715,77.69712525769285,1000
eun,-53.0453815519564,12.954618448043595,1000
qap,-43.763106936497536,61.236893063502464,1000
ypy,-25.47147635721857,22.52852364278143,1000
lpy,-31.841915798593607,62.158084201406396,1000
fbw,-60.0114108053325,40.9885891946675,1000
nyb,-58.4958512905992,79.50414870940081,1000
iku,-15.074182202017603,50.9258177979824,1000
hta,-42.64045925693595,23.359540743064056,1000
yda,-65.98912995447465,1.0108700455253492,1000
mlo,-51.17506642560855,87.82493357439145,1000
kpy,-34.63643166613882,8.363568333861183,1000
vix,-81.93408239378357,50.06591760621643,1000
hfn,-43.97431940742006,12.025680592579942,1000
hms,-21.84028821686959,93.1597117831304,1000
biw,-24.886743599318674,84.11325640068132,1000
iqs,-55.959455761697846,98.04054423830216,1000
pfa,-67.59478982017382,27.405210179826184,1000
svn,-39.91553307774703,16.084466922252975,1000
evc,-92.24246631805033,84.75753368194967,1000
pze,-3.2390433779971537,95.76095662200285,1000
sss,-30.101472774432256,6.898527225567742,1000
tat,-52.51548319782004,76.48451680217997,1000
oao,-74.27671428820766,77.72328571179234,1000
zkf,-90.60726360762446,8.392736392375536,1000
pll,-57.840528622672586,79.15947137732742,1000
zuw,-51.44861739486582,32.55138260513418,1000
hal,-89.12125767394038,30.878742326059623,1000
pur,-30.94509472458042,85.05490527541959,1000
fiw,-78.98464377532386,38.01535622467615,1000
ztv,-38.72704572994214,56.27295427005786,1000
cxw,-30.853452597412083,97.14654740258791,1000
umo,-65.27163943647248,52.72836056352752,1000
efx,-76.94780589349867,82.05219410650133,1000
vcm,-74.0512083504895,84.9487916495105,1000
pew,-91.8430341293337,28.156965870666298,1000
rop,-44.221405645808794,31.778594354191206,1000
pjn,-49.70938366863352,31.29061633136648,1000
jkh,-90.56559156372919,95.43440843627081,1000
lyn,-39.85122947211581,62.14877052788419,1000
yvb,-31.547021677034078,12.45297832296592,1000
uew,-2.1616476158302946,36.8383523841697,1000
ddm,-61.33335792183261,31.666642078167396,1000
ccg,-29.31647014409125,41.683529855908745,1000
jlp,-17.30926565210299,72.690734347897,1000
tgv,-82.83205848786957,94.16794151213043,1000
xet,-87.97661289843465,76.02338710156535,1000
udz,-47.63711013828987,49.36288986171013,1000
whg,-75.70099194924401,17.299008050755994,1000
vxn,-47.526874570979736,97.47312542902027,1000
kvz,-29.232149901818442,87.76785009818155,1000
gxw,-30.737753672654073,29.262246327345927,1000
hoa,-27.363086780054335,30.636913219945665,1000
hld,-40.47041491684417,43.52958508315583,1000
btd,-2.1579719782374074,60.842028021762594,1000
izo,-46.98929328567698,41.01070671432302,1000
cjb,-31.371570251937754,66.62842974806225,1000
xmb,-22.805855879379695,45.19414412062031,1000
qdm,-47.33997475265414,48.66002524734586,1000
asr,-43.140070300875884,16.859929699124116,1000
iiv,-50.62758059838606,98.37241940161394,1000
huc,-57.03702143962848,74.96297856037151,1000
hdj,-39.96913460412912,33.03086539587088,1000
cbs,-18.64388847051654,97.35611152948346,1000
yir,-71.96491882436489,94.03508117563511,1000
lkb,-61.74523402067358,57.25476597932642,1000
liw,-23.152120696208204,82.8478793037918,1000
qtj,-76.04781817127895,39.95218182872106,1000
ftr,-88.35937035989602,13.640629640103977,1000
vvx,-33.56484658151718,57.43515341848282,1000
sfg,-5.417700149138626,13.582299850861375,1000
ymg,-85.80411784075764,91.19588215924236,1000
ghi,-91.39454056023375,26.605459439766253,1000
zak,-71.17517034273132,76.82482965726868,1000
bth,-78.54783298549,82.45216701451,1000
noq,-32.69212237962723,45.30787762037277,1000
pve,-46.68084422836372,44.31915577163628,1000
ibe,-3.466075567512406,45.533924432487595,1000
nsx,-67.37045981105726,98.62954018894274,1000
koc,-89.72766459996667,77.27233540003333,1000
yxp,-4.81788104906419,9.18211895093581,1000
hcu,-38.366177739165934,46.633822260834066,1000
lzl,-6.5935062273951335,94.40649377260486,1000
ram,-25.25058319948106,30.74941680051894,1000
skg,-1.1496622148608062,21.850337785139192,1000
jbx,-4.0995285458084885,63.90047145419151,1000
uhx,-59.44390984539916,15.556090154600836,1000
cog,-73.07002854589442,5.929971454105577,1000
unx,-49.90567670037034,69.09432329962965,1000
ejm,-78.07338861291619,48.92661138708381,1000
hir,-48.38228332795361,80.61771667204638,1000
pqg,-96.61209610375963,88.38790389624037,1000
xsw,-9.206973618855589,96.79302638114441,1000
coj,-10.31967348718465,78.68032651281536,1000
qii,-12.1645005933425,60.8354994066575,1000
lfw,-61.505555312855996,5.494444687144001,1000
yad,-89.79539890899868,79.20460109100132,1000
khk,-40.80985130973158,22.19014869026842,1000
bkg,-93.19234050946235,62.80765949053764,1000
qnb,-18.579509077227918,70.42049092277209,1000
ugy,-1.1543950413558632,94.84560495864413,1000
yrm,-70.77640249273725,81.22359750726275,1000
cru,-77.74869304318203,52.25130695681798,1000
rhg,-55.010674291053135,24.98932570894687,1000
kzv,-97.76389376146746,39.23610623853254,1000
etx,-54.85185942537114,95.14814057462885,1000
riq,-74.62542650658163,92.37457349341837,1000
fkn,-6.118886367385725,86.88111363261427,1000
epk,0.17338052440290064,47.1733805244029,1000
snw,-20.231454450725664,91.76854554927434,1000
eyi,-88.01160274036836,77.98839725963164,1000
egt,-88.5664639208665,78.4335360791335,1000
qot,-81.30758692456918,26.692413075430814,1000
zbz,-59.04690302222714,10.95309697777286,1000
qph,-3.795254593195758,85.20474540680424,1000
eth,-24.885804286432823,2.114195713567177,1000
isa,-58.00887832087875,0.9911216791212527,1000
xyv,-52.7247909098243,17.275209090175704,1000
rod,-44.96563792029327,87.03436207970672,1000
lni,-44.78482337506631,37.21517662493369,1000
eea,-67.26668004752493,31.73331995247507,1000
xtg,-24.886972263331685,16.113027736668315,1000
php,-16.97773883383129,58.02226116616871,1000
oop,-35.20590969227804,54.79409030772196,1000
jnp,-62.82600949502557,2.1739905049744266,1000
iui,-45.54037345920765,20.45962654079235,1000
omd,-0.06752202371347182,75.93247797628653,1000
zve,-70.17637481318654,79.82362518681346,1000
tls,-1.0635675244911382,57.93643247550886,1000
amf,-69.54807685212808,16.451923147871923,1000
vzr,-93.68335372985672,31.316646270143277,1000
yvc,-45.932483054104026,80.06751694589597,1000
iga,-14.381120680680109,19.61887931931989,1000
xky,-80.78585468935788,8.214145310642119,1000
dgb,-60.2472557511682,36.7527442488318,1000
wgu,-65.50270419061629,18.49729580938371,1000
blc,-9.268865357881232,65.73113464211877,1000
bhg,-68.7362651660727,39.2637348339273,1000
qtz,-49.801574416726645,87.19842558327335,1000
xsn,-58.03701714564374,9.962982854356259,1000
ikb,-40.06596270963784,14.934037290362161,1000
akw,-26.941012281639896,30.058987718360104,1000
cwa,-26.685526517883712,52.314473482116284,1000
yxd,-45.446108260295475,48.553891739704525,1000
tgr,-71.20371085750813,35.79628914249187,1000
jkk,-35.9658171252047,9.034182874795299,1000
coq,-23.58065661979751,81.41934338020249,1000
lks,-28.505760308989203,90.4942396910108,1000
mvo,-5.212348164731712,28.78765183526829,1000
hfx,-37.95971889255033,51.04028110744967,1000
ehx,-59.51183753610479,68.48816246389521,1000
qxa,-67.85407704282602,84.14592295717398,1000
zjc,-5.483492959526716,5.516507040473284,1000
gyk,-20.841899004857726,47.15810099514227,1000
ath,-25.395041756025933,24.604958243974067,1000
wym,-71.61590046625719,70.38409953374281,1000
rtt,-64.93026929488236,78.06973070511764,1000
fus,-16.48702085567757,45.51297914432243,1000
hin,-8.6118717097537,65.3881282902463,1000
zku,-59.73945453021465,24.260545469785352,1000
cbp,-43.08979237459683,14.910207625403165,1000
rip,-58.017278576627824,41.982721423372176,1000
pxb,-93.23493742223026,22.765062577769736,1000
dow,-48.427977414342735,85.57202258565727,1000
efk,-87.72915857244048,36.270841427559525,1000
aci,-97.28130779711175,52.71869220288825,1000
dwj,-20.64692431091776,71.35307568908225,1000
iye,-12.908651359766585,6.091348640233415,1000
rky,-43.46325032095976,19.53674967904024,1000
jmk,-76.1565138692232,42.84348613077679,1000
buq,-35.604954584112605,57.395045415887395,1000
enb,-11.98553264547441,11.01446735452559,1000
afm,-81.1943667262183,79.8056332737817,1000
oem,-80.2038480215633,29.796151978436704,1000
ahq,-79.75327657915064,13.246723420849358,1000
bbc,-27.798735912401867,77.20126408759813,1000
jou,-16.988360922598687,40.01163907740131,1000
mrm,-30.2067072502456,29.7932927497544,1000
mxz,-67.45551310402836,81.54448689597164,1000
vnh,-30.61964002214124,38.38035997785876,1000
ybb,-22.18420041012949,52.81579958987051,1000
xxi,-95.6822057485035,95.3177942514965,1000
pfx,-62.04050621571253,34.95949378428747,1000
szw,-45.09551615901681,57.90448384098319,1000
aaa,-86.2036338960172,23.796366103982805,1000
lbb,-21.998735264932098,57.001264735067906,1000
fdl,-20.5901830306992,38.4098169693008,1000
gsf,-14.516169930278322,68.48383006972168,1000
rib,-52.548606320112626,0.45139367988737167,1000
dnx,-42.45855029510306,36.54144970489694,1000
kra,-74.54926376592937,13.450736234070627,1000
rvo,-84.76780955532107,90.23219044467893,1000
xss,-20.551291983821294,95.44870801617871,1000
fap,-79.7312865488327,93.2687134511673,1000
owr,-5.225755857788339,49.774244142211664,1000
zxt,-22.466959219625412,69.53304078037459,1000
vya,-9.384563811614095,47.61543618838591,1000
hbh,-33.857089408872135,68.14291059112786,1000
xhk,-60.97571924757687,17.024280752423127,1000
ytd,-63.72222480462634,68.27777519537366,1000
sae,-18.663534354076432,72.33646564592357,1000
ume,-8.085314202277317,88.91468579772268,1000
dpc,-54.038584828779065,88.96141517122093,1000
umg,-25.713207087417796,91.2867929125822,1000
ijv,-35.96296695077863,79.03703304922136,1000
dhb,-0.34785610548822044,82.65214389451178,1000
vmw,-50.19474903947917,69.80525096052084,1000
tcc,-32.776313079091615,59.223686920908385,1000
oof,-88.80237885100793,36.19762114899207,1000
vlk,-84.42007820384951,60.579921796150494,1000
lzs,-34.872537210962214,1.1274627890377857,1000
zxx,-88.56729760754769,17.432702392452306,1000
jzb,-69.03802793514208,52.96197206485792,1000
yqv,-40.11383059614064,36.88616940385936,1000
qdy,-75.79873466578002,9.20126533421999,1000
bwb,-44.24008345696059,71.75991654303941,1000
xti,-78.1556880509984,93.8443119490016,1000
uvr,-11.437874077921176,42.56212592207883,1000
usk,-69.92348497058957,96.07651502941043,1000
vkq,-12.243824483803712,94.7561755161963,1000
vwo,-17.4918725572087,72.50812744279129,1000
ser,-40.382187143842984,77.61781285615702,1000
ljz,-51.772585701911694,44.227414298088306,1000
mdk,-96.29805355507227,71.70194644492773,1000
abj,-23.823317350175575,89.17668264982443,1000
chf,-88.0271524290924,79.9728475709076,1000
dat,-90.50465032280393,55.49534967719607,1000
bpw,-46.27082798115714,86.72917201884286,1000
dnk,-63.10632586071921,3.893674139280789,1000
jnb,-85.63045498313753,39.36954501686247,1000
oza,-46.19820757402636,60.80179242597364,1000
rfv,-21.60477088129138,24.39522911870862,1000
tik,-52.14457584132063,33.85542415867937,1000
fku,-46.98850239435095,50.01149760564905,1000
hpe,-83.67448837328222,62.32551162671779,1000
obg,-14.744940903735623,80.25505909626438,1000
iuk,-44.53537054448695,4.46462945551305,1000
orl,-74.58611765922036,68.41388234077964,1000
vyy,-9.452215469727777,15.547784530272223,1000
vqm,-48.31560388050181,1.6843961194981876,1000
mlx,-82.97714612992809,80.02285387007191,1000
ozj,-24.93026855459485,20.06973144540515,1000
szg,-31.45516706787699,94.54483293212301,1000
dld,-13.946080983857701,81.0539190161423,1000
llp,-90.6314586310826,23.3685413689174,1000
pze,-48.53301374653365,32.46698625346635,1000
ihq,-64.59272278270934,65.40727721729066,1000
dzx,-15.473021018896393,80.52697898110361,1000
nik,-46.91580122843727,39.08419877156273,1000
yij,-28.44504304234524,36.55495695765476,1000
lfh,-24.53952418876191,36.46047581123809,1000
rgp,-84.67906881445124,34.32093118554876,1000
qcp,-8.542008018697281,25.45799198130272,1000
fjp,-52.295368403089846,25.70463159691015,1000
nil,-42.404393755694535,43.595606244305465,1000
qmt,-95.35254765857411,70.64745234142589,1000
vcs,-30.939010053339864,78.06098994666013,1000
qck,-58.954932611492126,7.045067388507875,1000
zyp,-1.8840795415941942,61.1159204584058,1000
hei,-91.80063783378921,31.199362166210797,1000
obz,-71.53980695444244,75.46019304555756,1000
oak,-54.36931249220301,31.630687507796996,1000
igw,-58.68201620649312,89.31798379350688,1000
jmt,-30.37997423357618,63.620025766423815,1000
bjr,-8.042921587400459,66.95707841259954,1000
sjk,-34.78196350001329,53.21803649998671,1000
pxa,-45.20568343552407,28.794316564475928,1000
xfs,-32.678402060803634,56.321597939196366,1000
put,-55.289404593122555,96.71059540687745,1000
bvz,-21.937229509175495,1.0627704908245068,1000
sjr,-39.82963678596378,50.17036321403622,1000
pqp,-14.78080477880971,79.21919522119029,1000
krr,-65.84827876450643,5.151721235493566,1000
tnr,-3.9461256346096674,80.05387436539033,1000
ifh,-58.24771258521963,20.752287414780373,1000
vcu,-26.53181121043481,28.46818878956519,1000
mqx,-46.28521892812209,22.714781071877912,1000
pqp,-69.98375271789634,19.016247282103667,1000
dma,-96.4138019924803,81.5861980075197,1000
dmb,-18.267026211435446,38.73297378856455,1000
bcg,-17.633088667579933,23.366911332420067,1000
oik,-30.03261410629537,26.96738589370463,1000
ezz,-51.945211524244655,0.054788475755343624,1000
wmf,-66.62202428920989,86.37797571079011,1000
pax,-15.416464839790201,53.5835351602098,1000
hnc,-18.756663309844505,45.243336690155495,1000
psi,-56.1553492991006,40.8446507008994,1000
flb,-2.3021572635123975,16.6978427364876,1000
hnn,-8.845410706300498,45.1545892936995,1000
ova,-22.497038139879667,19.502961860120333,1000
lko,-4.742590558789324,10.257409441210676,1000
czt,-44.74488769117658,48.25511230882342,1000
wlp,-91.35884374373954,35.64115625626046,1000
tww,-74.51356469667553,70.48643530332447,1000
pzi,-66.68236205560875,69.31763794439125,1000
oun,-40.78444203208829,17.215557967911707,1000
fbq,-84.75323184807321,73.24676815192679,1000
btj,-55.464072316683854,23.535927683316142,1000
crn,-91.24076344598822,46.75923655401178,1000
rzq,-17.930357357578796,22.069642642421204,1000
myk,-93.41161702252408,78.58838297747592,1000
oyi,-40.47779190627769,80.52220809372231,1000
gyt,-26.990722985821197,32.00927701417881,1000
gjo,-83.95209951359507,9.047900486404924,1000
vfj,-24.982600084761163,7.017399915238838,1000
lto,-85.33475447314417,31.665245526855827,1000
ttt,-23.24998812656731,61.75001187343269,1000
wfp,-67.87304507607868,0.1269549239213239,1000
yyq,-6.853415616728898,56.146584383271104,1000
moz,-49.22740213898003,14.772597861019966,1000
uyl,-74.34794727456038,3.6520527254396207,1000
zfh,-35.59638244941545,88.40361755058454,1000
yws,-94.89651892377329,19.103481076226718,1000
lpp,-74.71304788036704,17.286952119632957,1000
apw,-76.99922781838403,78.00077218161597,1000
aud,-89.43595610843863,34.56404389156136,1000
ebg,0.7894157944692813,70.78941579446928,1000
kft,-83.12365870748563,76.87634129251437,1000
qal,-60.62890566547411,26.371094334525893,1000
uwe,-80.35945125028682,96.64054874971318,1000
tfp,-68.93442985699069,97.06557014300931,1000
qrj,-96.25838979418165,45.741610205818354,1000
ruv,-31.9985540858169,74.0014459141831,1000
zhi,-5.910120004885031,64.08987999511497,1000
pez,-16.93232549437206,53.06767450562794,1000
paz,-26.859912679505573,57.14008732049443,1000
wkd,-68.45707440853708,9.54292559146292,1000
gtf,-8.286616817378093,2.713383182621907,1000
fba,-10.396399319543917,30.603600680456083,1000
lik,-4.196775030690139,38.80322496930986,1000
ghz,-76.40867126373851,19.591328736261488,1000
tbr,-67.24715054562407,84.75284945437593,1000
ezu,-71.60064603278845,1.3993539672115471,1000
gsk,-42.681715304011064,63.318284695988936,1000
rgq,-16.889704540082118,96.11029545991788,1000
bfh,-67.68971102339287,46.310288976607126,1000
ydo,-24.477998276516267,50.52200172348373,1000
opg,-36.82476073239582,86.17523926760418,1000
pno,-33.68463930226821,27.315360697731794,1000
csh,-12.165915196744653,21.834084803255347,1000
dyk,-36.75193213610207,83.24806786389793,1000
bkq,-46.58576816824906,89.41423183175094,1000
qqh,-14.113464810479128,21.88653518952087,1000
dxu,-74.67816130991326,19.321838690086736,1000
tbz,-78.1965583735886,75.8034416264114,1000
xdt,-25.330101514662136,84.66989848533787,1000
oqr,-53.26907077514445,42.73092922485555,1000
coc,-91.43776037385035,95.56223962614965,1000
vbb,-84.46251410571621,49.53748589428379,1000
gob,-27.412586866515102,50.587413133484894,1000
ggu,-5.892951136652868,48.10704886334713,1000
ugo,-84.32530319324046,97.67469680675954,1000
chu,-56.023580091126036,79.97641990887396,1000
dio,-63.08133993784112,79.91866006215888,1000
kdo,-77.73561466836082,31.264385331639172,1000
bew,-19.871520777819697,97.1284792221803,1000
yam,-21.01832535149663,67.98167464850337,1000
qxf,-61.49388271279345,10.506117287206546,1000
xbb,-63.60618915520496,54.39381084479504,1000
uqp,-60.681302901683004,34.318697098316996,1000
dsu,-75.02904124744543,92.97095875255457,1000
mfh,-50.68397583916846,87.31602416083155,1000
fad,-20.162329201172568,22.837670798827432,1000
pdy,-72.36400148960753,40.63599851039247,1000
rrs,-13.24294391541378,44.75705608458622,1000
fpj,-69.87589056916462,37.12410943083537,1000
nfv,-20.482577449224195,10.517422550775803,1000
iup,-37.49948344213579,14.500516557864211,1000
xqx,-70.81941626028899,88.18058373971101,1000
nlt,-67.21871956946536,72.78128043053464,1000
pzy,-66.44304757151517,91.55695242848483,1000
sbl,-40.74465683857567,46.25534316142433,1000
wme,-8.966085269094402,84.0339147309056,1000
pfw,-41.77097457150762,29.229025428492374,1000
ier,-19.678428545907515,77.32157145409249,1000
gep,-5.208350701359029,88.79164929864098,1000
uiy,-48.74187426948159,11.258125730518406,1000
gwp,-81.4515988709366,27.54840112906339,1000
jzk,-71.2590277676846,17.7409722323154,1000
mfo,-86.2756975490977,56.72430245090229,1000
kod,-76.24804552198401,16.751954478015985,1000
xmi,-5.335405124808836,13.664594875191165,1000
gxb,-59.08634270766476,12.91365729233524,1000
bpw,-60.53514535495905,26.464854645040948,1000
zwl,-5.1514707592071485,28.848529240792853,1000
bei,-93.99562376826123,89.00437623173877,1000
bet,-21.707229786186364,28.292770213813636,1000
khg,-26.51345131638971,82.4865486836103,1000
fsk,-86.90703759840082,93.09296240159918,1000
pky,-53.36518489861572,98.63481510138428,1000
pbt,-92.65185395257399,93.34814604742601,1000
ata,-53.14288168835237,27.85711831164763,1000
rqf,-43.067449652794295,96.9325503472057,1000
kun,-16.491633709470147,21.508366290529853,1000
rmk,-28.914938747112746,76.08506125288726,1000
aro,-18.163974484980013,93.83602551501998,1000
mau,-80.3146067293086,56.68539327069141,1000
wow,-20.839855408335783,92.16014459166422,1000
vdu,-80.13215990124799,38.86784009875202,1000
wer,-74.03941688321234,51.96058311678766,1000
zsz,-9.275292600719016,65.72470739928099,1000
tmu,-86.20063079866975,19.799369201330254,1000
rhq,-72.29911638049126,23.700883619508744,1000
jmy,-11.057811804702654,20.942188195297344,1000
ysp,-20.742438559270322,54.257561440729674,1000
pka,-34.82417464105126,70.17582535894874,1000
mom,-23.720464520315716,18.279535479684284,1000
rep,-26.823497209360227,52.17650279063977,1000
pnc,-57.00986629844589,60.99013370155411,1000
vwx,-44.266258796441875,53.733741203558125,1000
for,-57.34244426146399,96.657555738536,1000
yqg,-32.67490656586724,61.32509343413276,1000
rei,-83.16286406843246,81.83713593156754,1000
kqr,-48.82613742312577,56.17386257687423,1000
zmz,-53.62375078470351,31.376249215296486,1000
bsx,-64.71622074612469,0.283779253875304,1000
pra,-67.58932762721392,37.410672372786074,1000
nix,-73.85967409951502,72.14032590048498,1000
sqc,-95.60086901061199,21.399130989388006,1000
ggn,-47.122940990949324,81.87705900905067,1000
aio,-0.22448747545435233,1.7755125245456478,1000
zga,-68.99375291286486,1.0062470871351414,1000
fjf,-65.21383832431258,30.78616167568743,1000
mjn,-92.64164024344862,45.35835975655138,1000
ctz,-81.91080404844716,77.08919595155284,1000
jbx,-23.48147228916538,13.51852771083462,1000
dou,-48.82526599184641,94.17473400815359,1000
waq,-89.6752698867985,77.3247301132015,1000
lqk,-40.15754279550241,70.84245720449759,1000
thd,-47.34806306405075,17.651936935949255,1000
ntt,-6.873986240979649,95.12601375902035,1000
clf,-94.7929936319346,17.207006368065393,1000
wej,-44.959763464064245,33.040236535935755,1000
nbn,-49.10032676511555,66.89967323488446,1000
prf,-90.38058713084094,7.6194128691590635,1000
uzd,-44.95548585461106,19.04451414538894,1000
mcv,-94.39646695569195,38.603533044308044,1000
tio,-86.72283170665969,0.27716829334031,1000
ieu,-25.873519510853644,27.126480489146356,1000
iop,-92.6006145553501,81.3993854446499,1000
nvr,-43.799158644270065,72.20084135572993,1000
xuz,-8.551841606727097,77.4481583932729,1000
ihf,-72.73136340881648,17.268636591183522,1000
tau,-80.56610702735118,73.43389297264882,1000
ljd,-47.84374040261375,21.156259597386253,1000
lrd,-42.44199377669579,19.558006223304208,1000
wxd,-83.47305257201072,26.526947427989292,1000
yze,-96.57991948898092,15.420080511019085,1000
jqw,-72.10833561698081,14.891664383019192,1000
lfd,-40.01485232634162,84.98514767365839,1000
pqz,-31.108630082368148,65.89136991763185,1000
iks,-10.885598587885605,21.114401412114393,1000
fcg,-85.58030991802922,74.41969008197078,1000
iak,-64.51708803186312,46.482911968136875,1000
jxy,-73.43317679775132,43.56682320224868,1000
wke,-25.448521212302687,32.55147878769731,1000
lui,-61.26088598631735,88.73911401368265,1000
vss,-72.44656097767039,93.55343902232961,1000
esf,-78.59876677066298,88.40123322933702,1000
uem,-54.636063057363515,25.363936942636485,1000
aht,-35.59174359937634,38.40825640062366,1000
lol,-0.04140777255347594,84.95859222744653,1000
vkr,-95.66780083518168,21.33219916481832,1000
mzs,-61.04340339959668,20.95659660040332,1000
fyj,-76.26560483441544,21.734395165584566,1000
hrk,-11.584731528836253,49.41526847116375,1000
uvg,-14.568345308977433,91.43165469102257,1000
xdh,-87.23516466769789,66.76483533230211,1000
qrx,-81.99538993254414,91.00461006745586,1000
dei,-28.965184175691668,82.03481582430834,1000
kvn,-91.73000659469555,33.26999340530444,1000
tyk,-87.67750310614417,31.322496893855824,1000
dmo,-64.34266207914008,31.657337920859913,1000
chh,-38.82187778208095,18.178122217919046,1000
tvm,-86.91082217156536,93.08917782843464,1000
xff,-97.94782108923492,37.052178910765086,1000
spy,-26.80188736214828,61.19811263785172,1000
cgf,-54.08092254938387,66.91907745061613,1000
nvc,-93.04239843815628,90.95760156184372,1000
rbr,-50.48316354149637,92.51683645850363,1000
ceq,-4.0685443590366095,95.93145564096339,1000
rbh,-67.33629430064725,50.663705699352754,1000
bdb,-81.39551832102697,37.60448167897303,1000
sij,-80.8798306591347,62.120169340865296,1000
vid,-40.98121435914736,64.01878564085264,1000
pkt,-23.275969891172835,33.724030108827165,1000
ozm,-46.73217177824934,93.26782822175066,1000
wna,0.5057365462505761,68.50573654625057,1000
tgi,-23.883090553549934,65.11690944645007,1000
gvp,-88.21861854031783,54.781381459682166,1000
dph,-34.10731886188606,43.89268113811394,1000
nhe,-55.209547220531704,85.7904527794683,1000
dpc,-52.764504773617055,56.235495226382945,1000
ubn,-38.02291637687175,21.977083623128248,1000
mss,-76.46699730933658,69.53300269066342,1000
fwg,-22.4432024684861,44.5567975315139,1000
ncy,-40.43041435794401,95.569585642056,1000
rax,-13.581208130246958,12.418791869753042,1000
cpe,-76.98636396755019,1.013636032449806,1000
hzu,-95.2991440047949,34.700855995205096,1000
mqw,-85.24534656556591,2.754653434434083,1000
fiz,-75.04531144058653,25.954688559413473,1000
awf,-34.802933163396354,40.197066836603646,1000
utg,-63.59335529699148,59.40664470300852,1000
kdt,-17.96801836255075,52.03198163744925,1000
sww,-28.725704998252226,34.274295001747774,1000
kxs,-13.09899676435099,15.90100323564901,1000
rcd,-36.12836369497942,58.87163630502058,1000
qqr,-77.38222554408067,80.61777445591933,1000
dpj,-10.655700702874743,52.34429929712526,1000
ejc,-76.1439974143925,89.8560025856075,1000
pky,-1.0935848403894597,30.90641515961054,1000
fst,-96.3053637142196,34.69463628578041,1000
yus,-39.206419924385266,8.793580075614733,1000
hwq,-48.57235684281721,68.42764315718279,1000
lty,-20.504588654078916,32.495411345921084,1000
qho,-35.38426481285675,55.61573518714325,1000
dop,-1.3615946840142223,47.63840531598578,1000
hgx,-63.7990956367697,10.200904363230302,1000
pjl,-58.08819073034298,70.91180926965701,1000
fbz,-1.8112085264956264,28.188791473504374,1000
ueg,-85.79886450836307,12.201135491636933,1000
wmq,-79.70958915727024,24.290410842729763,1000
jgt,-75.89196865759921,85.10803134240079,1000
rxm,-81.31002218540067,83.68997781459933,1000
fvj,-41.41290579491713,98.58709420508288,1000
xte,-86.10987533070715,62.890124669292845,1000
kic,-38.530465814598486,58.469534185401514,1000
jgx,-58.6773551393369,12.3226448606631,1000
xnc,-74.78393400591882,21.216065994081177,1000
sce,-41.0243671878539,10.975632812146104,1000
pkb,-83.55546981271834,73.44453018728166,1000
xlh,-94.81179941816868,27.18820058183132,1000
lao,-27.50337611737866,36.496623882621336,1000
dji,-67.02891427864907,27.971085721350924,1000
bxz,-8.260243050672283,73.73975694932771,1000
rla,-81.11734101884902,81.88265898115098,1000
bre,-96.63583238676314,79.36416761323686,1000
fxi,-9.83315546211237,19.16684453788763,1000
uqs,-27.257411718913026,86.74258828108697,1000
ols,-83.38241844414169,47.61758155585831,1000
feg,-66.46792783897565,70.53207216102435,1000
jrk,-25.909421100434805,96.0905788995652,1000
neu,-55.166441740248246,7.833558259751754,1000
boc,0.7971672760369775,43.79716727603698,1000
lhb,-72.9434938964911,88.0565061035089,1000
mkv,-92.29646870203351,93.70353129796649,1000
fgu,-43.29909796307451,49.70090203692549,1000
uwf,-72.15941293794002,33.84058706205998,1000
exo,-37.011484119053655,70.98851588094634,1000
jri,-21.34909911853938,31.65090088146062,1000
lxy,-24.105490717201967,38.89450928279803,1000
gzu,-15.73813536963371,19.26186463036629,1000
rtf,-50.681506292829624,56.318493707170376,1000
twd,-64.84917515065816,46.15082484934184,1000
dcj,-54.757402105025854,57.242597894974146,1000
cmo,-70.84533130902355,30.15466869097645,1000
wjn,-17.295188287823073,32.70481171217693,1000
qnu,-3.8536909413985896,77.14630905860142,1000
