qkd,-15.881867862446482,40.118132137553516,1000
olu,-94.25342982613569,84.74657017386431,1000
szo,-8.409497223790426,39.590502776209576,1000
vuw,-21.29588506207632,37.704114937923684,1000
ntx,-63.4433133338993,85.5566866661007,1000
qad,-93.23508039800619,15.76491960199381,1000
cem,-93.37475759326698,22.625242406733022,1000
dpb,-56.75232288960211,36.24767711039789,1000
ftc,-87.53449815334291,37.46550184665709,1000
ute,-37.53135402242632,35.46864597757368,1000
lwb,-3.9927456334142315,62.00725436658577,1000
dym,-90.88361431225128,71.11638568774872,1000
gaj,-45.96015377345986,5.03984622654014,1000
tii,-75.26938688674068,57.73061311325932,1000
gzu,-60.275457460871394,30.72454253912861,1000
jhr,-93.53416613200645,73.46583386799355,1000
yeo,-37.34730846345206,81.65269153654793,1000
jmh,-65.87956948377025,69.12043051622975,1000
kor,-5.531281700322491,62.46871829967751,1000
mne,-16.338933563213782,60.661066436786214,1000
abr,-88.41333788131175,90.58666211868825,1000
qum,-59.60738940512508,75.39261059487492,1000
unb,-57.58018684929101,6.419813150708992,1000
jve,-78.080296601572,71.919703398428,1000
nof,-15.733982188965731,57.26601781103427,1000
lkf,-78.91750330771349,35.08249669228651,1000
rru,-66.5982118661632,10.401788133836803,1000
fet,-7.340842075817448,65.65915792418255,1000
dit,-11.871354452708367,93.12864554729163,1000
hax,-3.8464399570582177,34.153560042941784,1000
edr,-12.766587057989945,76.23341294201005,1000
ene,-62.360668719105014,50.639331280894986,1000
hma,-84.65791119988455,6.3420888001154445,1000
fux,-39.92618150458863,55.07381849541137,1000
dcm,-95.50167574337416,63.498324256625835,1000
nom,-72.10021469774384,19.899785302256163,1000
cce,-60.323486127008486,27.676513872991517,1000
vos,-50.67931350306934,19.320686496930662,1000
mik,-20.482422493705503,36.517577506294494,1000
ang,-39.942681616389336,2.0573183836106645,1000
pve,-66.72589154677325,38.274108453226745,1000
dov,-9.808826082003696,4.191173917996304,1000
ojv,-81.18097654475295,74.81902345524705,1000
wbn,-49.43334063394022,54.56665936605978,1000
ppa,-29.93281916160155,44.06718083839845,1000
ljc,-19.80069417223623,3.1993058277637685,1000
ski,-26.948545724769897,23.051454275230103,1000
ksm,-33.8440606428717,33.1559393571283,1000
nws,-88.24247288858353,25.757527111416465,1000
sul,-90.73887299115015,65.26112700884985,1000
lsj,-43.69873806514714,8.30126193485286,1000
jlj,-10.291871575038606,77.70812842496139,1000
nbp,-28.006030477634205,15.993969522365795,1000
osx,-39.89250947225485,12.107490527745146,1000
zxw,-25.107290294135584,14.892709705864416,1000
ath,-8.71541150675949,16.28458849324051,1000
eda,-84.63336374263578,27.366636257364224,1000
vwb,-78.56353305880062,29.43646694119939,1000
hvw,-83.10803156388232,69.89196843611768,1000
fqp,-39.908031630039275,47.091968369960725,1000
xlj,-59.68814562766863,38.31185437233137,1000
cyl,-66.05782909885501,38.94217090114499,1000
cco,-83.12663535527832,95.87336464472168,1000
xnf,-0.9548797963870047,14.045120203612996,1000
ysc,-94.5136799297457,80.4863200702543,1000
bdf,-78.02718308964074,25.97281691035925,1000
fqm,-26.100915239932142,90.89908476006786,1000
yms,-8.131361247800346,31.868638752199654,1000
zvi,-7.367382889924938,10.632617110075062,1000
ypz,-42.964145763676086,90.03585423632391,1000
svh,-85.91357353119668,94.08642646880332,1000
tyx,-71.82830280366842,33.17169719633158,1000
kfe,-38.459164116105086,25.540835883894914,1000
owj,-41.94998747192568,8.050012528074317,1000
cdp,-32.903771002006465,91.09622899799353,1000
ipr,-43.53247678436837,78.46752321563163,1000
swg,-65.5578932942582,10.44210670574181,1000
jly,-53.22613344490827,55.77386655509173,1000
iiq,-24.986142477766155,57.01385752223385,1000
kjl,-71.31755616367721,40.68244383632278,1000
szu,-16.63674268506213,51.36325731493787,1000
gru,-35.55883281363482,53.44116718636518,1000
yat,-72.90283792690184,5.097162073098155,1000
ppc,-59.060510652693495,42.939489347306505,1000
myq,-64.27502430084162,18.724975699158378,1000
jri,-39.92558905802761,15.074410941972388,1000
tat,-61.25584693957261,31.744153060427386,1000
nit,-14.724778405130488,73.2752215948695,1000
ybn,-80.87008557604467,38.129914423955334,1000
ssi,-32.31013699716763,38.68986300283237,1000
msg,-67.60106471460934,48.39893528539066,1000
sky,-56.51201603522785,84.48798396477214,1000
wlr,-88.79721986024332,47.20278013975669,1000
ssc,-35.39503144526107,35.60496855473893,1000
khm,-0.05803882676057248,60.94196117323943,1000
roo,-85.77075082217621,40.22924917782378,1000
dtk,-19.692459326540884,97.30754067345912,1000
ict,-90.11266754489695,65.88733245510305,1000
jxx,-27.37590089846229,4.624099101537707,1000
dno,-22.69164385197308,82.30835614802692,1000
pbn,-69.23046094278747,98.76953905721253,1000
opy,-14.540194954568875,48.459805045431125,1000
blu,-35.98491572779397,75.01508427220602,1000
ets,-48.07329557796474,66.92670442203526,1000
twx,-34.49564886756171,58.50435113243829,1000
tzs,-36.915912370838356,25.084087629161644,1000
yvl,-88.70837110949674,65.29162889050326,1000
xun,-61.28264042645628,80.71735957354372,1000
prb,-17.879488901797718,61.120511098202286,1000
ruq,-18.87504418896952,21.12495581103048,1000
exe,-63.99263340400882,90.00736659599119,1000
skc,-51.04019355015438,46.95980644984562,1000
zbo,-48.3199886675571,33.6800113324429,1000
ecl,-8.029033879046429,27.97096612095357,1000
pov,-62.95422387422244,15.045776125777556,1000
oge,-5.772519423251572,29.227480576748427,1000
mxi,-82.50488194225804,22.495118057741962,1000
iuu,-37.796900592785,70.20309940721499,1000
fbt,-71.7360749154113,97.2639250845887,1000
hmp,-82.08054605859813,18.919453941401862,1000
slk,-67.09912880220155,40.90087119779845,1000
jfu,-20.258852031892047,69.74114796810795,1000
cfj,-23.235808218355757,85.76419178164424,1000
wyh,-27.741256405476026,78.25874359452398,1000
gok,-86.12822640007701,31.87177359992299,1000
fzx,-37.60313417210074,82.39686582789926,1000
gmq,-24.233067043779858,9.766932956220142,1000
urh,-91.01117736533104,63.98882263466897,1000
pqp,-43.44229362776681,28.55770637223319,1000
lli,-86.34990323376115,66.65009676623885,1000
tte,-29.612794553152003,60.38720544684799,1000
eoh,-48.50239096396294,48.49760903603706,1000
ind,-89.8605042930318,56.139495706968205,1000
tic,-47.350636255056884,7.649363744943113,1000
uzg,-60.24341487661347,73.75658512338653,1000
rfo,-83.0804463879465,23.91955361205351,1000
dlf,-36.97983803296197,79.02016196703802,1000
bjm,-41.594878207475304,9.405121792524698,1000
get,-78.16355984275575,25.836440157244247,1000
tvq,-9.661325586489975,78.33867441351002,1000
nfl,-1.3838223626007444,50.616177637399254,1000
qqo,-12.36537923522639,5.634620764773609,1000
gre,-57.252965317338244,46.747034682661756,1000
ntf,-40.37691282030871,26.623087179691293,1000
ace,-11.450741797778793,7.549258202221207,1000
jzg,-56.21517983857107,59.78482016142893,1000
aki,-77.57400498027944,88.42599501972056,1000
slk,-54.40189100748641,51.59810899251359,1000
qwm,-97.43689548841145,80.56310451158855,1000
ibm,-50.711952447396655,88.28804755260335,1000
eit,-77.61991845479606,54.38008154520394,1000
wus,-81.55664908767906,77.44335091232094,1000
rbl,-16.466175541739585,19.533824458260415,1000
ujt,-15.115514541690477,45.88448545830952,1000
swo,-42.04995034643399,51.95004965356601,1000
iql,-53.88456094780188,72.11543905219813,1000
lgt,-20.49962692137293,78.50037307862708,1000
zug,-85.58665050435204,17.413349495647957,1000
qjc,-69.7829217681497,54.2170782318503,1000
ajz,-71.72517198748761,73.27482801251239,1000
sgy,-48.81155271553014,48.18844728446986,1000
crt,-69.40788570205346,0.5921142979465356,1000
lsz,-18.075997509279986,59.924002490720014,1000
apt,-65.2452052944264,42.754794705573595,1000
bdd,-48.26870586870889,91.73129413129111,1000
doj,-19.673535441233227,13.326464558766773,1000
aix,-51.46125271281686,77.53874728718314,1000
kul,-58.353939310819406,52.646060689180594,1000
pno,-87.48703018171207,27.51296981828793,1000
vcz,-12.749563604338315,78.25043639566168,1000
wqj,-41.11249035202071,42.88750964797929,1000
wao,-96.45556101300046,88.54443898699954,1000
ktv,-41.05605972993441,5.94394027006559,1000
rwj,-35.5308542876239,75.4691457123761,1000
fnj,-96.04251393569797,4.957486064302035,1000
tki,-89.28014123952251,14.71985876047749,1000
ayw,-40.97976309591545,32.02023690408455,1000
chw,-45.382387824298256,38.617612175701744,1000
iww,-8.125527325623414,62.874472674376584,1000
ghb,-29.65905167878335,98.34094832121666,1000
fzk,-82.80212183035931,81.19787816964069,1000
doq,-49.74622073996225,87.25377926003775,1000
htj,-67.26030529805543,52.73969470194457,1000
mbu,-54.37751489856947,49.62248510143053,1000
pva,-72.14727285936964,43.85272714063036,1000
slq,-30.338065869854542,15.66193413014546,1000
xjl,-72.36073722664644,95.63926277335356,1000
oqj,-14.092197809346978,44.90780219065302,1000
cqv,-23.770705841733225,41.229294158266775,1000
kzd,-51.09838655968734,24.901613440312655,1000
lao,-89.96123060363632,61.038769396363676,1000
dsb,-61.207071017827204,62.792928982172796,1000
ivv,-42.981549994788764,85.01845000521124,1000
qlk,-19.291046644906725,84.70895335509327,1000
pwt,-48.723104609311356,82.27689539068864,1000
ijd,-10.169001976907118,12.830998023092882,1000
ufo,-4.78121451758269,77.21878548241732,1000
nkx,-18.969398414810044,58.030601585189956,1000
szz,-33.878161946143415,81.12183805385659,1000
ljf,-48.612327248198895,30.3876727518011,1000
nha,-87.80378934347,24.196210656529992,1000
aeb,-74.22940614082252,23.77059385917748,1000
yzg,-79.9646451194145,49.03535488058551,1000
cfz,-55.07603086389253,91.92396913610747,1000
ssp,-30.613840975477693,24.386159024522307,1000
bsu,-41.40053528063098,53.59946471936902,1000
xyt,-76.57728840641299,33.42271159358701,1000
ovz,-15.742295380565452,48.25770461943455,1000
geh,-92.47838190112817,67.52161809887183,1000
ouh,-71.51163939605729,6.488360603942705,1000
kpx,-96.57793778879667,67.42206221120333,1000
hqp,-41.500181377921926,26.499818622078077,1000
rns,-83.70598280693552,14.294017193064477,1000
rfu,-47.80292851882512,54.19707148117488,1000
dog,-33.712130239111815,85.28786976088819,1000
xmd,-20.768380150765225,57.231619849234775,1000
itc,-74.1413801195024,65.8586198804976,1000
nmm,-12.34431467214612,23.655685327853877,1000
vgx,-76.25369705233283,77.74630294766717,1000
mxw,-30.824707860690097,53.1752921393099,1000
uun,-48.209085383692866,5.790914616307137,1000
bxg,-86.92560120430942,67.07439879569058,1000
xcc,-47.64655595573294,62.35344404426706,1000
req,-80.49593381013591,48.50406618986409,1000
sqz,-77.19306184360428,62.80693815639572,1000
edj,-73.65992802974763,60.34007197025237,1000
mic,-70.90556404901922,94.09443595098078,1000
ewd,-97.2408546073796,39.759145392620404,1000
ywx,-16.105200175067647,17.894799824932353,1000
sik,-47.985764332311504,67.0142356676885,1000
mwv,-94.08438937822686,74.91561062177314,1000
odi,-86.88775760544408,71.11224239455592,1000
nqa,-44.526498436153084,78.47350156384692,1000
amz,-83.01638282289811,26.98361717710189,1000
coc,-18.727798590035558,10.272201409964442,1000
sfc,-52.920386202354294,11.079613797645706,1000
xwd,-82.32982043280103,73.67017956719897,1000
plu,-89.52248436765531,31.477515632344687,1000
hhk,-16.568273456931873,85.43172654306812,1000
pal,-37.36012721657271,57.63987278342729,1000
lxz,-68.65824716340464,23.341752836595365,1000
jiq,-31.545735738861094,59.4542642611389,1000
eyn,-47.910921514723064,51.089078485276936,1000
hox,-39.171691805414675,64.82830819458533,1000
xny,-89.26016648388575,44.73983351611424,1000
sqc,-47.43318477848493,47.56681522151507,1000
gan,-20.341703908011787,15.658296091988214,1000
hja,-47.39497904428822,91.60502095571178,1000
xwy,-39.3641607351024,80.6358392648976,1000
yrn,-38.010281498963025,29.989718501036975,1000
rbi,-7.640053699793653,10.359946300206348,1000
bqe,-9.220612355293735,85.77938764470626,1000
fxe,-52.77821592894182,14.221784071058185,1000
dfn,-64.80537503219202,22.19462496780799,1000
var,-81.98692829040111,39.0130717095989,1000
oxk,-79.13604461461601,96.86395538538399,1000
sjy,-93.59715932264818,33.402840677351826,1000
gpc,-69.29005958311308,97.70994041688692,1000
dgn,-87.3174560362543,65.6825439637457,1000
dah,-69.17447409558167,67.82552590441833,1000
gmj,-59.91389248303896,56.08610751696104,1000
ofh,-12.434359589239374,80.56564041076062,1000
wgt,-29.963030267342617,28.036969732657383,1000
cat,-46.835388234723666,61.164611765276334,1000
szo,-97.87091965984612,28.12908034015388,1000
agh,-50.447494119614156,5.552505880385843,1000
ror,-0.9766345326276631,63.02336546737234,1000
uyn,-82.48364119199242,82.51635880800758,1000
jlt,-71.46988207800729,65.53011792199271,1000
oks,-52.18147091902981,51.81852908097019,1000
fzl,-36.195660010685536,20.804339989314467,1000
qzj,-26.22784488320562,59.77215511679438,1000
jps,-3.5290291438292094,44.470970856170794,1000
xld,-41.68519598521813,9.31480401478187,1000
joi,-49.557243327155945,39.442756672844055,1000
wgv,-73.65501283357608,6.3449871664239215,1000
jwe,-43.403504412942205,41.596495587057795,1000
yrq,-78.34385347139651,74.65614652860349,1000
orp,-71.72704261987357,34.27295738012642,1000
tlk,0.8752508719680234,88.87525087196802,1000
mdv,-14.57966622632184,73.42033377367817,1000
qce,-55.20464561239551,98.79535438760449,1000
ycd,-75.6407236568616,80.3592763431384,1000
wny,-38.75222718808442,32.24777281191558,1000
tad,-47.33948982727604,94.66051017272396,1000
wzp,-35.49354817462143,81.50645182537856,1000
myy,-2.9630561795849544,47.03694382041505,1000
laf,-90.76705473371003,30.232945266289978,1000
chp,-58.9464047659797,72.05359523402029,1000
pep,-81.83672987877539,56.16327012122461,1000
qds,-48.225518173289984,80.77448182671002,1000
yma,-66.35324112174045,22.64675887825955,1000
roo,-13.063246996100332,82.93675300389967,1000
xio,-40.956779310895826,85.04322068910417,1000
rfl,-1.813327104493581,62.18667289550642,1000
ezk,-47.406096445570405,81.5939035544296,1000
kbd,-90.30525484424759,89.69474515575241,1000
iih,-52.17438664159681,30.82561335840319,1000
taw,-31.938109736153827,65.06189026384618,1000
izn,0.938809562364522,62.93880956236452,1000
exw,-78.02092931598177,84.97907068401823,1000
siy,-37.34560929816002,61.65439070183998,1000
lio,-87.9769911798666,44.023008820133406,1000
wjf,-43.693729746696626,73.30627025330338,1000
gnp,-96.59120039184302,21.408799608156986,1000
ocz,-91.68059274449108,92.31940725550892,1000
ppy,-72.10243624963246,64.89756375036754,1000
udy,-67.5003286643658,34.4996713356342,1000
wnz,-65.68959778163989,20.310402218360107,1000
kss,-86.66228712918625,71.33771287081375,1000
phu,-20.722830811457097,85.2771691885429,1000
jej,-95.98047938506907,52.019520614930926,1000
ccn,-78.89095921539582,67.10904078460418,1000
mzi,-15.743483093189267,45.25651690681073,1000
poq,-97.81305379530016,62.18694620469983,1000
ddh,-45.10345864207719,32.89654135792281,1000
lid,-81.02114129769207,24.978858702307935,1000
srn,-21.411253046880045,46.58874695311995,1000
fus,-66.96567597207839,90.03432402792161,1000
tei,-35.34477201272858,66.65522798727142,1000
zjy,-43.98237101323074,60.01762898676926,1000
rlz,-52.084254480087964,72.91574551991204,1000
ton,-50.42144658951733,68.57855341048267,1000
jpx,-26.766035899831834,98.23396410016817,1000
zfs,-56.203771908648264,39.796228091351736,1000
tci,-11.193866432881556,1.8061335671184446,1000
mia,-49.46270222972888,21.537297770271113,1000
ydt,-3.556041322469093,72.4439586775309,1000
tbw,-76.00128393951485,42.99871606048515,1000
ddb,-71.3792790425115,26.620720957488498,1000
tlu,-69.58954866709132,35.41045133290867,1000
pdg,-20.210791547939667,26.789208452060333,1000
utg,-31.49038498166783,59.50961501833217,1000
krk,0.2133854802727061,79.2133854802727,1000
che,-78.9670539759178,7.0329460240822,1000
mfb,-3.9791379750285305,26.020862024971468,1000
jby,-79.51527135322702,85.48472864677298,1000
eac,-86.21242002861533,41.78757997138468,1000
abb,-22.90258355672881,22.09741644327119,1000
uyu,-65.92917555355997,17.07082444644003,1000
kmf,-46.68553053649167,51.31446946350833,1000
jtm,-71.26292707982833,35.73707292017167,1000
gnk,-17.676405666619626,58.32359433338038,1000
rxk,-83.15468623871033,35.845313761289674,1000
qwd,-89.73096468698799,73.26903531301201,1000
vmn,-65.9498950186572,0.05010498134279662,1000
owe,-66.2241383337143,62.77586166628571,1000
eyy,-97.53374689406097,54.466253105939025,1000
htg,-23.135672973613488,19.864327026386512,1000
dqh,-3.9780581567272946,50.02194184327271,1000
qvo,-23.255298211517474,48.74470178848252,1000
rio,-73.12492179287995,80.87507820712005,1000
dcu,-27.230767325009598,1.7692326749904033,1000
xcj,-14.092444331705005,98.90755566829499,1000
bwt,-6.386628013026374,70.61337198697363,1000
tol,-65.82974383603734,75.17025616396266,1000
ehn,-53.3540681293712,18.6459318706288,1000
zds,-74.20241831054001,61.79758168945999,1000
pdi,-40.98570387036065,94.01429612963935,1000
tvg,-17.742069562915695,60.257930437084305,1000
ltl,-30.05166874680686,35.94833125319314,1000
vyp,-20.882061074414167,98.11793892558583,1000
wio,-83.35397137074393,22.64602862925607,1000
deb,-75.19554383207041,51.80445616792959,1000
gyr,-2.8680128752259675,90.13198712477403,1000
tcu,-15.770512676218729,34.22948732378127,1000
jix,-1.9126844071846425,75.08731559281536,1000
zpu,-8.560725299570452,20.439274700429547,1000
iet,-92.94844183892492,52.05155816107507,1000
qqd,-12.675321214832849,65.32467878516715,1000
jmw,-60.90472308149243,5.095276918507574,1000
ggw,-92.10401252223353,26.89598747776647,1000
slq,-97.9413217451932,22.058678254806797,1000
vwv,-11.460126607367929,39.539873392632074,1000
vdk,-18.6329603187838,66.3670396812162,1000
mcx,-40.8250129352123,78.1749870647877,1000
tuk,-26.784451900989495,52.215548099010505,1000
cpd,-26.15908625948389,28.84091374051611,1000
ojl,-29.086610366468744,83.91338963353125,1000
ptw,-24.155024473249753,54.84497552675025,1000
ght,-34.855202115039475,23.14479788496053,1000
fyb,-38.715658000664426,60.284341999335574,1000
jeb,-95.16465881600818,2.835341183991811,1000
kql,-24.75287925772514,56.24712074227486,1000
rfw,-79.33193511532095,1.6680648846790582,1000
nbu,-62.41059130612473,74.58940869387527,1000
wyy,-1.935540648860888,97.0644593511391,1000
hhw,-53.837880164280435,92.16211983571957,1000
xpi,-12.134926365826447,52.865073634173555,1000
blg,-55.634774302763674,90.36522569723633,1000
oev,-82.77991777657839,74.22008222342161,1000
xgf,-47.53370127228047,14.466298727719533,1000
vld,-48.422554396012245,76.57744560398775,1000
mpl,-72.96767857118088,92.03232142881912,1000
udv,-10.129472463739777,60.87052753626023,1000
ivf,-29.681480107500576,32.318519892499424,1000
axe,-10.495560662279644,26.504439337720356,1000
fjk,-52.92253384378028,67.07746615621971,1000
qhf,-29.03075458315605,7.969245416843951,1000
nxd,-7.559934923978248,61.44006507602175,1000
bro,-30.2547899532489,81.7452100467511,1000
ejk,-60.837456579187034,12.162543420812968,1000
eix,-69.13201482271363,3.8679851772863723,1000
btr,-71.32993554278744,54.67006445721257,1000
hgl,-38.370405097855354,11.629594902144648,1000
drf,-56.06485948692401,9.93514051307599,1000
rzp,-12.987110659090296,46.0128893409097,1000
cmy,-39.16723852877505,11.832761471224947,1000
icj,-26.653705000943972,56.34629499905603,1000
gxj,-77.4726951256358,25.527304874364198,1000
fli,-73.77809660212691,22.22190339787309,1000
ezd,-83.32218197537743,54.67781802462257,1000
jie,-75.75766884408043,46.24233115591957,1000
bfa,-58.994358002331225,83.00564199766877,1000
bdr,-15.275751343007093,77.72424865699291,1000
gvy,-53.736343091547845,25.263656908452152,1000
mcp,-11.211633326232135,76.78836667376787,1000
tia,-3.0966193347857063,50.90338066521429,1000
pvz,-0.23959559834218525,91.76040440165781,1000
rct,-53.07867968428721,75.92132031571279,1000
iyb,-32.96429221436105,19.03570778563895,1000
ehq,-1.1303660081651987,86.8696339918348,1000
raa,-76.66365144843182,38.33634855156818,1000
pwx,-93.99707056900348,28.002929430996513,1000
bdp,-5.34623551439266,89.65376448560734,1000
rex,-34.734840274109345,58.265159725890655,1000
niu,-18.335236907071017,7.664763092928982,1000
vje,-53.20761933403034,83.79238066596966,1000
ugh,-69.00119894893345,90.99880105106655,1000
euv,-18.97402340620892,44.02597659379108,1000
eww,-46.161571669819686,85.8384283301803,1000
ona,-96.61939203561754,53.38060796438246,1000
hkx,-90.78549647682155,77.21450352317845,1000
nxz,-77.14385650431153,43.85614349568847,1000
fwb,-78.56987380081469,43.43012619918531,1000
rjs,-70.98419971972884,85.01580028027116,1000
bxg,-78.53864423903025,16.46135576096976,1000
cxz,-92.15081331848171,1.849186681518288,1000
tsp,-66.39018933708195,70.60981066291805,1000
uso,-29.517469751793687,58.48253024820631,1000
ocm,-3.9109301116291713,80.08906988837083,1000
rbl,-16.541778218919678,44.45822178108032,1000
zoi,-60.74287964388774,56.25712035611226,1000
ibo,-4.217649661441249,78.78235033855876,1000
uvi,-67.41143323044186,14.588566769558142,1000
vgm,-93.27308168610675,75.72691831389325,1000
ukm,-34.22753129140712,14.772468708592884,1000
uxu,-57.59393634644898,97.40606365355103,1000
fnz,-49.36851572639162,70.63148427360838,1000
gbf,-47.46977238664375,28.530227613356253,1000
gnm,-58.40040428746362,95.59959571253637,1000
rwl,-8.62970928293321,78.3702907170668,1000
gkk,-63.163407233780504,44.836592766219496,1000
vna,-51.40056128773501,8.599438712264993,1000
mka,-46.67981939861651,65.3201806013835,1000
afb,-77.83015270813131,57.1698472918687,1000
ttf,-4.422339200116473,75.57766079988353,1000
yqb,-65.5305228807953,82.4694771192047,1000
has,-65.84388444125274,0.1561155587472668,1000
usw,-71.84099411499827,63.15900588500173,1000
hgb,-42.63511308825255,47.36488691174745,1000
zdp,-92.13535494137702,22.864645058622983,1000
ikp,-25.740342694967392,0.259657305032607,1000
nun,-89.00522246015488,80.99477753984512,1000
vxn,-59.696785786834546,68.30321421316546,1000
hmx,-84.24293255967301,33.757067440327,1000
rfw,-97.92655155928637,70.07344844071363,1000
mut,-59.2714701396311,63.7285298603689,1000
ljt,-49.332585789411475,22.66741421058853,1000
hcc,-37.10571364936753,71.89428635063247,1000
lgk,-33.06161525040905,49.93838474959095,1000
bwm,-53.373152028720796,23.626847971279204,1000
oqm,-29.980108296188092,45.01989170381191,1000
hks,0.26564382438450307,53.265643824384505,1000
nge,-14.6129398194231,66.3870601805769,1000
ari,-14.779558568338791,26.22044143166121,1000
hgu,-42.87717188675713,63.12282811324287,1000
zzy,-70.26064913423677,97.73935086576323,1000
ioy,-97.83873398620213,59.16126601379787,1000
rmn,-67.33846648214417,56.66153351785583,1000
lvt,-95.29292863644378,44.70707136355623,1000
pwp,-94.19688183810614,89.80311816189386,1000
azx,-66.46508975389361,55.5349102461064,1000
haa,-4.429340544355714,36.57065945564428,1000
fbz,-11.915781104908888,9.084218895091112,1000
fwv,-16.537677263191586,20.462322736808414,1000
qyk,-69.42068380514775,52.579316194852254,1000
wmh,-2.2626448398769865,69.73735516012302,1000
aut,-29.292168019987596,47.70783198001241,1000
qqs,-82.47143793431093,87.52856206568907,1000
bsj,-12.609553172890756,92.39044682710924,1000
anm,-52.632756195424925,71.36724380457508,1000
jdn,-87.93954797596446,45.06045202403555,1000
ulb,-75.96636284961492,59.03363715038508,1000
oyw,-35.62424772880912,73.37575227119088,1000
asr,-30.458984366964316,64.54101563303568,1000
pnk,-72.72629312186835,5.273706878131646,1000
yxh,-7.0564326538422595,10.94356734615774,1000
arp,-11.931381704730326,53.06861829526967,1000
quu,-14.776534149188029,48.22346585081197,1000
grm,-43.470578384597594,43.529421615402406,1000
bwl,-53.46446143977543,53.53553856022457,1000
kul,-23.56321221442293,31.43678778557707,1000
xtf,-3.858715364739126,81.14128463526087,1000
lkg,-83.43594249440173,33.56405750559827,1000
dsp,-71.25603465033772,88.74396534966228,1000
ymx,-74.02243856138085,48.97756143861915,1000
zge,-55.171577838589194,2.828422161410805,1000
rte,-25.55744678226882,47.44255321773118,1000
noi,-97.777288907937,85.222711092063,1000
zqm,-48.68713612012148,38.31286387987852,1000
zqa,-67.73620997160413,97.26379002839587,1000
uru,-24.139599107998546,17.860400892001454,1000
yrf,-25.05628120947349,32.94371879052651,1000
koj,-40.20512651016362,47.79487348983638,1000
lky,-51.6138992778092,24.3861007221908,1000
zrq,-32.63066680992312,87.36933319007687,1000
xqr,-52.36427433175105,56.63572566824895,1000
zcy,-63.91564713162364,29.084352868376357,1000
aoi,-46.089374482557574,98.91062551744243,1000
ohj,-29.91208572597601,77.08791427402399,1000
spi,-44.49756623045016,98.50243376954984,1000
zax,-35.028534466074916,93.97146553392508,1000
phm,-2.0099438919907615,5.990056108009238,1000
wgv,-7.107383072592108,52.89261692740789,1000
kew,-63.47253176973863,68.52746823026136,1000
lgy,-82.14773006552501,56.85226993447499,1000
xnu,-48.16829140881377,28.831708591186224,1000
xyf,-34.5247543191754,58.4752456808246,1000
jdp,-95.21890014705244,85.78109985294756,1000
xba,-64.82894994017781,67.17105005982219,1000
xtn,-82.61801789887916,65.38198210112084,1000
urj,-31.619301628116272,58.38069837188373,1000
xlp,-82.8469679543711,97.1530320456289,1000
sfr,-2.6020579735292118,82.39794202647079,1000
iwd,0.05515720859660567,74.05515720859661,1000
fgd,-1.051668023145697,93.9483319768543,1000
ylj,-2.6122307471242068,2.3877692528757932,1000
erj,-82.13020463488576,38.86979536511425,1000
wbq,-71.49229576802222,11.507704231977788,1000
vey,-75.53383029632863,51.466169703671376,1000
mql,-66.25049342530694,81.74950657469306,1000
shb,-38.640388378322506,89.35961162167749,1000
yyp,-21.717018372739872,0.2829816272601271,1000
fzn,-37.90641746528617,85.09358253471383,1000
jye,-92.18198754322174,87.81801245677826,1000
zln,-24.040951919191734,80.95904808080826,1000
yqh,-14.006865474917507,90.9931345250825,1000
lwk,-27.792835458894125,85.20716454110588,1000
gqy,-3.8867125092980523,23.113287490701946,1000
tec,-81.59793253325168,7.402067466748315,1000
oai,-97.08901446008723,23.910985539912776,1000
knl,-61.23464109182501,65.76535890817499,1000
ydo,-2.5932135782159094,19.40678642178409,1000
uye,-12.946076087079533,28.053923912920467,1000
hcm,-78.63633732058035,29.363662679419647,1000
qod,-11.406498088486744,55.59350191151326,1000
tgg,-48.39541401279821,86.60458598720179,1000
ike,-49.732699510554156,49.267300489445844,1000
vsf,-31.501293538556936,59.498706461443064,1000
wjt,-6.443755534351913,77.55624446564809,1000
jwf,-1.0109848584985595,42.98901514150144,1000
lxm,-61.800838201803266,78.19916179819673,1000
bke,-61.687461659027626,56.312538340972374,1000
csz,-86.96022146577099,87.03977853422901,1000
zga,-3.7354461324922323,88.26455386750777,1000
rmq,-73.28440811964258,67.71559188035742,1000
pjo,-39.570939439626876,37.429060560373124,1000
grj,-25.608569781029974,30.391430218970026,1000
uzi,-63.31819115879301,23.68180884120699,1000
sia,-33.6771912295372,4.3228087704627995,1000
lrc,-17.275198283008535,56.724801716991465,1000
xod,-74.50619231811463,67.49380768188537,1000
rsi,-57.17802341658946,10.821976583410539,1000
emk,-5.186774290985405,57.813225709014596,1000
ahq,-29.677811159734308,79.3221888402657,1000
ced,-89.27276766503952,6.727232334960476,1000
awz,0.5523827330948297,54.55238273309483,1000
igx,-69.961880327179,36.038119672821,1000
sqa,-5.749424971876872,46.25057502812313,1000
hty,-40.26389964409761,92.73610035590238,1000
enc,-81.4501197490797,19.549880250920292,1000
ejf,-26.5849464380643,54.4150535619357,1000
zrx,-20.42331788128595,21.57668211871405,1000
ezg,-78.23479952970904,77.76520047029096,1000
cbr,-59.360966593016244,88.63903340698376,1000
syf,-95.58658569622726,12.41341430377274,1000
puq,-1.6621347976741858,56.337865202325816,1000
qpp,-76.01275099772396,24.987249002276045,1000
eia,-57.36634727976397,22.633652720236025,1000
cuc,-6.247891480964586,66.75210851903542,1000
fmw,-16.6500031934805,11.3499968065195,1000
hms,-8.310836262986482,86.68916373701352,1000
wgy,-57.67135497631478,51.32864502368522,1000
xbl,-44.42506858766957,25.574931412330425,1000
pqh,-59.719718527313944,12.28028147268606,1000
mgq,-11.19179098334018,39.80820901665982,1000
vdc,-16.99251340118279,3.00748659881721,1000
gnj,-6.252284687642656,83.74771531235734,1000
iax,-20.618864149374485,57.38113585062552,1000
pmy,-97.97587260044803,42.02412739955197,1000
vdv,-8.566416673931359,59.43358332606864,1000
kyg,-17.515673798670772,39.484326201329225,1000
xjv,-3.1455850928996063,61.85441490710039,1000
tiu,-66.39793004266483,32.602069957335175,1000
ttb,-89.42429813535054,17.575701864649456,1000
zjr,-67.35874987852684,20.641250121473163,1000
ifw,-66.35658779410493,77.64341220589507,1000
ivc,-90.67960766995148,74.32039233004852,1000
mfc,-3.1149579689939695,64.88504203100604,1000
yrb,-50.623302394924025,55.376697605075975,1000
zdv,0.7780453399379941,90.77804533993799,1000
opw,0.9218928239463019,23.9218928239463,1000
sho,-64.01161206777456,42.98838793222543,1000
gic,-36.53245036802275,68.46754963197725,1000
vxm,-48.60233717877186,81.39766282122814,1000
yiw,-43.118726225120234,78.88127377487977,1000
nzb,-79.71807340882968,27.281926591170315,1000
mhp,-31.625536495225603,2.374463504774396,1000
ldy,-78.94288153163431,92.05711846836569,1000
kck,-26.519422465661435,51.480577534338565,1000
fme,-39.980387795111405,66.01961220488859,1000
vcg,-63.61421780046503,21.38578219953497,1000
rjb,-53.30139586590158,69.69860413409842,1000
iqg,-93.24766447082125,75.75233552917875,1000
xvb,-94.554520792402,25.445479207598,1000
vif,-93.41077840134093,75.58922159865907,1000
tnc,-4.34401969265412,10.65598030734588,1000
rwe,-55.49315205571451,48.50684794428549,1000
mge,-74.66479363505076,81.33520636494924,1000
whq,-49.980885978678586,28.019114021321414,1000
mhe,-97.69259708201464,12.307402917985355,1000
onj,-96.69448405540214,16.305515944597857,1000
eyz,-47.61755210345308,12.38244789654692,1000
ubp,-77.92824199735998,36.071758002640024,1000
xck,-45.56884398895947,87.43115601104053,1000
xum,-55.0974216694611,19.9025783305389,1000
adm,-11.664001577198809,96.3359984228012,1000
uar,-3.7914433579543787,65.20855664204562,1000
scr,-14.451027679939596,1.548972320060403,1000
mxa,-24.46745173932184,16.53254826067816,1000
xtk,-74.98376614823337,67.01623385176663,1000
zic,-5.827614300021477,0.17238569997852382,1000
wpv,-80.16022535964787,40.83977464035213,1000
wft,-2.879377066987952,46.12062293301205,1000
ksk,-79.56971973211671,42.43028026788328,1000
uar,-71.85438522815994,77.14561477184006,1000
ewa,-28.950057877807286,6.049942122192714,1000
mhi,-57.398972244933894,84.6010277550661,1000
azc,-13.34251680558875,32.65748319441125,1000
xbn,-13.448933345497727,42.55106665450227,1000
qgd,-63.124198482270025,54.875801517729975,1000
uum,-43.88362171298923,91.11637828701078,1000
ahe,-4.13337034885648,6.86662965114352,1000
kwt,-22.54016331822306,7.459836681776941,1000
cpp,-47.217589721595445,96.78241027840456,1000
fqw,-76.22845148194567,58.77154851805433,1000
hgg,-27.23927489934314,10.76072510065686,1000
bsv,-43.29410705468843,57.70589294531157,1000
cdv,-35.71628646308139,96.28371353691861,1000
ovt,-45.155362607779935,95.84463739222006,1000
cyf,-53.743729169915895,43.256270830084105,1000
zjw,-48.738750022625815,52.261249977374185,1000
oop,-17.538564385330442,54.46143561466956,1000
lhv,-59.96435620387716,85.03564379612284,1000
cqy,-39.63150879378249,89.36849120621751,1000
rsg,-64.74732368796576,77.25267631203424,1000
hgx,-17.739606354981472,20.260393645018528,1000
wsx,-16.6382675016299,24.3617324983701,1000
wal,-89.24072686435194,4.759273135648058,1000
myh,-31.19148069139859,56.80851930860141,1000
wzz,-26.925932275749734,1.074067724250265,1000
rmp,-55.71927651244303,47.28072348755697,1000
vkn,-44.6414565545551,53.3585434454449,1000
ofw,-85.4286496123589,52.571350387641104,1000
cgx,-91.56406317826035,38.43593682173965,1000
vbf,-62.221165405650616,22.778834594349387,1000
wai,-12.992527856994062,34.00747214300594,1000
dwd,-17.807755523030078,20.192244476969922,1000
mvi,-46.92727621062073,50.07272378937927,1000
jnf,-6.728082498519978,18.271917501480022,1000
mvp,-37.46388938070526,49.53611061929474,1000
qaw,-77.23383794314898,63.766162056851016,1000
pme,-64.82802160865825,4.171978391341756,1000
hiy,-56.794744468245014,5.205255531754987,1000
vkv,-34.51903075276309,46.48096924723691,1000
spn,-30.153475168978687,95.84652483102131,1000
vnj,-24.340357330830205,91.6596426691698,1000
lmw,-10.1753229404455,3.8246770595544994,1000
vpg,-68.51334296735125,20.48665703264875,1000
usk,-71.93319341992631,59.066806580073695,1000
bpl,-56.66481379433857,78.33518620566143,1000
gpi,-27.67296152504709,88.32703847495291,1000
hfl,-66.08880282420888,84.91119717579112,1000
oom,-74.69700342898562,62.30299657101437,1000
vzr,-17.773184739616315,3.226815260383685,1000
pmc,-8.568306766156125,10.431693233843875,1000
cll,-84.995237386884,13.004762613116005,1000
yqt,-40.83606285600138,13.163937143998622,1000
uki,-67.4961124310046,75.5038875689954,1000
jij,-95.10830569629854,55.89169430370145,1000
ger,-28.259924173698497,60.7400758263015,1000
nkg,-30.55463317565964,84.44536682434035,1000
vvo,-73.54966168955079,93.45033831044921,1000
bpa,-72.23524324664979,22.764756753350216,1000
pxs,-8.948505861928664,23.051494138071337,1000
uci,-20.06941791264407,73.93058208735593,1000
rlq,-3.3095703442999955,64.6904296557,1000
trt,-27.812456706329144,31.187543293670856,1000
yqr,-52.04995735044867,31.950042649551328,1000
ndt,-52.63529146035487,34.36470853964513,1000
lct,-0.8330762671743567,58.166923732825644,1000
arb,-67.86568626894295,72.13431373105705,1000
zef,-9.582296709735282,92.41770329026473,1000
juc,-34.93720105382337,46.06279894617663,1000
iaq,-17.949777537432475,42.050222462567525,1000
iva,-80.70998501954503,79.29001498045497,1000
itc,-72.95649915161935,68.04350084838065,1000
gyx,-72.3385485941208,25.66145140587921,1000
ykd,-56.60869077909746,64.39130922090254,1000
zyc,-84.97366117194521,69.02633882805479,1000
keg,-5.643930459051851,26.35606954094815,1000
gxk,-65.36023668688657,14.63976331311344,1000
dsc,-41.01939575384598,31.980604246154023,1000
lqx,-32.60404592098582,71.39595407901417,1000
ulh,-37.68848868605154,31.31151131394846,1000
uuh,-83.27426830533582,47.72573169466418,1000
rgz,-77.06203440181073,44.937965598189265,1000
ecn,-80.76311528930195,58.23688471069806,1000
dgt,-57.91268341237287,29.087316587627132,1000
mop,-53.681201246358654,18.318798753641342,1000
sri,-30.02081751115856,64.97918248884145,1000
mwn,-15.094898406764914,62.90510159323509,1000
dkq,-52.24277667981626,91.75722332018374,1000
fzx,-4.448684597562005,86.551315402438,1000
ntg,-8.963506565856337,3.0364934341436634,1000
rnl,-74.09819420623202,49.90180579376797,1000
lmr,-27.451133650992233,88.54886634900777,1000
kxi,-94.83814370136955,4.161856298630447,1000
qjx,-84.79503273545254,82.20496726454746,1000
ton,-0.7018501572901586,69.29814984270985,1000
gav,-73.60945196795748,32.390548032042524,1000
jdr,-37.50786762591714,39.49213237408286,1000
rgc,-56.38338847347349,2.6166115265265155,1000
mxd,0.1752175641653586,15.175217564165358,1000
aws,-79.6742376723291,51.325762327670894,1000
fsg,-2.0713533740927774,58.92864662590722,1000
fzl,-66.26816549344379,63.73183450655621,1000
xxy,-49.91662318128277,41.08337681871723,1000
mgv,-38.466086822185645,74.53391317781436,1000
wrk,-2.9148802894679697,84.08511971053203,1000
wqc,-74.12548353146212,74.87451646853788,1000
vvd,-26.118550313750685,37.88144968624932,1000
jjf,-8.540315611596062,24.459684388403936,1000
api,-67.10630582152102,46.89369417847898,1000
ncd,-80.17347764550911,63.8265223544909,1000
mso,-43.08434654883272,3.9156534511672767,1000
rpz,-28.429658545231714,52.57034145476828,1000
nrx,-33.66386872071233,24.33613127928767,1000
zff,-4.8641271695274275,3.135872830472573,1000
nzn,-42.7037930529561,77.2962069470439,1000
mzk,-78.24168119136199,66.75831880863801,1000
bju,-4.237427999972069,47.76257200002793,1000
fkj,-17.925622508233797,10.074377491766203,1000
fjj,-16.04626484032302,49.95373515967698,1000
ckf,-70.4760357135258,62.5239642864742,1000
nwm,-74.26844475730663,3.7315552426933696,1000
shf,-96.89035113137622,19.109648868623783,1000
kty,-71.80519117921293,20.194808820787074,1000
olx,-3.2098668070994147,90.79013319290058,1000
ypf,-42.73624286667632,18.263757133323683,1000
avd,-68.1632603739286,96.8367396260714,1000
yjx,-19.80787070641268,28.19212929358732,1000
jjw,-35.46377391978254,25.536226080217464,1000
naf,-33.92536557843813,54.07463442156187,1000
yso,-7.073833749055085,71.92616625094492,1000
nij,-24.239118136052173,29.760881863947827,1000
iae,-88.0654735707005,17.934526429299492,1000
efj,-79.082844155295,62.91715584470499,1000
ron,-54.959907011593266,57.040092988406734,1000
ooc,-43.76644230628785,85.23355769371216,1000
uwu,-51.79363819828029,32.20636180171971,1000
skd,-92.50181866020446,49.49818133979553,1000
woy,-32.841354468712225,60.158645531287775,1000
skd,-79.96909830572002,29.03090169427998,1000
dpi,-11.091781396547846,61.908218603452156,1000
hqj,-27.15515567999343,80.84484432000657,1000
hus,-55.65848243860949,65.3415175613905,1000
oba,-4.890420530638303,47.1095794693617,1000
byz,-52.13928227424425,44.86071772575575,1000
plu,-6.51548384959399,97.48451615040601,1000
cdz,-85.40647428200704,2.5935257179929563,1000
gqq,-28.142219786941304,21.857780213058696,1000
kmn,-58.74788124853028,53.25211875146972,1000
qfw,-46.27725854921467,87.72274145078534,1000
saw,-62.93907483899628,24.060925161003723,1000
buw,-45.90352665027885,64.09647334972115,1000
hco,-95.96118350761529,80.03881649238471,1000
fys,-1.8613734200875194,6.138626579912481,1000
bmb,-58.6493294177979,41.3506705822021,1000
aqv,-51.19268226186989,46.80731773813011,1000
lvx,-84.79663012396534,2.203369876034664,1000
erm,-24.288467974656285,73.71153202534371,1000
lab,-31.677501376902203,45.3224986230978,1000
xof,-3.8647784630007704,88.13522153699923,1000
bgj,-10.377461848770844,54.62253815122916,1000
abe,-6.154893099858452,54.845106900141545,1000
uky,-89.9611364508562,20.038863549143805,1000
iju,-19.55640299765975,83.44359700234025,1000
hon,-26.59983396428189,7.4001660357181125,1000
dhs,-58.876790608164995,20.123209391835005,1000
ggh,-31.181728307478917,9.818271692521085,1000
isi,-67.57176232666784,47.428237673332156,1000
uki,-97.26379308653019,15.73620691346981,1000
qex,-22.588447229712227,73.41155277028777,1000
ztd,-24.68507091939964,88.31492908060036,1000
mbc,-92.7081397591478,79.2918602408522,1000
caq,-68.11136788533705,68.88863211466295,1000
eoo,-9.393754100613492,54.60624589938651,1000
mym,-75.4202903337308,10.579709666269192,1000
bwk,-71.75910464360862,42.24089535639137,1000
ibc,-3.9314765507098377,38.06852344929016,1000
lpr,-5.46484514357126,73.53515485642873,1000
rlu,-93.25720177920361,16.74279822079639,1000
ckj,-19.625147463365998,60.374852536634,1000
lmw,-66.85471713810095,94.14528286189905,1000
goy,-78.84805693373058,84.15194306626942,1000
flo,-21.316924503645243,38.68307549635475,1000
jfz,-66.36648708575349,69.63351291424651,1000
uqt,-19.279847136112135,23.720152863887865,1000
cot,-30.842523595891723,32.15747640410828,1000
khw,-64.42717499430402,83.57282500569598,1000
aqr,-87.28425383965012,58.71574616034987,1000
sje,-1.4135186527923491,15.58648134720765,1000
wwy,-4.537290692726574,7.462709307273426,1000
dtz,-46.43756412000886,78.56243587999114,1000
uut,-13.916213476724252,39.08378652327575,1000
kkk,-65.83816035253172,22.16183964746828,1000
zgi,-30.091179697768247,54.90882030223175,1000
ahx,-69.10939863245123,47.89060136754877,1000
hcg,-59.287355849001806,77.71264415099819,1000
cek,-62.43033262991782,97.56966737008219,1000
ihx,-10.495597993746404,91.5044020062536,1000
sil,-82.21873635994237,80.78126364005763,1000
qmy,-44.94819027121801,6.0518097287819925,1000
axp,-20.024201272960827,0.9757987270391721,1000
asp,-49.858610076391976,35.141389923608024,1000
yma,-55.35458952001339,7.64541047998661,1000
bcc,-18.32171679381299,49.67828320618701,1000
bgb,-49.58573617844031,85.4142638215597,1000
wrg,-93.22534897519662,73.77465102480338,1000
ueg,-53.828811183135386,10.171188816864612,1000
abq,-41.136253609315595,31.863746390684405,1000
hmb,-53.66628732668795,34.33371267331205,1000
jgw,-84.59746080525743,77.40253919474257,1000
wkd,-35.22473433145422,82.77526566854579,1000
tuy,-11.569693639334483,75.43030636066551,1000
ugs,-13.690899925342684,43.309100074657316,1000
yez,-9.936714694289424,73.06328530571058,1000
dsj,-32.84377370817136,91.15622629182863,1000
xog,-7.696572385308131,8.30342761469187,1000
hnv,-17.280292981855887,93.7197070181441,1000
mgi,-92.7696803058155,44.230319694184494,1000
xjg,-78.3192499861221,56.68075001387789,1000
xte,-1.4439061986241057,16.556093801375894,1000
qrr,-87.44118054692123,70.55881945307877,1000
ysb,-81.59490692367783,66.40509307632217,1000
vht,-50.61507140013455,12.384928599865448,1000
jjq,-62.888680104475384,61.111319895524616,1000
rmj,-64.74459215228177,93.25540784771823,1000
oxx,-72.20519123329062,3.7948087667093824,1000
ont,-6.926935354778134,64.07306464522186,1000
sia,-78.15558079879092,84.84441920120908,1000
cfm,-81.63059516374162,87.36940483625838,1000
ifs,-32.289523996816875,43.710476003183125,1000
eml,-44.46374715616918,25.536252843830823,1000
tly,-44.90786754947776,66.09213245052224,1000
bwr,-94.28425475427595,35.71574524572406,1000
gwx,-48.564950286369914,43.435049713630086,1000
vdd,-29.104449499856823,34.89555050014318,1000
ufs,-8.81745364655862,3.18254635344138,1000
xdy,-55.76828940411349,46.23171059588651,1000
lgr,-25.483302674693945,28.516697325306055,1000
xhy,-0.2094733434006799,67.79052665659933,1000
osl,-66.53860815399803,82.46139184600197,1000
bdn,-53.93460951973295,26.065390480267048,1000
wac,-87.24513461171871,34.754865388281296,1000
ucm,-70.80131551295399,68.19868448704601,1000
kwi,-79.68477639263998,60.31522360736003,1000
qgy,-8.367616423648421,24.63238357635158,1000
arg,-80.2763285351836,35.72367146481641,1000
jhc,-63.174743032023464,20.825256967976532,1000
mor,-75.5254778942002,2.4745221057998013,1000
hdr,-60.966213359208915,12.033786640791085,1000
mmr,-46.39949376814481,92.60050623185519,1000
lwd,-27.63069417675776,29.36930582324224,1000
gyo,-34.807364185586046,25.192635814413954,1000
udi,-24.72420166744249,28.27579833255751,1000
obn,-44.47586457808709,58.52413542191291,1000
keq,-79.30106043449379,90.69893956550621,1000
xoz,-40.64216389843705,3.3578361015629525,1000
gip,-52.55905648235269,19.440943517647316,1000
wjp,-46.270029090820714,53.729970909179286,1000
osd,-27.16998730321418,46.83001269678582,1000
kgc,-18.515313355670536,13.484686644329466,1000
jbq,-51.636983989565174,68.36301601043483,1000
gas,-11.50551028576557,47.49448971423443,1000
qqb,-12.729250320296472,65.27074967970353,1000
prq,-88.22159945936147,91.77840054063853,1000
rlx,-51.1722651457116,91.8277348542884,1000
mjc,-16.416138246542168,63.58386175345783,1000
hzo,-39.00263834158661,2.9973616584133924,1000
wnt,-79.81194527415417,46.18805472584583,1000
nsn,-21.218898444310707,30.781101555689293,1000
juk,-77.00543904280966,75.99456095719034,1000
ajb,-46.83601870187393,67.16398129812607,1000
zfe,-4.564435426387682,10.435564573612318,1000
eoc,-20.679628129975086,66.32037187002491,1000
izg,-12.196093292475334,48.80390670752467,1000
dmx,-82.52984457750686,45.470155422493136,1000
vhe,-31.105296844838733,73.89470315516127,1000
nai,-96.1047341196529,96.8952658803471,1000
tzs,-19.79298742517412,70.20701257482588,1000
rdm,-67.24518111785048,6.7548188821495225,1000
gqj,-14.885490459331002,9.114509540668998,1000
dng,-5.492559887539597,91.5074401124604,1000
juq,-88.52337088980649,51.47662911019352,1000
gtw,-30.457005929767114,15.542994070232885,1000
mof,-8.614127645397556,55.38587235460245,1000
jvn,-68.14025695905742,13.859743040942568,1000
zzb,-54.56087344623148,51.43912655376852,1000
sun,-85.86764708780589,95.13235291219411,1000
ofg,-66.0393985566236,80.9606014433764,1000
ary,-45.077180572734385,17.922819427265612,1000
wfs,-49.44993854254089,0.5500614574591108,1000
evu,-74.07958048255767,12.920419517442332,1000
qgf,-73.85357001011707,71.14642998988293,1000
wsn,-71.28167852441389,41.71832147558611,1000
fmd,-61.68719651166729,98.31280348833272,1000
dxu,-35.857859962594425,71.14214003740557,1000
kzc,0.6532857390969669,71.65328573909697,1000
mqn,-0.0715636771405388,63.92843632285946,1000
moz,-16.81364195502587,96.18635804497413,1000
iss,-36.71739710302908,81.28260289697093,1000
zhz,-42.51452382055903,94.48547617944098,1000
mef,-62.7425537002867,19.257446299713298,1000
udw,-0.21935785593318113,10.78064214406682,1000
jyf,-37.75422522407759,44.24577477592241,1000
lvs,-35.60530421172142,37.39469578827858,1000
whq,-43.27049585803162,41.72950414196838,1000
dkf,-1.7402393582926243,88.25976064170737,1000
pyv,-14.352560172476332,93.64743982752367,1000
ymd,-31.411084844168485,36.588915155831515,1000
ogh,-41.78535595218816,41.21464404781184,1000
wuz,-49.160486651828116,20.839513348171884,1000
jrm,-25.185012323567545,91.81498767643245,1000
mbu,-38.529817823711674,28.470182176288326,1000
lch,-93.1738165997616,92.8261834002384,1000
zpj,-11.101747462828804,5.898252537171196,1000
wvd,-39.57847710147871,50.42152289852129,1000
eha,-77.0315676613244,40.9684323386756,1000
rms,-53.24581961892153,92.75418038107847,1000
ric,-0.7050461421021371,3.294953857897863,1000
uht,-96.50692649675142,36.49307350324858,1000
drv,-84.6701518716016,25.329848128398393,1000
oss,-29.375132741073834,59.624867258926166,1000
wpv,-33.87335476853558,56.12664523146442,1000
axi,-62.70862220706323,72.29137779293677,1000
fav,-91.24256086111056,48.75743913888944,1000
yyj,-77.57581998884473,49.42418001115528,1000
ecj,-83.8282852276875,35.1717147723125,1000
lhw,-15.333113970813915,11.666886029186085,1000
sol,-93.4503863487118,86.5496136512882,1000
iqv,-63.21997151246699,58.78002848753301,1000
cpt,-34.31796144942512,85.68203855057487,1000
ifu,-15.09866895001466,89.90133104998534,1000
tyg,-82.45655629881675,90.54344370118325,1000
ycf,-85.54944876130133,1.4505512386986643,1000
ncy,-61.88972212043498,27.110277879565018,1000
nhc,-69.88339732916027,10.116602670839729,1000
qei,-22.036394410176545,81.96360558982346,1000
gej,-93.6507630674386,83.3492369325614,1000
xwf,-30.09085551000431,66.9091444899957,1000
kil,-9.780674777546425,42.21932522245358,1000
vzt,-59.92176161517093,90.07823838482906,1000
vuc,-26.27691481336934,94.72308518663066,1000
yed,-90.66917012954934,10.330829870450657,1000
xiz,-97.70037850835665,22.299621491643347,1000
ebt,-25.231714905299874,60.768285094700126,1000
kac,-21.940953119449382,10.059046880550618,1000
rfj,-90.9692645837288,41.0307354162712,1000
urr,-91.13628528116068,72.86371471883932,1000
hpw,-19.619916576222764,51.380083423777236,1000
lze,-89.9248978408869,49.0751021591131,1000
vqx,-38.84361066374601,22.156389336253987,1000
xzn,-7.899195351647004,88.10080464835299,1000
nyj,-64.59953125968525,74.40046874031475,1000
yft,-66.63434037090057,11.36565962909942,1000
oui,-34.23622597517442,27.763774024825583,1000
kzv,-81.91212793018127,5.087872069818728,1000
kpa,-10.189081167636486,33.81091883236351,1000
