uyb,-20.054437921957813,18.945562078042187,1000
bpz,-70.87618568716776,73.12381431283224,1000
nsn,-97.62320864081515,79.37679135918485,1000
cts,-40.62774549953765,35.37225450046235,1000
ygo,-47.15592086832493,23.844079131675077,1000
jac,-95.24660220630969,38.75339779369032,1000
grm,-82.57100481050944,49.428995189490564,1000
ekf,-87.13426741058099,34.86573258941902,1000
oow,-49.75707642030747,58.24292357969253,1000
eoy,-0.09535389201386035,16.90464610798614,1000
odr,-74.13730322952242,11.862696770477585,1000
akb,-57.13218750158049,78.86781249841951,1000
yiq,-84.14098507368678,39.85901492631322,1000
ijx,-69.21620231915696,83.78379768084304,1000
cfp,-37.13090382241553,68.86909617758447,1000
iap,-77.3206746867926,18.6793253132074,1000
xoi,-27.43573626023719,82.56426373976281,1000
odo,-71.46588944526717,12.534110554732838,1000
tnf,-40.05958364258687,59.94041635741313,1000
fvf,-68.10678160698559,83.89321839301441,1000
yuo,-75.13005732363561,69.86994267636439,1000
gyf,-49.37392662655291,44.62607337344709,1000
lju,-27.17804346562548,77.82195653437452,1000
trw,-19.937445475155734,36.062554524844266,1000
fgg,-69.55782586967743,71.44217413032257,1000
afx,-34.907340606693786,23.09265939330621,1000
lye,-39.087130508900955,29.912869491099045,1000
vea,-31.18143665864642,70.81856334135358,1000
mlk,-73.86234645709781,30.13765354290219,1000
rbo,-35.603214045948654,27.396785954051346,1000
abq,-75.34742892547298,1.6525710745270175,1000
epq,-9.621253914753588,37.37874608524641,1000
mgy,-73.94316597907734,52.056834020922665,1000
uai,-63.55764685415933,37.44235314584067,1000
rbs,-66.31706852091817,14.682931479081832,1000
eue,-7.740869913083161,82.25913008691684,1000
auh,-1.3766314805256106,50.62336851947439,1000
hxk,-37.804649513042165,93.19535048695784,1000
tqv,-5.7968392992172735,29.203160700782725,1000
ckj,-69.35910385377522,22.64089614622477,1000
wci,-57.29666841667118,89.70333158332882,1000
ayu,-25.542044533816643,81.45795546618335,1000
wko,-62.55142565562922,6.448574344370785,1000
qzc,-62.49077985413241,32.50922014586759,1000
zae,-73.8197664348281,33.180233565171896,1000
fcj,-40.859126356496,26.140873643504,1000
qtk,-56.668133484735776,98.33186651526422,1000
pzb,-5.698243022736792,85.30175697726321,1000
aoo,-29.941576590727053,67.05842340927295,1000
hfj,-70.08841644480414,92.91158355519586,1000
yfz,-84.52848974365064,98.47151025634936,1000
wvk,-25.26167850958844,3.73832149041156,1000
wma,-41.69304110083194,11.306958899168057,1000
vgj,-30.165313864788036,92.83468613521197,1000
gsv,-69.12483017306445,84.87516982693555,1000
ijl,-33.50729252058356,8.49270747941644,1000
kxk,-74.7746364741287,27.225363525871305,1000
yau,-85.34998480113622,34.650015198863784,1000
jcz,-15.917714203225012,37.08228579677499,1000
caf,-95.68048351864948,13.319516481350517,1000
mwe,-46.81637144641685,69.18362855358315,1000
gep,-36.498993508440876,94.50100649155912,1000
ezr,-68.51898943807961,80.48101056192039,1000
nqe,-73.85101885015025,42.148981149849746,1000
jsu,-63.96332634850241,33.03667365149759,1000
mmq,-26.7532621242458,60.2467378757542,1000
cmi,-53.701015639168354,90.29898436083164,1000
ybg,-96.89640282685163,39.10359717314837,1000
qzg,-28.92479428897928,20.07520571102072,1000
qmi,-83.88981042338571,58.11018957661429,1000
jui,-58.69287227154255,6.307127728457451,1000
xvt,-93.72835553156824,74.27164446843176,1000
ozv,-61.1347787749629,1.8652212250370952,1000
hye,-18.18548191982674,11.814518080173261,1000
klv,-60.45205366380224,70.54794633619775,1000
gnh,-23.75294827072903,29.24705172927097,1000
akm,-66.65676921305476,68.34323078694524,1000
hvc,-74.94184579218101,47.058154207818994,1000
spb,-67.41120040779927,87.58879959220073,1000
nrt,-47.50989307285748,18.490106927142524,1000
ncd,-68.63601195623112,93.36398804376888,1000
wyb,-14.337851470245585,26.662148529754415,1000
qic,-43.047898736461406,7.952101263538594,1000
ctb,-61.73198525128204,85.26801474871796,1000
lvs,-46.773933841834925,30.22606615816507,1000
jjk,-35.58204717600615,43.41795282399385,1000
iov,-88.75575155855874,54.24424844144126,1000
hhu,-84.008790644282,2.9912093557179995,1000
jkg,-10.568610526915538,42.431389473084465,1000
vtx,-4.705774358499235,70.29422564150076,1000
ofd,-22.61869371556802,12.381306284431979,1000
ijv,-79.35980556233517,60.64019443766484,1000
yju,-81.15399402054513,48.846005979454866,1000
upc,-85.18712318843662,79.81287681156338,1000
bqb,-78.26427314485028,25.735726855149718,1000
cmr,-30.53856076767228,29.46143923232772,1000
qhb,-47.88451168409537,91.11548831590463,1000
nbv,-19.469382502570785,17.530617497429215,1000
dvi,-59.70286673564921,0.2971332643507889,1000
rns,-53.790530700097236,68.20946929990276,1000
zms,-3.5879600197539068,84.41203998024609,1000
iof,-9.644481223654724,91.35551877634528,1000
ejx,-26.16388310134185,23.83611689865815,1000
lgn,-77.59939811005425,97.40060188994575,1000
sll,-24.10453630828113,45.89546369171887,1000
ymb,-54.08948631834081,93.91051368165918,1000
abp,-73.66397727996326,50.33602272003674,1000
ryn,-60.130904862114704,59.869095137885296,1000
moo,-67.15444444400654,0.8455555559934554,1000
izy,-36.650784213567114,60.349215786432886,1000
ron,-25.96644466272647,49.033555337273526,1000
gfq,-11.734392299707517,79.26560770029248,1000
agt,-86.78525603245043,62.21474396754956,1000
tfu,-88.76129756491522,56.23870243508478,1000
oip,-42.09646990759049,53.90353009240951,1000
leu,-80.55365254978753,24.446347450212468,1000
zkt,-69.9752211167366,72.0247788832634,1000
gwx,-55.44292302931053,54.55707697068947,1000
jss,-8.512910562769594,4.487089437230407,1000
wbu,-45.019743441276304,6.9802565587236955,1000
nft,-84.53177880661592,42.46822119338409,1000
igx,-10.93126036429291,84.06873963570709,1000
sxb,-57.55142207415677,61.44857792584323,1000
pma,-55.46809222473723,10.531907775262775,1000
obl,-76.99452356124092,62.005476438759075,1000
iia,-61.09801290567133,41.90198709432867,1000
fwb,-48.09295877727833,64.90704122272167,1000
wio,-42.42260818161174,74.57739181838825,1000
ssk,-85.18264116561119,7.817358834388806,1000
ibb,-47.143790024037735,28.856209975962265,1000
yhf,-36.400725194639236,46.599274805360764,1000
lhq,-35.284753538723756,56.715246461276244,1000
mze,-63.91379042478774,17.086209575212262,1000
aeh,-24.86949790330802,15.130502096691982,1000
biw,-95.64738190410102,15.352618095898983,1000
vaf,-5.898562310647141,15.10143768935286,1000
uqy,-45.81025611874223,33.18974388125777,1000
edw,-29.39948297449394,90.60051702550606,1000
ojs,-22.38875820677775,54.61124179322225,1000
udh,-30.99802083278915,82.00197916721085,1000
akj,-12.244274139164801,83.7557258608352,1000
jbe,-15.433079593812062,36.56692040618794,1000
lqp,-15.082320239455761,94.91767976054425,1000
bbo,-18.148593417851274,0.8514065821487251,1000
fga,-59.33940489768862,84.66059510231139,1000
iwr,-81.43324939243696,9.56675060756304,1000
ghe,-96.01958162315667,58.98041837684333,1000
ipf,-22.927971550826594,3.072028449173406,1000
cij,-73.99735849562943,86.00264150437057,1000
ulk,-11.135000391288267,52.864999608711734,1000
zuk,-78.13563458192752,88.86436541807248,1000
odo,-70.7987684064936,32.201231593506414,1000
qdb,-84.54738607240574,70.45261392759426,1000
xpi,-44.08687330441415,97.91312669558586,1000
bsg,-20.438113872393775,21.561886127606225,1000
xrb,-3.0241587663152893,67.9758412336847,1000
rwz,-53.64591451457874,38.35408548542126,1000
aks,-35.93387029085407,80.06612970914594,1000
tto,-35.18232160119106,18.817678398808933,1000
mce,-78.9864511609432,54.01354883905679,1000
xdo,-29.9783082986062,16.0216917013938,1000
cem,-29.914262933725773,20.085737066274227,1000
gzx,-39.96212320278824,63.03787679721176,1000
uvb,-87.935404941765,21.064595058235003,1000
qmc,-68.83418624163747,11.165813758362527,1000
gpu,-16.23572149443321,7.7642785055667884,1000
vat,-41.1729330868963,84.82706691310369,1000
mvi,-47.08450732853205,48.91549267146795,1000
asl,-73.41261784693211,82.58738215306789,1000
kqx,-61.87853175852493,58.12146824147507,1000
vks,-62.5342266616021,64.46577333839791,1000
vgn,-86.19023389358998,11.809766106410027,1000
mkq,-56.41755675699,64.58244324300999,1000
ftq,-24.90471384049882,78.09528615950117,1000
jkh,-6.8490929506897285,81.15090704931028,1000
qfu,-26.438416330327104,95.5615836696729,1000
nzr,-82.9594642838174,63.040535716182596,1000
rht,-91.64369452305554,26.356305476944456,1000
lnj,-97.53102140285992,98.46897859714008,1000
sdx,-96.58325234506245,27.416747654937552,1000
tyx,-2.9410190340838644,27.058980965916135,1000
flc,-0.6259740714873036,47.374025928512694,1000
mah,-48.638063723515714,32.361936276484286,1000
zln,-80.16705659889185,30.832943401108153,1000
siy,-84.66783727092964,37.33216272907036,1000
nch,-4.530182365119878,83.46981763488012,1000
pgd,-18.780705608124688,6.219294391875312,1000
fqx,-95.01279748810673,26.98720251189327,1000
zgh,-31.099267475243547,19.900732524756453,1000
kfd,-47.61731552336668,27.382684476633322,1000
scc,-93.65707614158995,9.342923858410039,1000
gph,-20.106074759190186,88.89392524080982,1000
xci,-15.742336669273051,42.25766333072695,1000
arz,-16.48778952422859,85.51221047577141,1000
lzu,-62.12694977023027,14.873050229769731,1000
bhc,-2.5950616092499925,65.40493839075,1000
ige,-17.229081659147262,42.77091834085274,1000
slr,-1.1850236825077216,69.81497631749228,1000
rfv,-81.56609170402967,17.433908295970323,1000
qwe,-15.54822165195765,52.451778348042346,1000
ztl,-91.16123609442143,94.83876390557857,1000
gmq,-14.295458727864826,66.70454127213517,1000
vpp,-66.91038447108421,88.08961552891579,1000
jei,-25.454785183115956,13.545214816884043,1000
aii,-15.472321631745581,68.52767836825441,1000
fcc,-56.67883472773973,61.32116527226027,1000
gif,-96.27040513780923,98.72959486219077,1000
azj,-67.05410747211502,56.94589252788498,1000
iyn,-15.132599795320292,57.86740020467971,1000
wco,-21.59553881886332,65.40446118113668,1000
cnq,-80.37865496313222,22.621345036867773,1000
pri,-30.465500644220292,4.534499355779707,1000
pzl,-1.418315489993771,17.58168451000623,1000
eyk,-56.71078288895054,70.28921711104947,1000
pny,-80.41283021274356,5.58716978725645,1000
pzx,-85.39731985177315,76.60268014822685,1000
tox,-13.237876435372325,36.76212356462767,1000
evv,-65.31244802787148,37.68755197212852,1000
xxa,-31.347694085862635,9.652305914137363,1000
lqm,-52.18870993794326,57.81129006205674,1000
zsr,-7.125149176013202,68.8748508239868,1000
oeb,-51.525201549141066,65.47479845085893,1000
urg,-39.82771141462834,36.17228858537166,1000
srj,-38.257867687875034,42.742132312124966,1000
hba,-92.47177342730484,6.528226572695165,1000
npf,-88.44184960928389,73.55815039071611,1000
xwk,-44.23781887456078,20.76218112543922,1000
llb,-67.29406496745779,18.70593503254222,1000
mcn,-82.85279291766345,65.14720708233655,1000
vkv,-23.877167762132935,76.12283223786706,1000
med,-44.73380989017566,45.26619010982434,1000
mnp,-79.69494885828682,26.30505114171317,1000
ufc,-61.24126037844844,4.758739621551559,1000
snv,-8.204771586508635,68.79522841349137,1000
ynt,-57.36084230786741,38.63915769213259,1000
rxp,-44.574154147739264,36.425845852260736,1000
usa,-50.04743319934963,52.95256680065037,1000
cod,-93.83868427109043,98.16131572890957,1000
gcm,-18.99170051149315,14.008299488506852,1000
xao,-71.27581843464294,63.72418156535706,1000
zmy,-13.904505049523578,6.095494950476422,1000
ged,-58.4630464540927,38.5369535459073,1000
wlm,-59.36854379841977,80.63145620158022,1000
ufr,-70.72611684795405,82.27388315204595,1000
wrk,-34.58897848028851,34.41102151971149,1000
jfo,-73.95526329120959,79.04473670879041,1000
wrc,-2.9769651234755017,70.02303487652449,1000
ubp,-44.90525309222898,97.09474690777103,1000
wdc,-8.358332517791293,98.6416674822087,1000
xgu,-16.25672739450834,26.74327260549166,1000
ezo,-92.69415722080889,19.30584277919111,1000
bmg,-39.57010381772815,15.429896182271847,1000
ije,-34.04770698720256,80.95229301279744,1000
kkw,-5.992422389707131,31.00757761029287,1000
kgd,-29.41686000892214,11.583139991077863,1000
rlk,-25.681643387259424,64.31835661274057,1000
qzx,-51.454866886553475,69.54513311344652,1000
hsq,-93.30198576818094,34.69801423181905,1000
lkx,-81.81916157979748,23.180838420202523,1000
lzl,-18.501122238360477,93.49887776163952,1000
cso,-25.304951588014386,60.69504841198562,1000
ajs,-63.560433700957155,79.43956629904285,1000
swl,-21.539109278241664,59.46089072175833,1000
ycj,-15.916171288892148,39.08382871110785,1000
yqz,-26.609364938154478,51.39063506184552,1000
qyz,-15.606520152761991,95.39347984723801,1000
tas,-77.4573290012696,50.542670998730394,1000
igr,-94.77904384395214,87.22095615604786,1000
fpn,-40.74059769644733,29.259402303552665,1000
bnl,-87.7869402521771,4.2130597478229035,1000
sae,-11.044912349617054,6.955087650382947,1000
odc,-73.9113052813427,63.088694718657294,1000
kvr,-67.43815104955422,17.56184895044578,1000
yxu,-20.22598104567316,23.77401895432684,1000
tcw,-68.76624791019177,89.23375208980823,1000
ddo,-70.29227431092848,93.70772568907152,1000
trt,-91.34085152020766,88.65914847979234,1000
oaf,-82.18591893545721,3.8140810645427914,1000
oep,-58.55751284969622,7.442487150303786,1000
gtz,-17.167128060244874,40.83287193975513,1000
qxm,-25.960836119169745,96.03916388083026,1000
rtb,-94.27935434456431,34.72064565543569,1000
ybn,-88.55898759313999,86.44101240686001,1000
iaj,-63.78115062990108,57.21884937009892,1000
mwn,-80.4747458954106,37.5252541045894,1000
lug,-56.053559107862235,86.94644089213776,1000
goq,-12.1511098301904,31.8488901698096,1000
rxr,-63.764417532591104,82.2355824674089,1000
apl,-23.41864816385983,92.58135183614017,1000
khp,-70.33339682476512,8.666603175234888,1000
mei,-9.572804503510515,52.42719549648948,1000
iud,-85.94661557935417,32.053384420645834,1000
vfo,-33.83378349384424,37.16621650615576,1000
bmn,-39.218751593649905,72.78124840635009,1000
hty,-37.871988989857,29.128011010142995,1000
jln,-32.857477750350135,94.14252224964987,1000
kiv,-65.28171003188746,5.718289968112537,1000
tnj,-30.12317025301009,15.87682974698991,1000
rzf,-78.85716862979578,27.142831370204224,1000
yng,-40.189009632480655,38.810990367519345,1000
gzc,-95.00527599117764,92.99472400882236,1000
frb,-76.68240812884936,36.31759187115064,1000
mir,-16.811688063602556,41.18831193639744,1000
pxe,-46.42311686067136,18.576883139328643,1000
ctb,-67.37292906231218,11.627070937687817,1000
qkt,-60.61067430169779,4.389325698302207,1000
del,-71.84832327830274,66.15167672169726,1000
yal,-44.379553709086274,94.62044629091373,1000
gln,-67.53991823480962,32.46008176519038,1000
fzd,-78.5545747608681,16.445425239131886,1000
ijn,-12.779057727945482,48.220942272054515,1000
sas,-35.80677058510071,29.193229414899296,1000
pfm,-2.0046176780902614,29.995382321909737,1000
iof,-22.91509709434159,3.084902905658412,1000
whi,-40.06711216512279,14.932887834877203,1000
npx,-17.2692853032704,55.7307146967296,1000
osr,-14.120677144096602,79.8793228559034,1000
bup,-38.76578814965045,46.23421185034955,1000
frg,-4.677555590930687,98.3224444090693,1000
uzf,-71.9660097591526,2.033990240847401,1000
qit,-33.23784658541023,40.76215341458977,1000
zyu,-43.77923450661396,78.22076549338604,1000
jds,-4.843296169223673,11.156703830776328,1000
kmh,-48.00940871298598,37.99059128701402,1000
ieo,-17.188953178999785,97.81104682100022,1000
miz,-51.30421211455399,8.695787885446006,1000
ndo,-90.2643101262737,0.7356898737262978,1000
mwa,-24.520440846879676,72.47955915312032,1000
ogg,-81.09345709694811,31.906542903051886,1000
yei,-91.79350947311606,54.20649052688394,1000
aqd,-1.7698089664308685,10.230191033569131,1000
vzy,-80.85886118246928,33.14113881753072,1000
wyp,-95.77314259587665,76.22685740412335,1000
rzc,-26.87244359119123,76.12755640880877,1000
toi,-40.37829633202618,4.62170366797382,1000
jid,-29.979707011915803,37.020292988084194,1000
ucj,-60.16281139627249,62.83718860372751,1000
uuu,-50.14000546771091,25.859994532289093,1000
fci,-33.3992569887605,50.6007430112395,1000
eob,0.7748529839000269,59.774852983900026,1000
rpz,-10.517691570048498,68.4823084299515,1000
npq,-57.55744673475869,60.44255326524131,1000
hvh,-81.08584316189886,85.91415683810114,1000
qnu,-85.84534988115016,76.15465011884984,1000
eob,-16.5259022882439,37.4740977117561,1000
ean,-25.941915500091163,85.05808449990884,1000
lcr,-72.85715817209226,96.14284182790774,1000
eru,-58.97165949024766,55.02834050975234,1000
ugi,-1.6962366523911019,55.3037633476089,1000
dpk,-16.903201422465326,46.09679857753467,1000
ngm,-14.616083546563626,27.383916453436374,1000
suz,-14.960315720968488,69.0396842790315,1000
lyz,-57.93979090210521,19.06020909789479,1000
fyi,-13.397024476455044,60.602975523544956,1000
miw,-84.76808578267025,98.23191421732975,1000
flm,-44.39885385476093,94.60114614523907,1000
jlg,-93.56065486913378,38.43934513086622,1000
ebe,-91.40588513676204,49.59411486323796,1000
dlo,-95.69595110529116,88.30404889470884,1000
zcw,-58.16593590602562,72.83406409397439,1000
oyh,-3.156803911452578,4.843196088547423,1000
vkr,-55.4822395254358,86.5177604745642,1000
flr,-58.13001007618629,89.86998992381372,1000
lyj,-34.136352087502395,68.86364791249761,1000
plw,-83.77464337962682,26.225356620373173,1000
dil,-57.51618101569396,98.48381898430604,1000
tkm,-94.19152191782813,37.80847808217187,1000
vet,-72.91084850804532,52.08915149195468,1000
wvc,-86.11973460404819,93.88026539595181,1000
wgx,-17.182083807314907,6.817916192685094,1000
tiq,-71.8466281326167,44.15337186738329,1000
cdl,-88.30341503345383,75.69658496654617,1000
rxf,-19.66937188454329,6.330628115456713,1000
kpx,-79.40814127072281,48.5918587292772,1000
ojt,-75.42775001839273,51.57224998160728,1000
joi,-83.71695153567657,26.28304846432342,1000
xng,-91.27533788255569,16.724662117444304,1000
lpp,-22.722840715949573,75.27715928405043,1000
igq,-57.589234793934146,33.410765206065854,1000
gcw,-2.134123125253438,35.86587687474656,1000
yxy,-56.15113096918395,54.84886903081605,1000
apq,-2.854215885751763,28.145784114248237,1000
fzi,-83.05254348347908,8.94745651652091,1000
bjd,-79.20065410297546,12.799345897024539,1000
pgc,-61.80118487757048,72.19881512242952,1000
kwx,-29.993575929188236,39.00642407081177,1000
tus,-4.420939604081967,24.57906039591803,1000
ucv,-90.74356721958196,41.256432780418045,1000
afg,-1.1290727897887682,72.87092721021124,1000
fny,-80.77289281982102,21.227107180178983,1000
qtf,-75.70079693669521,4.29920306330478,1000
rlu,-26.561247003065645,0.43875299693435366,1000
lms,-54.516391550740245,81.48360844925975,1000
war,-29.303061992782954,7.696938007217048,1000
spe,-49.0300930436548,53.9699069563452,1000
efu,-19.93406910252339,42.06593089747661,1000
xui,-6.604285530145854,45.39571446985415,1000
ctr,-49.82099131918739,89.17900868081261,1000
bhc,-0.316063403655938,68.68393659634407,1000
tbv,-16.57255946068531,7.427440539314691,1000
nxa,-51.216235654572415,71.78376434542758,1000
tjo,-22.886313659356638,9.113686340643364,1000
pap,-68.20978892195392,15.790211078046084,1000
gcb,-17.58841235828381,74.4115876417162,1000
thc,-76.21418935604773,31.785810643952274,1000
iau,-96.24371151196193,15.756288488038066,1000
ggd,-38.05138116619048,67.94861883380952,1000
pqh,-75.93121113665033,75.06878886334967,1000
nmc,-96.95611208834288,21.04388791165713,1000
olj,-65.92482850955128,21.075171490448724,1000
hgy,-0.057499570565860636,4.94250042943414,1000
apz,-75.82053085643159,29.179469143568415,1000
imk,-65.46597734599008,66.53402265400992,1000
vka,-46.95005257647775,86.04994742352224,1000
kyj,-27.120949290636997,59.879050709363,1000
sxf,-23.6693325996558,79.3306674003442,1000
gwx,-42.90526003040812,18.094739969591878,1000
bew,-69.64185767727366,37.35814232272633,1000
xnd,-30.771485816755554,31.228514183244446,1000
qro,-19.14098483938284,11.859015160617162,1000
dnw,-54.74491749732964,0.25508250267036314,1000
esw,-78.9916273546844,95.0083726453156,1000
ess,-67.93368756852257,58.06631243147743,1000
lvm,-82.08317483536929,20.916825164630712,1000
adx,-43.64476392757135,65.35523607242865,1000
mnp,-9.268106248307241,41.73189375169276,1000
kwv,-64.34804246391181,74.65195753608819,1000
zdp,-84.33264107051005,29.667358929489946,1000
fsr,-4.675860107393982,97.32413989260601,1000
mhl,-44.76624283189683,73.23375716810317,1000
eiq,-45.07409948147614,14.925900518523857,1000
psx,-4.052066991722479,58.94793300827752,1000
rty,-37.6680968973104,10.331903102689601,1000
hsj,-62.46946812858082,89.53053187141919,1000
cdd,-67.59822258844821,44.40177741155179,1000
dqo,-33.69991046752532,43.30008953247468,1000
hgy,-14.275364241141862,88.72463575885814,1000
yrh,-16.03027069036743,77.96972930963257,1000
fmz,-26.965293916146614,14.034706083853386,1000
tfq,-2.1199747707024255,49.88002522929757,1000
lcj,-39.43038790640168,22.569612093598323,1000
ozn,-15.369997552686323,30.630002447313675,1000
qyz,-41.192988166659454,7.807011833340544,1000
bzs,-92.43423965270128,73.56576034729872,1000
gbe,-12.3361416838484,87.6638583161516,1000
wsq,-5.092675221271283,19.907324778728718,1000
kqc,-5.874460193935333,54.125539806064666,1000
hyw,-63.29406866437965,2.705931335620348,1000
yvu,-78.05821007763042,30.941789922369583,1000
jfd,-22.77306486293903,76.22693513706096,1000
kbv,-74.55782784356653,7.442172156433477,1000
efs,-86.7923870457181,25.207612954281895,1000
mve,-91.83555647026856,57.16444352973144,1000
uey,-38.95197998971003,67.04802001028997,1000
kkn,-66.47374696817742,66.52625303182258,1000
vpz,-23.021114316709433,16.978885683290567,1000
ssr,-37.776080074236475,95.22391992576352,1000
mkh,-93.84414406396925,41.15585593603074,1000
ktm,-45.55970966920993,7.440290330790072,1000
hjy,-48.532750090068646,57.467249909931354,1000
mks,-43.618281152329324,16.381718847670673,1000
gex,-61.57158255586577,14.428417444134235,1000
ydu,-79.11905640018487,22.88094359981512,1000
pcw,-84.15689920481256,64.84310079518744,1000
hpg,0.048431630462274944,0.048431630462274944,1000
ztd,-37.57593012035079,0.42406987964921217,1000
sol,-69.5182621677461,84.4817378322539,1000
jkk,-33.0427748472222,19.9572251527778,1000
qfu,-9.796769230423536,43.203230769576464,1000
mby,-3.2635540808855357,69.73644591911446,1000
ich,-81.47303394730417,88.52696605269583,1000
frs,-82.69572860715674,62.30427139284326,1000
lcg,-55.11331052317145,93.88668947682855,1000
zyr,-26.5941211314519,57.4058788685481,1000
bfh,-41.80051981968363,70.19948018031637,1000
lbb,-68.10886835695143,47.89113164304856,1000
fsl,-62.120941848343215,4.879058151656783,1000
ryt,-25.302981201193155,49.697018798806845,1000
leu,-37.42393956322519,91.57606043677481,1000
sny,-64.01294354722725,54.987056452772755,1000
dia,-73.0902698875982,0.9097301124017961,1000
ycd,-13.643242732040273,91.35675726795972,1000
asm,-19.55187969147369,46.44812030852631,1000
moo,-8.176640236787172,87.82335976321284,1000
sqd,-18.096020392405883,73.90397960759411,1000
uwr,-89.60606266257257,73.39393733742743,1000
wqy,-90.1293372101448,17.87066278985521,1000
ude,-29.725630614283677,16.274369385716323,1000
ofj,-17.098038576950735,47.901961423049265,1000
jog,-21.591476074179496,14.408523925820504,1000
slz,-35.18917647879226,26.810823521207737,1000
eoj,-81.68029488720858,14.319705112791425,1000
axk,-76.55133707570288,47.448662924297125,1000
neg,-81.85081165489768,34.14918834510231,1000
oae,-58.49714977900063,71.50285022099938,1000
olj,-9.990946404888177,51.00905359511182,1000
oib,-79.80785217883613,57.19214782116387,1000
dzd,-77.04816149712849,15.951838502871505,1000
qai,-48.507530009935,27.492469990065,1000
ibe,-97.94842509368088,69.05157490631912,1000
rnl,-93.91955303168913,63.08044696831086,1000
snz,-0.6992310604333616,33.30076893956664,1000
dmg,-57.866843967258404,96.1331560327416,1000
xfu,-42.228538956941044,50.771461043058956,1000
fqm,-79.28954215490019,38.7104578450998,1000
ozf,-62.190754443037136,39.809245556962864,1000
wxc,-63.96357132314954,44.03642867685046,1000
fsa,-73.34564629657699,31.654353703423013,1000
sug,-27.588974648899054,21.411025351100946,1000
ast,-31.281381901761804,41.718618098238196,1000
ywk,-68.01697162340517,27.983028376594824,1000
dcw,-97.10917013218807,38.89082986781193,1000
gwj,-80.06365880999397,13.936341190006027,1000
ksv,-67.53295426811786,12.467045731882132,1000
ysh,-23.28338696802626,35.716613031973736,1000
ltw,-5.217357867912722,38.782642132087275,1000
ahe,-90.8627365091109,16.13726349088909,1000
ren,-95.49274526418877,9.507254735811223,1000
eyj,-36.734577647432516,78.26542235256748,1000
vmz,-88.96719773694942,59.032802263050584,1000
uky,-61.03504140643345,63.96495859356655,1000
odp,-64.3359224665538,72.6640775334462,1000
erl,-19.26883727883142,95.73116272116857,1000
hrs,-58.63873098143202,67.36126901856798,1000
klg,-23.527358308741864,88.47264169125813,1000
gkl,-36.83906448157417,69.16093551842583,1000
lcy,-89.44342840410398,43.55657159589601,1000
mmz,-21.128449545942747,10.871550454057253,1000
leo,-85.96839471640156,35.03160528359844,1000
rxb,-22.36214875236309,93.6378512476369,1000
ssb,-14.892636383494876,83.10736361650513,1000
nmz,-64.0414459003473,59.9585540996527,1000
ynm,-16.646286662330137,42.353713337669866,1000
lhf,-74.31469010200499,18.685309897995012,1000
gcr,-8.87418443507555,85.12581556492445,1000
ihw,-2.646393345574068,14.353606654425933,1000
zoh,-76.55527721789754,24.444722782102456,1000
esq,-17.294607360728932,4.705392639271066,1000
flj,-15.477904713036752,62.52209528696325,1000
eqk,-34.607185383588735,29.39281461641127,1000
epd,-73.25616776864366,60.743832231356336,1000
qlr,-24.068499091846906,30.931500908153094,1000
wrf,-62.74858677367885,40.25141322632115,1000
lox,-91.71586217435721,87.28413782564279,1000
kma,-60.37313626796733,39.62686373203267,1000
uit,-80.98655083068358,93.01344916931642,1000
cwg,-89.46053786769697,65.53946213230303,1000
gyu,-4.996110362604082,20.00388963739592,1000
rfx,-43.32179691625632,49.67820308374368,1000
dzk,-23.50526670443837,41.49473329556163,1000
oql,-97.49266732086912,45.50733267913088,1000
jno,-52.0993669587151,98.90063304128489,1000
gwe,-0.6780185057902177,15.321981494209782,1000
bas,-61.270275927582446,61.729724072417554,1000
xra,-71.7307530733528,30.269246926647195,1000
ugq,-33.388108938539716,39.611891061460284,1000
yff,-95.45261399941313,90.54738600058687,1000
uch,-84.75355368465964,85.24644631534036,1000
uxd,-82.73422130747556,39.265778692524435,1000
aow,-88.81873835432998,73.18126164567002,1000
hbf,-51.419753860242444,20.580246139757556,1000
noq,-18.8488378690063,12.1511621309937,1000
ate,-84.24922032094811,15.750779679051895,1000
tch,-93.0005762817518,93.9994237182482,1000
vlo,-42.52200346478411,95.47799653521588,1000
seg,-84.3435268433105,45.6564731566895,1000
bsc,-29.614733041699584,78.38526695830042,1000
jqh,-66.64393069021145,7.356069309788552,1000
iye,-83.27291507362197,16.727084926378033,1000
wwl,-5.785827943367146,64.21417205663286,1000
pnl,-24.684068517405912,71.31593148259408,1000
qbc,-48.34565730299093,49.65434269700907,1000
gwt,-28.395684300178623,89.60431569982137,1000
suu,-41.89032340514264,63.10967659485736,1000
wmx,-12.021117931892865,9.978882068107135,1000
qwg,-78.98534858189657,70.01465141810343,1000
xmt,-79.30195815547373,11.698041844526275,1000
tay,-84.70137210462464,80.29862789537536,1000
sns,-80.18633181670428,34.81366818329572,1000
prz,-23.138509980321608,59.86149001967839,1000
kic,-70.75625712216969,51.243742877830314,1000
bkp,-39.995055608768936,48.004944391231064,1000
ocx,-14.521502678242971,12.478497321757029,1000
nyg,-74.26371247107123,63.73628752892877,1000
map,-92.41260239773764,67.58739760226236,1000
ocv,-73.59942250391164,52.40057749608836,1000
srt,-85.32266558641491,73.67733441358509,1000
wom,-1.7946168711721784,22.205383128827823,1000
enu,-58.813513412937844,80.18648658706215,1000
kvf,-62.852585240158156,71.14741475984185,1000
btk,-87.3131623282648,36.686837671735205,1000
zsy,-3.9503079597261337,96.04969204027387,1000
plq,-67.35555284162346,21.644447158376536,1000
gpc,-6.773803291924105,79.22619670807589,1000
ofi,-77.42006114159844,55.57993885840157,1000
mrq,-40.02766601146813,59.97233398853187,1000
apu,-4.37525425889317,96.62474574110684,1000
ixf,-66.41645171578065,26.583548284219344,1000
esy,-36.437437734840884,73.56256226515912,1000
umk,-24.227613514580053,0.7723864854199478,1000
dng,-89.06183492988752,11.938165070112474,1000
uao,-6.21794947135673,89.78205052864327,1000
fyy,-33.679312079596514,62.320687920403486,1000
mca,-19.621221335582778,62.37877866441722,1000
jdv,-56.500795175826994,56.499204824173006,1000
xie,-6.925047709018833,51.074952290981166,1000
wyv,-57.145898901607836,12.854101098392164,1000
gov,-83.83986224575293,92.16013775424707,1000
dyj,-52.43597410543572,75.56402589456428,1000
swd,-0.9073471063858319,88.09265289361417,1000
ddt,-44.0782447203387,63.9217552796613,1000
trd,-34.34944406938612,25.650555930613887,1000
qae,-30.732351951438957,48.26764804856104,1000
mdg,-21.701928077463638,71.29807192253637,1000
npt,-32.15873304876365,2.8412669512363524,1000
qjh,-14.29889321660482,19.70110678339518,1000
aiv,-81.40617547880268,62.59382452119732,1000
ryo,-82.51934681085568,17.480653189144313,1000
hgh,-19.133944206720937,75.86605579327906,1000
owl,-13.656858402765051,37.34314159723495,1000
gnf,-43.670359672772506,92.3296403272275,1000
pim,-49.215736712618586,96.78426328738142,1000
asz,-52.56091482916561,0.439085170834388,1000
cuj,-96.93904000680851,43.06095999319149,1000
bzg,-84.85934893815708,88.14065106184292,1000
yjf,-5.971137714269619,20.02886228573038,1000
xmh,-32.59449407090428,30.40550592909572,1000
jxl,-56.25258819090745,31.747411809092547,1000
dhq,-54.51134902755041,68.48865097244959,1000
lqn,-91.79312615521745,31.20687384478255,1000
sww,-92.42356636806608,36.576433631933924,1000
wdp,-54.50628192900836,44.49371807099164,1000
ild,-31.598238704133525,49.40176129586648,1000
rmp,0.8741056652357296,43.87410566523573,1000
ifi,-46.7099937917854,12.290006208214603,1000
uhc,-60.41141372167524,92.58858627832475,1000
jne,-31.483394741482478,45.51660525851752,1000
fvd,-48.807951184406726,59.192048815593274,1000
zvn,-35.380858719093894,53.619141280906106,1000
zce,-16.540377864054463,73.45962213594554,1000
vpp,-11.873921035795188,28.12607896420481,1000
fsm,-86.8443477063323,40.15565229366769,1000
ndp,-0.009168729806279252,54.99083127019372,1000
xtu,-39.625560183553084,43.374439816446916,1000
tee,-80.56766369255236,97.43233630744764,1000
ozn,-29.631189515587657,68.36881048441235,1000
kjv,-82.132822679243,34.867177320756994,1000
auo,-92.26293304439221,11.737066955607787,1000
fmb,-37.04287597512326,81.95712402487673,1000
skg,0.02465787846989187,33.024657878469895,1000
agh,-7.860669937635083,37.13933006236492,1000
dkc,-9.439413662765453,44.56058633723455,1000
sgj,-67.60116530858448,5.398834691415511,1000
ekq,-38.75077870198992,86.24922129801008,1000
kdg,-42.33449152388008,95.66550847611992,1000
nmz,-11.846032174412024,27.153967825587976,1000
xsz,-18.50762811409073,25.49237188590927,1000
yvd,-16.220845712321267,37.77915428767873,1000
oxn,-12.725826467878274,88.27417353212172,1000
gpa,-54.152519948750424,33.847480051249576,1000
pgx,-9.360486876744284,17.639513123255714,1000
qmr,-73.68954673063962,5.310453269360387,1000
ott,-21.329553086550888,86.67044691344911,1000
rdp,-33.50708275034295,2.492917249657047,1000
rzq,-62.91361358913171,91.08638641086829,1000
eza,-19.386530538845342,17.613469461154658,1000
rht,-4.663939056877198,7.336060943122802,1000
dvh,-18.839925982052055,67.16007401794795,1000
qxf,-19.39155267041042,98.60844732958958,1000
www,-68.52636938682032,96.47363061317968,1000
fzg,-27.740429454058475,66.25957054594153,1000
iza,-97.07590928144934,40.924090718550666,1000
gzn,-28.6004462254709,27.3995537745291,1000
ied,-82.35795067889875,80.64204932110125,1000
pnu,-76.51845513467187,91.48154486532813,1000
nbm,-21.594202813022967,71.40579718697704,1000
pyr,-47.49301055915063,31.506989440849363,1000
jyf,-26.793364877801718,78.20663512219828,1000
ruy,-43.05494759448465,29.94505240551535,1000
yol,-74.01283138169774,17.987168618302267,1000
pmw,-88.8533098637748,32.1466901362252,1000
edl,-72.16955711882332,10.830442881176683,1000
uue,-25.544180211049614,54.455819788950386,1000
ysg,-33.59419188439495,62.40580811560505,1000
dsz,-46.918291195707596,75.0817088042924,1000
duf,-32.948093422491105,26.051906577508895,1000
qtt,-5.829182045300993,55.17081795469901,1000
sly,-31.689541512273998,25.310458487726002,1000
hju,-13.323463846972663,39.676536153027335,1000
zsd,-90.00480691626228,58.99519308373771,1000
ehr,-7.8991398631490375,36.10086013685096,1000
xeo,-41.12131685656033,56.87868314343967,1000
fav,-22.774817632127274,87.22518236787272,1000
sde,-82.24234721074323,75.75765278925677,1000
uhk,-0.43251380328310696,64.5674861967169,1000
vjw,-25.186762708180964,4.813237291819037,1000
dmi,-31.96327036683701,29.03672963316299,1000
zil,-6.452239444865008,82.547760555135,1000
otj,-14.255428382520932,97.74457161747907,1000
vzj,-50.79941615156637,66.20058384843364,1000
ypf,-59.13500179827529,61.86499820172471,1000
ham,-46.037324698468495,37.962675301531505,1000
aac,-52.9904332730326,16.0095667269674,1000
ybf,-70.11354762117158,8.886452378828427,1000
bzt,-38.12408761778529,2.8759123822147084,1000
wwf,-87.85999148371755,51.14000851628245,1000
xhb,-2.930625110496502,61.0693748895035,1000
fhx,-82.96196737291702,58.038032627082984,1000
zre,-5.052251896181431,10.947748103818569,1000
kzc,-86.28541347415167,89.71458652584833,1000
esr,-57.457834111174805,48.542165888825195,1000
cxs,-88.58674421499964,9.413255785000356,1000
ajf,-65.80612415294954,75.19387584705046,1000
tea,-95.64975557733922,36.35024442266078,1000
nac,-38.8503832475432,24.149616752456804,1000
vlz,-87.98488951884224,44.015110481157755,1000
bwg,-66.81725281786292,64.18274718213708,1000
dkk,-8.140965401475805,12.859034598524195,1000
ffa,-28.897473666536445,96.10252633346356,1000
sst,-25.01224245564582,80.98775754435418,1000
tdf,-24.703094043900865,90.29690595609914,1000
ngq,-84.31868621586615,53.68131378413384,1000
zmm,-84.77327094352623,0.2267290564737673,1000
lxq,-51.143356938130765,52.856643061869235,1000
zqt,-78.26333221398892,95.73666778601108,1000
eew,-49.02677293809308,98.97322706190693,1000
lfl,-96.99402476502529,96.00597523497471,1000
zsp,-1.0999790184585154,58.90002098154149,1000
jad,-80.77810828366995,55.22189171633005,1000
bcm,-65.37199779797356,46.628002202026444,1000
vwk,0.017894129123334213,16.017894129123334,1000
oru,-48.39560953578535,2.60439046421465,1000
ppw,-11.264999829069213,8.735000170930787,1000
eyd,-77.34746376838596,33.65253623161403,1000
nda,-4.777013901244931,73.22298609875507,1000
lro,-19.594242887926846,60.405757112073154,1000
sfu,-61.939140037410645,25.060859962589358,1000
xjs,-41.248846054070555,49.751153945929445,1000
ptq,-61.48365193009523,49.51634806990477,1000
zht,-42.63119523914046,77.36880476085955,1000
txc,-44.24618155239847,88.75381844760153,1000
bvf,-45.65376018459532,97.34623981540467,1000
cla,-86.40784265622389,86.59215734377611,1000
pwg,-24.993581947465387,45.00641805253461,1000
sqo,-81.66297248063142,27.337027519368576,1000
lqd,-32.8606135208253,90.1393864791747,1000
uzk,-11.295786076599734,18.704213923400268,1000
xcm,-65.45393413534404,56.54606586465596,1000
swx,0.9993009597747355,49.999300959774736,1000
obd,-11.178454219984634,19.821545780015366,1000
hft,-46.32676109771626,46.67323890228374,1000
uay,-26.80438365433616,14.19561634566384,1000
twx,-57.76210623145112,26.237893768548883,1000
azi,-94.82435813764624,69.17564186235376,1000
yqa,-93.03242803199461,21.96757196800539,1000
nzv,-63.354422643055585,73.64557735694441,1000
qks,0.8279502104739368,84.82795021047394,1000
akw,-65.35695009539249,12.643049904607507,1000
sxe,-63.79092664752102,12.209073352478981,1000
ust,-43.83753713331206,31.162462866687935,1000
fpm,-43.46905958872891,62.53094041127109,1000
usp,-53.984945659606645,58.015054340393355,1000
sni,-78.61786254613912,82.38213745386088,1000
ney,-46.914728117610395,53.085271882389605,1000
jgo,-14.46147819181769,24.53852180818231,1000
mwx,-6.272633053421792,30.727366946578208,1000
man,-1.2556908705268146,90.74430912947318,1000
ido,-71.43939815214273,28.56060184785727,1000
uem,-11.013425461278514,95.98657453872148,1000
uqi,-95.36648389782027,41.63351610217973,1000
xiw,-70.22865539120946,81.77134460879054,1000
koj,-50.38988797435463,48.61011202564537,1000
gtw,-30.81170477202583,33.18829522797417,1000
hka,-25.71182614713352,56.28817385286648,1000
jhp,-23.65519594528243,26.34480405471757,1000
flu,-83.61709294917729,68.38290705082271,1000
vfv,-14.355491268426324,77.64450873157368,1000
vvb,-51.195655244767984,74.80434475523202,1000
tnn,-64.47088482814091,39.52911517185909,1000
yaa,-39.43843325361492,16.56156674638508,1000
tlf,-92.23350318157692,4.766496818423073,1000
bym,-73.89783803863145,80.10216196136855,1000
edu,-45.903771001764355,56.096228998235645,1000
tgv,-52.71925619487862,51.28074380512138,1000
pfm,-5.416270877495718,75.58372912250428,1000
ddy,-2.6702262132267913,45.32977378677321,1000
cty,-10.74669433443145,47.253305665568554,1000
rzi,-46.16066110411551,38.83933889588449,1000
esc,-41.14297606494723,51.85702393505277,1000
hum,-74.56519858569727,84.43480141430273,1000
izx,-55.52233048445607,84.47766951554394,1000
zag,-52.62539325038258,96.37460674961741,1000
mok,-23.449077399815263,12.55092260018474,1000
llc,-47.567531171003125,7.432468828996876,1000
wny,-43.37229630852028,53.62770369147972,1000
fod,-15.617020304232394,23.382979695767606,1000
jtu,-24.228853254509165,29.771146745490835,1000
fpl,-44.45992482288638,58.54007517711362,1000
nxv,-70.79973550753796,53.20026449246204,1000
thh,-15.048793108153884,72.95120689184611,1000
mcq,-22.40076848452595,92.59923151547405,1000
wyn,-51.53639014486272,15.463609855137282,1000
egb,-47.94790480672711,24.05209519327289,1000
kzl,-20.773258929184937,16.226741070815063,1000
qdi,-90.87612536721956,73.12387463278044,1000
gzt,-13.072548531748735,41.92745146825126,1000
cav,-61.3848270506834,58.6151729493166,1000
fdi,-6.2577815186345775,8.742218481365422,1000
ilm,-65.19241667152147,94.80758332847853,1000
mqb,-49.97828733940996,87.02171266059004,1000
atx,-20.154778503608625,53.845221496391375,1000
gwh,-36.9715261335342,8.028473866465802,1000
awb,-56.78802138862127,22.211978611378736,1000
mms,-91.64561642340952,86.35438357659048,1000
fns,-14.501740957789329,12.498259042210671,1000
xcy,-75.9668381814088,26.033161818591196,1000
jcj,-18.76841033364109,92.23158966635891,1000
dob,-55.33869383044969,92.66130616955031,1000
mzj,-65.44889699565337,77.55110300434663,1000
thg,-73.95228327713015,26.047716722869858,1000
nis,-76.2980387578955,86.7019612421045,1000
fah,-42.409473373026664,33.590526626973336,1000
udl,-19.3666408952505,80.6333591047495,1000
rki,-31.726987428865293,63.27301257113471,1000
kaq,-8.099883781640758,58.900116218359244,1000
fqk,-82.45048709398966,98.54951290601034,1000
dup,-76.35096336873102,26.64903663126899,1000
but,-7.931174764349642,2.0688252356503587,1000
ypz,-2.7346272725298952,17.265372727470105,1000
nda,-59.3976270702695,3.6023729297304987,1000
rcj,-59.85940985790686,54.14059014209314,1000
usz,-27.0734145879337,27.9265854120663,1000
tqb,-16.885742884751625,0.11425711524837479,1000
znd,-43.90256384939123,87.09743615060877,1000
jfv,-74.9751377247294,32.02486227527061,1000
uqe,-68.02031400208683,51.979685997913165,1000
isg,-54.91286936806752,86.08713063193248,1000
zgb,-39.008845919382495,25.991154080617505,1000
oew,-94.20552488431245,56.79447511568755,1000
qtp,-10.560530667981007,17.439469332018994,1000
diz,-45.61897143054894,80.38102856945106,1000
fua,-13.16342153065317,18.83657846934683,1000
qxw,-71.27961933437123,85.72038066562877,1000
fkq,-34.4227152570186,84.57728474298139,1000
zzd,-23.83638801205311,34.16361198794689,1000
hen,-90.62963911624566,95.37036088375434,1000
kjl,-17.789870329667842,57.21012967033216,1000
sos,-33.0945185972733,68.9054814027267,1000
vos,-25.929350408498937,69.07064959150107,1000
exm,-4.471136519833766,32.52886348016624,1000
kep,-75.66228962307314,47.33771037692687,1000
pgl,-54.033171403653874,20.966828596346122,1000
knm,-45.825241545126225,6.174758454873777,1000
hrq,-23.56443173929328,31.43556826070672,1000
hkz,-1.6616939769728245,51.33830602302717,1000
mas,-37.23135705608168,65.76864294391832,1000
lki,-35.48327303331214,96.51672696668787,1000
bup,-28.16736814800396,47.83263185199604,1000
oog,-82.14938107475503,27.85061892524498,1000
ajz,-37.08368877634389,37.91631122365611,1000
kqw,-85.98152034542164,60.01847965457836,1000
fyi,-16.75833933099987,31.24166066900013,1000
gqu,-26.427689180250688,15.572310819749312,1000
nap,-25.393883293024434,10.606116706975568,1000
qta,-86.64804600863796,25.351953991362045,1000
jqu,-89.62914039068808,30.370859609311925,1000
gsg,-59.50297521572394,87.49702478427606,1000
fvw,-62.35941454761204,52.64058545238796,1000
cwa,-41.597124495460754,90.40287550453925,1000
gjh,-42.0065380631611,34.9934619368389,1000
ogn,-39.613986831522446,36.386013168477554,1000
nsu,-70.40713900712944,81.59286099287056,1000
thu,-58.43020457023001,16.56979542976999,1000
zfk,-0.6693345973917941,60.330665402608204,1000
zgb,-43.11326852014308,32.88673147985692,1000
maj,-12.520059732387109,23.479940267612893,1000
zoz,-29.920567604868033,92.07943239513196,1000
evq,-80.70566799065409,60.29433200934591,1000
lng,-83.05266273696694,7.9473372630330665,1000
qto,-63.21286996035657,92.78713003964343,1000
soa,-10.352898726198463,70.64710127380154,1000
bkd,-59.742274758542166,65.25772524145783,1000
grr,-42.43382735381462,52.56617264618538,1000
qwr,-8.686936176084934,91.31306382391507,1000
jgt,-38.15669459861566,80.84330540138434,1000
kxw,-93.20493541714677,82.79506458285323,1000
xkm,-97.56944457720732,85.43055542279268,1000
qcn,-24.81685396137157,61.18314603862843,1000
iow,-92.18712694642376,92.81287305357624,1000
apd,-3.0012940433964825,92.99870595660352,1000
pom,-13.459787589888284,95.54021241011172,1000
qwp,-83.60783640918928,87.39216359081072,1000
biz,-32.32081449934624,63.67918550065376,1000
qgl,-81.4287286976867,15.571271302313306,1000
pgl,-24.657816328270314,62.342183671729686,1000
pve,-16.86745311856903,93.13254688143097,1000
jnp,-51.34473714918449,45.65526285081551,1000
ytw,-21.292872870172246,80.70712712982775,1000
qxc,-26.10091492094262,8.899085079057377,1000
qxk,-8.59673871696221,90.40326128303779,1000
fsg,-79.84947830520215,8.150521694797842,1000
txf,-36.51223726318696,83.48776273681304,1000
kfw,-67.15581613851819,69.84418386148181,1000
vfp,-90.644653208938,75.355346791062,1000
awi,-20.85229081050324,26.14770918949676,1000
dfq,-25.813648266395774,39.186351733604226,1000
ped,-71.68456777797259,65.31543222202741,1000
ddx,-77.17801187999,51.82198812001001,1000
qhl,-19.73240699294074,8.267593007059263,1000
fgv,-43.28445820715597,3.7155417928440255,1000
sbw,-16.174869530496203,0.8251304695037982,1000
jhq,-13.91158305114489,66.08841694885511,1000
xhb,-69.84875149384116,64.15124850615884,1000
awh,-36.585685978203024,0.4143140217969792,1000
apo,-86.64633064301499,13.353669356985012,1000
mjj,-30.901417870204167,12.098582129795833,1000
bmt,-43.092218232496634,34.907781767503366,1000
gbp,-81.04350419925163,9.956495800748376,1000
cze,-49.099946764643484,80.90005323535651,1000
gid,-25.128830711236244,73.87116928876375,1000
coa,-0.8269777260335691,26.17302227396643,1000
syf,-28.000388056961533,40.99961194303847,1000
yyh,-48.00893296670149,53.99106703329851,1000
myk,-12.189385422565863,71.81061457743414,1000
bqh,-30.18828425842812,43.81171574157188,1000
idv,-93.61890553631928,89.38109446368072,1000
dhj,-34.71200065616998,51.28799934383002,1000
tre,-40.65055547907041,38.34944452092959,1000
kbu,-60.67214790094973,82.32785209905028,1000
llj,-0.09759923126123904,21.90240076873876,1000
esm,-97.37533714526778,47.62466285473222,1000
tex,-56.27545476001608,36.72454523998392,1000
ixl,-44.33575565726331,56.66424434273669,1000
zes,-55.3128462652469,18.687153734753103,1000
voa,-33.10473661382939,15.895263386170614,1000
ksb,-1.5241035754994985,62.475896424500505,1000
qng,-93.33207227453609,54.66792772546391,1000
cxp,-76.42263189442357,63.577368105576426,1000
vob,-59.64039124302143,84.35960875697857,1000
pqn,-79.89851372497776,0.10148627502223528,1000
ecq,-93.00511422623951,98.99488577376049,1000
vxq,-83.16488129948578,66.83511870051422,1000
vlm,-3.4037271065272474,70.59627289347276,1000
yya,-61.86963977584574,88.13036022415426,1000
csg,-4.43502693916708,10.56497306083292,1000
bsi,-11.486165675219375,7.513834324780624,1000
pgj,-97.22240842967794,64.77759157032206,1000
jmo,-5.987537858777397,73.0124621412226,1000
psk,-72.99223988812633,85.00776011187367,1000
nbm,-66.40957894749108,63.590421052508916,1000
oby,-21.980279119040375,37.019720880959625,1000
ggk,-97.56091337394044,1.4390866260595618,1000
dbp,-96.39418901157428,38.605810988425716,1000
bdb,-54.35072030268941,5.649279697310592,1000
zjy,-24.497530391923522,61.50246960807648,1000
ils,-34.302743081521314,24.697256918478686,1000
pav,-58.838282237537975,54.161717762462025,1000
qvu,-39.850088945717296,48.149911054282704,1000
znd,-83.80791516982917,93.19208483017083,1000
mpx,-21.486976347231607,19.513023652768393,1000
bxj,-51.845048990881686,74.1549510091183,1000
teu,-13.003620206751942,86.99637979324805,1000
xyd,-79.36539988831593,31.634600111684062,1000
eik,-71.99180609935213,49.00819390064787,1000
lcf,-9.141465090883026,93.85853490911697,1000
rgg,-39.101538057555885,76.89846194244411,1000
zqn,-1.9810316116823157,74.01896838831769,1000
had,-92.9652599482514,72.0347400517486,1000
roe,-64.20840832671796,82.79159167328204,1000
shw,-94.9990452250731,4.000954774926894,1000
wgi,-34.523366909830884,14.476633090169114,1000
ysg,-14.924915727866036,11.075084272133964,1000
itl,-18.212133135793497,7.787866864206503,1000
sdd,-14.591183017455341,44.40881698254466,1000
uqw,-8.120074809143235,92.87992519085677,1000
fea,-75.53906973940762,0.4609302605923832,1000
cgs,-12.302040841177037,13.697959158822963,1000
oje,-59.73283690409059,15.267163095909414,1000
tsj,-77.70693878952108,49.293061210478925,1000
vrp,-31.2113554030318,85.7886445969682,1000
nzt,-52.49234551019028,41.50765448980972,1000
xco,-82.4763306698118,86.5236693301882,1000
cuo,-36.341203676379514,22.658796323620486,1000
fwc,-83.16963043879721,56.83036956120279,1000
dqs,-78.37095075784458,53.62904924215542,1000
dys,-49.55596087209709,86.44403912790291,1000
ylf,-34.51824229858595,78.48175770141405,1000
rtg,-61.10214276963561,28.897857230364387,1000
gwa,-12.000055782839443,29.999944217160557,1000
ekp,-63.468999277757284,54.531000722242716,1000
xfm,-61.59900695220216,53.40099304779784,1000
ycx,-29.52808272931034,13.471917270689657,1000
kat,-27.411718733788625,26.588281266211375,1000
hvs,-4.925429087931414,42.07457091206859,1000
yup,-67.60033942213506,50.39966057786494,1000
kgf,-92.13293148255573,24.867068517444263,1000
zox,-51.9037790718488,67.0962209281512,1000
tbq,-52.749757999253255,69.25024200074674,1000
oof,-89.39834874106982,61.601651258930175,1000
ytr,-7.6514868305286114,43.34851316947139,1000
ago,-44.633385040280444,6.366614959719555,1000
