euv,-2.8203770229867984,1.1796229770132016,1000
eif,-57.45405773325174,97.54594226674826,1000
dvg,-87.7255875648306,78.2744124351694,1000
vgy,-90.11912796166074,72.88087203833926,1000
zri,-89.7280345157845,83.2719654842155,1000
tho,-12.925094966785894,5.0749050332141055,1000
blf,-24.483674668975517,32.51632533102448,1000
afr,-96.95277810451752,77.04722189548248,1000
tbo,-52.42567449810809,44.57432550189191,1000
kin,-41.27445085741659,92.72554914258342,1000
pht,-37.972274613311065,94.02772538668893,1000
neu,0.7116256150245371,55.71162561502454,1000
ejo,-55.60880237169974,27.39119762830026,1000
fgs,-90.73707741470403,65.26292258529597,1000
wwy,-95.64062024236945,49.35937975763054,1000
kkc,-90.59856040496796,4.401439595032042,1000
uxi,-87.0699975949283,8.9300024050717,1000
mgb,-48.6573601825626,95.3426398174374,1000
vkm,-46.310972660031865,76.68902733996813,1000
ith,-69.15543302399288,49.84456697600711,1000
xzk,-40.94560376747076,1.0543962325292406,1000
heo,-19.412598234727465,54.58740176527253,1000
dar,-34.22249260240018,44.77750739759982,1000
xmf,-58.7912796967095,38.2087203032905,1000
njp,-33.3849566714952,54.6150433285048,1000
eva,-18.488721493596024,50.511278506403976,1000
mmh,-12.03846224069174,57.961537759308264,1000
pcm,-57.404497921143005,66.595502078857,1000
bez,-89.74935569236959,52.25064430763041,1000
fgj,-36.10852913679686,67.89147086320314,1000
cjk,-93.1463345508878,5.853665449112194,1000
nkg,-69.89746360760117,26.10253639239883,1000
hrq,-37.66094667628524,13.339053323714758,1000
mzg,-46.08062308653296,76.91937691346703,1000
cwy,-39.24848778563624,40.75151221436376,1000
yvl,-42.848544173681155,68.15145582631884,1000
rmz,-49.114807950557584,73.88519204944241,1000
ucf,-24.80000865876377,36.199991341236235,1000
xnt,-82.85977629095386,95.14022370904614,1000
ukq,-54.19177988060323,24.808220119396772,1000
jka,-12.441219517686717,75.55878048231328,1000
xcz,-64.13384027926132,72.86615972073868,1000
osi,-23.567459915876277,61.43254008412372,1000
ghp,-7.823028985770386,52.176971014229615,1000
ysa,-14.029448294096778,80.97055170590322,1000
fjo,-90.5238225755421,90.4761774244579,1000
fql,-70.88315302496032,30.116846975039678,1000
dpy,-27.77319215705909,60.226807842940914,1000
sfy,-65.84759019907933,45.152409800920665,1000
jzw,-11.23166530431476,23.76833469568524,1000
qzm,-10.113532530668763,34.88646746933124,1000
rof,-19.83357161868505,24.16642838131495,1000
lqy,-22.419608942101792,11.580391057898208,1000
qxv,-4.897514311327164,58.102485688672836,1000
dst,-41.61867322785191,64.3813267721481,1000
ikj,-4.1633113882422546,28.836688611757747,1000
ryo,-34.820881302678515,7.179118697321488,1000
dii,-17.748561923131398,92.25143807686861,1000
vin,-16.03132800910749,78.9686719908925,1000
jza,-2.124146991261346,72.87585300873866,1000
fdq,-40.06215728274576,53.93784271725424,1000
nnr,-39.4015348526292,7.5984651473708,1000
tnb,-53.257539142403566,96.74246085759644,1000
syc,-43.77903899891068,28.22096100108932,1000
yqc,0.05342278395036837,27.053422783950367,1000
cae,-19.230480480400818,20.769519519599182,1000
bbm,-82.84002603242139,54.15997396757861,1000
oqn,-23.591029489683145,84.40897051031685,1000
kow,-20.00438146680181,4.995618533198189,1000
jql,-74.34669858959818,71.65330141040182,1000
oly,-3.69626366193467,96.30373633806533,1000
irz,-79.56247475367661,28.437525246323382,1000
sqx,-9.972506515208373,7.027493484791627,1000
zrs,-38.041634835078575,72.95836516492142,1000
byw,-12.833393263218255,83.16660673678174,1000
fog,-7.570096568296636,98.42990343170337,1000
fsi,-65.8922297694325,43.1077702305675,1000
rum,-90.56464486791555,78.43535513208445,1000
huz,-91.6543232793177,36.345676720682306,1000
brd,-94.68621976980005,11.313780230199951,1000
slm,-68.48627582024491,27.51372417975508,1000
lxc,-80.63714333689406,71.36285666310594,1000
wdp,-77.04636064163982,90.95363935836018,1000
ndj,-75.85393813353282,58.14606186646718,1000
off,-11.652199399713709,82.34780060028629,1000
xlv,-76.02780083927138,89.97219916072862,1000
iov,-15.801689147296088,59.19831085270391,1000
vjd,-35.13012400733763,10.869875992662372,1000
noo,-32.383323450635615,83.61667654936439,1000
jsc,-10.596724092260839,62.403275907739165,1000
hzp,-21.51142012620638,69.48857987379361,1000
yiw,-27.863721729189972,35.136278270810024,1000
lvs,-56.501500327361136,13.498499672638864,1000
aai,-48.84150486203501,55.15849513796499,1000
xgo,-27.477429919043445,62.522570080956555,1000
slk,-61.449455827704035,16.55054417229596,1000
qkw,-32.31243534835316,61.68756465164684,1000
mqi,-58.17934403564221,94.82065596435778,1000
toa,-81.25343580378863,65.74656419621137,1000
usd,-12.217191593368376,42.782808406631624,1000
rbz,-37.89556311526431,76.10443688473569,1000
afr,-63.92135733360978,89.07864266639022,1000
tyt,-26.440574809769284,2.559425190230716,1000
svl,-86.17214567513167,46.82785432486833,1000
gdd,-61.406256532746,38.593743467254,1000
hfn,-52.77028369176587,7.229716308234132,1000
sxp,-96.00917704621489,41.990822953785106,1000
jxd,-27.768602129639543,84.23139787036045,1000
ckc,-51.61645471175505,97.38354528824495,1000
jvk,-11.418294429831302,75.5817055701687,1000
xsj,-86.63664456377299,44.36335543622701,1000
rab,-38.385218271988734,56.614781728011266,1000
zfz,-35.70269045353372,14.297309546466279,1000
cie,0.7673064407149187,45.76730644071492,1000
bui,-66.48445735188724,2.51554264811276,1000
fyi,-84.73905228833328,59.26094771166671,1000
hno,-86.85513392438122,48.14486607561878,1000
opc,-85.3302424400219,80.6697575599781,1000
mjv,-58.0888979291312,85.91110207086881,1000
vfn,-75.05637775755758,21.94362224244241,1000
bwh,-76.44147146014319,40.5585285398568,1000
ngk,-18.93581053996426,41.06418946003574,1000
rrg,-3.23225672092957,34.76774327907043,1000
auk,-30.346732576896223,85.65326742310378,1000
zcp,-49.1272869690164,34.8727130309836,1000
zya,-46.3001959532985,16.699804046701498,1000
kmf,-34.563430186337385,58.436569813662615,1000
nwu,-61.93304666540742,48.06695333459258,1000
rjq,-2.43736528366159,66.56263471633841,1000
vpq,-81.8077871927025,54.192212807297494,1000
oqh,-91.5932183649344,31.40678163506559,1000
ibj,-62.03238038384363,82.96761961615637,1000
pfe,-12.383584072671361,72.61641592732865,1000
xbb,-24.57979205361377,88.42020794638623,1000
cwe,-30.301294345069394,40.698705654930606,1000
piu,-53.25016726439375,81.74983273560625,1000
yoe,-16.675797106789133,39.32420289321087,1000
pwv,-0.2388255974051361,34.76117440259486,1000
jrj,-17.868973877451854,71.13102612254815,1000
uhh,-64.45556701114077,14.544432988859233,1000
ata,-32.81739902542039,12.182600974579607,1000
zvn,-24.442139994263226,21.557860005736774,1000
uqp,-48.32764683940995,63.67235316059005,1000
hys,-89.76770094560753,72.23229905439247,1000
ulz,-52.438943061703,19.561056938297,1000
qme,-9.595914305355327,74.40408569464468,1000
phd,-70.80276414228896,95.19723585771104,1000
okk,-48.39050770113086,77.60949229886914,1000
jaa,-43.831780095717086,76.16821990428292,1000
llz,-85.82277162737596,28.177228372624036,1000
lzz,-75.5153258978364,27.4846741021636,1000
ebb,-13.005100875954776,45.994899124045226,1000
hky,-74.78580308875874,0.21419691124126228,1000
moi,-44.57870926493774,58.42129073506226,1000
tzu,-19.990205343368128,71.00979465663187,1000
xwm,-93.26317812110723,76.73682187889277,1000
sxc,-54.80619214733845,0.19380785266154754,1000
oxx,-68.69350424831833,29.30649575168166,1000
vza,-53.440390690706415,96.55960930929359,1000
lhw,-92.40990043550877,36.59009956449123,1000
pry,-57.57241391832291,70.42758608167709,1000
wzc,-5.518712033019847,19.48128796698015,1000
amh,-42.087642450732865,31.91235754926713,1000
hdx,-95.40290351610462,45.59709648389538,1000
knp,-29.7984802087698,63.201519791230204,1000
eix,-10.83945310376663,86.16054689623337,1000
vtr,-24.4694440631473,1.530555936852699,1000
nnf,-32.93935390902379,79.0606460909762,1000
dea,-66.72531401803006,7.274685981969938,1000
zkf,-74.00987466884506,6.99012533115495,1000
kil,-71.52735577717904,55.47264422282095,1000
qcv,-6.4161317505408535,31.583868249459147,1000
azm,-26.067746210896182,57.93225378910382,1000
wqo,-7.468099658726024,92.53190034127398,1000
imz,-13.838913926723057,80.16108607327695,1000
oaj,-70.96148145980774,35.03851854019226,1000
spf,-47.5150323423881,85.48496765761189,1000
ckj,-96.64479117824878,61.35520882175121,1000
dll,-65.1750936642433,85.8249063357567,1000
iaa,-83.13539330362488,91.86460669637512,1000
xyf,-31.132405107736147,52.86759489226385,1000
kxb,-50.90869615854282,13.091303841457181,1000
wlg,-71.54334948513231,83.45665051486769,1000
gxo,-78.03163315784944,42.96836684215056,1000
bsq,-91.76334456395645,66.23665543604355,1000
wvd,-86.29394577409712,91.70605422590288,1000
lft,-20.184351383517853,51.81564861648214,1000
tki,-48.26541550471453,66.73458449528546,1000
vgq,-29.70892143682071,95.2910785631793,1000
qom,-69.82809097126447,95.17190902873553,1000
uty,-74.47433381943523,77.52566618056477,1000
qgc,-11.360984223368387,38.63901577663162,1000
dzi,-38.660686837431065,38.339313162568935,1000
ppy,-11.776148739093042,11.223851260906958,1000
gla,-28.122839805694873,65.87716019430512,1000
ilb,-97.83873788363816,90.16126211636184,1000
quu,-54.37634879667219,29.62365120332781,1000
ros,-54.12938666360956,42.87061333639044,1000
uao,-8.059050523105107,24.940949476894893,1000
qoj,-66.38381113001033,61.616188869989664,1000
acp,-56.365226178884264,53.634773821115736,1000
aki,-23.956513915849108,54.04348608415089,1000
xci,-56.6088919632477,63.3911080367523,1000
gdh,-22.256023635308157,69.74397636469185,1000
rdi,-62.669268529814566,45.330731470185434,1000
kpc,-86.88298154161065,31.11701845838936,1000
vas,-42.458155152803776,17.541844847196224,1000
yda,-51.65643181048352,12.343568189516482,1000
nmp,-61.26127153998784,27.73872846001216,1000
phq,-72.12523999427349,44.874760005726515,1000
hfw,-11.384866645852622,87.61513335414737,1000
aoc,-97.62243208498143,34.37756791501858,1000
kvh,-51.96332193186543,89.03667806813458,1000
vjy,-51.11544398169178,94.88455601830822,1000
yau,-46.270260428472014,78.72973957152799,1000
xfi,-22.402970666962688,28.597029333037312,1000
cxl,-76.73077913891862,57.26922086108138,1000
tul,-64.56753104838772,1.4324689516122815,1000
hck,-14.660540641626271,97.33945935837373,1000
zvz,-68.44074794514326,68.55925205485674,1000
ort,-6.400375306586423,67.59962469341357,1000
ekn,-20.65153628233593,7.348463717664073,1000
rbg,-91.2826910674134,94.7173089325866,1000
hsk,-42.07982691318925,21.92017308681075,1000
bgu,-47.59820503279536,76.40179496720464,1000
yri,-85.58428859389154,79.41571140610846,1000
lvz,-45.96199751267766,63.03800248732234,1000
nzq,-49.343406171713006,0.6565938282869921,1000
pwu,-49.23997166217334,79.76002833782665,1000
odf,-86.23470187784369,45.7652981221563,1000
kdm,-32.49947002629479,69.50052997370521,1000
beo,0.09664158325190875,69.09664158325191,1000
fsf,-59.83573475340759,70.16426524659241,1000
njh,-25.325260595723204,93.67473940427679,1000
der,-16.403785816939852,49.59621418306015,1000
aqx,-18.34601990460701,10.65398009539299,1000
pos,-85.004887615938,70.995112384062,1000
xsi,-97.55178053799969,83.44821946200031,1000
qjt,-44.55990109862676,31.440098901373236,1000
ozx,-93.90713785483835,95.09286214516165,1000
xpp,-73.98923517834031,26.010764821659695,1000
tby,-86.20509386704526,9.794906132954731,1000
pdk,-32.11490791995482,15.88509208004518,1000
ubu,-33.9023203420394,82.0976796579606,1000
jlt,-20.38451060111082,7.61548939888918,1000
seg,-53.58241807303127,89.41758192696874,1000
wqq,-51.64491683074024,90.35508316925976,1000
hyd,-69.84965619744338,62.15034380255662,1000
qmw,-6.459918442458268,22.540081557541733,1000
scv,-78.80680465452457,66.19319534547543,1000
pxr,-11.229235430007009,57.77076456999299,1000
kal,-58.96827771499982,56.03172228500018,1000
lkm,-92.19064978190922,90.80935021809078,1000
mfk,-8.230786603260825,72.76921339673918,1000
dji,-90.9712013076983,84.0287986923017,1000
ykr,-5.856156389850523,84.14384361014947,1000
owb,-44.70918273639022,47.29081726360978,1000
xrx,-59.40512287267901,52.59487712732099,1000
ycy,-80.86771290770247,7.132287092297526,1000
gwb,-72.85042641631918,21.149573583680823,1000
nlw,-29.707653596629058,36.29234640337094,1000
yjl,-67.72958403938996,50.27041596061003,1000
cwz,-67.2564632485533,80.7435367514467,1000
xck,-83.3243425704998,34.675657429500205,1000
ofc,-6.522761659721266,59.47723834027873,1000
kjq,-54.23018313847647,72.76981686152354,1000
qud,-27.769663252906287,33.230336747093716,1000
jot,-8.131897902038236,35.86810209796176,1000
jyh,-23.472447386271867,21.527552613728133,1000
zjc,-37.925461335626665,64.07453866437334,1000
nxu,-43.76185088243899,35.23814911756101,1000
uju,-69.32516987402727,61.67483012597273,1000
ysl,-55.75383288568282,32.24616711431718,1000
oyv,-65.7188824831269,40.28111751687309,1000
wzd,-55.756045748467336,79.24395425153267,1000
wxw,-74.56417106058262,8.435828939417378,1000
nkr,-5.959187729284964,16.040812270715037,1000
ffn,-59.87159022094336,3.128409779056636,1000
rrn,-61.97981546419929,59.02018453580071,1000
bpb,-80.57693066256931,21.42306933743069,1000
pbs,-43.1353796794566,33.8646203205434,1000
jon,-74.17230692586837,39.82769307413163,1000
umk,-58.92245516105137,51.07754483894863,1000
tsp,-82.10173816372148,6.898261836278525,1000
hdj,-30.89831199013012,24.10168800986988,1000
igo,-86.9261629627086,95.0738370372914,1000
lvp,-47.93845249099507,3.061547509004931,1000
tvo,-29.407557200467057,48.59244279953295,1000
drp,-94.78719619320573,82.21280380679427,1000
hjl,-13.833086940720287,76.16691305927971,1000
njn,-64.41326327346269,71.58673672653731,1000
cxl,-83.34630568741281,50.6536943125872,1000
prm,-50.0470381324121,73.9529618675879,1000
chk,-39.21729295081451,56.78270704918549,1000
cfc,-15.234897719854724,24.76510228014528,1000
eed,-51.753565555067254,53.246434444932746,1000
bcw,-87.70815567851207,53.291844321487936,1000
wnx,-43.82652651275031,44.17347348724969,1000
rhh,-51.36964888502227,68.63035111497773,1000
cpf,-32.79787010926253,84.20212989073747,1000
wga,-76.5954926907077,69.4045073092923,1000
qru,-82.94467994161664,3.05532005838336,1000
pjh,-20.896179638145306,60.103820361854694,1000
nlr,-1.544196417807047,91.45580358219296,1000
rrg,-90.28840317517901,84.71159682482099,1000
ebd,-12.66291419134564,85.33708580865436,1000
nwp,-67.35641593725403,10.643584062745974,1000
avo,-23.23057873058237,8.76942126941763,1000
rcx,-4.281765331262949,60.718234668737054,1000
ysl,-81.33852906742507,1.6614709325749246,1000
ksw,-80.6457583209644,76.3542416790356,1000
xsp,-86.34589191173251,47.654108088267485,1000
dxh,-66.86215101877941,17.137848981220593,1000
mib,-63.61926179567378,65.38073820432622,1000
wxm,-85.41808790440737,61.58191209559263,1000
xfa,-46.45896349921235,2.5410365007876474,1000
yeg,-45.57867991692016,45.42132008307984,1000
xoq,-51.49844084890106,22.50155915109894,1000
pes,-14.793970163962296,24.206029836037704,1000
bfy,-40.41286648797436,40.58713351202564,1000
jqs,-75.8782742567336,22.121725743266403,1000
pre,-10.163262287666173,74.83673771233383,1000
ung,-23.957583268597496,59.042416731402504,1000
vsy,-69.75784539526632,18.24215460473369,1000
gux,-78.31385621926562,85.68614378073438,1000
khc,-79.42369237185946,62.57630762814054,1000
ipr,-39.617160240191225,3.3828397598087747,1000
lee,-81.45230765842251,42.54769234157749,1000
jfc,-88.93165080604817,59.06834919395184,1000
don,-49.098807535630684,39.901192464369316,1000
iry,-79.21676449129292,63.78323550870708,1000
xal,-69.80078109292201,78.19921890707799,1000
lqi,-21.827791100506307,43.17220889949369,1000
rwf,-52.146829856667196,18.853170143332807,1000
kzf,-91.93795645730312,24.062043542696887,1000
bph,-81.37609292635562,85.62390707364438,1000
vaz,-26.874054855703356,13.125945144296645,1000
rog,-76.99332889073645,76.00667110926355,1000
jpq,-68.89580882960992,31.104191170390084,1000
ppf,-7.446259071919742,38.55374092808026,1000
alu,-15.547289365760605,19.452710634239395,1000
qde,-36.541312385064245,62.458687614935755,1000
yna,-35.4879751796176,2.5120248203824027,1000
zjw,-77.72261730205526,9.277382697944748,1000
ksv,-28.884562452848822,81.11543754715117,1000
fng,-62.587053931490196,96.4129460685098,1000
uoe,-77.42760097397105,57.57239902602895,1000
vig,-27.578755737009736,49.421244262990264,1000
ooa,-0.5164166734742041,17.483583326525796,1000
fxg,-24.620910617818076,84.37908938218192,1000
cob,-24.45172107843425,26.54827892156575,1000
nsi,-13.286371813861123,96.71362818613888,1000
yyr,-21.70862335764092,83.29137664235908,1000
bvn,-9.437826859731864,48.562173140268136,1000
osf,-38.15333753896366,83.84666246103633,1000
hwx,-71.60655797878002,67.39344202121998,1000
nby,-38.89997744794522,68.10002255205478,1000
brc,-4.023541209821424,57.976458790178576,1000
uxy,-81.44420096714032,15.555799032859676,1000
kak,-86.20764126862109,24.792358731378904,1000
mlx,-92.65570115918099,36.34429884081901,1000
jat,-59.81258073915452,75.18741926084549,1000
ddl,-89.78042198182303,77.21957801817697,1000
kte,-31.322315947654484,27.677684052345516,1000
rwj,-49.240280931280864,58.759719068719136,1000
kfc,-47.13836415255168,9.861635847448316,1000
iir,-68.89744049534508,31.10255950465492,1000
wql,-91.0406114388035,26.9593885611965,1000
zcl,-21.40774004081657,31.59225995918343,1000
pow,-68.39195075318779,38.60804924681222,1000
ycd,-28.13400678536013,62.86599321463987,1000
imf,-50.66528698959232,71.33471301040768,1000
fkx,-38.115855269519884,36.884144730480116,1000
bqf,-47.90234155711707,40.09765844288293,1000
jxs,-42.9485136245938,80.0514863754062,1000
zdx,-61.74736879836011,93.25263120163989,1000
ukl,-83.67923339536162,69.32076660463838,1000
ycr,-29.041119290580415,62.95888070941958,1000
ycy,-44.72668714623534,27.273312853764654,1000
les,-42.0287847604304,16.971215239569606,1000
fas,-89.3779179914768,54.62208200852319,1000
blb,-27.181931912612306,62.818068087387694,1000
wxq,-38.91961415951332,96.08038584048667,1000
vsn,-60.14465498346996,25.85534501653004,1000
brn,-7.003472456861039,80.99652754313897,1000
jas,-0.06486797050631676,68.93513202949369,1000
fng,-56.626358230424316,36.373641769575684,1000
bok,-51.91779913315995,11.082200866840047,1000
fio,-36.93397341062646,62.06602658937354,1000
tfi,-72.15864641898631,8.841353581013685,1000
omh,-31.21495715370541,56.78504284629459,1000
ipw,-0.21912145478502232,52.780878545214975,1000
vfv,-15.86858079285106,81.13141920714894,1000
vym,-2.5847162068537926,17.41528379314621,1000
ihd,-30.072916205365505,75.9270837946345,1000
dfm,-51.86341405694896,57.13658594305104,1000
lrb,-70.46656372122358,85.53343627877642,1000
rdh,-46.62904464545164,2.370955354548359,1000
zwn,-46.7809118971565,2.219088102843499,1000
cpt,-94.16637707368761,93.83362292631239,1000
xuc,-50.94898714037155,64.05101285962846,1000
qkl,-12.187267207866984,37.81273279213301,1000
eac,-29.064653113564386,38.93534688643561,1000
mdj,-18.96832980170715,32.03167019829285,1000
rwt,-12.258457363629514,86.74154263637048,1000
szt,-14.597212260300793,29.402787739699207,1000
jid,-64.29090004406652,39.709099955933475,1000
nlc,-52.716886932207814,24.283113067792186,1000
znf,-53.63671436707835,65.36328563292166,1000
ywf,-1.4171530616600618,95.58284693833994,1000
hfs,-2.4251627465717105,22.57483725342829,1000
nfp,-28.161877793020086,6.838122206979913,1000
wnd,-78.05612278607596,79.94387721392404,1000
vpg,-67.0422989637097,25.957701036290295,1000
xqh,-80.76415047224855,37.235849527751455,1000
xce,-17.68991011258452,40.31008988741548,1000
ycs,-95.14398006196045,36.85601993803955,1000
lzq,-2.589084274154658,53.41091572584534,1000
dei,-28.63968001706557,30.36031998293443,1000
dyq,-92.63611579709018,63.36388420290981,1000
yru,-26.584561618342615,18.415438381657385,1000
dnp,-30.33717466662614,46.66282533337386,1000
fwa,-40.015517486956064,28.984482513043936,1000
blq,-79.44839880561828,47.55160119438172,1000
hen,-10.459446130106619,90.54055386989339,1000
qzn,-7.662318306465552,34.33768169353445,1000
weg,-65.26311565565223,11.736884344347772,1000
tuz,-0.23606806156166038,91.76393193843833,1000
jwl,-83.05695122934937,9.94304877065064,1000
juf,-2.9790631872387348,55.02093681276126,1000
upw,-11.757169859395859,95.24283014060414,1000
btl,-58.98091282948224,58.01908717051776,1000
mcz,-69.32734409561529,11.672655904384706,1000
fcu,-16.195821009362255,96.80417899063775,1000
bai,-77.67572995783006,30.324270042169942,1000
myz,-72.9249635318949,11.075036468105093,1000
nrg,-60.576178144893575,87.42382185510643,1000
oar,0.05625411939023173,41.05625411939023,1000
uah,-28.024313848576583,72.97568615142342,1000
mdd,-80.79534942229188,98.20465057770812,1000
vgt,-14.126617655387243,89.87338234461275,1000
hzf,-67.57329711076349,54.426702889236516,1000
uss,-19.345315219538666,57.65468478046134,1000
vkp,-70.10616892795029,40.893831072049714,1000
suz,-36.22089587630794,81.77910412369205,1000
etp,-48.766292597709736,52.233707402290264,1000
qrq,-67.02541998065081,19.974580019349197,1000
pbw,-19.222304798312006,85.77769520168799,1000
hsx,-13.339698382479744,78.66030161752026,1000
dmo,-10.232974285707554,29.767025714292448,1000
jsw,-23.293255302194616,21.706744697805384,1000
teq,-77.45581631695588,51.544183683044125,1000
zrb,-33.08853350997051,92.9114664900295,1000
xxt,-36.57424037087626,70.42575962912373,1000
tqt,0.4572395819429288,34.45723958194293,1000
sof,-17.81340432461984,0.18659567538015942,1000
tgm,-13.062611828959273,54.93738817104072,1000
rgl,-27.712343404675607,86.28765659532439,1000
spu,-2.036699115545825,28.963300884454174,1000
wjl,-94.32174485326875,76.67825514673125,1000
mtf,-78.35569871767474,81.64430128232526,1000
xqj,-2.1199978740122924,23.88000212598771,1000
nxg,-86.63913802933972,86.36086197066028,1000
fjj,-55.3160429619971,51.6839570380029,1000
gjq,-5.209346734263364,44.79065326573664,1000
ald,-7.942975992247313,18.057024007752688,1000
qkj,-13.420071452417009,96.579928547583,1000
gab,-39.6647949172472,76.33520508275281,1000
syf,-40.467299391852016,44.532700608147984,1000
pod,-90.47853550633998,42.52146449366001,1000
gvg,-7.670339987451147,62.32966001254885,1000
kxx,-31.688252582178006,31.311747417821994,1000
wat,-40.938613747492,34.061386252508,1000
wcb,-73.99872762931221,82.00127237068779,1000
grr,-77.92455707833277,86.07544292166723,1000
fqh,-54.621596095957386,12.378403904042617,1000
nwo,-17.815192762330252,84.18480723766974,1000
hyp,-16.50557487897491,86.49442512102509,1000
pwm,-1.795345445936065,52.204654554063936,1000
nrf,-76.54568389822643,60.45431610177358,1000
ros,-48.90638594978723,95.09361405021278,1000
xni,-91.71219147966248,80.28780852033752,1000
oni,-93.60695469081973,13.393045309180266,1000
vlx,-43.253578922929634,17.746421077070362,1000
eox,-71.9313932309432,29.068606769056796,1000
lxp,-5.33942355856732,50.66057644143268,1000
hcf,-83.99723900902792,55.00276099097207,1000
pll,-32.497306643350456,32.502693356649544,1000
qdb,-79.32953561284725,17.670464387152748,1000
dle,-67.85843874633348,67.14156125366652,1000
yos,-55.37072595451571,56.62927404548429,1000
onx,-50.619090745995514,23.38090925400449,1000
rls,-21.80284751659629,49.197152483403706,1000
crq,-23.834450300188983,15.165549699811017,1000
lcs,-50.122159744429325,2.8778402555706726,1000
fdt,-4.734368762835387,3.2656312371646132,1000
one,-86.28987676116375,6.710123238836249,1000
dvd,-95.7338320387782,58.2661679612218,1000
jdg,-64.99646790862153,38.003532091378474,1000
qdt,-63.96259246502803,78.03740753497196,1000
lei,-70.71804250152101,43.28195749847899,1000
uax,-70.06468868131238,85.93531131868762,1000
qyf,-46.44152020239797,9.558479797602029,1000
lrv,-6.052110077911092,57.947889922088905,1000
sws,-94.78404156217974,68.21595843782026,1000
rkz,-45.69536701257062,66.30463298742937,1000
skl,-59.35704864159853,66.64295135840146,1000
bah,-42.037846231290665,1.962153768709336,1000
omj,-17.54670917086599,66.453290829134,1000
gin,-31.929256582051533,96.07074341794846,1000
fng,-69.52479015537754,60.475209844622455,1000
ntl,-97.95737798983136,58.04262201016864,1000
yuu,-8.893284717053566,67.10671528294644,1000
twu,-87.43833809804154,76.56166190195846,1000
pux,-41.14264824188153,19.857351758118465,1000
oqq,-73.64377810520607,8.356221894793926,1000
pze,-42.44384679630253,12.55615320369747,1000
hkb,-82.48422956648459,61.51577043351541,1000
svg,-94.42191484494198,74.57808515505802,1000
sbg,-59.71605008018472,40.28394991981528,1000
ejx,-55.319589453837835,47.680410546162165,1000
ubw,-77.62518837448091,54.374811625519094,1000
xtg,-97.18970289796378,58.81029710203621,1000
lbt,-60.84791365455463,89.15208634544537,1000
ugv,-15.634394494596867,56.36560550540313,1000
wcu,-58.196149155004825,80.80385084499518,1000
dib,-45.33059410813633,87.66940589186368,1000
xjz,-61.03270798131035,37.96729201868965,1000
fyl,-57.01042556667536,96.98957443332465,1000
mku,-13.73618171335071,28.26381828664929,1000
ugm,-39.22545010863621,25.77454989136379,1000
rrs,-96.01134678920381,82.98865321079619,1000
qcx,-7.444671440010981,86.55532855998902,1000
idt,-36.834491689335536,49.165508310664464,1000
lqn,-48.990675031247974,90.00932496875203,1000
sno,-92.20286944249159,13.797130557508412,1000
jwu,-90.34928221819867,67.65071778180133,1000
jge,-69.2587950890088,6.741204910991206,1000
ugd,-53.42823980401303,33.57176019598697,1000
jki,-35.076405308844635,60.923594691155365,1000
trm,-90.12896525728584,95.87103474271416,1000
czs,-5.874505672053457,31.125494327946544,1000
mtw,-73.59451417200442,2.405485827995578,1000
zlr,-85.18265204284116,87.81734795715884,1000
bzw,-17.637919255562903,70.3620807444371,1000
svo,-76.64871299370617,48.35128700629383,1000
nsz,-57.946243971196296,16.0537560288037,1000
nrl,-69.82744826205406,32.17255173794593,1000
vbm,-96.86555726198966,96.13444273801034,1000
zgr,-6.827478061273098,2.172521938726902,1000
qhp,-48.34445245129546,67.65554754870455,1000
gid,-27.711146541173644,4.288853458826357,1000
yth,-74.20079774658205,20.79920225341795,1000
nih,-42.094468548569644,85.90553145143036,1000
axb,-43.63426504012152,67.36573495987848,1000
icj,-42.06318913017945,58.93681086982055,1000
kem,-86.86697053617632,86.13302946382368,1000
pjr,-79.68485420734321,90.31514579265679,1000
hnw,-80.7454695948965,95.2545304051035,1000
ewr,-90.53063034169516,82.46936965830484,1000
owc,-95.80748304697406,73.19251695302594,1000
zcf,-19.976237230619354,77.02376276938065,1000
aam,-57.56533677464822,33.43466322535178,1000
qcc,-16.205171052123692,96.79482894787631,1000
fvr,-72.38605270616489,20.613947293835114,1000
qwx,-59.28223903059761,3.717760969402393,1000
qfw,-27.766123015740476,52.233876984259524,1000
sxc,-39.61413310254845,13.38586689745155,1000
lpg,-73.71802516795194,42.28197483204807,1000
xpv,-38.128783895217275,71.87121610478273,1000
zls,-67.1623465557005,69.8376534442995,1000
ili,-40.6889567743638,67.3110432256362,1000
agy,-28.99728580504906,14.00271419495094,1000
aov,-0.15322846830380865,78.84677153169619,1000
iwd,-20.189127223178822,21.810872776821178,1000
brg,-84.88936195496865,8.110638045031347,1000
wti,-83.36143485968056,28.638565140319447,1000
uas,-70.36567355301095,48.63432644698905,1000
wey,-60.86907751755793,56.13092248244207,1000
dll,-63.077540210458565,27.922459789541435,1000
wwr,-91.4088184111876,69.5911815888124,1000
glq,-33.39351288268454,14.606487117315458,1000
jjy,-44.946665118733485,91.05333488126651,1000
rip,-69.23215616974453,1.7678438302554667,1000
kee,-1.991798777932396,52.008201222067605,1000
wsw,-75.59396117673435,5.406038823265652,1000
itp,-25.40644166267286,51.59355833732714,1000
eox,-21.01330577605395,61.986694223946046,1000
bpy,-61.36563131781641,15.63436868218359,1000
bhe,-56.667739679367294,5.332260320632705,1000
ivx,-38.215773208519835,72.78422679148017,1000
bfx,-36.13296001888401,88.86703998111598,1000
mhd,-48.35088420394451,13.649115796055492,1000
qcv,-89.1122337356572,30.887766264342797,1000
auk,-47.503518317152675,35.496481682847325,1000
soa,-84.60982990207228,22.390170097927726,1000
xbt,-83.75644971354374,35.24355028645625,1000
csd,-57.25543337465591,76.74456662534409,1000
pmp,-23.07912951066068,4.92087048933932,1000
niv,-21.31921468196296,4.68078531803704,1000
kgz,-66.36595220089347,75.63404779910653,1000
yza,-74.71086895095262,90.28913104904738,1000
bii,0.2980485992276415,37.29804859922764,1000
vnz,-34.25172215086169,42.74827784913831,1000
wbn,-74.22755303444343,16.772446965556565,1000
mug,-62.25670111781579,6.743298882184214,1000
tck,-48.89407416912945,84.10592583087055,1000
uqy,-32.8342905454221,42.1657094545779,1000
yep,-73.54261058289359,38.457389417106405,1000
tkx,-72.24195279745241,50.75804720254758,1000
dcz,-20.82787537869398,17.17212462130602,1000
zrq,-59.44152166689858,6.558478333101421,1000
kvj,-80.20735680374163,29.79264319625836,1000
bkd,-42.62081049658517,50.37918950341483,1000
uky,-80.71670274789365,76.28329725210635,1000
ekj,-57.42398591315707,50.57601408684293,1000
vni,-54.12802723641231,48.87197276358769,1000
dja,-63.22179871949989,32.77820128050011,1000
rss,-93.92355623649209,62.07644376350791,1000
vam,-60.24340693157496,42.75659306842504,1000
lgv,-65.27760397251565,6.722396027484351,1000
bec,-48.927452947528316,18.072547052471684,1000
rnq,-39.24172210280768,6.758277897192324,1000
zez,-2.1887576658786165,33.81124233412138,1000
vsm,-57.44219247998512,37.55780752001488,1000
ldc,-66.66773990561288,12.332260094387118,1000
jif,-81.34760922714798,16.65239077285201,1000
sfa,-85.37537667388925,61.62462332611074,1000
kfm,-23.335259264079326,73.66474073592067,1000
nwd,-9.031208081377136,88.96879191862287,1000
eob,-75.83057783357962,92.16942216642038,1000
yxl,-70.15474822032843,19.84525177967157,1000
rxt,0.22997101320361435,51.22997101320362,1000
itg,-46.37057041230257,42.62942958769743,1000
sgh,-78.57093951342127,94.42906048657873,1000
lwd,-62.10509654580588,75.89490345419412,1000
vlj,-4.16987743909638,98.83012256090362,1000
hcs,-20.488862792401854,47.511137207598146,1000
ryh,-81.45446531751291,20.545534682487087,1000
zvp,-16.06285699459416,26.93714300540584,1000
ofe,-38.0684654166551,65.9315345833449,1000
hbx,-42.708925995998115,12.291074004001883,1000
vyl,-80.788274408677,57.211725591323,1000
yvr,-66.60045879476164,93.39954120523836,1000
alc,-93.63371480657318,3.36628519342682,1000
uxt,-85.69041461457478,14.30958538542522,1000
tav,-83.15795424825315,28.84204575174685,1000
ekt,-49.49227385803654,40.50772614196346,1000
owc,-6.670067508794275,92.32993249120572,1000
thk,-41.08812000910491,75.91187999089509,1000
ddn,-4.23602589300779,19.763974106992208,1000
lue,-24.508518174006834,57.49148182599316,1000
hav,-16.766071666774415,23.233928333225585,1000
bdl,-42.47543595850693,47.52456404149307,1000
zcx,-20.304387852435774,69.69561214756422,1000
cym,-47.155125263235696,32.844874736764304,1000
kbl,-61.968631740107405,10.031368259892597,1000
xui,-56.89391525114117,84.10608474885882,1000
tsy,-7.0598982928113605,83.94010170718865,1000
hce,-30.501080423756655,59.498919576243345,1000
pxs,-78.17590106573371,73.82409893426629,1000
yea,-51.73912401630788,57.26087598369212,1000
oog,-19.015309957872603,52.9846900421274,1000
adz,-0.8232249507760716,69.17677504922393,1000
giz,-10.99754142574799,0.002458574252010015,1000
enf,-58.2040256297496,33.7959743702504,1000
dmo,-95.55031494896112,87.44968505103888,1000
dqf,-89.41975769657759,15.580242303422416,1000
jjs,-91.41532680656874,61.58467319343126,1000
xdu,-12.50371058935007,97.49628941064992,1000
ebd,-5.036875249981593,90.96312475001841,1000
rol,-70.08106689855079,73.91893310144921,1000
cjv,-64.54750132767325,41.45249867232676,1000
qjs,-87.12844848670036,50.871551513299636,1000
ebx,-16.016783925684727,89.98321607431528,1000
dxf,-71.23243019755255,33.767569802447454,1000
fzg,-93.7839485601671,92.2160514398329,1000
llg,-79.4308912451332,43.5691087548668,1000
ofv,-75.24134035137898,87.75865964862102,1000
xix,-32.30866343424803,62.69133656575197,1000
cin,-90.48067065080896,86.51932934919104,1000
dth,-63.99819778702525,87.00180221297475,1000
nyn,-82.42768697527013,78.57231302472987,1000
scp,-8.926322305720568,47.07367769427943,1000
xod,-79.2297810325669,39.7702189674331,1000
sbh,-31.941380053516472,95.05861994648353,1000
obw,-37.34993445832962,11.650065541670376,1000
jzo,-73.48734652674848,61.512653473251525,1000
hnq,-34.22128920865629,66.77871079134371,1000
weh,-13.153035964050817,74.84696403594918,1000
iyr,-86.84393534088235,49.15606465911765,1000
kvz,-13.018977824219554,72.98102217578044,1000
lua,-16.039613622560875,43.96038637743912,1000
lfo,-95.09124045584542,35.908759544154584,1000
vly,-44.458991553057984,16.541008446942012,1000
inh,-91.5975668392003,65.4024331607997,1000
ivx,-70.80181396934988,20.198186030650117,1000
imk,-18.014203003085967,15.985796996914033,1000
uhe,-3.238581917616342,31.761418082383656,1000
bwf,-1.3378313746720063,42.66216862532799,1000
vwx,-77.81822376681325,26.181776233186746,1000
mef,-10.973075609728872,56.02692439027113,1000
qlo,-66.07395682833338,34.92604317166661,1000
jym,-39.15743898978659,19.84256101021341,1000
plm,0.2086209077225164,65.20862090772252,1000
tun,-41.00630973093841,97.99369026906159,1000
mok,-25.140931861719963,91.85906813828004,1000
lgq,-66.32379898097446,50.67620101902554,1000
psx,-67.90826851714384,10.091731482856156,1000
iuz,-44.91522199548554,37.08477800451446,1000
ccg,0.6812793279412203,80.68127932794123,1000
gvs,-27.610928666657674,19.389071333342326,1000
alb,-57.68382363744604,12.31617636255396,1000
vps,-67.02896425041419,11.971035749585813,1000
idf,-67.02003304024082,28.979966959759185,1000
niq,-65.72235479580151,54.277645204198485,1000
hli,-39.15907261077656,7.840927389223436,1000
xxh,-20.66582590991113,64.33417409008887,1000
yly,-21.46668535389366,36.53331464610634,1000
ant,-64.87997715136729,52.120022848632715,1000
bwn,-82.47712410243666,64.52287589756334,1000
fpb,-68.75013172236564,50.24986827763437,1000
btx,-66.89839991227794,26.101600087722055,1000
mgf,-66.37261522947668,40.627384770523314,1000
efa,-4.752421003829938,39.24757899617006,1000
dje,-68.22016013805455,43.77983986194545,1000
rws,-55.34720200053181,74.65279799946819,1000
qep,-41.78464909174358,50.21535090825642,1000
bya,-10.036024714876307,33.963975285123695,1000
etv,-75.61954701005904,78.38045298994096,1000
osq,-34.812674012771424,45.187325987228576,1000
snn,-2.7262883552003814,69.27371164479962,1000
rkt,-15.570064847548114,50.42993515245189,1000
fye,-93.81863030505784,17.18136969494217,1000
sgk,-16.79147970231685,1.2085202976831497,1000
wbz,-7.613087410310072,76.38691258968993,1000
ver,-56.56002389331189,63.43997610668811,1000
kfi,-1.4042510726607198,44.59574892733928,1000
afs,-77.68216689956009,3.317833100439908,1000
xhx,-9.785517813109205,10.214482186890795,1000
fgx,-57.89413672335469,6.105863276645312,1000
vqf,-22.95111022534235,89.04888977465765,1000
fyc,-47.03274970899927,72.96725029100074,1000
akh,-23.79566586441413,65.20433413558587,1000
ttk,-79.55464632358404,98.44535367641596,1000
ikg,-78.34028313526363,0.6597168647363666,1000
dny,-35.38498768107364,84.61501231892636,1000
yhn,-26.18002110943814,47.819978890561856,1000
jut,-27.249518948736664,22.750481051263336,1000
mro,-72.9415205344336,71.0584794655664,1000
snl,-5.209046625787466,91.79095337421253,1000
mif,-77.83594666555041,10.164053334449598,1000
eqd,-62.91527205704176,16.084727942958242,1000
nny,0.6562551086444514,16.65625510864445,1000
vzl,-11.564512158148856,47.43548784185114,1000
jpt,-36.647430696440765,68.35256930355924,1000
zlx,-63.6357503739024,77.3642496260976,1000
flq,-26.068508848098332,25.931491151901668,1000
ozt,-74.84150247460956,63.15849752539045,1000
hxi,-44.79370585408785,32.20629414591215,1000
zvw,-30.430380778084544,1.5696192219154577,1000
xkm,-72.05537463082197,77.94462536917803,1000
bzb,-39.04792990615884,14.952070093841156,1000
jbr,-67.6368996744307,79.3631003255693,1000
bar,-17.992415148863316,95.00758485113668,1000
smx,-74.69382006038994,58.306179939610054,1000
ccj,-14.42053177969369,98.57946822030631,1000
glz,-23.95287663217177,78.04712336782823,1000
ukq,-46.95695978958613,73.04304021041386,1000
bro,-78.16913180945248,7.830868190547517,1000
qcu,-14.544488778154207,19.455511221845793,1000
jzp,-25.07476557856929,92.92523442143072,1000
xis,-2.3889595618455424,12.611040438154458,1000
trm,-22.036954121413984,5.963045878586015,1000
air,-55.89728291023739,95.10271708976262,1000
agu,-25.715805708897882,41.28419429110212,1000
vky,-59.29773042733288,89.70226957266712,1000
ckj,-18.92586820669425,29.07413179330575,1000
uqx,-8.66009455709864,76.33990544290135,1000
yxg,-87.04593360135866,27.95406639864135,1000
zyf,-61.50410363213211,98.49589636786789,1000
wmy,-63.618301096588354,72.38169890341165,1000
cav,-90.84839839344919,54.151601606550805,1000
idy,-32.62359281479276,93.37640718520724,1000
asp,-48.682151770574386,64.3178482294256,1000
npy,-44.22347720868317,34.77652279131683,1000
qil,-59.69015740851587,21.309842591484124,1000
gpr,-18.272187012387082,50.727812987612914,1000
lwd,-66.44149299988936,91.55850700011064,1000
kew,-71.9619889121979,48.038011087802104,1000
tpy,-55.0817100761581,10.918289923841899,1000
psy,-6.437899803052978,91.56210019694703,1000
gmv,-69.48041428864416,40.51958571135584,1000
yge,-7.129776974149081,36.87022302585092,1000
eas,-66.35028242014081,48.649717579859185,1000
bum,-68.9070166649302,2.0929833350698024,1000
mmv,-59.48016197133414,44.51983802866586,1000
lgi,-80.2695217076704,75.7304782923296,1000
qwx,-31.75621469256445,1.2437853074355525,1000
dgk,-2.077020772184909,81.92297922781509,1000
aoi,-79.4929399958244,47.50706000417561,1000
wrs,-19.84612649915372,51.15387350084628,1000
sru,-59.08497109512053,48.91502890487947,1000
zug,-3.3449402372231907,45.65505976277681,1000
dqd,-90.22899536326763,41.77100463673237,1000
kli,-68.0293608685808,83.9706391314192,1000
fyy,-57.759452655084985,97.24054734491502,1000
toh,-26.59252771764133,20.40747228235867,1000
fyw,-22.133166897231693,12.866833102768307,1000
pwy,-32.11442484590315,97.88557515409686,1000
jsh,-78.68222471115976,23.317775288840235,1000
rmb,-6.316301320631712,59.68369867936829,1000
hff,-77.00424651874461,81.99575348125539,1000
ycf,-13.491530450867511,21.50846954913249,1000
xzl,-58.608548766493286,12.391451233506713,1000
crc,-82.70711484086894,6.292885159131064,1000
sec,-81.31119249873645,27.688807501263557,1000
ojk,-11.19897875411709,85.80102124588291,1000
doy,-29.29855074178768,57.70144925821232,1000
tck,-0.8105530450550859,53.18944695494491,1000
qns,-88.17774481438614,61.822255185613855,1000
viv,-93.67258156632501,77.32741843367499,1000
ltz,-42.08608512610233,26.913914873897664,1000
cev,-83.36787695702354,88.63212304297646,1000
iqi,-75.17343302048052,86.82656697951948,1000
fsx,-23.13964240633666,93.86035759366334,1000
rjx,-14.200818649066818,77.79918135093318,1000
kax,-70.1796495545406,37.82035044545939,1000
hid,-26.072901622075467,41.92709837792454,1000
fin,-71.83912323872623,18.160876761273776,1000
mlq,-96.01720123225476,70.98279876774524,1000
zws,-80.81914728242803,62.180852717571966,1000
ocn,-14.577276472036178,46.422723527963825,1000
fqu,-48.54388897057188,51.45611102942812,1000
ojp,-50.6298555647155,43.3701444352845,1000
xhp,-80.44520699378515,98.55479300621485,1000
mzs,-27.128369117400492,56.87163088259951,1000
kzr,-36.93831159862416,13.061688401375841,1000
niq,-79.73973521800124,63.26026478199876,1000
inw,-91.50813519989799,93.49186480010201,1000
dbi,-12.016902413150056,7.983097586849944,1000
pkg,-82.62580296660806,20.374197033391933,1000
mwi,-94.22802212674716,26.771977873252837,1000
onq,-0.6600155889737283,74.33998441102626,1000
dfi,-46.094614975754745,12.905385024245257,1000
hjb,-68.63065837842181,61.369341621578194,1000
plb,-2.4364553536854268,59.563544646314575,1000
eud,-57.15554484167575,97.84445515832425,1000
tpn,-11.271224523382612,71.72877547661739,1000
ibm,-45.69815624138226,70.30184375861774,1000
ger,-84.30760095191066,69.69239904808934,1000
thz,-11.31197971151647,80.68802028848353,1000
bcv,-36.03811206083389,63.96188793916611,1000
jrc,-34.787736316115044,24.212263683884952,1000
ime,-42.88316768103079,71.11683231896922,1000
wlg,-16.686666084427017,50.31333391557298,1000
ytm,-60.03326551324173,72.96673448675827,1000
qcc,-73.4184985934541,93.5815014065459,1000
klu,-77.1679801412505,90.8320198587495,1000
wur,-44.71393128715728,19.286068712842724,1000
xah,-55.03833879676883,45.96166120323117,1000
glz,-51.86549999123338,31.134500008766622,1000
uww,-59.69992239404952,36.30007760595048,1000
mdg,-47.22462434241283,71.77537565758718,1000
xsu,-0.11932155574695391,59.88067844425304,1000
rpr,-86.73864635741182,85.26135364258818,1000
puh,-15.59202673745466,15.40797326254534,1000
duv,-33.72046944219107,62.27953055780893,1000
efa,-68.5938552558526,65.4061447441474,1000
bvh,-82.8510585736952,1.1489414263048028,1000
aru,-63.87102507046739,62.12897492953261,1000
wnz,-37.66178656223961,28.33821343776039,1000
ozz,-46.4354975098722,42.5645024901278,1000
cuh,-87.02607874383993,13.973921256160066,1000
wxh,-83.73263973178514,86.26736026821486,1000
jdr,-6.950862443818201,5.049137556181799,1000
pyd,-91.44629772026423,88.55370227973577,1000
mha,-22.60632536822983,58.393674631770175,1000
bqp,-87.17170725450718,53.82829274549282,1000
dms,-31.75763120775888,5.242368792241118,1000
dxt,-0.4298245437726068,81.57017545622739,1000
iau,-30.518036099755193,47.48196390024481,1000
cal,-37.186729905280984,71.81327009471902,1000
dzb,-48.67469655752574,11.32530344247426,1000
mra,-88.96604300444686,17.033956995553133,1000
oqf,-77.21833076378674,17.78166923621326,1000
nfg,-69.71825434341889,33.28174565658111,1000
abo,-14.971018483446606,14.028981516553394,1000
smn,-69.23753035913853,5.76246964086147,1000
zpl,-53.23338268145131,37.76661731854869,1000
hft,-43.57262627367113,34.42737372632887,1000
arw,-42.24423921743772,79.75576078256228,1000
hbw,-25.614555942401548,38.385444057598455,1000
vuw,-14.70500729623254,38.29499270376746,1000
hbp,-53.31043641663625,22.68956358336375,1000
jpn,-67.45394252239497,3.546057477605034,1000
tzp,-60.53852195574433,11.461478044255669,1000
ekv,-33.67574031566754,3.3242596843324583,1000
hgx,-67.87576216487133,60.12423783512866,1000
oxm,-82.52442063755606,41.475579362443945,1000
niy,-42.37536867982126,76.62463132017874,1000
tiz,-82.72407606042573,0.2759239395742723,1000
bzl,-14.27283763661071,28.72716236338929,1000
kvd,-29.07537614268776,85.92462385731224,1000
lvo,-33.02891797571095,45.97108202428905,1000
esw,0.879636903974532,58.87963690397453,1000
oaf,-61.24808768211703,45.75191231788297,1000
hrw,-90.03089109572714,75.96910890427286,1000
wfv,-49.70003988878728,79.29996011121273,1000
lgm,-30.354193380216408,7.645806619783593,1000
lzb,-88.87682329075359,23.12317670924641,1000
orp,-57.66613573098512,0.33386426901488464,1000
uuv,-86.71025068515158,0.2897493148484258,1000
gxo,-71.04901687684419,12.950983123155805,1000
nyc,-72.46115857332369,29.538841426676314,1000
lpb,-92.28039619260986,91.71960380739014,1000
mha,-97.53129072140214,46.468709278597856,1000
wlx,-96.8121531897116,56.1878468102884,1000
pdn,-45.905609745010295,91.0943902549897,1000
geu,-40.39645202000017,75.60354797999983,1000
qgy,-39.812163247104834,20.187836752895166,1000
faz,-62.65568356409576,63.34431643590424,1000
lrd,-16.22146845133777,66.77853154866223,1000
tuq,-46.91208230208868,93.08791769791132,1000
ute,-65.93940320821885,30.060596791781144,1000
spv,-66.70749072357553,89.29250927642447,1000
ito,-78.18805975236587,10.811940247634123,1000
rhf,-25.010012837527302,28.989987162472698,1000
ljs,-92.7097086060678,26.29029139393219,1000
waf,-25.688082019140793,90.3119179808592,1000
tjm,-28.203193434506566,66.79680656549343,1000
dat,-6.662357813729624,93.33764218627037,1000
yhh,-93.3802150955211,44.6197849044789,1000
byi,-40.827213598378336,82.17278640162166,1000
cxa,-27.97206505402289,27.02793494597711,1000
acj,-68.43526429924955,19.564735700750443,1000
fct,-82.07046780771415,6.929532192285854,1000
nwx,-7.7148426171967746,60.28515738280323,1000
whj,-0.14364171384810953,36.85635828615189,1000
svy,-61.3496138133249,64.6503861866751,1000
rsu,-67.815073488008,4.184926511991998,1000
iat,-21.761507706415934,41.238492293584066,1000
syr,-40.16632980040349,3.8336701995965137,1000
rfl,-55.78008108071204,20.219918919287963,1000
zbl,-93.16364581070671,66.83635418929329,1000
ntt,-49.18141689047335,43.81858310952665,1000
dpv,-71.1007654955104,79.8992345044896,1000
ecq,-37.24721602615097,28.752783973849027,1000
mvt,-93.49785771407062,34.50214228592938,1000
eot,-8.272562874198567,68.72743712580143,1000
qfv,-67.9909330881868,22.009066911813203,1000
euz,-30.46770277716282,38.53229722283718,1000
mot,-6.554146314788967,15.445853685211032,1000
aoe,-73.32178455390478,32.67821544609522,1000
ujo,-58.29621113586563,79.70378886413437,1000
cds,-97.00169495606879,12.998305043931213,1000
sqc,-11.408421185810798,31.5915788141892,1000
bjp,-42.8560685523871,60.1439314476129,1000
pcm,-94.90711749858642,66.09288250141358,1000
wha,-6.198623704626606,43.801376295373394,1000
nhk,-93.68740247796151,7.31259752203848,1000
yxo,-21.834430837146822,75.16556916285317,1000
liq,-40.92732873856641,5.07267126143359,1000
ftu,-62.414229006071864,81.58577099392814,1000
jqq,-14.335150874005167,93.66484912599483,1000
kek,-46.258452343543766,40.741547656456234,1000
hfd,-32.305755410291916,82.69424458970808,1000
uus,-90.66580703519074,37.334192964809255,1000
qxg,-69.77559301395344,30.224406986046557,1000
uuv,-38.105486902410334,95.89451309758967,1000
ylf,-20.521421850429515,78.47857814957048,1000
olr,-75.92033406258403,87.07966593741597,1000
tjf,0.23943916507899266,4.239439165078993,1000
dei,-65.75721529208347,92.24278470791653,1000
kco,-10.945262975956718,61.054737024043284,1000
tox,-71.25145522672528,63.748544773274716,1000
glg,-9.76009446283406,4.23990553716594,1000
exr,-30.107560137084345,51.89243986291566,1000
phw,-27.384067639003174,53.61593236099683,1000
kct,-34.762658864013794,64.2373411359862,1000
oes,-43.8770455644662,74.1229544355338,1000
mtz,-42.909954651215195,50.090045348784805,1000
yid,-8.565306959032059,95.43469304096794,1000
lkz,-79.15655009782151,47.8434499021785,1000
znt,-30.937830577287006,63.062169422713,1000
egf,-95.415767766423,1.5842322335769938,1000
kei,-60.09975260682052,33.90024739317948,1000
zwr,-1.5567095235512294,34.44329047644877,1000
qjw,-24.700037304285352,60.29996269571465,1000
sej,-0.9394094154628506,77.06059058453715,1000
cmz,-50.505575106203196,72.4944248937968,1000
ker,-12.541900889512466,17.458099110487534,1000
pgz,-4.073867881862035,48.926132118137964,1000
wew,-84.79765755889824,83.20234244110176,1000
rmg,-86.92169653970413,0.07830346029587554,1000
bku,-73.46437641866692,82.53562358133308,1000
vlu,-84.64284681995098,60.357153180049025,1000
bdh,-38.9878233029058,75.0121766970942,1000
krn,-66.45120081817473,43.54879918182528,1000
wjj,-81.92197267050162,94.07802732949838,1000
nta,-89.2932368884453,3.7067631115546917,1000
