ucr,-94.60002908905174,76.39997091094826,1000
bzy,-36.601053580953824,74.39894641904618,1000
tke,-57.735311359124914,12.264688640875088,1000
nrl,-68.30108371252085,90.69891628747915,1000
bpq,-72.46081790444718,73.53918209555282,1000
fhb,-97.28837923673674,86.71162076326326,1000
xhl,-33.9085626476809,28.091437352319097,1000
skp,-89.51172734459938,70.48827265540062,1000
irt,-80.25087619225913,51.74912380774088,1000
gto,-43.40798998355892,74.59201001644108,1000
zkb,-37.305175035628295,35.694824964371705,1000
ghw,-83.62157009055073,14.378429909449268,1000
rvg,-31.66177947249073,91.33822052750928,1000
azs,-63.914605279279805,1.0853947207201933,1000
bpa,-94.17266755218417,31.827332447815838,1000
dmn,-11.178835696133747,7.8211643038662535,1000
xhj,-32.72852563625531,35.27147436374469,1000
dez,-78.46276681651317,48.53723318348683,1000
drm,-84.5696627430048,6.430337256995202,1000
ybz,-9.945037140193701,18.0549628598063,1000
onk,-69.1136384659887,70.8863615340113,1000
jku,-5.7256743039934594,64.27432569600654,1000
qhc,-28.67120581475953,66.32879418524047,1000
hhf,-83.09428370191462,42.90571629808539,1000
krt,-82.59239261084892,37.40760738915108,1000
igi,-89.4521235732805,22.5478764267195,1000
cho,-56.28428339774028,24.715716602259715,1000
voj,-46.53365709586589,8.46634290413411,1000
jlf,-68.43863981110175,10.561360188898252,1000
tns,-2.9591519174645535,30.040848082535447,1000
igv,-37.018351347482984,42.981648652517016,1000
voz,-55.045436021283685,16.954563978716315,1000
crv,-61.472995552350035,54.527004447649965,1000
yck,-82.07433321711046,45.92566678288953,1000
par,-17.44485339434681,27.55514660565319,1000
kwc,-68.14475784356047,38.85524215643953,1000
uqo,-94.88826422806528,7.1117357719347245,1000
vyy,-0.9033357734374565,28.096664226562545,1000
zms,-15.557940487347349,37.44205951265265,1000
aak,-50.49219156216869,88.50780843783132,1000
fdt,-86.29414521845236,21.705854781547643,1000
nuf,-7.054954100051568,71.94504589994843,1000
xtj,-34.06895168312326,91.93104831687674,1000
hcs,-34.71337969507465,42.28662030492535,1000
rkl,-82.89313346819992,19.106866531800076,1000
xtn,-25.55535054773581,15.444649452264192,1000
spt,-49.76029602127487,1.2397039787251314,1000
ngg,-28.732718816514524,52.26728118348547,1000
wow,-69.8804704206718,34.11952957932821,1000
nxd,-77.0864710166241,21.913528983375897,1000
gcz,-12.851531361727497,29.1484686382725,1000
mzb,-96.86133564215189,14.138664357848109,1000
sqg,-42.76463490631471,23.235365093685292,1000
ixo,-77.52705921830491,71.47294078169509,1000
lez,-12.205154035586418,5.794845964413582,1000
fka,-30.95960286741353,51.04039713258647,1000
jfj,-5.682024441508608,17.317975558491394,1000
tjo,-13.85671684676351,44.14328315323649,1000
dog,-87.29058714296109,0.709412857038909,1000
hfu,-97.82312809186811,32.176871908131886,1000
ien,-46.21222865544706,1.787771344552937,1000
iqz,-8.112844607483556,51.88715539251645,1000
teq,-6.587139111688118,76.41286088831188,1000
eqq,-51.672003940791,80.327996059209,1000
xgb,-23.861160172487867,17.138839827512133,1000
qxw,-23.503282974151436,91.49671702584857,1000
mmb,-53.518244521417,52.481755478583,1000
atc,-95.59674420252723,13.403255797472763,1000
ohn,-20.05018052529456,82.94981947470544,1000
nub,-1.6166243080404976,87.3833756919595,1000
naw,-36.03101015199566,72.96898984800434,1000
ndw,-2.539915381530314,47.460084618469686,1000
cnd,-1.0801157261542973,77.9198842738457,1000
sbq,-58.34829440635813,84.65170559364186,1000
hec,-66.60495186236965,60.39504813763035,1000
rns,-90.00103762802264,56.998962371977356,1000
tyz,-97.08409921018882,7.915900789811169,1000
dpo,-38.1085036948027,93.89149630519731,1000
azw,0.7264858924925647,0.7264858924925647,1000
fly,-57.3145427723679,41.6854572276321,1000
hvs,-93.75925659767005,49.24074340232995,1000
mqy,-2.213798158951906,82.7862018410481,1000
vie,-25.965014400891896,76.0349855991081,1000
bve,-58.08364965616473,45.91635034383527,1000
xvx,-70.18766679041771,73.81233320958229,1000
oue,-59.39969296573348,25.60030703426652,1000
jnm,-12.341852263848997,7.658147736151003,1000
evu,-13.90644522816225,83.09355477183774,1000
jqw,-67.92321670471095,68.07678329528905,1000
hiq,-80.28321715047909,40.71678284952092,1000
hlz,-36.84965928037353,51.15034071962647,1000
ovn,-18.03739422869141,35.96260577130859,1000
snu,-43.08269722417512,89.91730277582488,1000
eps,-80.51339207747739,76.48660792252261,1000
qsg,-47.72294854599987,47.27705145400013,1000
hjy,-90.23159475848493,55.768405241515076,1000
tlr,-33.648638727905706,29.351361272094294,1000
doo,-83.09700763940494,28.902992360595068,1000
dfj,-64.48787526727807,97.51212473272193,1000
ddt,-92.7267966345648,41.27320336543519,1000
rke,-86.7798720797404,77.2201279202596,1000
xks,-33.898847434970556,53.101152565029444,1000
kjq,-83.38864414237334,75.61135585762666,1000
nbh,-76.219300116128,8.780699883872002,1000
lyr,-36.85432029271101,83.14567970728899,1000
lmw,-6.866117480991156,64.13388251900885,1000
fql,-94.58972654184694,82.41027345815306,1000
mgr,-49.1414916465516,48.8585083534484,1000
drb,-90.09728286086022,15.90271713913978,1000
ezc,-60.3275307285305,43.6724692714695,1000
hup,-36.064107331354435,72.93589266864556,1000
ytj,-69.285325437696,63.714674562304,1000
rxb,-39.959970525068734,58.040029474931266,1000
dys,-92.75123467244914,67.24876532755086,1000
mnh,-28.174187635540715,57.82581236445928,1000
ahr,-46.18914924920824,75.81085075079176,1000
qjs,-50.59360614494536,77.40639385505463,1000
bbm,-68.61994411457204,37.380055885427964,1000
fki,-81.96930203150129,72.03069796849871,1000
wrh,-91.02824318390554,35.971756816094455,1000
jap,-57.32370719376819,3.676292806231806,1000
hgh,-39.924406761230706,66.07559323876929,1000
qez,-64.0771244185684,72.9228755814316,1000
fbv,-15.706384381137347,55.29361561886265,1000
nqb,-29.375401943691337,68.62459805630867,1000
dwq,-74.29569897614785,63.70430102385215,1000
kzo,-19.55965064537354,79.44034935462646,1000
exs,-21.763170629039397,69.2368293709606,1000
hfw,-25.396280712564135,15.603719287435867,1000
vmx,-21.363068830770352,53.63693116922965,1000
xrc,-50.31742252757242,37.68257747242758,1000
kpq,-89.70637315691391,24.293626843086095,1000
upx,-81.4940594547719,77.5059405452281,1000
kfg,-90.62913367522977,93.37086632477023,1000
mjg,-10.261874797160692,54.738125202839306,1000
fsn,-90.90415742099563,91.09584257900437,1000
isd,-71.06651837992258,74.93348162007742,1000
vii,-22.249797746790662,45.75020225320934,1000
xrw,-51.140060275461536,1.8599397245384648,1000
opb,-14.470029390980581,34.529970609019415,1000
hve,-72.37341735188296,21.626582648117036,1000
sai,-82.66899269687265,17.331007303127347,1000
jtx,-54.16053511784592,55.83946488215408,1000
zae,-84.95680956234085,21.043190437659145,1000
kcs,-38.53174286066498,29.46825713933502,1000
bvc,-70.10055079491298,22.899449205087016,1000
asi,-14.428203551478138,11.571796448521862,1000
lmp,-60.50053948701889,26.49946051298111,1000
brc,-66.16263144048574,21.83736855951426,1000
tol,-61.20733655402557,14.792663445974432,1000
tuc,-67.09815527842603,14.901844721573967,1000
pzd,-74.62995062664356,79.37004937335644,1000
wyq,-25.708167779956074,3.291832220043924,1000
hph,-37.96631531449719,74.03368468550282,1000
nff,-23.98139298096188,17.01860701903812,1000
tes,-16.199928090559233,12.800071909440767,1000
jna,-74.70726257778445,60.29273742221555,1000
rre,-24.534384614605234,64.46561538539477,1000
wtf,-60.530719709942275,58.469280290057725,1000
rcg,-3.64096830905323,79.35903169094676,1000
ftr,-54.49536664147378,89.50463335852622,1000
sdr,-21.96287537784999,35.03712462215001,1000
sob,-40.515366637578474,35.484633362421526,1000
gsn,-24.697750878186767,67.30224912181323,1000
cny,-34.24710068903342,15.752899310966587,1000
bis,-43.73586705865676,74.26413294134323,1000
gbw,-42.062478916644054,41.937521083355946,1000
dfw,-53.42464863095445,75.57535136904555,1000
guq,-82.70270406154923,0.29729593845077473,1000
kwd,-29.21489855214192,74.78510144785808,1000
lpu,-6.855134120689978,21.14486587931002,1000
zgc,-88.03008722290987,23.969912777090123,1000
nfm,-13.383940828085768,83.61605917191423,1000
opv,-81.50981564674883,72.49018435325117,1000
xtk,-77.09075117345915,47.909248826540846,1000
rvh,-44.650616043978815,79.34938395602119,1000
lch,-67.64449171181393,80.35550828818607,1000
nft,-36.49168954253003,75.50831045746997,1000
voa,-57.411490205633086,51.588509794366914,1000
xgm,-20.971398432607838,2.028601567392161,1000
gqi,-66.9100850097853,22.089914990214695,1000
pac,-38.72026898704114,22.279731012958862,1000
glq,-17.941000560658427,33.05899943934157,1000
dxx,-63.19701526951589,17.802984730484113,1000
jte,-63.378770135748795,95.6212298642512,1000
pml,-71.44997267582427,31.55002732417573,1000
koz,-57.5666466928861,43.4333533071139,1000
tee,-85.10971888595199,57.890281114048,1000
joc,-80.75802705082302,78.24197294917698,1000
vba,-78.40673604644343,21.593263953556566,1000
day,-42.33911857993352,43.66088142006648,1000
gcl,-62.193061597563194,48.806938402436806,1000
fqn,-51.51425951606991,24.48574048393009,1000
afp,-84.39269872598938,85.60730127401062,1000
ves,-95.28329281917533,58.71670718082468,1000
ews,-20.3811316492153,7.618868350784703,1000
mvr,-56.05539833946846,98.94460166053153,1000
yyn,-26.214340668866928,74.78565933113308,1000
bdk,-37.084713639685795,67.9152863603142,1000
myd,0.11408994264260675,3.1140899426426065,1000
smm,-27.598809465712602,70.4011905342874,1000
vwq,-67.44164623542937,0.5583537645706217,1000
wko,-36.62994953931373,7.3700504606862705,1000
pyb,-44.37310919624564,84.62689080375435,1000
nvk,-61.51209863178116,94.48790136821884,1000
jcb,-79.84461759675466,57.15538240324534,1000
stk,-52.13344479403849,88.8665552059615,1000
dtc,-37.34888881562115,84.65111118437885,1000
zvu,-92.75534453611141,73.24465546388859,1000
knm,-59.577450574859725,42.422549425140275,1000
fns,-22.14697541244318,41.85302458755682,1000
nka,-18.881528239469713,8.118471760530287,1000
mjk,-57.855947520210705,33.144052479789295,1000
xma,-77.64348189900902,81.35651810099098,1000
ess,-91.3361019975275,37.66389800247249,1000
qlt,-0.19753290770855003,49.80246709229145,1000
fuc,-22.19586424726859,26.80413575273141,1000
yqd,-74.84675277310988,4.153247226890117,1000
tkj,-75.04241396274685,13.957586037253153,1000
mro,-96.85394470615266,90.14605529384734,1000
lhi,-85.84046190786658,19.159538092133413,1000
ouc,-83.31455625694302,97.68544374305698,1000
kga,-6.337908455856428,50.66209154414357,1000
ihh,-77.84725781813502,58.15274218186498,1000
avr,-31.64941807198392,44.35058192801608,1000
xhk,-70.69351466885992,21.306485331140085,1000
jha,-69.37246195573364,57.62753804426636,1000
abp,-83.62412918652423,81.37587081347577,1000
wju,-68.56046370138598,13.439536298614009,1000
uju,-29.96424762447658,98.03575237552342,1000
dbo,-70.24261423042233,9.757385769577665,1000
ynz,-83.64584749468993,81.35415250531007,1000
fnr,-17.506536908475766,53.493463091524234,1000
aat,-55.747188001299584,98.25281199870041,1000
ydn,-39.8965903374414,8.103409662558596,1000
lgw,-17.02140162169208,47.97859837830792,1000
plv,-47.34621392108766,39.65378607891234,1000
tar,-34.519062017184126,14.480937982815874,1000
udo,-18.08692004017619,1.9130799598238122,1000
zkt,-90.15826043671962,54.841739563280385,1000
rvx,-54.662430299372915,58.337569700627085,1000
vaj,-94.57705282016654,50.42294717983346,1000
bqs,-32.36121952809971,2.6387804719002874,1000
azc,-36.585202852356275,29.41479714764372,1000
ike,-33.61546516609248,98.38453483390752,1000
ath,-84.55292641696957,7.44707358303043,1000
ckh,-50.04424968716371,91.95575031283629,1000
kmv,-68.45336685624258,79.54663314375742,1000
pof,-57.63564343205007,59.36435656794993,1000
icl,-39.88200247892943,58.11799752107057,1000
tvp,-34.57499048090513,95.42500951909487,1000
xcz,-76.05511258015349,42.9448874198465,1000
ira,-27.50789881247004,63.49210118752996,1000
ykk,-2.3456651493105345,21.654334850689466,1000
fxk,-12.931245619291875,96.06875438070813,1000
fek,-12.320887927704687,8.679112072295313,1000
hnp,-83.6432044470611,69.3567955529389,1000
isj,-67.24662481587987,97.75337518412013,1000
aar,-90.02923941000078,43.970760589999216,1000
ipp,-81.15416315100084,92.84583684899916,1000
fpt,-13.533238457152382,17.466761542847618,1000
fih,-72.24984044203022,3.7501595579697775,1000
eqs,-90.07136673857498,38.92863326142502,1000
exu,-0.22672795318552275,25.773272046814476,1000
hao,-26.763277559516027,8.236722440483975,1000
msi,-48.62087113897719,51.37912886102281,1000
xcm,-27.314533009659883,33.68546699034012,1000
qbp,-48.19978813624479,11.80021186375521,1000
qdf,-91.4336106800011,83.5663893199989,1000
ttt,-69.4282363210879,95.5717636789121,1000
yeg,-65.88910887183881,16.11089112816118,1000
ojt,-63.47640338308636,60.52359661691364,1000
asb,-14.912625659149345,5.087374340850655,1000
mjo,-76.53471137644797,29.46528862355202,1000
dix,-61.736350794269484,88.26364920573052,1000
yps,-26.32973915853376,79.67026084146624,1000
dux,-22.753340986917134,10.246659013082864,1000
bpp,-78.50210402133818,0.4978959786618107,1000
lzu,-83.45570462627069,34.54429537372931,1000
xxg,-48.23125251334363,34.76874748665637,1000
jgh,-51.56127904889596,25.438720951104038,1000
geg,-70.67074952926342,97.32925047073658,1000
uts,-0.3345103574964582,2.665489642503542,1000
hhh,-47.21766187706575,38.78233812293425,1000
wnq,-31.024541698858663,57.97545830114134,1000
jjs,-38.89458619057357,59.10541380942643,1000
zsk,-87.25457847999023,1.7454215200097725,1000
cde,-87.88605979664459,54.113940203355405,1000
siw,-42.11950473846655,86.88049526153345,1000
zik,-30.07466558472964,85.92533441527036,1000
xku,-91.60781001779905,49.39218998220095,1000
hge,-79.9483519015121,5.051648098487907,1000
dpe,-68.3121395202809,32.687860479719106,1000
bht,-86.50653132627005,70.49346867372995,1000
alw,-11.13196598429362,44.86803401570638,1000
xqp,-67.9493752597029,75.0506247402971,1000
lnv,-11.88106988409778,22.11893011590222,1000
icw,-78.29817493086325,7.701825069136739,1000
czv,-96.15755747095372,29.84244252904628,1000
qno,-89.83717577800468,3.162824221995323,1000
kno,-44.929398320429,89.070601679571,1000
xzs,-59.28358265634351,10.71641734365649,1000
zpl,-18.504358569966424,44.49564143003357,1000
psw,-35.52988059230766,92.47011940769234,1000
ngf,-8.777188292415829,52.22281170758417,1000
hsi,-94.4413982404231,59.55860175957691,1000
myp,-70.46653408433356,28.533465915666444,1000
tud,-5.797064105698929,41.20293589430107,1000
bup,-29.407203851107617,16.592796148892383,1000
zcs,-80.74960118759495,2.25039881240505,1000
del,-65.19374380970748,5.806256190292512,1000
alp,-23.814432960248165,88.18556703975183,1000
sqt,-33.930178913976064,38.069821086023936,1000
bzs,-96.35716409241087,42.64283590758914,1000
itt,-18.202717508459546,24.797282491540454,1000
yqm,-60.57856613482819,66.4214338651718,1000
jck,-29.27233532714255,97.72766467285746,1000
lql,-1.8032947337722944,88.19670526622771,1000
nel,-5.2851666919231155,93.71483330807689,1000
brz,-29.23984396120183,80.76015603879817,1000
irr,-11.83513071727575,69.16486928272425,1000
xul,-50.84619360832569,90.15380639167431,1000
kay,0.3928147439684826,96.39281474396849,1000
ils,0.1556244391943501,81.15562443919436,1000
kbq,-69.2338690839524,79.7661309160476,1000
yom,-12.320600272336332,40.67939972766367,1000
pnk,-6.9166508332658,20.0833491667342,1000
mtm,-73.50364483030906,82.49635516969094,1000
sio,-3.7338120013316582,5.266187998668342,1000
vfl,-85.8770093370006,35.1229906629994,1000
ucg,-13.998508498791914,33.001491501208086,1000
gup,-7.808861660237267,27.191138339762734,1000
tvd,-52.517479279957655,75.48252072004234,1000
hzf,-65.04114108717093,12.958858912829076,1000
syh,-70.69877809737602,25.301221902623983,1000
gpx,-96.97002270772828,68.02997729227172,1000
tjt,-92.6645915417118,72.3354084582882,1000
lzt,-76.3147564151693,83.6852435848307,1000
ria,-34.083492687018584,46.916507312981416,1000
wuc,-31.47533174376233,12.524668256237671,1000
mzi,-70.27619883649199,67.72380116350801,1000
lfe,-86.43515881546958,90.56484118453042,1000
veg,-73.44567211391303,3.55432788608697,1000
chx,-66.5749008296768,15.425099170323195,1000
uuc,-51.257489264806324,90.74251073519368,1000
cuc,-11.014142075885157,19.985857924114843,1000
unw,-0.22756506899349593,58.7724349310065,1000
qhp,-35.84895630341786,47.15104369658214,1000
mwy,-85.82224466051338,57.17775533948662,1000
kpv,-49.77479375291456,29.225206247085442,1000
ide,-78.40889957297752,89.59110042702248,1000
alx,-74.38935594728615,11.610644052713853,1000
khn,-95.41493165116967,72.58506834883033,1000
mxz,-14.985952972932647,38.01404702706735,1000
ktb,-65.61961215561539,97.38038784438461,1000
bpm,-60.29126031640614,20.708739683593866,1000
euh,-16.878862245167923,9.121137754832077,1000
sbt,-50.536810863503604,94.4631891364964,1000
szt,-91.19983793435284,58.80016206564716,1000
cke,-9.322801913731869,50.677198086268135,1000
mhp,-7.793379118111814,22.206620881888185,1000
akq,-0.27475868831323746,92.72524131168676,1000
bte,-26.029027496903893,37.97097250309611,1000
gxy,-39.92907491590493,53.07092508409507,1000
gax,-6.7380497735281555,54.261950226471846,1000
gbf,-84.81580079733712,90.18419920266288,1000
vtv,-66.00838248717676,45.99161751282324,1000
dws,-47.094602984706796,39.905397015293204,1000
eql,-10.66114316080162,50.33885683919838,1000
blk,-72.89436297367152,97.10563702632848,1000
wrz,-89.21524444446699,15.784755555533009,1000
uww,-16.42015266501513,90.57984733498488,1000
nck,-68.43196492631375,7.56803507368625,1000
hve,-92.770150994408,54.229849005592,1000
zbj,-58.297861502942176,89.70213849705782,1000
tja,-73.94984801805197,64.05015198194803,1000
qpk,-47.06885715173897,42.93114284826103,1000
ulb,-82.46175948336541,72.53824051663459,1000
ovb,-31.833099056573882,33.16690094342612,1000
ryn,-82.12367458923765,50.87632541076234,1000
jjp,-90.4131601259911,86.5868398740089,1000
smk,-32.65696544015576,16.34303455984424,1000
win,-1.5302861455651038,75.4697138544349,1000
dzi,-47.317556007165585,93.68244399283441,1000
jgw,-47.360639860944,52.639360139056,1000
esa,-35.19507819282611,97.80492180717388,1000
auq,-90.08632641087328,86.91367358912672,1000
cjg,-28.685385348435315,91.31461465156468,1000
wsq,-66.69225578408219,29.30774421591781,1000
gor,-86.5757841684997,18.42421583150031,1000
aiu,-29.301218597612305,43.698781402387695,1000
gvx,-51.80765653749119,74.1923434625088,1000
jzw,-21.470885780123336,74.52911421987666,1000
mqg,-33.434107549940414,45.565892450059586,1000
teh,-88.52656336720594,62.473436632794055,1000
lof,-57.73009047999204,51.26990952000796,1000
qms,-58.92076661073725,52.07923338926275,1000
xek,-45.78897807668473,37.21102192331527,1000
als,-86.8878670719327,23.1121329280673,1000
mhp,-5.2523562468559755,58.747643753144025,1000
iwd,-64.78766035186074,16.212339648139263,1000
gbz,-45.36866532326951,38.63133467673049,1000
lvi,-89.84784905742504,53.15215094257496,1000
evi,-70.82803774351348,22.171962256486527,1000
wlm,-45.102404170472866,14.897595829527134,1000
guy,-57.93139509991172,31.068604900088282,1000
rvr,-37.300618498925715,16.699381501074285,1000
gvp,-13.40761013139479,73.59238986860521,1000
uos,-22.627729083392726,12.372270916607276,1000
xom,-57.78185846641111,7.2181415335888905,1000
dyg,-42.2735168168376,57.7264831831624,1000
uat,-32.08543351571607,86.91456648428394,1000
ptw,-17.628598664086045,57.37140133591396,1000
wgm,-46.515466345861206,22.484533654138794,1000
hbo,-77.5300002356536,46.4699997643464,1000
fmt,-19.125012051258366,50.874987948741634,1000
phg,-9.600753572499725,35.39924642750027,1000
unu,-97.4966253856073,86.5033746143927,1000
vrl,-45.339273537389374,76.66072646261063,1000
dug,-84.24799488415712,91.75200511584288,1000
tkd,-26.91513812586731,14.084861874132692,1000
gly,-51.2504090004292,93.7495909995708,1000
tit,-57.148833783984195,30.85116621601581,1000
pzx,-95.61765035367554,1.3823496463244527,1000
kzi,-33.325238765902455,68.67476123409755,1000
bhr,-7.704082658158832,70.29591734184116,1000
fqx,-88.23285502849265,21.767144971507346,1000
wyo,-67.35984025162338,81.64015974837662,1000
xht,-13.414726375845007,22.585273624154993,1000
vdu,-60.9623540891792,69.0376459108208,1000
ksm,-77.31280046540293,39.68719953459707,1000
fnb,-18.63237657827759,5.36762342172241,1000
dwo,-17.954251597402042,61.04574840259796,1000
cag,-73.86243550670336,15.137564493296631,1000
vdb,-8.29381365824125,49.70618634175875,1000
msq,-53.089204121442656,91.91079587855735,1000
pns,-63.09042590129638,5.909574098703622,1000
avz,-75.28172705430515,8.718272945694848,1000
fgd,-67.11959060169457,4.880409398305425,1000
dtt,-80.54443151621437,29.455568483785623,1000
pbi,-69.40689619982739,60.59310380017261,1000
big,-16.93107014372723,62.068929856272774,1000
bpd,-24.906558951744074,89.09344104825593,1000
prd,-90.9003764916629,47.09962350833711,1000
cob,-47.33538511072801,60.66461488927199,1000
ikf,-40.36657786206895,31.633422137931053,1000
bgv,-8.741495164729809,67.25850483527019,1000
zoq,-21.600945808399022,61.399054191600975,1000
gda,-19.027256369582545,42.972743630417455,1000
xfb,-43.18808883316504,63.81191116683496,1000
foq,-77.1511826850196,11.8488173149804,1000
tzh,-90.74175970826822,11.258240291731784,1000
lld,-9.199367493388033,77.80063250661196,1000
dxz,-73.5205494410432,30.4794505589568,1000
bbt,-10.849303478004437,59.15069652199556,1000
wmv,-31.906056317866643,45.09394368213336,1000
zmr,-94.8506374370297,98.1493625629703,1000
bra,-8.731753795361149,70.26824620463886,1000
nhy,-51.14778996961263,43.85221003038737,1000
lel,-38.01538289726041,3.9846171027395942,1000
sro,-37.69242760897919,86.30757239102081,1000
sub,-14.615955239130539,92.38404476086946,1000
uty,-8.051051508702537,65.94894849129746,1000
rir,-50.08008961604066,56.91991038395934,1000
dbe,-41.47239882549407,36.52760117450593,1000
mdz,-13.228952173162082,69.77104782683791,1000
smj,-97.11867685884863,70.88132314115137,1000
mjf,-46.080225885969334,87.91977411403067,1000
crv,-5.9172802101495625,16.082719789850437,1000
ouh,-25.57506664547226,39.42493335452774,1000
jcj,-12.675792151442925,59.32420784855707,1000
kib,-18.11684749635331,10.883152503646691,1000
mon,-55.10913711468393,5.890862885316067,1000
uqd,-59.068487350667134,4.931512649332864,1000
qjm,-20.78399540696574,55.216004593034256,1000
ymd,-48.40485464080743,80.59514535919257,1000
bkd,-56.20054088040809,69.79945911959192,1000
bsc,-0.9620370477508124,70.03796295224919,1000
wwa,-28.89957365098832,34.100426349011684,1000
yyv,-59.028453786775046,93.97154621322495,1000
zsl,-65.06516209335318,77.93483790664682,1000
lcm,-57.13506241456863,8.864937585431374,1000
sre,-90.41112063963625,56.58887936036374,1000
gav,-86.35830873821514,83.64169126178486,1000
cko,-48.21911730526646,75.78088269473355,1000
fuy,-82.66543316463151,96.33456683536849,1000
zxm,-63.215094727967355,57.784905272032645,1000
flk,-37.17836334516478,27.821636654835217,1000
msz,-65.01862729162887,39.98137270837112,1000
egi,-68.53103844384576,90.46896155615424,1000
hpz,-82.64768677592475,51.352313224075246,1000
dqp,-3.291780895953999,70.708219104046,1000
myd,-15.282859067806987,41.71714093219301,1000
guy,-21.274283099184323,89.72571690081567,1000
uro,-57.799638089875415,76.20036191012458,1000
nkl,-73.59201636002336,2.4079836399766377,1000
ehp,-6.412564297253331,29.58743570274667,1000
ofl,-19.01397933962491,95.98602066037509,1000
xrc,-39.51083820038016,79.48916179961985,1000
saf,0.40346965771871834,47.403469657718716,1000
giz,-3.957499614652162,27.04250038534784,1000
nty,-87.28694518290948,93.71305481709052,1000
eym,-90.88222154518354,92.11777845481646,1000
nhm,-8.960500663825998,48.039499336174,1000
bpi,-20.204072729781064,32.79592727021894,1000
igc,-19.171225806338022,32.82877419366198,1000
wwe,-72.47404378911962,87.52595621088038,1000
bec,-9.391767391800837,6.608232608199162,1000
lvr,-6.43424466023971,44.565755339760294,1000
umm,-62.30317136448753,26.696828635512468,1000
mco,-71.50019422541082,58.499805774589184,1000
fgv,-76.30853875281096,33.69146124718904,1000
rho,-71.72374856916939,16.276251430830612,1000
iqr,-41.76841672163188,56.23158327836812,1000
cuy,-85.26993662046743,31.73006337953256,1000
eqv,-19.470571426917385,45.52942857308262,1000
axl,-81.93730648149577,67.06269351850423,1000
zmu,-28.158391366401297,74.8416086335987,1000
tjy,-55.45489741056921,9.54510258943079,1000
qrm,-10.127058451168207,21.872941548831793,1000
izh,-32.76562791739832,12.23437208260168,1000
pug,-28.15825185550339,45.84174814449661,1000
mcx,-37.14672376051186,40.85327623948814,1000
qoh,-73.09361460660048,35.90638539339951,1000
wtb,-96.38004856846129,34.61995143153871,1000
tlj,-85.06016131637021,86.93983868362979,1000
bep,-2.007086535861593,63.992913464138404,1000
nmj,-87.18897562335135,86.81102437664865,1000
wbn,-45.020252572106294,15.979747427893708,1000
xll,-79.19508133679749,55.804918663202514,1000
hnq,-63.749909305033924,9.250090694966076,1000
wdv,-29.4626287338492,52.5373712661508,1000
mct,-17.148339755218007,95.851660244782,1000
njc,-58.95096393442252,35.04903606557748,1000
rfj,-3.4581535467435955,85.5418464532564,1000
bsj,-66.70045014487445,80.29954985512555,1000
rqe,-92.96220179364501,98.03779820635499,1000
tst,-1.2804950326099582,61.719504967390044,1000
lwi,-83.07808974652366,53.921910253476334,1000
lkj,0.7460162113600545,39.74601621136006,1000
zud,-52.82957725054852,78.17042274945149,1000
ksa,-30.112321958602784,15.887678041397217,1000
qhp,-66.99002040381569,21.009979596184312,1000
fbc,-30.43753165239549,43.56246834760451,1000
nqa,-78.8925796426109,56.107420357389095,1000
pli,-19.49799727678724,72.50200272321277,1000
iad,-31.853204679992317,28.146795320007683,1000
mwu,-28.432230319876655,95.56776968012335,1000
uce,-68.52298524875111,3.4770147512488947,1000
iph,-26.999920213600856,19.000079786399144,1000
gey,-97.21799891537805,84.78200108462195,1000
iqf,-78.94502164799397,50.05497835200603,1000
qmr,-25.44780658765963,34.552193412340365,1000
hjf,-88.35665449644932,93.64334550355068,1000
ayb,-26.618334126930982,51.38166587306902,1000
gse,-54.02392321810941,55.97607678189059,1000
wqq,-89.68949167276831,65.31050832723169,1000
rhc,-1.5235046680074742,74.47649533199252,1000
rxk,-73.57007976685067,58.42992023314933,1000
oof,-82.78946029218305,46.21053970781694,1000
dve,-27.34467605219209,17.65532394780791,1000
odl,-60.17332230475093,61.82667769524907,1000
bcd,-80.79664752354493,59.203352476455066,1000
mhk,-60.947070751360314,12.052929248639689,1000
dma,-75.10598692783744,12.894013072162565,1000
ulx,-70.34735856723665,77.65264143276335,1000
pbu,-27.424008769493117,91.57599123050689,1000
vve,-45.05089863658549,65.94910136341451,1000
dfj,-26.53488985535581,34.46511014464419,1000
heh,-82.53094239321776,37.46905760678225,1000
nid,-48.06322684506358,34.93677315493642,1000
kjs,-77.26128316495792,67.73871683504208,1000
fon,-11.7162561976126,86.2837438023874,1000
yfi,0.7489747136249594,48.74897471362496,1000
shb,-79.90825091484837,78.09174908515163,1000
rcq,-7.8814014589044215,78.11859854109558,1000
bry,-28.265639925875483,36.73436007412452,1000
ueq,-4.242257390849878,16.75774260915012,1000
wki,-65.15949302475704,26.840506975242967,1000
lxs,-23.569895684992517,11.430104315007483,1000
lwa,-94.29974932940178,70.70025067059822,1000
urz,-42.065451343297106,89.93454865670289,1000
kdx,-71.59428597650354,59.405714023496465,1000
joo,-76.57427153132511,68.42572846867489,1000
upv,-8.728639103595194,47.27136089640481,1000
asq,-93.2377689465416,81.7622310534584,1000
vrj,-25.313696803423316,48.68630319657668,1000
ntz,-80.46131640432483,88.53868359567517,1000
yxm,-28.773898034351458,35.22610196564854,1000
qba,-56.9303680590152,41.0696319409848,1000
drr,-3.7880633925133096,55.21193660748669,1000
lrc,-71.89489718667144,77.10510281332856,1000
tkb,-32.783900241592,18.216099758408,1000
foe,-80.89392136664623,72.10607863335377,1000
mpu,-92.2403678929297,65.7596321070703,1000
vhm,-94.98948605221081,48.01051394778919,1000
yih,-82.41204281174201,56.58795718825799,1000
akw,-53.5519901210684,87.4480098789316,1000
syj,-46.01748918533717,63.98251081466283,1000
mia,-46.47993054579606,70.52006945420393,1000
lis,-95.9971553981691,77.0028446018309,1000
jao,0.7008415510794841,58.700841551079485,1000
vyt,-11.815957365955905,8.184042634044095,1000
ikj,-25.53433405107098,66.46566594892901,1000
gkf,-40.89220954616573,57.10779045383427,1000
kdx,-6.989631323103559,16.01036867689644,1000
vzn,-2.059839370465785,40.94016062953421,1000
tdn,-38.07491609488183,97.92508390511817,1000
qnu,-62.5989187546037,3.4010812453963015,1000
aqg,-87.53955919170714,20.460440808292862,1000
zhu,-69.886577297914,17.113422702085995,1000
yoh,-66.08736127579077,88.91263872420923,1000
hjs,-28.75970006957383,87.24029993042618,1000
atw,-82.60559358329134,62.39440641670866,1000
nub,-39.86311342065801,37.13688657934199,1000
fxe,-38.73517170342267,8.264828296577324,1000
vtc,-15.809196893616985,81.19080310638302,1000
elx,-90.55849175514557,6.441508244854438,1000
mfd,-64.07562843865506,80.92437156134494,1000
qka,-73.33216787807117,81.66783212192883,1000
tyl,-76.65071551919982,12.349284480800183,1000
bic,-21.686444003357224,94.31355599664278,1000
oei,-19.99814375082872,47.001856249171276,1000
twn,-43.863639317164456,0.13636068283554237,1000
ict,-74.62095761394085,90.37904238605915,1000
yvv,-97.15946010895931,29.840539891040688,1000
jwn,-41.9742216070076,4.025778392992404,1000
czo,-93.75505253088477,6.24494746911523,1000
alp,-89.14120509395848,1.8587949060415259,1000
vus,-0.7408274402340275,5.259172559765973,1000
fkl,-55.13775178006725,21.862248219932752,1000
hvy,-60.45876401352852,11.541235986471477,1000
cwh,-88.33540703744234,17.664592962557663,1000
uns,-71.60823987319311,55.39176012680689,1000
lrb,0.14414587100642762,69.14414587100643,1000
nwl,-54.62469187948923,46.37530812051077,1000
zhs,-9.795283924129876,91.20471607587012,1000
igy,-18.190039345747284,92.80996065425272,1000
fcu,-66.25124649052029,78.74875350947971,1000
snj,-95.016522665856,20.983477334144002,1000
jwm,-58.71621849739258,98.28378150260741,1000
nle,-44.87579898794395,62.12420101205605,1000
sxo,0.8032388789710445,12.803238878971044,1000
hyu,-37.550736407908495,53.449263592091505,1000
ilt,-29.096201974091986,69.90379802590802,1000
doz,-96.2097136461355,24.7902863538645,1000
wve,-0.7701579115284677,79.22984208847153,1000
jag,-37.472210109023415,39.527789890976585,1000
nzn,-54.77721796481469,54.22278203518531,1000
ykl,-20.392562889081567,35.60743711091843,1000
qov,-27.405878913961466,69.59412108603853,1000
cuj,-54.303565604474514,70.69643439552549,1000
aoe,-81.95981828774734,98.04018171225266,1000
slj,-48.67954487885851,14.320455121141496,1000
vta,-11.820976976309062,90.17902302369095,1000
yjb,-77.40409051011588,85.59590948988412,1000
ssr,-51.80946522843562,88.19053477156437,1000
nor,-11.35173468924702,62.648265310752976,1000
zgs,-9.571608399453373,59.428391600546625,1000
ewe,-39.51376107697028,12.486238923029717,1000
ors,-34.57486269362252,74.42513730637748,1000
zfe,-45.28763627004394,52.71236372995606,1000
nre,-34.43192537711058,16.56807462288942,1000
hrx,-51.80489307420201,16.195106925797987,1000
veq,-35.96816855144684,85.03183144855316,1000
sme,-93.17325932330426,11.826740676695737,1000
xwa,-49.52524856989261,26.474751430107386,1000
pdx,-32.86278525998439,15.137214740015606,1000
mnl,-13.794225219339307,6.205774780660693,1000
uki,-23.114976254157,79.885023745843,1000
nfc,-4.651436168656371,53.348563831343625,1000
ogo,-20.21575607408059,31.78424392591941,1000
zbk,-28.729539634833937,66.27046036516606,1000
lrs,-47.764411581378674,31.235588418621326,1000
mzj,-69.09998412882861,66.90001587117139,1000
ybu,-74.60195037402194,13.398049625978063,1000
fhu,-82.93500089264752,59.06499910735248,1000
ohl,-5.075199254123741,6.924800745876259,1000
mwv,-88.6270511187282,36.372948881271796,1000
mjv,-14.350928364608128,56.64907163539187,1000
xdv,-35.906099783309635,33.093900216690365,1000
kmk,-33.766518605222124,28.233481394777876,1000
fko,-22.91685272784372,32.08314727215628,1000
drc,-70.39161348820224,22.608386511797764,1000
qie,-80.19706526841982,26.802934731580176,1000
vev,-70.12117168377866,26.87882831622134,1000
thi,-27.414809093197693,87.58519090680231,1000
qfq,-61.144475061744586,38.855524938255414,1000
juf,-77.15465304902749,9.845346950972509,1000
ehv,-23.26933450007973,69.73066549992026,1000
akm,-93.81363982952712,58.18636017047289,1000
zar,-70.48812878312738,96.51187121687262,1000
pvq,-3.492188639070411,76.5078113609296,1000
kcz,-16.14618662155352,40.853813378446475,1000
uiv,-42.935188566352146,97.06481143364785,1000
ftm,-20.154687260477907,25.845312739522093,1000
nrq,-17.349249046203333,58.65075095379667,1000
gft,-77.52671586669081,24.4732841333092,1000
vmx,-44.76724651565359,74.23275348434642,1000
dvv,-50.780558355829946,33.219441644170054,1000
nco,-87.20943639814814,55.79056360185185,1000
ktt,-70.42232238330746,42.57767761669253,1000
awf,-84.06941054520533,79.93058945479467,1000
lvy,-16.67190572932028,49.32809427067972,1000
akm,-54.625724811922424,13.37427518807758,1000
okv,-42.27771799774939,76.72228200225061,1000
ziz,-28.908989835730228,81.09101016426978,1000
syx,-33.125139243525375,8.874860756474629,1000
vzv,-89.67109806340886,64.32890193659114,1000
att,-0.9365226869595462,83.06347731304045,1000
gjh,-12.192408624911579,7.807591375088422,1000
tpu,-31.523107033613723,89.47689296638627,1000
fyv,-34.77484095131401,48.22515904868599,1000
jpk,-78.64811953964332,33.35188046035669,1000
mje,-86.3329510480122,18.66704895198779,1000
ifv,-40.0473821874339,39.9526178125661,1000
jhz,-75.87987166585269,19.120128334147314,1000
vqt,-20.92640846927827,9.073591530721728,1000
dwh,-0.11374554361606215,50.88625445638394,1000
vas,-6.769459742583486,12.230540257416514,1000
xmx,-59.58952486325713,55.41047513674287,1000
acn,-96.29583146375182,52.704168536248176,1000
amf,-41.11014125065212,8.88985874934788,1000
slx,-30.495525470849646,63.50447452915036,1000
wig,-80.86686799677625,26.133132003223757,1000
zte,-9.536664708306699,34.4633352916933,1000
hhl,-45.195790377077515,85.80420962292249,1000
ndm,-91.41171834804359,77.58828165195641,1000
jsh,-42.71232128373405,1.2876787162659493,1000
mgg,-73.66202023955361,33.33797976044639,1000
xht,-72.1407207904314,38.859279209568605,1000
whh,-67.60613271346551,44.39386728653449,1000
iek,-31.407960984845094,69.59203901515491,1000
bsx,-41.512442800059496,0.4875571999405043,1000
obd,-21.53523919853513,55.46476080146487,1000
hry,-60.195311327979645,27.80468867202035,1000
ewc,-5.013088853433466,20.986911146566534,1000
zis,-34.42391952220824,1.5760804777917654,1000
unq,-7.003628927405371,13.996371072594629,1000
sse,-66.77464162368277,30.22535837631723,1000
hez,-44.628549526521034,95.37145047347896,1000
wxu,-86.18027137960026,96.81972862039974,1000
bqm,-69.3677042371984,4.632295762801597,1000
jev,-39.97656450444478,8.023435495555221,1000
vsw,-30.243686556575852,11.756313443424148,1000
hjf,-1.6360275748484814,15.363972425151518,1000
cxz,-29.32318461721323,80.67681538278677,1000
uvv,-84.93651176654969,56.063488233450315,1000
hvp,-78.6815976660557,47.3184023339443,1000
hnb,-48.5099351011473,23.490064898852705,1000
dqt,-59.163241930509066,36.836758069490934,1000
ouz,-31.60227564684121,61.397724353158786,1000
dbn,-79.84080839954828,91.15919160045172,1000
eej,-71.7589851164017,59.24101488359829,1000
txo,-53.89876535699659,72.10123464300341,1000
idx,-12.966971207262251,53.03302879273775,1000
umc,-10.356960357678354,52.64303964232165,1000
fct,-38.74331853655475,26.256681463445247,1000
qmf,-15.728555173920302,52.2714448260797,1000
gwp,-28.713995174988003,40.286004825012,1000
ven,-13.815272546499852,68.18472745350014,1000
gqk,-97.24058245633236,16.75941754366763,1000
lna,-38.76591218034865,50.23408781965135,1000
ptn,-75.00142534574348,0.9985746542565184,1000
omx,-62.01041571998435,85.98958428001565,1000
rmy,-25.818913602522798,30.181086397477202,1000
zsr,-38.675497607070525,14.324502392929476,1000
lwq,-21.899052038651334,3.1009479613486652,1000
quk,-93.02984023687686,79.97015976312314,1000
kqu,-40.88886514782866,51.11113485217134,1000
uox,-34.71160210396889,14.288397896031109,1000
tyl,-79.74163004547806,91.25836995452194,1000
vbv,-78.3226246131884,16.677375386811608,1000
xxu,-33.607300324073975,56.392699675926025,1000
zpr,-78.76601240916156,54.23398759083844,1000
bna,-40.09170719384863,49.90829280615137,1000
whk,-12.93210486167867,84.06789513832133,1000
dnb,0.8852327763857459,75.88523277638575,1000
gdq,-59.4412198347118,44.5587801652882,1000
iph,-6.782296055836921,70.21770394416308,1000
cnr,-24.747825152566527,38.25217484743347,1000
hes,-67.33655091901959,87.66344908098041,1000
xbb,-51.90396719924215,48.09603280075785,1000
ayi,-66.28968927763232,53.71031072236768,1000
oqc,-96.45070087877885,65.54929912122115,1000
xyx,-42.4867256558664,44.5132743441336,1000
sgz,-6.8547709001422215,37.14522909985778,1000
tvs,-15.103025540734041,68.89697445926596,1000
dwm,-39.20707691656555,36.79292308343445,1000
rez,-82.80482557379088,20.19517442620912,1000
otr,-3.8104315221807545,0.18956847781924535,1000
hwu,-52.999588634791905,82.0004113652081,1000
ihl,-54.947879886075384,94.05212011392462,1000
vwq,-35.10001212900231,49.89998787099769,1000
cwq,-11.258834593083968,98.74116540691604,1000
rvq,-0.06324433668649876,81.9367556633135,1000
uqc,-96.50065704143651,76.49934295856349,1000
cca,-81.70345272729098,62.29654727270903,1000
gvc,-12.39172025931194,74.60827974068806,1000
xfy,-19.197991434548268,36.802008565451736,1000
gcv,-85.63199568050143,18.368004319498574,1000
xfm,-44.818731329936135,12.181268670063867,1000
swj,-65.66045858553434,54.33954141446565,1000
fzd,-84.2217229455084,9.7782770544916,1000
tgt,-74.09265757588585,86.90734242411415,1000
vtb,-34.90980233899699,2.090197661003012,1000
jvs,-9.705259443891682,24.294740556108316,1000
rtj,-6.945753620689134,45.05424637931087,1000
yex,-63.4631185703687,48.5368814296313,1000
oqs,-27.895596262355046,5.1044037376449545,1000
kfw,-82.06428392055723,98.93571607944277,1000
xrs,-92.48038562367897,66.51961437632103,1000
jtt,-58.71104152285815,27.288958477141847,1000
tta,-57.51093538608949,4.4890646139105055,1000
wwt,-42.18582567140895,73.81417432859105,1000
stc,-10.960249549159641,52.03975045084036,1000
fwu,-43.07260997322648,11.927390026773525,1000
wls,-15.089155398044468,16.91084460195553,1000
cbc,-8.639132021471786,52.36086797852821,1000
ogp,-47.85620013355776,84.14379986644224,1000
que,-14.407431693660676,38.592568306339324,1000
txy,-49.15398662557265,4.846013374427349,1000
kuj,-7.307320398129449,36.69267960187055,1000
acp,-77.01873457249167,53.98126542750833,1000
bga,-45.17754917122978,87.82245082877023,1000
yvd,-53.856378058167635,53.143621941832365,1000
adi,-95.65740397280976,2.3425960271902326,1000
eoa,0.05917416709676859,60.05917416709677,1000
wbo,-19.112426071372987,12.887573928627013,1000
sga,-30.415383702464567,0.5846162975354341,1000
adc,-68.73442376737803,31.265576232621967,1000
odc,-59.75550339467521,45.24449660532479,1000
sir,-93.28941045455653,91.71058954544347,1000
pic,-52.62622736708798,49.37377263291202,1000
fsl,-51.76366791263063,73.23633208736938,1000
ylm,-20.569487306700744,94.43051269329926,1000
kwl,-70.7742119568332,24.225788043166805,1000
njo,-69.04543178255666,82.95456821744334,1000
iay,-36.66157545250429,21.33842454749571,1000
efl,-48.72223647765337,11.277763522346632,1000
bqa,-0.991375845600011,22.00862415439999,1000
oai,-63.731736485692615,97.26826351430739,1000
bbw,-76.69543246081707,61.30456753918293,1000
yxh,-6.529947347916917,55.47005265208308,1000
lfh,-71.45628261103032,73.54371738896968,1000
rhm,-85.65641044498301,24.343589555016994,1000
uwe,-28.258621258996513,93.74137874100349,1000
jqz,-41.000771939503586,0.9992280604964162,1000
pox,-62.92564455813386,47.07435544186614,1000
hxa,-66.51545344141775,58.48454655858226,1000
old,-69.12653235346106,1.8734676465389466,1000
cuq,-20.282154053724557,71.71784594627545,1000
aup,-93.04279060394056,55.95720939605944,1000
qho,-87.04037859887092,22.959621401129077,1000
nba,-0.8269313231244351,62.173068676875566,1000
gup,-83.43661564656249,81.56338435343751,1000
tyq,-40.56691246406424,67.43308753593575,1000
nff,-69.27603963482382,67.72396036517618,1000
wad,-19.531837839932344,83.46816216006765,1000
ait,-21.507520787129977,71.49247921287002,1000
zgk,-70.25502622986765,45.74497377013235,1000
yuz,-18.755046055401152,52.24495394459885,1000
gfx,-54.71460776330622,8.285392236693783,1000
qjz,-81.77978159830465,55.22021840169534,1000
sxd,-21.2423937013986,51.7576062986014,1000
vgq,-73.90071301642372,45.09928698357628,1000
hvj,-42.6044494654448,76.3955505345552,1000
txt,-71.06657706177843,74.93342293822157,1000
ctw,-47.16068394148619,65.8393160585138,1000
akq,-64.87500791623293,91.12499208376707,1000
zck,-35.377542042731605,88.6224579572684,1000
llj,-26.518025853712118,40.48197414628788,1000
cjx,-38.684314474944806,94.31568552505519,1000
ebc,-66.98576502993711,66.01423497006289,1000
qfn,-81.8345370866477,75.1654629133523,1000
out,-29.970947847499193,54.02905215250081,1000
bey,-61.63915293530124,70.36084706469876,1000
lio,-47.611761971353054,47.388238028646946,1000
cee,-14.56662679306747,58.43337320693253,1000
eip,-38.13751903989699,17.862480960103007,1000
nxd,-17.32403056722777,33.67596943277223,1000
mvx,-72.09403030222418,12.905969697775813,1000
asg,-61.39271246336266,90.60728753663733,1000
zkb,-95.38467838614156,5.615321613858444,1000
xtu,-51.80362553437616,12.196374465623839,1000
tvk,-44.36566425931053,98.63433574068948,1000
fln,-73.57936985421972,74.42063014578028,1000
bnv,-53.02817359834248,34.97182640165752,1000
hak,-93.46848542544056,30.53151457455943,1000
ziu,-45.673316588154925,56.326683411845075,1000
kbc,-42.4808209929423,30.519179007057698,1000
say,-0.9986469718228583,37.00135302817714,1000
lqm,-33.58933190466197,98.41066809533802,1000
yaq,-70.3258173986894,12.674182601310605,1000
nva,-0.7885169480612161,72.21148305193879,1000
uiz,-82.61367049234046,44.38632950765954,1000
ixm,-56.525206015373435,13.474793984626563,1000
heh,-83.97568503560721,22.024314964392783,1000
uyc,-16.655042909071796,98.3449570909282,1000
vdk,-74.522464805642,75.477535194358,1000
ezc,-49.883673884518394,63.116326115481606,1000
vfz,-37.73513388737275,67.26486611262725,1000
utk,-11.298290669770179,78.70170933022982,1000
wqq,-93.48524937363665,51.51475062636335,1000
hqr,-14.918136145759737,70.08186385424027,1000
jpu,-95.77590451314893,15.224095486851073,1000
czw,-56.65378681128179,28.34621318871821,1000
syc,-37.50810409900525,74.49189590099475,1000
ifa,-15.507325937171485,27.492674062828517,1000
hhk,-21.04483577118102,62.95516422881898,1000
sdr,-46.50855376059293,28.491446239407068,1000
bjd,-27.339556931485397,10.660443068514601,1000
knz,-77.22432798060139,1.775672019398618,1000
gmi,-31.34483009693305,79.65516990306695,1000
zld,-80.29055653516494,68.70944346483506,1000
fik,-68.14526790436403,14.85473209563596,1000
trj,-58.45629380901021,75.54370619098978,1000
uzx,-39.70948631091573,5.2905136890842694,1000
vay,-34.62445577878481,88.3755442212152,1000
dae,-93.81917092655516,76.18082907344484,1000
ify,-89.55192191845286,86.44807808154714,1000
dli,-91.56078558599417,82.43921441400583,1000
wxi,-89.07638361060033,25.923616389399672,1000
mmt,-18.182471539980902,44.8175284600191,1000
lrl,-4.001778279852205,24.998221720147793,1000
avf,-94.15812305329142,80.84187694670858,1000
per,-28.94653653480853,24.05346346519147,1000
twc,-37.20021016762238,70.79978983237763,1000
tth,-45.13847950631099,91.861520493689,1000
vyb,-28.993907642157396,51.006092357842604,1000
nod,-62.648893346036665,84.35110665396333,1000
cvk,-46.489581333462425,68.51041866653757,1000
uxo,-22.259854405862132,55.74014559413787,1000
mvk,-53.7817483492369,85.21825165076311,1000
ecj,-80.98439772880282,31.01560227119718,1000
yqj,-73.38238934341223,71.61761065658777,1000
duw,-19.43285425089015,5.567145749109853,1000
ywm,-19.34322387372288,42.656776126277116,1000
trq,-39.73770024793317,85.26229975206684,1000
czi,-72.58622222671939,34.413777773280614,1000
kxn,-16.574985014589558,25.425014985410442,1000
bpu,-57.01534704492518,73.98465295507482,1000
zwo,-97.77779649529681,20.222203504703195,1000
jme,-32.63911043391822,57.36088956608178,1000
sfu,-68.66094333039146,47.33905666960854,1000
ioh,-65.79221055977793,69.20778944022207,1000
sqx,-66.70412425342015,89.29587574657985,1000
hxl,-70.22876816743224,68.77123183256776,1000
gwy,-5.481375709626142,70.51862429037386,1000
pet,-1.3450419183249562,58.65495808167504,1000
tko,-47.22863994524212,95.77136005475788,1000
rvx,-86.03929416544358,90.96070583455642,1000
gyd,-16.42264040597775,51.577359594022255,1000
uty,-76.67025804322459,87.32974195677541,1000
sot,-69.34509562625227,43.65490437374772,1000
zbx,-79.04517024911274,40.95482975088726,1000
hrh,-78.50470517668211,9.495294823317892,1000
fik,-27.16418772076287,98.83581227923713,1000
qab,-43.94779920234242,54.05220079765758,1000
buy,-85.03855734955572,60.961442650444276,1000
kls,-84.81175567880383,31.18824432119616,1000
dpu,-3.2588382565455665,7.741161743454434,1000
rzl,-55.1669249213798,69.8330750786202,1000
ziq,-9.532670919161419,55.46732908083858,1000
bli,-33.26284133523238,89.73715866476762,1000
ble,-59.49045856927549,52.50954143072451,1000
muv,-2.078752487693692,47.92124751230631,1000
oib,-12.043308750788075,49.95669124921193,1000
mft,-46.814047198241944,95.18595280175806,1000
ffs,-40.67630196097535,24.32369803902465,1000
sbh,-52.62779180347971,59.37220819652029,1000
fwk,-90.65302628779594,23.34697371220407,1000
jfu,-2.330561057028997,60.669438942971006,1000
sjg,-91.22793890650283,88.77206109349717,1000
rms,-27.980855113252677,8.019144886747322,1000
llk,-30.322318749763163,54.67768125023684,1000
rta,-77.3554310374147,15.644568962585291,1000
mhu,-41.254229637665645,11.745770362334351,1000
jyg,-88.57620275331003,89.42379724668997,1000
vpc,-95.45104744623366,26.548952553766348,1000
zxj,-7.161359215982621,45.83864078401738,1000
mom,-90.41303998473555,3.5869600152644567,1000
xmy,-15.299967488691554,60.70003251130845,1000
jgd,-5.170733689418481,75.82926631058152,1000
qlq,-70.66247315960318,55.337526840396826,1000
rkc,-65.73147764563052,10.268522354369479,1000
mln,-2.199774997116303,72.80022500288369,1000
uyo,-33.93991745614427,14.060082543855726,1000
rpk,-88.36094392068941,13.639056079310587,1000
qyo,-50.59283985630719,77.40716014369282,1000
dzs,-61.98202681681164,1.017973183188357,1000
dab,-27.16384560876746,67.83615439123254,1000
vvc,-16.545526945462882,62.45447305453712,1000
rrs,-20.40652723785695,75.59347276214305,1000
tio,-63.140369918028306,55.859630081971694,1000
nag,-39.14432763861492,63.85567236138508,1000
sqr,-41.93994525268018,74.06005474731981,1000
bqc,-71.87750026287029,28.12249973712972,1000
jab,-1.343609923430319,39.65639007656968,1000
ltx,-2.1878396991837104,79.81216030081629,1000
zrd,-51.45469561407124,49.54530438592876,1000
