exg,-41.28666913172166,78.71333086827833,1000
jmd,-47.23127637440818,50.76872362559182,1000
ija,-50.159928837221216,25.84007116277878,1000
nwg,-32.67396449123603,89.32603550876397,1000
hrn,-35.77576121191084,69.22423878808915,1000
uoz,-29.60080391746065,94.39919608253935,1000
zry,-15.208721159817902,62.7912788401821,1000
zva,-82.55333252941233,18.446667470587666,1000
xjo,-15.294572726565494,43.7054272734345,1000
vih,-80.55638597846243,9.443614021537567,1000
aou,-1.2444837694071729,43.755516230592825,1000
fln,-16.124913847999437,67.87508615200056,1000
pzy,-41.852729576734916,43.147270423265084,1000
uwu,-9.933663647719518,83.06633635228049,1000
bqk,-73.7925108565526,97.2074891434474,1000
tyl,-30.94576118689139,30.05423881310861,1000
ffu,-39.17573098918848,54.82426901081152,1000
cem,-94.52573348373195,15.474266516268049,1000
hmj,-83.37529219682068,73.62470780317932,1000
vuk,-72.04524521617665,76.95475478382335,1000
evs,-27.616871207256576,88.38312879274342,1000
xwy,-56.55492341995134,39.44507658004866,1000
ywv,-8.785142940079314,87.21485705992069,1000
exn,-38.55217131438426,45.44782868561574,1000
jzp,-66.13948643584946,37.86051356415054,1000
yyp,-38.89163492768903,51.10836507231097,1000
mla,-19.741170363802432,42.25882963619757,1000
lzd,-78.40010679766324,79.59989320233676,1000
qfn,-39.337495598562604,52.662504401437396,1000
lhx,-66.45667745027981,79.54332254972019,1000
gjl,-68.39443810821898,60.605561891781015,1000
kgj,-1.3092801747950578,70.69071982520494,1000
xaz,-29.644787933978332,51.35521206602167,1000
far,-2.102510619089937,12.897489380910063,1000
wwo,-17.948877543841345,47.05112245615866,1000
gbs,-86.64025084219477,2.359749157805225,1000
kdr,-83.06654654944522,52.93345345055478,1000
giy,-91.31322520692028,40.68677479307972,1000
avj,-73.8003723458811,85.1996276541189,1000
tet,-65.63920077786081,13.360799222139187,1000
mxx,-47.97307022320696,68.02692977679304,1000
ufs,-47.97694502384554,86.02305497615447,1000
fxp,-19.61252241231073,79.38747758768928,1000
ihi,-68.58085123826565,11.419148761734352,1000
rrt,-38.66788934543422,22.332110654565785,1000
tam,-48.58138871947231,57.41861128052769,1000
exe,-28.822508532941512,51.17749146705849,1000
tlp,-62.75491569892301,20.245084301076993,1000
hrq,-41.28771613359893,89.71228386640107,1000
iyq,-18.226712266163098,18.773287733836902,1000
qvv,-9.410784659015162,57.589215340984836,1000
cjc,0.7430421225773419,32.74304212257734,1000
chz,-7.4083943775427805,35.59160562245722,1000
ute,-74.92327286879838,19.076727131201626,1000
xte,-67.07767834645111,20.92232165354889,1000
fox,-83.46333571781234,98.53666428218766,1000
ypw,-2.1440839933532425,44.85591600664676,1000
ble,-92.43902964549797,21.56097035450204,1000
gcx,-52.29021338666781,78.70978661333218,1000
rie,-0.8231675808138593,87.17683241918614,1000
sbm,-25.97119886283207,28.02880113716793,1000
qme,-87.28799742233281,56.71200257766719,1000
fms,-16.613014545910318,34.38698545408968,1000
tlv,-8.838512022109848,67.16148797789015,1000
kav,-44.79075408033347,67.20924591966653,1000
upu,-60.330721487604826,19.669278512395174,1000
tei,-43.74493410188558,6.255065898114415,1000
rny,-3.072785590247647,1.927214409752353,1000
xzm,-29.44083665076267,61.55916334923733,1000
gge,-79.36994676125119,42.63005323874881,1000
xgh,-30.21314177073233,60.786858229267665,1000
owa,-39.77509113948718,85.22490886051281,1000
par,-77.0788086657576,89.9211913342424,1000
vrh,-63.5850507163962,24.414949283603796,1000
teg,-38.83115617806214,21.16884382193786,1000
yuv,-63.411772552691296,67.5882274473087,1000
xfv,-37.31982485711194,84.68017514288806,1000
rrw,-84.31211436267891,30.68788563732109,1000
blk,-42.17299212784493,60.82700787215507,1000
sqe,-29.759362365254454,20.240637634745546,1000
mrk,-81.81071242196914,23.189287578030854,1000
vdt,-80.17021294352774,18.829787056472263,1000
xqm,-73.45000928410037,74.54999071589963,1000
cny,-42.95131563543967,30.048684364560334,1000
qeu,-70.27711142669955,95.72288857330045,1000
gqd,-60.80548340309129,98.19451659690871,1000
xez,-24.66158223217789,98.33841776782211,1000
zjb,-66.92472967186335,91.07527032813665,1000
wyo,-92.98936400023211,28.010635999767892,1000
jwm,-77.22066392604823,60.77933607395176,1000
kbm,-55.683909974355714,14.316090025644284,1000
zpd,-7.195995956686279,34.80400404331372,1000
pcb,-40.21854959711488,38.78145040288512,1000
zmh,-7.600383024173288,66.39961697582672,1000
edu,-94.89865899918748,41.10134100081252,1000
der,-16.455228109990866,94.54477189000913,1000
xsz,-55.783991550256935,32.216008449743065,1000
dji,-28.67661173216859,56.32338826783141,1000
jtw,-67.63174851130127,67.36825148869873,1000
yjz,-58.340377785058806,33.659622214941194,1000
ipq,-28.775837522273036,49.22416247772696,1000
mew,-75.36557292030942,93.63442707969058,1000
cpk,-37.27430535929662,34.72569464070338,1000
ois,-12.492036364973675,82.50796363502633,1000
noz,-8.949341036639336,98.05065896336066,1000
isz,-96.73307612054349,20.266923879456517,1000
usy,-53.09200710909338,54.90799289090662,1000
pwx,-54.31441866700594,22.68558133299406,1000
xla,-51.76970769352935,69.23029230647064,1000
gre,-24.495444996079662,44.50455500392034,1000
kgo,-86.05009643029196,86.94990356970804,1000
iux,-33.594804123756134,63.405195876243866,1000
ytg,-38.71194754035909,8.288052459640909,1000
veh,-63.6533067583799,15.346693241620104,1000
ogi,-74.00830619771126,56.99169380228874,1000
ozf,-37.878767122768124,23.12123287723188,1000
uve,-64.78229245742307,46.217707542576925,1000
ecj,-0.3407417457183022,46.659258254281696,1000
yuy,-20.76472276678726,8.235277233212742,1000
wnp,-66.24423473973272,27.755765260267285,1000
hhr,-94.60275739070077,34.39724260929923,1000
kpo,-47.85604233575331,96.14395766424668,1000
wcd,-26.258069186326267,13.741930813673731,1000
zfs,-82.70948945712178,80.29051054287822,1000
vmd,-83.89316307328559,44.106836926714415,1000
zvy,-92.85886407416149,90.14113592583851,1000
ich,-37.620990188605276,75.37900981139472,1000
klq,-24.346110479119993,45.65388952088001,1000
ale,-15.602560235915089,42.39743976408491,1000
gww,-30.206842913654533,36.79315708634547,1000
qld,-4.928201438391511,38.07179856160849,1000
kre,-69.24315862252118,18.756841377478818,1000
aor,-25.276385462178155,3.7236145378218435,1000
lrb,-17.69098355429051,76.30901644570949,1000
tou,-54.649765641752694,36.350234358247306,1000
qra,-72.67927435706491,75.32072564293509,1000
avh,-66.3351311950296,42.66486880497039,1000
ern,-95.13845342326601,8.861546576733987,1000
ttb,-69.29484958797025,59.70515041202976,1000
ion,-21.06734918011603,71.93265081988397,1000
fau,-70.01860213590341,59.981397864096586,1000
uyk,-52.48846743300818,89.51153256699182,1000
pgr,-84.3719727743336,19.628027225666408,1000
fvi,-86.46336171765452,36.53663828234548,1000
rez,-65.12440675679746,2.875593243202539,1000
thk,-10.528966340161919,79.47103365983808,1000
jas,-59.85993464049321,39.14006535950679,1000
bel,-19.314192426714,41.685807573286,1000
azf,-75.10646312644774,41.893536873552264,1000
iou,-58.560116757506535,32.439883242493465,1000
mna,-79.7706345245601,12.2293654754399,1000
gro,-10.3044596949832,83.6955403050168,1000
mfb,-2.5325341029817343,35.467465897018265,1000
ydr,-11.080030389015969,25.919969610984033,1000
xnz,-19.576734818737307,55.42326518126269,1000
wyt,-28.48013600999567,69.51986399000432,1000
btq,-68.12127744026041,35.878722559739586,1000
ryt,-59.71073952010593,36.28926047989407,1000
ykg,-38.05478107133432,70.94521892866568,1000
qtx,-68.63050022372241,92.36949977627759,1000
zxo,-69.57932495871438,22.420675041285616,1000
fiz,-75.61147704060598,22.388522959394024,1000
npp,-11.481685332168494,94.5183146678315,1000
pkl,-10.514582492424005,91.485417507576,1000
tbo,-39.68111543543238,17.318884564567618,1000
snm,-58.37637957560905,31.623620424390953,1000
qso,-40.49057361778044,30.509426382219555,1000
rdo,-41.25576224628486,83.74423775371514,1000
wnc,-91.34069350075212,7.6593064992478785,1000
khh,-25.209543434193446,65.79045656580655,1000
vsf,-19.794159297361713,5.205840702638287,1000
ria,-27.99682410984277,6.00317589015723,1000
naq,-59.5950725726956,40.4049274273044,1000
vew,-84.76758855239407,88.23241144760593,1000
ckg,-91.85681908311105,52.143180916888944,1000
aus,-27.898007433806328,93.10199256619367,1000
hcd,-59.82008503718308,12.179914962816925,1000
dsw,-87.07131055534647,60.928689444653536,1000
fzi,-84.12539372951834,76.87460627048166,1000
cgn,-60.525417391700174,13.474582608299823,1000
xay,-25.974044424202525,83.02595557579748,1000
dop,-37.47003161914675,87.52996838085325,1000
xwm,-52.73588153094432,20.26411846905568,1000
dkt,-93.86935337930021,30.130646620699796,1000
jom,-33.84587193014203,27.154128069857965,1000
pmm,-28.629931604631377,55.37006839536863,1000
lar,-44.29082289746635,35.70917710253365,1000
jnl,-61.89410210949096,55.10589789050904,1000
hwv,-3.273602524904193,47.72639747509581,1000
cat,-89.91474612624509,36.08525387375491,1000
fzj,-73.63417129291997,46.36582870708003,1000
ijw,-4.470922535856542,80.52907746414346,1000
axu,-1.48629032718945,68.51370967281055,1000
kmf,-38.80854924689033,14.191450753109672,1000
qft,0.9492346720552128,55.94923467205521,1000
jvr,-13.74140370226852,72.25859629773149,1000
cwx,-0.4553226982291926,79.5446773017708,1000
lsy,-14.247201305639003,46.752798694361,1000
jbo,-67.71339686706045,4.286603132939551,1000
uzt,-59.701372249403434,67.29862775059657,1000
fbs,-42.777101112424766,65.22289888757524,1000
cqv,-75.7200285012648,9.279971498735195,1000
xjo,-43.60804656119147,89.39195343880853,1000
zxv,-92.03079099461172,43.96920900538829,1000
kyy,-14.472832979685974,37.527167020314025,1000
lfh,-16.57977378906768,16.42022621093232,1000
vib,-11.17418651210466,54.82581348789534,1000
jak,-70.68297575371275,96.31702424628725,1000
fmi,-84.4770868077879,19.5229131922121,1000
ctb,-83.99731203767394,83.00268796232606,1000
den,-79.34719628563793,61.652803714362065,1000
uqg,-69.96630466745124,11.033695332548758,1000
ywl,-44.72795012438454,42.27204987561546,1000
lrw,-65.88928851849815,58.110711481501845,1000
xjj,-12.71210231469795,31.287897685302053,1000
ywz,-35.22887350082185,13.771126499178154,1000
drd,-7.046054017534233,1.9539459824657666,1000
kgg,-95.77531787213118,41.22468212786882,1000
cfq,-0.8018601373787126,34.19813986262129,1000
nmm,-53.938848787134994,12.061151212865004,1000
fbm,-88.79205547878088,79.20794452121912,1000
bin,-86.64442968710372,96.35557031289628,1000
cej,-75.4713141042432,73.5286858957568,1000
cnb,-33.83230495720297,17.167695042797025,1000
tww,-89.38636830667323,19.61363169332677,1000
etm,-11.758366496443564,18.241633503556436,1000
ins,-2.297250686872559,38.70274931312744,1000
wkk,-35.9773548000071,21.022645199992898,1000
okh,-73.88497987344071,39.115020126559294,1000
wgg,-40.25891129942341,30.741088700576586,1000
hcq,-95.56142152858983,63.43857847141016,1000
miy,-35.02102602903662,13.978973970963382,1000
qsi,-64.86781943926043,92.13218056073957,1000
qzt,-73.6550312761609,17.344968723839106,1000
uij,-93.11291182320484,48.88708817679517,1000
bes,-93.03817158495063,91.96182841504937,1000
vhg,-27.89879502811906,81.10120497188095,1000
xnp,-70.32875281821966,43.67124718178035,1000
aeq,-90.14466641949535,69.85533358050465,1000
jmb,-10.130728072280224,4.869271927719775,1000
dqw,-6.198292900913196,30.801707099086805,1000
itd,-8.035898992011715,65.96410100798829,1000
usj,-83.38981781609009,53.61018218390991,1000
pkl,-91.79607194803972,16.203928051960283,1000
bvl,-69.31330616467355,83.68669383532645,1000
lno,-50.01838804182617,15.981611958173833,1000
xvp,-24.548860240716373,65.45113975928363,1000
uht,-23.76021364321256,81.23978635678743,1000
lqm,-92.67154189065994,36.32845810934007,1000
yfa,-41.059520750879706,12.940479249120292,1000
gdf,-20.76457660705506,35.235423392944945,1000
ate,-41.128608877105926,26.871391122894078,1000
icg,-51.544635399606754,52.455364600393246,1000
eez,-3.735463654234823,49.26453634576518,1000
hgh,-95.86857725305269,17.131422746947305,1000
aen,-44.67162618336104,73.32837381663896,1000
bfn,-96.86720062361047,78.13279937638953,1000
ijs,-41.104579869208536,77.89542013079146,1000
iac,-45.91991501226899,84.08008498773101,1000
bbp,-37.24214518692625,97.75785481307375,1000
ohm,-62.66232254333211,10.33767745666789,1000
ojs,0.2691321800121952,62.26913218001219,1000
exd,-87.79904756303438,89.20095243696562,1000
thb,-97.90146101171875,79.09853898828125,1000
xjo,-36.740715969582865,80.25928403041713,1000
sch,-23.056512138776178,46.94348786122382,1000
ops,-38.0063757210645,81.9936242789355,1000
gdk,-48.23255446495884,16.767445535041162,1000
ghy,-56.094012130546375,3.9059878694536225,1000
oxw,-42.22575842825483,66.77424157174516,1000
xik,-1.4484212081034862,85.55157879189652,1000
yve,-29.599513958315082,73.40048604168491,1000
qta,-62.26671877225615,70.73328122774386,1000
xvq,-14.650509235085883,94.34949076491412,1000
ctf,-10.261482792446097,17.7385172075539,1000
ckk,-37.00768106043426,18.992318939565745,1000
ial,-10.940373605271269,85.05962639472872,1000
xra,-8.27466876275681,77.7253312372432,1000
dbk,-58.095224129825034,98.90477587017496,1000
kdp,-74.33784183323853,73.66215816676147,1000
ogp,-92.04163274555835,93.95836725444165,1000
vqg,-0.47539693297641517,28.524603067023584,1000
zzz,-57.696843360368895,84.30315663963111,1000
zwb,-66.97583669043982,75.02416330956018,1000
ekh,-95.82760088014228,64.17239911985772,1000
ipo,-66.28502968517923,42.714970314820775,1000
mkm,-56.35383920348919,26.646160796510816,1000
fik,-7.413970534003103,18.586029465996898,1000
srs,-96.33563320367293,45.664366796327066,1000
nyq,-13.564163120220119,5.435836879779881,1000
bmr,-33.9480729479797,98.0519270520203,1000
xdk,-62.904152442709425,64.09584755729057,1000
yrt,-39.31129727582106,51.68870272417894,1000
hen,-5.957024923788384,29.042975076211615,1000
aqg,-64.31322924086399,58.686770759136,1000
hvd,-47.16461163507731,12.835388364922697,1000
srg,-82.11678573407697,30.883214265923026,1000
zys,-95.09751365008563,74.90248634991437,1000
awn,-56.47305596039432,5.52694403960568,1000
lse,-11.942853162838936,52.05714683716106,1000
hlj,-34.008462823317885,37.991537176682115,1000
qfn,-95.25871958179553,64.74128041820447,1000
jue,-0.19088978055432682,76.80911021944567,1000
yqi,-38.72372555404343,58.27627444595657,1000
noy,-82.78810394350103,98.21189605649897,1000
ydv,-51.48756922032508,88.51243077967493,1000
jmu,-66.096260728787,23.903739271212995,1000
hni,-58.7851896424949,84.2148103575051,1000
bqk,-10.437198853278652,96.56280114672136,1000
ubx,-3.7335603960154833,84.26643960398452,1000
mfv,-37.918486683203845,79.08151331679616,1000
ynh,-57.910243932144894,10.089756067855104,1000
xpv,-25.35182865190236,95.64817134809763,1000
pix,-57.40896707950079,14.591032920499211,1000
rkp,-84.90876140984335,27.091238590156642,1000
tgp,-58.51245197295395,76.48754802704606,1000
vua,-66.6901643620593,63.30983563794069,1000
ybo,-19.13781212901285,7.862187870987148,1000
jcr,-46.430388776758825,17.569611223241175,1000
cvs,-36.4320498598879,20.567950140112103,1000
oci,-82.59811388939046,94.40188611060954,1000
cyg,-4.427789256032859,80.57221074396715,1000
msn,-63.99395700719471,92.00604299280529,1000
ebf,0.35043376245692914,39.35043376245693,1000
jmz,-55.94498111376099,78.05501888623901,1000
agy,-4.187014399737595,26.812985600262405,1000
hle,-5.974281021869422,67.02571897813058,1000
vee,-93.62819633150063,17.37180366849937,1000
xsd,-71.62338304807447,88.37661695192553,1000
bgj,-22.211222645131304,70.7887773548687,1000
jvg,-53.68655778111118,41.31344221888882,1000
pik,-3.967505941261177,11.032494058738823,1000
iso,-18.513908039445006,98.48609196055499,1000
kfo,-26.398262791437777,24.601737208562223,1000
xqo,-68.70593116310222,18.29406883689777,1000
zrv,-23.904893851218873,7.095106148781126,1000
rze,-69.77937623583837,98.22062376416163,1000
yok,-22.988848183990502,96.0111518160095,1000
erq,-68.04674088756322,8.953259112436777,1000
vtm,-33.54572752157757,90.45427247842244,1000
lwv,-92.39402346459968,38.605976535400316,1000
wca,-61.23728238390014,0.7627176160998599,1000
mcm,-92.14185285925123,87.85814714074877,1000
qga,-64.298549125092,78.701450874908,1000
loq,-38.02279230629013,15.97720769370987,1000
fqw,-76.79001089909583,18.20998910090416,1000
gzd,-62.6136388122142,11.386361187785806,1000
pdp,-20.42974930443117,65.57025069556883,1000
zjj,-45.6675714889477,65.3324285110523,1000
iiu,-2.394895607507247,38.605104392492755,1000
bgk,-13.876724555385595,82.1232754446144,1000
nqv,-83.17429907997303,32.825700920026975,1000
teg,-55.02119168949906,53.97880831050094,1000
yjo,-90.31272142320758,13.68727857679243,1000
jhi,-82.80860137714743,47.191398622852574,1000
hjn,-51.9171010132686,19.0828989867314,1000
iix,-94.56508460073587,28.434915399264124,1000
mfx,-23.443818058266096,63.556181941733904,1000
lyv,-95.28224149552175,34.717758504478255,1000
tez,-59.270719310657,96.729280689343,1000
fjk,-0.5606746672561188,42.439325332743884,1000
aiy,-88.21742765138298,22.782572348617027,1000
uke,-30.43526633794817,13.564733662051827,1000
szy,-32.73411795754094,52.26588204245906,1000
wrj,-41.8611726012316,90.1388273987684,1000
htw,-97.93683510635381,50.06316489364619,1000
xwh,-25.43954294073837,7.560457059261629,1000
zte,-83.03214370004395,81.96785629995605,1000
mqf,-47.344765412062046,27.655234587937954,1000
lln,-0.1936695242130967,32.8063304757869,1000
ruy,-88.03793530781856,3.9620646921814444,1000
roh,-48.41907940518219,75.58092059481781,1000
ozh,-92.25235274809863,14.747647251901366,1000
hma,-14.032144621440102,95.9678553785599,1000
gil,-77.45909860776888,45.54090139223112,1000
yrj,-77.4687057526856,98.5312942473144,1000
qht,-58.00018703215727,77.99981296784273,1000
jgx,-38.82762479474644,16.17237520525356,1000
hwx,-62.19135572492551,80.80864427507449,1000
rbn,-66.68447193156504,17.31552806843496,1000
diu,-58.847146912466734,27.152853087533263,1000
edx,-45.807223517812794,59.192776482187206,1000
emr,-75.22875797638046,9.77124202361954,1000
tbg,-12.350420771419108,24.64957922858089,1000
pdz,-69.59151089531044,51.408489104689565,1000
nuw,-81.99810783472081,4.001892165279181,1000
tsi,-75.54744324809039,7.452556751909615,1000
bda,-72.41601683056506,85.58398316943494,1000
jcp,-54.35056997550505,67.64943002449495,1000
fuf,-32.68781808361122,17.312181916388784,1000
jbr,-60.74250431616996,68.25749568383003,1000
ytt,-18.62090204079695,68.37909795920305,1000
bmc,-58.49767923515848,32.50232076484152,1000
aid,-59.761359012046526,40.238640987953474,1000
sib,-70.53627264657555,48.46372735342444,1000
hyd,-59.59400284602805,69.40599715397195,1000
psm,-92.62922996692643,32.37077003307356,1000
auk,-1.7295224119025239,54.27047758809748,1000
unl,-78.53165642859759,57.468343571402414,1000
ial,-29.413019899284834,14.586980100715166,1000
ppg,-13.16102211984693,14.83897788015307,1000
gda,-93.05221744546066,17.94778255453934,1000
clx,-93.82417380076929,96.17582619923071,1000
bmt,-46.22546008146313,29.774539918536867,1000
qva,-2.8409445294560967,69.1590554705439,1000
jwt,-29.130938127596234,61.86906187240376,1000
ftb,-70.24879469363927,37.751205306360724,1000
qde,-95.38750681344732,47.61249318655269,1000
wiu,-51.44755961041775,58.55244038958225,1000
bzb,-11.53034861892394,91.46965138107606,1000
arv,-79.1134897798082,50.8865102201918,1000
eli,-0.8581727440974161,57.141827255902584,1000
nvv,-31.57579789210904,54.42420210789096,1000
hrm,-52.64549223077961,38.35450776922039,1000
vrh,-50.19980922993392,71.80019077006608,1000
duq,-81.25617570389515,74.74382429610485,1000
oas,-46.44607354497769,25.553926455022303,1000
ssx,-85.0291541361886,87.9708458638114,1000
kud,-68.03148241146826,83.96851758853174,1000
moq,-16.184593187067854,41.815406812932146,1000
bna,-77.47831901270321,52.52168098729679,1000
egg,-85.44663488825381,81.55336511174619,1000
bmw,-24.4411220226192,0.5588779773808001,1000
qte,-27.63939228566721,51.36060771433279,1000
hmt,-31.815997230098333,21.184002769901667,1000
zoa,-96.44980816201382,24.550191837986176,1000
kxk,-63.2636191048892,83.7363808951108,1000
wwl,-59.40944106809576,89.59055893190424,1000
fhu,-22.90699111938023,71.09300888061978,1000
fns,-0.7127079653210622,16.287292034678938,1000
kfj,-56.06085105429406,8.939148945705936,1000
bws,-70.32455286087114,73.67544713912886,1000
ear,-84.28418187242205,86.71581812757795,1000
dzi,-84.12269527584854,72.87730472415146,1000
hqc,-87.93679518940796,65.06320481059204,1000
soh,-29.711271507126384,7.288728492873615,1000
vsa,-39.75909150592637,94.24090849407362,1000
yld,-55.51344286171704,67.48655713828296,1000
fac,-78.10297618704435,29.897023812955652,1000
ieo,-19.835579342099862,4.164420657900137,1000
emm,-63.49972923529933,38.50027076470067,1000
jpz,-63.71485434992087,22.28514565007913,1000
vrz,-31.08101592344292,67.91898407655708,1000
bpd,-21.102998156543737,8.89700184345626,1000
wsg,-2.085364954198499,68.9146350458015,1000
iqr,-91.5399819004475,38.46001809955251,1000
cep,-87.478617286502,72.521382713498,1000
cjg,-49.3501412327964,85.6498587672036,1000
eaq,-40.078712124526355,73.92128787547365,1000
wdz,-27.346776712826372,38.65322328717363,1000
mtb,-93.13669645261044,20.863303547389563,1000
smg,-36.69003808025892,95.30996191974107,1000
kru,-76.75453064376181,26.245469356238193,1000
dvx,-11.892068024784628,20.107931975215372,1000
udb,-5.178295493877467,92.82170450612253,1000
tbw,-11.711726102102174,85.28827389789782,1000
ecn,-46.39978256687191,88.60021743312808,1000
wmt,-47.17307819983416,38.82692180016584,1000
kni,-35.53567540974699,67.464324590253,1000
mxh,-21.752494291078452,37.247505708921544,1000
btv,-20.33636099000239,9.66363900999761,1000
ayq,-3.885159193458204,50.1148408065418,1000
mll,-34.50835286204296,65.49164713795705,1000
hnm,-47.76891095010863,5.231089049891368,1000
nfp,-58.7885909532792,87.2114090467208,1000
khl,-63.29687964457551,82.70312035542449,1000
ybl,-90.51290780523308,58.487092194766916,1000
tot,-57.82180206811792,9.178197931882078,1000
yqh,-26.605454264118933,7.394545735881066,1000
hiq,-89.76106420242917,29.23893579757084,1000
wwr,-8.850975185067618,64.14902481493239,1000
ujd,-91.8438280421307,86.1561719578693,1000
pyb,-92.6659135452616,42.33408645473839,1000
fjl,-64.89155603920089,67.10844396079911,1000
kah,-36.64239535823865,78.35760464176136,1000
lha,-10.600138327114498,86.3998616728855,1000
usk,-30.509333821245974,25.490666178754026,1000
dnx,-92.85895038279595,91.14104961720405,1000
uzg,-14.775177567634888,55.224822432365116,1000
kmu,-90.85900759175118,62.14099240824883,1000
gfn,-5.446801220702354,24.553198779297645,1000
rhl,-97.00043271516932,52.99956728483068,1000
gdf,-86.1199076832712,77.8800923167288,1000
cfs,0.8391811261628253,73.83918112616283,1000
wlb,-70.79376317619727,91.20623682380273,1000
gds,-72.02700868764765,58.972991312352356,1000
zfc,-84.98192630870705,11.018073691292958,1000
ket,-95.50994717593312,69.49005282406688,1000
kjf,-63.03133361611656,70.96866638388344,1000
uti,-53.47344806876536,81.52655193123464,1000
lqx,-78.97311802138782,78.02688197861218,1000
ivw,-25.184861271608604,37.815138728391396,1000
wfn,-17.801545117827953,25.198454882172047,1000
moo,-31.510149933551972,11.489850066448028,1000
gwz,-12.192998704058121,75.80700129594187,1000
lzw,-7.682611536270674,9.317388463729326,1000
oow,-94.24978945429335,45.75021054570666,1000
xdx,-14.106664408291508,93.89333559170849,1000
qpq,-5.70996473346729,32.29003526653271,1000
ieo,-3.560252697660161,22.43974730233984,1000
yau,-42.89743405567538,12.102565944324613,1000
cmt,-72.14654169825995,26.853458301740048,1000
frr,-97.82732799302276,14.172672006977239,1000
kax,-75.97610267342486,93.02389732657514,1000
ilk,-13.061885921687253,16.938114078312747,1000
woa,-95.49388961589976,29.506110384100246,1000
ryl,-38.37595266095941,25.624047339040583,1000
cqb,-16.0887088321825,85.9112911678175,1000
nup,-68.8906807173473,19.109319282652706,1000
rcm,-15.144059713065088,80.85594028693491,1000
dmd,-86.71010152035684,54.28989847964315,1000
flp,-4.803304490487824,19.196695509512175,1000
oxe,-16.571566264362115,57.42843373563789,1000
plh,-55.7244981474477,7.275501852552305,1000
vmq,-38.26258548399679,19.73741451600321,1000
bfj,-45.894531685688264,63.105468314311736,1000
czl,-34.33282704513348,30.667172954866526,1000
zur,-56.42350816040516,11.57649183959484,1000
wxi,-53.88381291709861,77.11618708290139,1000
gxt,0.7666676015170418,39.76666760151704,1000
tnb,-91.70038960818587,66.29961039181413,1000
akg,-66.12794215073956,37.87205784926045,1000
iiw,-81.19657852118948,81.80342147881052,1000
mff,-0.2698103149894553,63.730189685010544,1000
ydq,-60.86400906564251,58.13599093435749,1000
qqf,-49.973889827872924,28.02611017212708,1000
kzq,-17.235492491412938,9.76450750858706,1000
uge,-87.55212643404784,76.44787356595216,1000
kkd,-21.51996163521136,11.480038364788639,1000
uce,-42.03636415242817,98.96363584757182,1000
hxl,-67.26108516756865,28.738914832431345,1000
dlp,-0.7536869849956173,20.246313015004382,1000
knm,-95.88394413760766,32.116055862392344,1000
hhk,-17.992328140568848,35.007671859431156,1000
rgi,-71.09947233751345,42.90052766248656,1000
ivu,-86.37679387212128,61.62320612787872,1000
ooe,-36.8115141823288,3.1884858176711988,1000
wju,-49.0946034474104,42.9053965525896,1000
svw,-14.77339974679849,42.22660025320151,1000
mkv,-47.03709343916196,62.96290656083804,1000
dou,-29.609898974293817,34.39010102570618,1000
xop,-95.34606357737186,96.65393642262814,1000
tbs,-81.03208535482838,43.96791464517162,1000
yro,-31.994096998726494,93.00590300127351,1000
opq,-62.687908960059715,54.312091039940285,1000
qwz,-87.31418301906143,96.68581698093857,1000
zse,-81.61234378897598,76.38765621102402,1000
ckw,-81.56984225962063,75.43015774037937,1000
rxm,-11.667271497289997,83.33272850271,1000
gfy,-14.571485912663144,47.42851408733686,1000
tib,-38.10116989977308,71.89883010022692,1000
bju,-28.433794586171285,76.56620541382871,1000
hnh,-41.22381304370006,90.77618695629994,1000
avl,-27.443523729739308,92.55647627026069,1000
prz,-48.754561778464854,98.24543822153515,1000
dey,-30.794269250457283,37.20573074954272,1000
mgm,-56.03183489559054,24.968165104409454,1000
lbh,-24.04593089581242,14.954069104187582,1000
srw,-28.850939734615267,65.14906026538473,1000
clt,-43.978777077875094,17.021222922124906,1000
jvh,-11.056248364037554,23.943751635962446,1000
ntg,-44.52488358594618,22.47511641405382,1000
shs,-21.97689979331749,40.023100206682514,1000
tsn,-42.288084838766935,23.711915161233065,1000
cwj,-88.91403271344169,26.085967286558315,1000
zcr,-49.84058443659364,87.15941556340636,1000
lrq,-11.55932666468891,57.44067333531109,1000
qjw,-65.09885049196212,60.90114950803787,1000
ncm,-31.18077148082596,62.81922851917404,1000
wve,-33.58217834680079,74.41782165319921,1000
cjc,-52.914412918787946,34.085587081212054,1000
gvw,-77.13288747186053,68.86711252813947,1000
kjp,-0.16024327333455346,21.839756726665446,1000
qdj,-13.881218280171149,93.11878171982885,1000
cta,-25.51420385747901,53.48579614252099,1000
flb,-95.86794343507215,42.13205656492785,1000
ori,-50.24666969805464,9.753330301945361,1000
fso,-70.10068524153029,6.899314758469709,1000
zvl,-91.95851430406609,84.04148569593391,1000
esi,-5.466640512031055,57.533359487968944,1000
cyp,-82.0990585920882,58.900941407911795,1000
ysl,-38.443138532589685,78.55686146741031,1000
rhu,-97.59929851935425,51.40070148064576,1000
rvm,-49.8306408836116,75.1693591163884,1000
khb,-2.652571639965271,41.347428360034726,1000
sgy,-80.67875842576721,9.32124157423278,1000
udy,-29.5529210389153,31.4470789610847,1000
sos,-24.32149012165731,38.67850987834269,1000
tkm,-0.12210398662304545,32.877896013376954,1000
eld,-83.05663628995705,85.94336371004295,1000
qsn,-64.52827534572258,82.47172465427742,1000
zks,-34.097645491437895,23.902354508562105,1000
daa,0.12676389272718525,56.12676389272718,1000
ugr,-50.72240291455154,19.277597085448463,1000
mqv,-28.56625867987458,9.43374132012542,1000
dhs,-55.97932025525526,2.02067974474474,1000
czg,-1.5616146094259222,16.438385390574076,1000
pit,-30.387524739453994,21.612475260546006,1000
msw,-10.35473010106139,75.64526989893861,1000
nhr,-14.767942134124828,71.23205786587518,1000
vzw,-21.671662946621428,32.32833705337857,1000
tyu,-66.51734437690979,21.482655623090203,1000
gcm,-74.16118663178264,21.83881336821736,1000
zsm,-45.58605498953405,78.41394501046595,1000
ffz,-15.145676196106374,68.85432380389362,1000
qgw,-78.72909241434446,45.270907585655536,1000
rlv,-24.005201757066924,84.99479824293307,1000
fyy,-94.99513257375736,32.00486742624265,1000
gig,-52.85445096284086,14.14554903715914,1000
tgo,-92.44455858632152,42.55544141367848,1000
ylo,-4.852520946989855,10.147479053010144,1000
gei,-8.954055327025046,39.045944672974954,1000
gsr,-53.17798936562722,47.82201063437278,1000
zls,-82.89810183225293,38.101898167747066,1000
grq,-48.65038093185924,38.34961906814076,1000
fbg,-87.58399181780216,50.416008182197835,1000
sye,-66.57943199773808,91.42056800226192,1000
yak,-0.005658810341601095,39.9943411896584,1000
zaw,-29.125175551174863,22.874824448825137,1000
sol,-89.51511374788085,28.48488625211915,1000
uml,-28.95431424663134,49.04568575336866,1000
ilk,-9.78874838539569,83.21125161460431,1000
ese,-4.390565109132966,29.609434890867036,1000
zfy,-87.6540520657396,18.3459479342604,1000
lap,-88.27410864707588,90.72589135292412,1000
quw,-54.44216053914672,93.55783946085329,1000
xzl,-38.21680543324083,13.783194566759173,1000
blb,-24.029764337060097,4.9702356629399045,1000
clh,-17.523276304587956,45.47672369541205,1000
zxr,-32.38272417679324,40.61727582320676,1000
daj,-34.61685575547946,67.38314424452054,1000
zra,-33.966171267414815,84.03382873258519,1000
izk,-9.030668736543237,65.96933126345677,1000
ech,-61.04873756944599,27.951262430554014,1000
rlh,-4.89354246321808,37.10645753678192,1000
drx,-34.685057886600816,12.314942113399184,1000
wmv,-58.990638353723845,61.009361646276155,1000
bsh,-78.13629137137197,22.863708628628036,1000
mww,-29.12255762895251,74.8774423710475,1000
zhb,-36.93523398374981,9.064766016250188,1000
szj,-23.204415310582384,91.79558468941761,1000
ghw,-53.086383671535515,70.91361632846449,1000
miw,-13.89085003170117,28.10914996829883,1000
qsq,-63.83778057314753,42.16221942685247,1000
jsv,-38.252640847797835,22.74735915220217,1000
etc,-63.983467909136884,36.016532090863116,1000
zuq,-38.48579549124826,30.514204508751735,1000
cox,-94.39387169976014,21.606128300239863,1000
iom,-78.97140518835415,52.02859481164585,1000
rzp,-18.717479048731064,79.28252095126894,1000
pjf,-13.001714233871398,27.9982857661286,1000
irf,-72.73046124775757,40.269538752242426,1000
pzv,-90.88351269672715,10.116487303272843,1000
byx,-30.763400269702178,12.23659973029782,1000
fdb,-56.063977399487754,75.93602260051225,1000
ltg,-10.530510688222694,76.46948931177731,1000
aqa,-19.542227149758197,71.4577728502418,1000
maq,-12.310663227973194,59.689336772026806,1000
bum,-36.97530229633185,94.02469770366815,1000
xoz,-58.49948200284378,79.50051799715622,1000
loi,-19.08254839367229,91.91745160632772,1000
eno,-56.29061559467151,75.70938440532849,1000
rop,-6.185192147742772,84.81480785225723,1000
szs,-27.934605480737225,82.06539451926278,1000
tfb,-71.98461483452215,24.015385165477845,1000
jgb,-51.30818943301441,95.6918105669856,1000
mkh,-52.73716252645985,79.26283747354015,1000
ung,-52.548192735562736,27.451807264437264,1000
xpg,-47.076204016576796,30.923795983423204,1000
dnr,-59.21976147810487,66.78023852189513,1000
nnh,-0.440332916409678,34.55966708359032,1000
cdo,-26.988293657303362,34.011706342696634,1000
gdz,-9.909862136364042,25.090137863635956,1000
gpg,-30.19092289011753,48.809077109882466,1000
ssg,-5.145020413706208,22.854979586293794,1000
tep,-95.68927347717035,24.31072652282965,1000
onc,-34.82567009361446,85.17432990638554,1000
ulu,-59.99686879603688,58.00313120396312,1000
vab,-35.97112590360172,71.02887409639828,1000
nsb,-20.276741345291352,13.723258654708648,1000
fph,-68.57809041213486,0.42190958786513766,1000
ghc,-39.23624524615362,89.76375475384637,1000
gty,-45.61000005713195,87.38999994286806,1000
hcd,-55.968246271614674,28.031753728385326,1000
bef,-9.829831041887031,55.17016895811297,1000
nic,-45.97778108589593,92.02221891410407,1000
lkd,-16.284435136550083,90.71556486344991,1000
agm,-36.24201604947461,29.75798395052539,1000
ygx,-66.44337213760187,14.556627862398125,1000
yyc,-70.15845049030274,36.841549509697266,1000
knb,-73.7782458795249,43.221754120475104,1000
qdf,-2.0642329986817,71.9357670013183,1000
xdy,-49.50437036553689,82.49562963446311,1000
vni,-19.665058064366413,37.33494193563359,1000
pta,-90.04139461939924,40.95860538060076,1000
gfr,-13.139575203153484,31.860424796846516,1000
epf,-93.93709432590693,46.06290567409308,1000
uhh,-17.483043147838433,97.51695685216157,1000
egb,-1.0564719582301487,57.94352804176985,1000
jev,-11.619232059219371,32.38076794078063,1000
jpn,-10.601193381950896,40.39880661804911,1000
jyo,-49.521076343940436,32.478923656059564,1000
qxq,-19.368333786719692,81.63166621328031,1000
ztt,-61.474110508162845,29.525889491837155,1000
gpg,-22.30707706398482,3.6929229360151785,1000
aay,-57.71216711633155,42.28783288366845,1000
itt,-6.80335999044786,67.19664000955214,1000
mby,-59.877546972207796,19.122453027792208,1000
ozj,-88.0055946641266,75.9944053358734,1000
vll,-46.133293959538456,82.86670604046155,1000
aah,-23.41883203399964,92.58116796600036,1000
rtp,-74.17426803010692,67.82573196989308,1000
ytl,-54.23195502490209,34.76804497509791,1000
lcd,-50.28201486877815,22.717985131221848,1000
dif,-80.57363402956284,19.426365970437153,1000
aly,-27.513632078163276,85.48636792183672,1000
ltv,-7.88109500244128,47.11890499755872,1000
fus,-18.0160588206141,67.98394117938591,1000
zhz,-77.69763343248816,72.30236656751184,1000
nhv,-56.81799216461456,95.18200783538543,1000
ukx,-72.4487959988219,4.551204001178106,1000
uik,-70.52405463557106,90.47594536442894,1000
kkx,-74.88977633879747,84.11022366120253,1000
gxv,-79.6725507924901,64.3274492075099,1000
ryk,-61.98168622047448,11.018313779525517,1000
cps,-66.82825934141144,85.17174065858856,1000
kqh,-87.13480579834271,46.86519420165729,1000
xht,-57.32185932340208,59.67814067659792,1000
egj,-86.23158128608313,41.768418713916866,1000
phk,-60.896804408295964,33.103195591704036,1000
gin,-88.84579473733282,25.154205262667176,1000
dtj,-82.4962794604639,40.503720539536104,1000
shs,-46.81570504549753,33.18429495450247,1000
atg,-95.72325217874844,46.276747821251554,1000
mpd,-18.50708908129321,34.49291091870679,1000
huk,-5.409884940569424,72.59011505943057,1000
fyd,-36.41409738083779,50.58590261916221,1000
ntx,-27.29697843870688,45.70302156129312,1000
rxg,-41.23936846987239,71.76063153012761,1000
jfl,-12.049883743242411,62.95011625675759,1000
laf,-70.69457984665567,68.30542015334433,1000
hpf,-61.167428837761975,40.832571162238025,1000
lwn,-16.704074983884983,36.29592501611502,1000
ksa,-30.53622015121844,7.463779848781558,1000
rnx,-80.09213398394571,59.90786601605429,1000
jeg,-60.57305705103609,13.426942948963914,1000
fxh,-31.650468326024843,5.349531673975158,1000
zay,-12.281411139222987,35.71858886077701,1000
skc,-95.53114128606691,44.468858713933095,1000
rim,-89.7994051390454,20.200594860954595,1000
jby,-47.59153118484014,84.40846881515985,1000
qpb,-62.481116399561735,86.51888360043827,1000
bqm,-20.80104821607242,13.19895178392758,1000
ooe,-13.80751709543869,55.19248290456131,1000
zze,-44.07520828128084,65.92479171871916,1000
pgq,-18.69987590654387,31.30012409345613,1000
mtq,-82.79943980552348,76.20056019447652,1000
obt,-40.55039839144602,1.4496016085539734,1000
wqy,-95.11624891458231,98.88375108541769,1000
eyj,-94.75616403518417,50.24383596481583,1000
xcx,-34.71167069226066,35.28832930773934,1000
ixw,-55.09813639835736,9.901863601642638,1000
ltb,-97.94110750970249,54.0588924902975,1000
sdt,-78.27814410993959,46.72185589006041,1000
mko,-9.675002574637709,88.32499742536228,1000
eto,-77.28658879125103,86.71341120874897,1000
vty,-57.982902141582024,89.01709785841797,1000
kvs,-91.79500735247903,50.204992647520974,1000
had,-5.79141074830383,46.20858925169617,1000
xvc,-69.64302410639742,67.35697589360258,1000
csv,-40.61940316743959,22.380596832560407,1000
hgu,-73.15067642053701,11.849323579462997,1000
qdt,-8.418585280143631,88.58141471985637,1000
lqj,-60.62766999797047,95.37233000202953,1000
vcl,-19.81376718761556,10.186232812384437,1000
otw,-54.4986516042686,89.5013483957314,1000
uaq,-32.964412935298746,51.035587064701254,1000
jxn,-11.689731876463124,43.31026812353688,1000
ppo,-24.88102234859829,68.1189776514017,1000
nps,-55.62460426331065,90.37539573668936,1000
kje,-96.34577906900665,5.654220930993349,1000
iap,-26.774832237753245,76.22516776224676,1000
wry,-25.566764700794117,32.43323529920588,1000
cin,-19.109330916549933,13.890669083450067,1000
hiy,-9.349435002700561,77.65056499729944,1000
btr,-17.701135483490578,88.29886451650943,1000
jmo,-18.2591104891844,7.740889510815597,1000
ylc,-22.163058398308387,21.836941601691613,1000
dnc,-74.38753071509667,8.612469284903332,1000
qbs,-57.159365938284196,88.8406340617158,1000
yry,-29.22945184972513,83.77054815027488,1000
han,-36.67045327610327,2.3295467238967342,1000
zyn,-74.57114072495315,88.42885927504685,1000
pab,-32.193200601185154,78.80679939881485,1000
ovq,-77.48674468853257,86.51325531146743,1000
cgw,-29.443044159161843,42.55695584083816,1000
vwj,-0.46268318318888224,77.53731681681111,1000
rdm,-64.1542340810994,49.84576591890059,1000
awi,-3.587439399892607,82.4125606001074,1000
tzo,-93.20500100051478,76.79499899948522,1000
zhr,-86.34504821677034,59.65495178322966,1000
wgo,-66.24483368388495,60.755166316115044,1000
tvm,-30.49870671572021,29.50129328427979,1000
zgv,-75.08908807171296,83.91091192828704,1000
mhh,-96.25200737528264,69.74799262471736,1000
zdj,-88.56702033256535,69.43297966743465,1000
hlj,-87.83047967342867,19.16952032657133,1000
gnu,-69.37501788756154,23.624982112438463,1000
gub,-89.52470917449982,68.47529082550018,1000
wjn,-84.28773495359395,19.712265046406042,1000
alw,-94.63963489538247,15.360365104617523,1000
zjq,-66.2262882970528,93.7737117029472,1000
fut,-52.26659851680978,10.73340148319022,1000
nin,-34.87511320032254,32.12488679967746,1000
ypg,-14.29144760812288,48.70855239187712,1000
ofp,-55.34048891177442,34.65951108822558,1000
ynl,-85.80092880294674,7.199071197053262,1000
btq,-80.06763324423848,73.93236675576152,1000
uzr,-78.19337657644563,46.80662342355437,1000
zma,-13.124973104162269,33.875026895837735,1000
dcb,-29.907356411177997,11.092643588822003,1000
bvy,-76.34184091798552,16.658159082014475,1000
aom,-51.596002817381375,1.403997182618626,1000
uph,-86.03995826069557,24.960041739304426,1000
wgd,-65.33731417515106,94.66268582484894,1000
aof,-48.457942928734234,2.542057071265767,1000
sql,-95.08168070098532,64.91831929901468,1000
qjd,-89.8324113829131,36.16758861708691,1000
ekj,-88.97955954097513,64.02044045902487,1000
fhy,-56.51153221179093,51.48846778820907,1000
wtu,-3.28378068666019,12.71621931333981,1000
sbc,-73.68757373139678,29.312426268603218,1000
kbw,-63.89337663233116,35.10662336766884,1000
tck,-50.14946332022096,47.85053667977904,1000
wfc,-56.58600411887866,52.41399588112134,1000
xlb,0.6935184238507411,71.69351842385075,1000
aab,-3.13974708046476,44.86025291953524,1000
who,-24.97708405034542,7.022915949654578,1000
xvp,-50.31586308300653,63.68413691699347,1000
frh,-44.64520643995208,45.35479356004792,1000
qpo,-34.35519089027062,31.64480910972938,1000
vlz,-2.8637495178135417,59.13625048218646,1000
wsy,-22.14693159137239,70.8530684086276,1000
bgl,-58.03074451189512,87.96925548810488,1000
cxw,-25.599008252446616,88.40099174755338,1000
cyx,-78.6537775430704,14.346222456929596,1000
sxo,-68.86203054579552,94.13796945420448,1000
dey,-64.88610414357544,27.113895856424566,1000
gtd,-95.5523673655284,31.4476326344716,1000
nux,-13.976643297324788,35.02335670267521,1000
tav,-38.884308885184765,96.11569111481523,1000
mhq,-95.6249417878574,17.375058212142605,1000
hxj,-66.9470410910183,90.0529589089817,1000
mir,-61.03084999674416,16.96915000325584,1000
djt,-58.59001012834164,71.40998987165837,1000
dop,-10.37845694051553,46.62154305948447,1000
kts,-84.4831080257107,1.5168919742893008,1000
mhu,-95.21212259690243,86.78787740309757,1000
zta,-1.5411044143507286,53.45889558564927,1000
hfp,-22.73083620195765,6.269163798042351,1000
utg,-30.608962423718168,52.39103757628183,1000
ogc,-70.67991717854792,33.32008282145207,1000
zog,-3.341720013970342,36.65827998602966,1000
bjj,-84.02764225843222,44.97235774156778,1000
smw,-31.40793071290923,65.59206928709077,1000
pre,-1.1079168354407702,7.89208316455923,1000
lzv,-41.903694721680424,35.096305278319576,1000
hvk,-34.48825022100019,59.51174977899981,1000
aei,-16.902154156199558,86.09784584380044,1000
wbi,-91.6099368415739,18.390063158426095,1000
ktm,-39.365957968587374,90.63404203141262,1000
nij,-20.705625542253074,4.294374457746926,1000
lef,-59.45985556204512,67.54014443795488,1000
djz,-36.691069085260445,21.308930914739555,1000
oun,-68.97260729950655,16.02739270049345,1000
gcx,-33.148453507846966,96.85154649215303,1000
ynw,-66.49604026283362,32.50395973716638,1000
qiq,-46.43073863485688,2.569261365143121,1000
tra,-76.4413816603167,39.5586183396833,1000
agz,-97.08120149490507,70.91879850509493,1000
icp,-43.35954395389448,22.640456046105523,1000
toz,-70.96661277802747,91.03338722197253,1000
jqn,-33.98994458444103,39.01005541555897,1000
uht,-6.122294501867796,92.8777054981322,1000
uwx,-4.327704393137613,39.672295606862384,1000
ehy,-6.572696736375321,96.42730326362468,1000
dnd,-86.28331185358577,64.71668814641423,1000
pfn,-0.6724723597425829,34.327527640257415,1000
vcx,-42.610705310307154,79.38929468969285,1000
gwz,-70.96690635737917,73.03309364262083,1000
bcq,-43.86954016564473,86.13045983435526,1000
qju,-94.89429800259883,11.105701997401175,1000
xlr,-4.916889786351797,57.083110213648204,1000
kdp,-73.77654880305754,21.223451196942463,1000
eti,-2.695140292146374,45.30485970785362,1000
dvg,-48.43999464002319,86.56000535997681,1000
zaj,-81.98765906005724,29.012340939942767,1000
jrx,-9.852929572869423,92.14707042713057,1000
bke,-24.529160238282962,64.47083976171704,1000
iot,-21.878193583280634,5.121806416719366,1000
mwn,-19.723278938778712,77.2767210612213,1000
usu,-51.97425622234757,58.02574377765243,1000
aql,-71.75307883226645,98.24692116773355,1000
rgt,-27.429842570101716,2.570157429898284,1000
zcf,-88.45113492356336,69.54886507643664,1000
cdp,-58.395131273126616,29.60486872687338,1000
pex,-51.01191463679163,53.98808536320837,1000
nww,-87.58608305091776,22.413916949082243,1000
xcm,-89.88573795260389,15.114262047396103,1000
srx,0.9549822185553837,51.95498221855539,1000
frk,-54.58242722386361,32.41757277613639,1000
hel,-96.73974832242517,11.260251677574827,1000
zai,-69.92496627261066,42.07503372738934,1000
gll,-5.339827641161013,42.660172358838985,1000
lbg,-6.445023392017337,33.55497660798267,1000
ucx,0.038910046294957534,49.03891004629496,1000
woo,-88.74579796517587,8.25420203482414,1000
exd,-34.691788456320644,94.30821154367935,1000
efs,-66.22630793030262,9.773692069697383,1000
dxz,-68.01935714136339,27.98064285863661,1000
ked,-26.9119966033345,18.0880033966655,1000
vuz,-89.15643100603937,19.843568993960638,1000
uvj,-42.17915543217083,70.82084456782917,1000
tkh,-14.062635824381392,94.93736417561861,1000
tzf,-4.466543154677462,9.533456845322538,1000
oei,-76.2746444575911,3.7253555424089067,1000
twr,-25.729671812643456,89.27032818735654,1000
mqc,-7.014689771484501,38.9853102285155,1000
sah,-97.49892982051512,71.50107017948488,1000
aux,-11.271403843110296,59.7285961568897,1000
lfq,-64.65233730102536,23.347662698974645,1000
lgo,-74.72042598867976,75.27957401132024,1000
ipl,-16.23766919497129,26.76233080502871,1000
ava,-3.594338359749908,39.405661640250095,1000
mfu,-85.22602613032812,69.77397386967188,1000
pxj,0.7908545513743074,88.79085455137431,1000
lhv,-95.64630107501534,0.35369892498465016,1000
dvf,-54.69148472505003,16.30851527494997,1000
mas,-52.722784382760715,29.277215617239285,1000
nja,-54.67175902648107,35.32824097351893,1000
ppd,-31.510804508689226,64.48919549131078,1000
xrf,-75.12879122989227,65.87120877010773,1000
hoe,-74.83178464833577,80.16821535166423,1000
ruj,-74.94892888935445,3.051071110645557,1000
wdl,-30.44918587826513,6.55081412173487,1000
mzw,-6.796842247392708,28.203157752607293,1000
ris,-64.65195470035538,21.348045299644618,1000
qbt,-20.52357970493106,81.47642029506893,1000
xge,-21.546211587016703,58.4537884129833,1000
bcu,-11.74489888140682,65.25510111859317,1000
yqa,-39.869348314619124,54.130651685380876,1000
fwq,-93.50741662010103,86.49258337989897,1000
fxc,-45.93707603050308,74.06292396949692,1000
eaw,-66.62052326735795,40.37947673264204,1000
dgn,-80.2605996224647,87.7394003775353,1000
tgw,-56.228863122023,78.771136877977,1000
hfd,-23.042701549477727,23.957298450522273,1000
xqn,-52.795767288967696,59.204232711032304,1000
gth,-61.808611742523695,52.191388257476305,1000
imu,-57.039115420142394,83.9608845798576,1000
wrn,-43.78250560260001,83.21749439739999,1000
ahv,0.331679616633597,18.331679616633597,1000
oag,-60.72398704891168,90.27601295108832,1000
ocf,-15.91666703470302,14.08333296529698,1000
gln,-24.675353921904293,10.324646078095707,1000
qpn,-52.114923864853104,37.885076135146896,1000
mgp,-83.4861784315318,83.5138215684682,1000
yhn,-36.98739231677363,61.01260768322637,1000
ous,-48.34792939407656,12.652070605923438,1000
cwu,-64.34134972440687,84.65865027559313,1000
ldv,-70.38290511037845,79.61709488962155,1000
oqa,-25.81328734572534,20.18671265427466,1000
ihg,-25.36051729147621,74.63948270852379,1000
ubm,-65.45506608771764,19.544933912282357,1000
eiz,-44.28238291594172,70.71761708405829,1000
yqr,-80.38364420586805,33.61635579413195,1000
tcc,-75.51273019172797,50.487269808272025,1000
gum,-84.60961425470246,61.39038574529753,1000
gru,-82.57162152136064,49.42837847863937,1000
tfp,-24.430189745836934,95.56981025416306,1000
ejh,-57.88838217843285,94.11161782156715,1000
ynl,-44.59362968993505,28.406370310064947,1000
tlw,-53.16125096908903,16.83874903091097,1000
lis,-28.658009182038704,40.341990817961296,1000
qfz,-87.19398717172157,52.806012828278426,1000
yuw,-82.84393949130097,64.15606050869903,1000
aww,-42.10997279171378,15.89002720828622,1000
upn,-70.04714950954592,62.952850490454075,1000
jhe,-45.698183328891275,53.301816671108725,1000
yog,-14.928255393768294,87.0717446062317,1000
hhb,-56.96136440135093,46.03863559864907,1000
jzi,-84.91623617212976,44.08376382787025,1000
jyv,-53.06134841199848,15.93865158800152,1000
idp,-35.04204725501833,60.95795274498167,1000
qmk,-51.52611315108046,44.47388684891954,1000
zxz,-82.96826660642732,28.03173339357268,1000
lpc,-18.1409532885116,88.8590467114884,1000
nqh,-75.83375509859776,25.16624490140223,1000
pbx,-19.161968570926163,25.838031429073837,1000
guc,-23.749166527382087,90.25083347261791,1000
dxt,-15.61023744900858,80.38976255099142,1000
