gbi,-57.41772176135399,8.582278238646014,1000
ish,-67.49825015284361,57.50174984715638,1000
umn,-92.21009253038719,60.78990746961281,1000
ueq,-19.135538076715754,91.86446192328425,1000
guk,-92.36054421975116,82.63945578024884,1000
fxl,-70.86595775662005,83.13404224337995,1000
pqw,0.010502404102693874,40.010502404102695,1000
amj,-11.619894654929999,31.380105345070003,1000
cuy,-30.839643582136674,46.160356417863326,1000
wju,-9.174511402795204,20.825488597204796,1000
plf,-24.503756753960275,44.496243246039725,1000
bmp,-95.98395925334778,69.01604074665222,1000
npn,-87.25019172298391,11.74980827701608,1000
qnm,-31.44259981063405,77.55740018936595,1000
hlo,-13.73831062566317,15.26168937433683,1000
itw,-68.83167227672425,36.16832772327576,1000
voe,-36.94534331071533,24.054656689284673,1000
ekq,-55.49463205487784,17.50536794512216,1000
mar,-78.89810722813483,60.10189277186516,1000
ufo,-33.13406324061071,85.86593675938929,1000
uxw,-55.95045535732346,22.049544642676537,1000
qhu,-65.8527165700661,74.1472834299339,1000
ett,-46.022182832632026,53.977817167367974,1000
iaf,-8.545624625979524,4.454375374020477,1000
xfo,-37.35241943287733,36.64758056712267,1000
tfg,-96.43158990108057,60.56841009891943,1000
oyw,-25.71901960149247,15.280980398507532,1000
raz,-1.703682899921322,35.29631710007868,1000
uhb,-18.653974595399944,24.346025404600056,1000
mri,-67.02653779368362,23.973462206316377,1000
vfa,-6.9682554189339125,64.03174458106609,1000
bnp,-43.69841751181336,70.30158248818664,1000
fvz,-96.20328026233915,84.79671973766085,1000
lqi,-80.7686366738624,19.2313633261376,1000
eyg,-24.504736238670016,43.49526376132999,1000
vww,-18.129933596822433,87.87006640317756,1000
dxg,-69.44157583792504,57.558424162074964,1000
apa,-87.80122186740616,42.198778132593844,1000
ysx,-32.007338858178095,94.9926611418219,1000
dvr,-84.50211951914206,55.497880480857944,1000
wmu,-68.41781185481236,15.582188145187645,1000
tun,-9.55317527779065,84.44682472220936,1000
hkz,-69.7885530426487,88.2114469573513,1000
bvg,-23.341849401626423,48.658150598373574,1000
sre,-50.03080252170388,2.9691974782961195,1000
uso,-16.634246581850103,98.3657534181499,1000
tmx,-78.635683062855,45.364316937145006,1000
njg,-42.704550146248096,98.2954498537519,1000
bbk,-23.17014201686405,3.8298579831359465,1000
ubo,-44.039053447761525,77.96094655223848,1000
thr,-11.088945056023386,97.91105494397661,1000
ovm,-39.785398986596185,52.214601013403815,1000
mhr,-45.056519872090554,30.943480127909442,1000
toc,-10.184567853834187,97.81543214616582,1000
bff,-52.28401580422186,19.715984195778145,1000
zqb,-8.257220245219235,53.74277975478076,1000
osp,-15.917862370201567,22.08213762979843,1000
omx,-3.9240793948663057,98.07592060513369,1000
yky,-83.22681369614087,11.773186303859138,1000
lrd,-8.838936586216862,11.161063413783138,1000
qau,-65.2146822464909,66.7853177535091,1000
vrp,-37.20995111574598,58.79004888425402,1000
lfy,-3.8050333005256896,0.19496669947431067,1000
ygs,-94.11161868857346,62.88838131142654,1000
rwb,-57.73671553231175,64.26328446768825,1000
sjl,-22.393159497142353,28.606840502857647,1000
vme,-13.718591379991254,2.2814086200087447,1000
xax,-67.12542513111414,27.87457486888586,1000
ukt,-23.272276090924677,18.727723909075323,1000
ucf,-65.65803230504451,97.34196769495549,1000
tkl,-88.1793475581246,55.82065244187539,1000
ynz,-91.50507964897395,67.49492035102605,1000
yhn,-95.3237858766863,1.6762141233136938,1000
vul,-25.558826899804785,14.441173100195217,1000
ttk,-51.28321028442962,74.71678971557037,1000
mli,-59.84943772827473,56.15056227172527,1000
ydb,-69.25429943348642,73.74570056651358,1000
zul,-70.5348687407619,50.465131259238106,1000
qht,-19.133831358385052,44.86616864161495,1000
hvk,-1.05662457757805,33.94337542242195,1000
loc,-53.90020189214533,47.09979810785467,1000
ldn,-11.007192210839484,38.992807789160516,1000
yzs,-4.567095416727556,25.432904583272446,1000
sdi,-88.1929464813603,65.8070535186397,1000
kdh,-96.50549071674203,71.49450928325797,1000
ocr,-51.155515813818766,69.84448418618123,1000
xqy,-78.54359938795919,26.456400612040806,1000
krs,-81.7404200178254,27.259579982174593,1000
xrt,-1.8871580125897114,0.1128419874102885,1000
meq,-21.64073860314773,81.35926139685226,1000
kst,-31.792250554584403,5.2077494454155975,1000
oof,-13.026848047077841,84.97315195292217,1000
yyv,-6.917832014764344,93.08216798523566,1000
bcu,-30.80713094474772,93.19286905525227,1000
ihd,-29.97923865832079,95.0207613416792,1000
ver,-1.640006293820817,89.35999370617918,1000
sbp,-83.20060270678202,0.799397293217977,1000
bxw,-41.27562136518633,14.72437863481367,1000
pcn,-38.418144994418995,20.581855005581005,1000
eug,-37.60868844072301,14.391311559276994,1000
uxf,-43.91781591725234,6.082184082747657,1000
ozg,-53.58117784134891,1.4188221586510923,1000
rpp,-58.23282964837193,70.76717035162807,1000
ydq,-63.64574815134273,47.35425184865727,1000
cxa,-92.64238274644661,54.357617253553386,1000
pyt,-46.84289431318833,92.15710568681168,1000
ipp,-9.770231473250208,66.2297685267498,1000
cif,-6.387241371911571,81.61275862808843,1000
nlc,-46.07585865984421,2.924141340155794,1000
ysl,-16.872036591187236,73.12796340881276,1000
qah,-54.12964438313895,36.87035561686105,1000
cyo,-59.358165332878635,68.64183466712136,1000
skj,-19.21648821357975,5.783511786420248,1000
xmc,-1.726031198250598,3.273968801749402,1000
ncu,-40.71562284658049,35.28437715341951,1000
cot,-54.97688686039627,35.02311313960373,1000
lvn,-1.4410837881345369,37.558916211865466,1000
scq,-39.07030361088038,75.92969638911963,1000
gzu,-49.42960876865201,28.570391231347994,1000
asf,-71.32422852847812,78.67577147152188,1000
alo,-38.80771485453491,16.192285145465092,1000
hmk,-55.609117113842146,57.390882886157854,1000
vjg,-17.04725373001434,94.95274626998567,1000
wft,-55.81240178624104,2.187598213758963,1000
yds,-38.80913709611418,59.19086290388582,1000
zgh,-83.63982534659897,65.36017465340103,1000
xmy,-60.19593183286426,97.80406816713574,1000
brf,-19.693371316175572,50.30662868382443,1000
rmp,-26.608994641587092,12.391005358412908,1000
mab,-21.052111479825932,73.94788852017406,1000
cqc,-10.483954330692818,0.516045669307182,1000
wig,-82.31334789526106,14.68665210473894,1000
myw,-42.50103481193936,81.49896518806064,1000
ghp,-16.727276452474317,36.272723547525686,1000
bcq,-97.18020903632079,95.81979096367921,1000
svy,-36.42620806475608,12.573791935243918,1000
lfd,-11.678623340438183,72.32137665956182,1000
ofm,-35.18718520572403,38.81281479427597,1000
nqg,-22.96394706219037,65.03605293780963,1000
fgn,-82.85538945461323,2.1446105453867643,1000
hnd,-2.8508209239414586,24.14917907605854,1000
srs,-40.74710844805963,69.25289155194037,1000
kqj,-18.961495951446533,68.03850404855346,1000
nqe,-3.142143275958725,44.85785672404128,1000
qio,-82.6695967924685,73.3304032075315,1000
enu,-78.58527528972061,80.41472471027939,1000
pwb,-7.905128887068507,6.094871112931493,1000
kgt,-49.909916087112734,18.09008391288727,1000
kfc,-22.600625366033935,98.39937463396606,1000
lsp,-33.47665572747743,28.523344272522575,1000
aeg,-38.91482705779107,55.08517294220893,1000
qmc,-78.04332694134551,31.95667305865449,1000
mul,-53.8049187281159,83.1950812718841,1000
ftu,-78.19880525391596,87.80119474608404,1000
gzj,-32.9290234470864,65.0709765529136,1000
kxa,-21.126460573345035,85.87353942665496,1000
ugh,-1.2036687557376138,20.796331244262387,1000
gpc,-4.104652159146051,57.89534784085395,1000
wjl,-8.174698127835542,50.82530187216446,1000
pgo,-9.363408109407596,91.6365918905924,1000
zrv,-36.336375880007196,55.663624119992804,1000
xje,-20.882299119130483,47.11770088086952,1000
xep,-28.25955056872669,52.740449431273305,1000
uyg,-19.97419827226046,98.02580172773953,1000
vfa,-6.036471936319403,49.9635280636806,1000
pmi,-96.4004197084503,82.5995802915497,1000
hir,-62.20089081416195,69.79910918583805,1000
zni,-31.170919449102854,12.829080550897148,1000
vgg,-8.959619095389872,18.040380904610128,1000
jkd,-7.843001701215076,19.156998298784924,1000
vzp,-86.33749609996325,78.66250390003675,1000
vhx,-28.086699740927916,29.913300259072084,1000
vjg,-28.62632553750298,33.37367446249702,1000
evo,-66.8607757801432,88.1392242198568,1000
hgb,-69.29758557684444,94.70241442315556,1000
qem,-31.320589658234372,96.67941034176563,1000
skf,-72.65367900000646,92.34632099999354,1000
thd,-84.85544716761659,77.14455283238341,1000
ftf,-27.196384845784483,81.80361515421552,1000
esl,-65.11164850221098,56.88835149778901,1000
ihf,-79.38359242501066,79.61640757498934,1000
isz,-35.38314656613482,7.616853433865179,1000
yrq,-85.26375101469216,95.73624898530784,1000
yvg,-95.453303886381,3.546696113619011,1000
otb,-25.086577491427388,73.91342250857261,1000
nbt,-5.764934935092074,32.23506506490793,1000
mop,-63.6228436248235,53.3771563751765,1000
opq,-21.12972994490781,41.870270055092185,1000
ezo,-67.77448553857057,86.22551446142943,1000
oyu,-52.14676465591493,96.85323534408508,1000
cjp,-34.26176297293577,16.73823702706423,1000
hvf,-81.61207026110935,63.38792973889065,1000
zjy,-49.39053593811281,83.6094640618872,1000
ssk,-21.630873804671864,80.36912619532814,1000
nzj,-17.36833214638267,56.63166785361733,1000
zzc,-78.90315361627103,21.096846383728977,1000
zhj,-92.89625470932143,43.103745290678575,1000
sfs,-67.89449032274156,83.10550967725844,1000
rjo,-45.74379096098409,38.25620903901591,1000
wvy,-46.259850785585186,4.740149214414811,1000
khp,-27.957411636440618,81.04258836355939,1000
cgc,-37.32889085013527,86.67110914986473,1000
tfq,-71.62607029499249,58.37392970500752,1000
kyh,-61.606821177823605,81.3931788221764,1000
ata,-0.04037232521974743,42.95962767478025,1000
oln,-13.737613931411689,13.262386068588311,1000
szm,-87.39583335081527,23.604166649184734,1000
qsl,-6.882800456165808,37.11719954383419,1000
poa,-91.06096517091306,72.93903482908694,1000
sdw,-68.67993035857207,92.32006964142793,1000
fxj,-75.97307759080621,20.026922409193787,1000
ekk,-4.546599635718897,45.4534003642811,1000
ulb,-15.293804005922361,46.70619599407764,1000
lxw,-44.715195771656646,44.284804228343354,1000
bkz,-28.828053760849766,33.17194623915024,1000
dlw,-96.26488711548902,86.73511288451098,1000
fnc,-36.70503413535995,91.29496586464005,1000
woo,-72.09072188927527,44.90927811072473,1000
spw,-21.666507385130593,50.33349261486941,1000
ien,-74.17092360942274,79.82907639057726,1000
agt,-47.971749946236834,63.028250053763166,1000
xsm,-30.39918657093877,79.60081342906123,1000
cpc,-69.39932275182251,94.60067724817749,1000
txd,-9.958690183344599,94.0413098166554,1000
rnl,-60.51796179969643,17.482038200303567,1000
cux,-82.3990741462369,54.600925853763094,1000
kgf,-8.420592015081002,14.579407984918998,1000
ltz,-43.16420282751637,65.83579717248364,1000
jly,-76.64637113614305,85.35362886385695,1000
mxz,-82.67141353976766,25.328586460232348,1000
tim,-59.632552348677585,29.367447651322415,1000
oae,-41.541613099642824,14.458386900357176,1000
ywy,-30.090320728507084,88.90967927149292,1000
jwu,-41.27764791261658,21.722352087383424,1000
bhc,-52.506672828249215,6.4933271717507886,1000
lhf,-57.525515933578575,77.47448406642143,1000
jqc,-58.410744304865936,31.589255695134067,1000
zhb,-53.396349240547615,88.60365075945239,1000
vxb,-8.602162951515302,28.397837048484696,1000
rxc,0.8750755260496139,93.87507552604961,1000
zzu,-63.02275204750241,66.97724795249759,1000
cqi,-2.000190307406742,8.999809692593258,1000
keq,-97.88021387009485,71.11978612990515,1000
smd,-94.61529406996645,20.384705930033547,1000
qwd,-77.50518879321217,40.49481120678784,1000
iwj,-7.089379306777842,19.910620693222157,1000
fri,-57.39162275052123,76.60837724947876,1000
xkd,-63.789058563048,18.210941436952,1000
lku,-70.91968331853856,50.08031668146145,1000
drm,-32.471719645196636,98.52828035480336,1000
wlv,-1.039555988226449,0.9604440117735511,1000
oey,-58.426168952839106,64.5738310471609,1000
oxx,-88.40422353846958,49.59577646153042,1000
utv,-32.34027665765426,15.659723342345744,1000
yxn,-69.80148817878609,35.19851182121391,1000
znl,-64.33373375920374,54.66626624079626,1000
jah,-51.015526609408,88.984473390592,1000
eqq,-1.0507947028832514,86.94920529711675,1000
qxj,-11.446065267046807,80.5539347329532,1000
atp,-10.61409915218868,35.38590084781132,1000
rzj,-28.489621605939615,84.51037839406038,1000
jvb,-63.13475824146594,50.86524175853406,1000
ihy,-28.500707391045857,87.49929260895415,1000
twr,-71.07390518028808,30.92609481971192,1000
fdt,-67.48785745292157,98.51214254707843,1000
inl,-80.08217305913101,22.91782694086899,1000
jrr,-7.623188807529436,10.376811192470564,1000
hlb,-24.512284605049356,76.48771539495064,1000
pyf,-29.77946173168797,75.22053826831203,1000
iqj,-94.17743345191785,86.82256654808215,1000
qks,-95.64737670119187,55.35262329880812,1000
zno,-0.573993428369243,7.426006571630757,1000
xea,-24.335201130624867,59.66479886937513,1000
rpz,0.038917032415826336,67.03891703241582,1000
ady,-51.55409767912197,56.44590232087803,1000
ldw,-86.47428863242045,46.52571136757955,1000
fxl,-79.24000333427249,45.75999666572751,1000
abi,-21.695750850518444,63.30424914948156,1000
rsh,-52.64370870795816,27.35629129204184,1000
ayx,-78.10710587715856,83.89289412284144,1000
gih,-67.14608408169123,80.85391591830877,1000
hzs,-21.024290013793987,4.975709986206015,1000
mca,-47.51193346072708,82.48806653927292,1000
dfa,-39.92665066536928,26.07334933463072,1000
txq,-10.82063118694754,57.179368813052456,1000
wxz,-31.438822076897264,86.56117792310273,1000
vvb,-25.899148614058728,34.100851385941276,1000
qwr,-95.50775743420161,38.492242565798385,1000
lng,-14.081302854015842,2.918697145984158,1000
fkl,-32.15710326306414,44.84289673693586,1000
gse,-13.182204270617035,2.817795729382965,1000
dxp,-12.403210137396321,18.59678986260368,1000
rcm,-58.81349770882041,88.1865022911796,1000
dnz,-16.021939162803513,23.978060837196487,1000
fsm,-90.65562259650297,63.344377403497035,1000
gzh,-18.045075327011627,36.95492467298837,1000
mhp,-54.11999341308366,83.88000658691634,1000
zuz,-29.064709839462953,55.93529016053704,1000
slz,-94.31057004655673,98.68942995344327,1000
wcm,-90.95567045589857,75.04432954410143,1000
gyl,-78.66473327552097,2.335266724479033,1000
wou,-90.9620057697063,73.0379942302937,1000
rlk,-43.658477477396474,93.34152252260353,1000
jij,-60.53084158234398,31.469158417656015,1000
dae,-97.16458438187078,40.83541561812921,1000
kvn,-30.6526813307823,9.3473186692177,1000
hum,-68.97983918583175,49.02016081416826,1000
pxh,-51.714674519759704,89.2853254802403,1000
buv,-41.516727820292395,65.48327217970761,1000
rzs,-8.465141855684985,85.53485814431501,1000
ygv,-38.940515791988034,31.059484208011966,1000
hpw,-67.22177765847279,55.77822234152721,1000
lzc,-64.60823648463011,46.39176351536989,1000
xga,-69.75594720435979,75.24405279564021,1000
stq,-72.19721593956035,87.80278406043965,1000
qqd,-25.69601154602188,55.30398845397812,1000
ajj,-80.95567918312244,71.04432081687756,1000
zob,-79.7214716888822,16.278528311117793,1000
hhb,-47.401168844860834,77.59883115513917,1000
fjc,-59.50952479117878,8.490475208821225,1000
hwm,-17.923282396389318,10.076717603610682,1000
ljf,-74.22175851988565,52.778241480114346,1000
dby,-51.56760483623264,85.43239516376737,1000
fsl,-2.0479368063898638,21.952063193610137,1000
jri,-56.72759470814057,37.27240529185943,1000
uir,-62.260821635872524,6.739178364127478,1000
rkv,-5.435430193685299,60.5645698063147,1000
nzy,-85.94868498118797,65.05131501881203,1000
qou,-3.822199625813318,49.17780037418668,1000
ytb,-26.60073114375839,85.3992688562416,1000
dyk,-7.938827377706271,38.06117262229373,1000
xld,-77.06606729719061,41.933932702809386,1000
vxp,-82.45879132860117,59.541208671398834,1000
ciu,-69.05528101256337,50.94471898743662,1000
vsa,-77.5435919208036,67.4564080791964,1000
irm,-12.07937119644227,45.92062880355773,1000
aob,-10.48508508102442,89.51491491897558,1000
hrp,-97.90715173492954,52.09284826507046,1000
aii,-42.54413709247071,46.45586290752929,1000
qxq,-49.469300560106724,79.53069943989328,1000
zkr,-90.46455340801226,4.535446591987733,1000
qxh,-4.168796546870756,91.83120345312925,1000
fff,-25.753949605988897,15.246050394011103,1000
soo,-18.419319468887945,8.580680531112055,1000
rsq,-72.0803708486106,32.9196291513894,1000
yhz,-18.79339519159801,85.20660480840199,1000
dxl,-64.67055888915232,5.329441110847682,1000
jwd,-41.05765541641252,81.94234458358748,1000
psr,-14.461556141766936,46.538443858233066,1000
oky,-65.21605090974651,14.783949090253484,1000
ezd,-22.339058660907618,11.66094133909238,1000
nok,-96.12206601203616,0.8779339879638386,1000
pje,-74.74512215128287,26.254877848717125,1000
nqs,-57.12744594185558,94.87255405814443,1000
goo,-16.66137268272925,72.33862731727075,1000
qxg,0.863195636315999,54.863195636316,1000
vfa,-73.2254998653627,39.774500134637286,1000
feo,-1.8110489949476631,63.18895100505234,1000
rch,-36.23228199729772,92.76771800270228,1000
nga,-10.53014114791474,89.46985885208527,1000
yua,-73.82930668470908,3.170693315290917,1000
isa,-14.797195115366966,24.202804884633032,1000
yod,-63.32202185331024,35.67797814668976,1000
knp,-50.93958742301993,69.06041257698007,1000
qne,-74.78233907897733,13.217660921022677,1000
acq,-2.573422691004171,17.426577308995828,1000
tgb,-21.823524691591864,11.176475308408136,1000
qpw,-95.35154397874972,18.648456021250283,1000
crd,-60.27980918065847,83.72019081934152,1000
jce,-59.802887046539944,79.19711295346005,1000
nln,-32.95800287264063,44.04199712735937,1000
qeu,-64.48091795284029,79.51908204715971,1000
krg,-2.207638046414764,49.792361953585235,1000
ulg,-71.77678704397994,56.22321295602006,1000
fcq,-55.98822341152312,17.011776588476877,1000
dxb,-83.30340026272552,84.69659973727448,1000
vwb,0.07485523344567824,94.07485523344567,1000
yzh,-10.461011359642741,40.53898864035726,1000
myv,-50.74325456357264,69.25674543642737,1000
joh,-20.806491727313485,69.19350827268651,1000
lbl,-19.37385466979184,26.62614533020816,1000
tcs,-9.69510476997399,34.30489523002601,1000
dgq,-49.931955405458034,68.06804459454196,1000
qgw,-15.595137109733443,10.404862890266557,1000
nqe,-92.29384343743503,58.70615656256498,1000
gwj,-16.76952288964086,46.23047711035914,1000
anw,-86.66445641019293,58.335543589807074,1000
xno,-55.07579529526735,95.92420470473265,1000
nom,-56.51916493423104,24.480835065768957,1000
iiu,-69.07651461370477,67.92348538629523,1000
tbm,-11.05682965533859,86.94317034466141,1000
pbo,-8.98348338630841,82.01651661369159,1000
crc,-20.31162061478678,63.68837938521322,1000
kak,-63.38757484388557,92.61242515611443,1000
qve,-10.022116258127264,94.97788374187273,1000
ivw,-60.38184303048128,84.61815696951872,1000
sim,-22.11434381358241,78.88565618641759,1000
nwx,-61.75162583024589,39.24837416975411,1000
zkp,-46.42879634100158,64.57120365899843,1000
eps,-51.54516941002774,59.45483058997226,1000
rrx,-74.27206003445077,18.72793996554922,1000
jfh,-34.012715750575055,14.987284249424942,1000
zpi,-46.512167021302055,91.48783297869794,1000
uri,-2.5583275611880874,96.4416724388119,1000
dsn,-45.2373228903716,55.7626771096284,1000
une,-5.491804112691611,45.50819588730839,1000
jos,-88.52325959118491,92.47674040881509,1000
emg,-92.72096607210557,23.27903392789443,1000
cur,-42.33995200259296,40.66004799740704,1000
uye,-50.08417333184471,96.91582666815529,1000
lxr,-0.1931921275297076,75.80680787247029,1000
wol,-30.62631653745517,71.37368346254483,1000
jiw,-19.95699011353171,50.04300988646829,1000
jat,-54.89871222693592,90.10128777306407,1000
svn,-1.14770540363424,44.85229459636576,1000
bdq,-47.08296859775725,43.91703140224275,1000
hjl,-80.33324275648043,45.66675724351958,1000
ryu,-60.424771242322336,17.57522875767766,1000
zef,-1.2323073022340048,83.767692697766,1000
joa,-11.185813709302654,64.81418629069735,1000
iyh,-56.92898453329688,87.07101546670313,1000
dli,-43.10570396930288,52.89429603069712,1000
oty,0.5384973731419259,81.53849737314192,1000
mkf,-2.3999813791525613,58.600018620847436,1000
qvv,-16.87384802804164,32.12615197195836,1000
wsv,-67.09850885835188,83.90149114164812,1000
okl,-95.48598343020747,7.514016569792533,1000
gox,-54.37473547790411,32.62526452209589,1000
tek,-2.2145620671333535,29.785437932866646,1000
ibl,-80.050913142953,0.9490868570470076,1000
cyq,-78.97157558639398,86.02842441360602,1000
pbp,-38.75087344471771,56.24912655528229,1000
zbx,-4.366172229968072,80.63382777003193,1000
amx,-33.825355742745984,45.174644257254016,1000
bco,-95.59445348944668,71.40554651055332,1000
zbt,-26.71873114668526,72.28126885331474,1000
oul,-15.905235337699185,38.09476466230082,1000
fiy,-48.17181738741321,66.82818261258679,1000
iga,-96.215039073184,63.78496092681599,1000
aoa,-55.63001408133595,17.369985918664046,1000
etm,-96.20189060240273,14.798109397597278,1000
nax,-10.783328188565273,72.21667181143472,1000
wjz,-87.83713787066308,78.16286212933692,1000
bkg,-23.549418060842786,94.45058193915722,1000
oub,-51.164781004762894,91.83521899523711,1000
bqp,-76.81989551668705,58.18010448331295,1000
dwj,-50.203264705617826,29.796735294382174,1000
nor,-49.858404758722166,57.141595241277834,1000
bha,0.47325925340639774,93.4732592534064,1000
dma,-46.410624921636206,63.589375078363794,1000
cwn,-92.53292820216836,10.46707179783163,1000
qyl,-34.56020229482031,19.43979770517969,1000
nfr,-61.146232801102656,91.85376719889734,1000
tbj,-46.912590359258054,5.0874096407419485,1000
wko,-88.67609339888955,52.32390660111045,1000
vky,-28.062899336976468,62.93710066302353,1000
ncs,-96.20187802704224,51.79812197295776,1000
ihj,-54.4778553624205,38.5221446375795,1000
tzr,-80.67345728678504,63.326542713214955,1000
mbs,-5.243447503256586,29.756552496743414,1000
yru,-85.68838723276369,62.31161276723631,1000
dyb,-26.098697744135627,7.901302255864371,1000
uvp,-24.938025767153736,54.06197423284627,1000
oue,-59.9635763771708,33.0364236228292,1000
ezh,-56.29666862893222,11.703331371067783,1000
knp,-36.90691638185263,18.093083618147368,1000
csm,-75.08903250122091,33.910967498779094,1000
nvw,-61.35686355907209,10.64313644092791,1000
xdq,-7.482802932926914,33.517197067073084,1000
tpa,-96.29982875070614,26.700171249293863,1000
mtj,-2.685815199260942,77.31418480073906,1000
fmp,-78.63047488707839,75.36952511292161,1000
tsk,-42.89154132352374,74.10845867647626,1000
vml,-89.4474574043356,53.552542595664406,1000
wiw,-38.61620498403938,58.38379501596062,1000
axm,-91.09948745974181,46.9005125402582,1000
gce,-55.54299874225083,71.45700125774917,1000
gds,-88.66429283011135,91.33570716988865,1000
wtv,-89.88202960346112,59.11797039653887,1000
zdl,-85.25008084907664,50.74991915092336,1000
drd,-57.87243646345948,98.12756353654052,1000
koo,-13.790259248198051,89.20974075180195,1000
akk,-64.63505910796255,60.36494089203745,1000
hey,-78.12264202210771,67.87735797789229,1000
kbv,-23.42003714753334,69.57996285246666,1000
fay,-12.328470360096302,6.671529639903698,1000
wca,-82.87192341582366,27.12807658417635,1000
igj,-60.591575533700684,3.408424466299316,1000
vdl,-78.57733485461394,49.42266514538606,1000
ebe,-67.5214590804029,32.478540919597094,1000
qse,-77.3418243002304,21.658175699769597,1000
kpn,-42.533175912123916,10.466824087876086,1000
awn,-93.96273379309085,71.03726620690915,1000
enw,-92.39935503379172,26.60064496620828,1000
cuc,-49.812898660721906,5.187101339278093,1000
hes,-16.1280348718058,23.8719651281942,1000
krs,-29.39533600938976,82.60466399061023,1000
lmg,-63.997769694434524,1.0022303055654742,1000
vfb,-10.848337302136958,34.15166269786304,1000
joe,-90.89851696816176,84.10148303183824,1000
awg,-1.2499804993537602,21.75001950064624,1000
vax,-87.68299438427766,39.31700561572234,1000
qrk,-68.14786456900032,7.8521354309996765,1000
hri,-72.1480724631237,30.8519275368763,1000
lmu,-80.42812634066217,7.571873659337823,1000
uru,-25.625044474523328,24.374955525476672,1000
klw,-44.50825274109116,2.4917472589088367,1000
zji,-76.85930241651869,36.14069758348131,1000
kdt,-90.49648265846282,73.50351734153718,1000
erv,-55.05787089112043,13.94212910887957,1000
bym,-53.183336254088644,0.8166637459113583,1000
rrx,-18.95629641925788,18.04370358074212,1000
zwj,-69.11661581006146,49.883384189938546,1000
wkm,-21.368721899465836,55.63127810053416,1000
ttj,-34.645138757255104,16.354861242744896,1000
xfu,-27.047623610831288,53.95237638916871,1000
kmz,-1.4512585403813754,84.54874145961863,1000
aej,-14.122273277700172,77.87772672229983,1000
yyj,-67.50269839638636,64.49730160361364,1000
ceq,-50.20764332120035,29.79235667879965,1000
eti,-11.973627874900895,59.02637212509911,1000
uwk,-65.02566646158571,77.97433353841429,1000
yoo,-1.6874340942273793,29.31256590577262,1000
nlt,-22.608726503573443,52.39127349642656,1000
tkt,-84.39094223854512,92.60905776145488,1000
dzo,-13.312130147442018,57.68786985255798,1000
itr,-87.59453691859974,66.40546308140026,1000
jhm,-74.14405252004498,33.85594747995501,1000
mzm,-6.804967839185692,35.19503216081431,1000
ura,-76.99591478667442,91.00408521332558,1000
qoi,-32.92659057050349,59.07340942949651,1000
nzq,-96.77199086329374,66.22800913670626,1000
rbg,-15.200046664800382,31.799953335199618,1000
awf,-22.625805123733638,27.374194876266362,1000
sth,-31.723149479454424,72.27685052054558,1000
sbf,-70.08423976075068,2.91576023924933,1000
akv,-41.88654124523361,10.113458754766393,1000
xcw,-82.16611901903772,76.83388098096228,1000
muj,-42.73335762717295,2.266642372827049,1000
zkw,-55.76711131358314,68.23288868641686,1000
vjj,-95.91848207764798,59.08151792235202,1000
hyr,-46.28203434822908,80.71796565177092,1000
ezl,-37.37403045567722,92.62596954432279,1000
otr,0.8106917550002045,14.810691755000205,1000
uip,-92.86646010213407,44.13353989786592,1000
ngg,-12.169462722744738,25.83053727725526,1000
dfs,-71.67024483247272,94.32975516752728,1000
myn,-80.82691485516445,49.17308514483556,1000
jsc,-72.03877195810405,84.96122804189595,1000
xft,-58.42745436671493,65.57254563328507,1000
pyy,-29.450905872567475,23.549094127432525,1000
qrc,-81.27499411259546,13.725005887404537,1000
iqr,-61.07535200581679,48.92464799418321,1000
rse,-13.773515089657167,0.22648491034283402,1000
jcb,-49.83998116007006,45.16001883992994,1000
dey,-25.212496815744725,27.787503184255275,1000
uus,-97.21661329067831,48.78338670932169,1000
nyu,-4.271048879501871,59.72895112049813,1000
fyb,-46.01059804209418,61.98940195790582,1000
rwb,-53.86729630909982,76.13270369090019,1000
las,-10.404482560710283,75.59551743928972,1000
udf,-3.8651130847926574,37.13488691520734,1000
xaw,-73.72746036232145,63.272539637678555,1000
ccm,-18.8303257949024,22.1696742050976,1000
odm,-10.479713748602538,76.52028625139747,1000
awg,-80.48526305429576,12.514736945704248,1000
wer,-84.30770965295633,94.69229034704367,1000
dfu,-11.561558993010143,97.43844100698986,1000
xih,-1.1511263739384172,31.848873626061582,1000
ytc,-31.344492542593475,63.65550745740652,1000
uhb,-52.12194709100002,79.87805290899999,1000
iij,-53.25356056362576,12.746439436374237,1000
ybv,-77.58811209592109,90.41188790407891,1000
gqd,-37.16009484256127,43.83990515743873,1000
rhe,-72.50520421683737,88.49479578316263,1000
jzr,-96.36513515535053,68.63486484464947,1000
dhz,-14.526346717065268,38.473653282934734,1000
zcj,-89.01178539950136,36.988214600498644,1000
oru,-47.731549040447376,17.268450959552624,1000
rbm,-33.91257393966537,94.08742606033462,1000
kcq,-48.78007856471309,23.219921435286913,1000
kqu,-87.19755548341573,98.80244451658427,1000
syf,-19.686091513109783,0.31390848689021555,1000
djc,-89.37365362744254,66.62634637255746,1000
pen,-81.48048999246103,32.51951000753896,1000
wos,-37.43261433151319,2.5673856684868044,1000
ehv,-61.037028621658536,59.962971378341464,1000
ajw,-95.8722785579509,17.12772144204909,1000
lhf,-40.16533482033217,37.83466517966783,1000
rye,-45.359465041744826,46.640534958255174,1000
ssy,-3.114550596437626,54.885449403562376,1000
duc,-94.83466978845888,30.16533021154112,1000
gtq,-49.29608285600385,81.70391714399615,1000
mkn,-14.544396773691252,25.455603226308746,1000
yqk,-61.91072734487536,65.08927265512463,1000
rni,-31.454810345439373,42.54518965456062,1000
yln,-71.06100285264307,5.938997147356936,1000
xjv,-70.82167796057867,14.178322039421328,1000
fvt,-44.39526846149905,57.60473153850095,1000
qtz,-13.81753488513681,7.18246511486319,1000
kls,-36.63960596151968,47.36039403848032,1000
niq,-94.72355533744506,91.27644466255494,1000
wgk,-4.67410661372712,23.32589338627288,1000
rxw,-34.81667552261002,88.18332447738999,1000
kdj,-97.30207078063884,52.69792921936116,1000
zbt,-4.111772953300799,7.888227046699201,1000
bna,-59.242542503427394,81.75745749657261,1000
jng,-74.42501549668071,26.574984503319282,1000
lck,-1.8195318159170197,70.18046818408298,1000
cwx,-68.99239853738462,80.00760146261538,1000
imh,-24.626541879348927,87.37345812065107,1000
awg,-84.8131127757059,59.1868872242941,1000
tci,-43.76859059614596,23.231409403854038,1000
cvm,-71.91059357219356,9.08940642780644,1000
qgs,-5.234935504768177,23.765064495231822,1000
jqj,-72.84756567343415,8.15243432656585,1000
ngl,-51.53984656444233,57.46015343555767,1000
frd,-51.11982099408304,8.880179005916961,1000
kpe,-8.514330468450082,64.48566953154992,1000
tft,-45.40322391120813,90.59677608879187,1000
vwk,-71.78439928850285,53.215600711497146,1000
nbp,-85.0986629658212,48.901337034178795,1000
dro,0.5818523048578879,48.58185230485789,1000
exm,-6.646615239873431,62.353384760126566,1000
xty,0.6168505986915007,37.6168505986915,1000
lql,-51.72650650770878,30.27349349229122,1000
oui,-10.229203653437615,18.770796346562385,1000
szw,-59.28819807543595,86.71180192456406,1000
wmy,-10.67946691085693,4.320533089143071,1000
jyo,-85.51446086098332,21.485539139016684,1000
zyk,-23.920153887064956,97.07984611293504,1000
xzv,-42.603123609580024,46.396876390419976,1000
rlz,-92.01436175922063,96.98563824077937,1000
mwe,-87.83081794860607,20.16918205139394,1000
sap,-61.92662539283883,71.07337460716117,1000
spy,-83.32673800065348,34.67326199934653,1000
zlf,-58.42681538251437,91.57318461748562,1000
cmg,-67.45513322928858,18.54486677071142,1000
vwy,-57.81202605493184,56.18797394506816,1000
knx,-49.794904645417176,11.20509535458282,1000
oyl,-25.854279426376383,69.14572057362362,1000
ohz,-94.89662770578975,88.10337229421025,1000
mxl,-48.424687561374185,16.575312438625815,1000
pwv,-32.221008307901,76.778991692099,1000
viu,-48.997508706840776,18.002491293159228,1000
pna,-35.65886177007109,2.3411382299289114,1000
ddv,-36.62356624726277,14.376433752737224,1000
chd,-29.076483257375603,71.9235167426244,1000
lix,-47.0139038129998,50.9860961870002,1000
isn,-4.9325058268733875,5.0674941731266125,1000
trs,-38.72403382247791,43.27596617752209,1000
jal,-44.89397419625532,76.10602580374469,1000
hik,-3.0815753664717085,16.918424633528293,1000
rvi,-82.34507783102742,89.65492216897258,1000
vjd,-74.95764106902314,70.04235893097686,1000
vwz,-3.4814919209715334,54.518508079028464,1000
orf,-3.601893209565973,86.39810679043403,1000
wzw,-84.70249329602252,74.29750670397748,1000
fsf,-5.769283759326484,34.230716240673516,1000
str,-49.539087056927826,36.460912943072174,1000
kvw,-96.19792305006058,5.802076949939418,1000
zbj,-90.60129910897001,13.398700891029986,1000
czx,-71.61637784044203,41.383622159557966,1000
pgq,-31.47785505520365,32.522144944796345,1000
fdq,-53.0439238028491,1.9560761971508973,1000
iue,-57.88791937108625,75.11208062891374,1000
acz,-2.8177114237341856,41.18228857626581,1000
ftu,-17.788383110146416,71.21161688985359,1000
cwr,-56.524054607283496,60.475945392716504,1000
agv,-73.7197811095943,85.2802188904057,1000
otb,-24.26862977084549,19.73137022915451,1000
bvq,-27.3347677763795,76.6652322236205,1000
szp,-64.56078682417908,30.439213175820925,1000
tjr,-37.88809986751077,35.11190013248923,1000
uht,-2.6323973914333623,41.367602608566635,1000
nbn,-93.67750864820357,96.32249135179643,1000
ule,-91.38686294487064,84.61313705512936,1000
kgq,-42.64777466091718,16.352225339082818,1000
uif,-48.81127679458453,15.188723205415474,1000
ugs,-86.53512723106556,9.464872768934438,1000
fay,-83.87860543453118,95.12139456546882,1000
jji,-86.6664733831803,55.333526616819704,1000
cuk,-57.921879815544514,57.078120184455486,1000
fuv,-66.72567468664121,30.274325313358794,1000
mnb,-41.09681446175117,32.90318553824883,1000
evm,-62.89304508421281,12.10695491578719,1000
saz,-27.666572653341785,37.33342734665822,1000
pbh,-48.214498300292,77.78550169970799,1000
gkn,-80.00733784680916,73.99266215319084,1000
kgh,-69.7737833440496,75.2262166559504,1000
nhi,-94.01004818552926,54.989951814470736,1000
ady,-0.14751307315807816,42.85248692684192,1000
sso,-64.69268893866182,34.30731106133818,1000
pex,-92.07592664535979,72.92407335464021,1000
ttc,-56.31285038031403,19.68714961968597,1000
tri,-15.418947290343242,88.58105270965676,1000
tpf,-61.193524016413505,59.806475983586495,1000
bjx,-38.06123580657942,98.93876419342058,1000
fwq,-82.46477998795704,26.53522001204296,1000
etr,-77.82210070662924,8.177899293370762,1000
uve,-63.94012209261954,13.059877907380459,1000
hwo,-36.185620477901736,92.81437952209826,1000
xwo,-0.6619083034655585,27.33809169653444,1000
xfz,-51.761281668755636,98.23871833124437,1000
peq,-55.13802394862495,87.86197605137505,1000
woi,-31.48517213889066,59.51482786110934,1000
fyj,-54.39274327905288,0.6072567209471234,1000
dnw,-47.546979209888626,51.453020790111374,1000
pqg,-83.08613017551819,98.91386982448181,1000
xkb,-86.11599510069861,21.884004899301384,1000
pju,-91.18159945693897,27.818400543061024,1000
tin,-18.671495355921195,55.328504644078805,1000
idm,-11.234107383198921,4.765892616801079,1000
avl,-35.85527686983723,46.14472313016277,1000
opj,-17.374892377977282,15.62510762202272,1000
xty,-25.053582658091077,3.946417341908921,1000
xsz,-83.40409451502119,1.595905484978816,1000
qzb,-16.95404879634941,33.04595120365059,1000
xxd,-6.822025200996186,45.17797479900381,1000
yzc,-26.255810580110293,3.744189419889709,1000
kps,-79.81570408142484,54.18429591857515,1000
uwc,-74.80481700807697,61.19518299192303,1000
igp,-95.1844382745894,26.815561725410603,1000
woh,-62.553698430895366,79.44630156910463,1000
urc,-29.114090602658788,45.88590939734121,1000
vzv,-57.61221572205514,23.38778427794486,1000
emh,-66.21119881626531,0.7888011837346959,1000
kgc,-7.740964412614172,15.259035587385828,1000
dxd,-27.068506177377795,88.9314938226222,1000
drv,-73.04916739254242,63.950832607457585,1000
mlg,-68.39916527480905,97.60083472519095,1000
qca,-64.29968764824767,82.70031235175233,1000
sml,-17.22577877940156,13.774221220598442,1000
mjh,-12.79783646226905,63.20216353773095,1000
vks,-28.055676438802585,90.94432356119742,1000
wwb,-36.41259642503455,90.58740357496545,1000
xox,-60.44996283631985,19.55003716368015,1000
kaa,-20.47156254983658,71.52843745016342,1000
qvz,-44.13549392279225,53.86450607720775,1000
gdt,-20.535952073936652,77.46404792606334,1000
imh,-22.2883765118631,59.7116234881369,1000
izw,-55.764369317037584,33.235630682962416,1000
aue,-48.04401379997228,34.95598620002772,1000
clh,-96.86742801657952,71.13257198342048,1000
idk,-31.96564138684514,50.03435861315486,1000
lrz,-14.647337416459283,38.35266258354071,1000
rps,-89.16115135120467,57.83884864879534,1000
wvu,-36.29905203937258,13.700947960627417,1000
cxk,-68.13056862491072,70.86943137508928,1000
iet,-21.607498045047265,38.392501954952735,1000
pic,-63.71681698752016,71.28318301247984,1000
qlc,-45.394763354485676,41.605236645514324,1000
jeh,-89.42955526681186,43.57044473318814,1000
xrr,-18.947047363729467,89.05295263627053,1000
unz,-67.35050679101525,46.64949320898475,1000
kjw,-94.57673951084433,36.423260489155666,1000
osh,-2.7486223052206764,95.25137769477932,1000
sbj,0.017066371721548346,46.01706637172155,1000
gbh,-6.287721576839988,49.712278423160015,1000
khz,-35.92375095671933,1.0762490432806704,1000
pky,-17.840369027158513,39.159630972841484,1000
nkf,-11.463727272016904,0.5362727279830964,1000
egk,-27.767139384899984,97.23286061510001,1000
lhr,-45.10320631082643,25.89679368917357,1000
btw,-19.28719583485692,51.712804165143076,1000
ifp,-17.038427841146486,33.961572158853514,1000
vul,-21.109964414231264,41.890035585768736,1000
qih,-78.34399488875896,22.65600511124105,1000
pdz,-5.314630030551743,92.68536996944826,1000
hok,-23.273123003234385,73.72687699676561,1000
kwl,-26.365712138363417,56.63428786163659,1000
ioy,-89.10033097387519,26.899669026124812,1000
cmw,-9.711190365382041,85.28880963461796,1000
upq,-77.38392878171608,79.61607121828392,1000
sfp,-84.5137251794461,49.4862748205539,1000
pvb,-19.496943230479076,64.50305676952092,1000
vze,-20.21150470342919,73.78849529657082,1000
dnc,-15.387821921647337,0.6121780783526639,1000
eaf,-61.45824665366991,89.54175334633008,1000
akr,-66.0114905318463,76.9885094681537,1000
txt,-54.822550273816205,31.177449726183795,1000
ifg,-3.104565891538355,11.895434108461645,1000
yao,-4.335107950188667,53.664892049811336,1000
bvn,-44.72530613771294,31.274693862287055,1000
zph,-90.75991563241953,41.240084367580465,1000
qeq,-77.7970422339661,61.202957766033904,1000
osb,-59.13125572923608,71.86874427076393,1000
afa,-8.89003774303413,53.10996225696587,1000
ltd,-38.65643575438821,52.34356424561179,1000
ozq,-19.139033825535552,79.86096617446445,1000
mue,-4.601963570268396,5.398036429731604,1000
bdt,-86.12577626591805,23.874223734081944,1000
suc,-97.38621182414163,21.613788175858375,1000
mrn,-1.8078937004811206,23.19210629951888,1000
url,-4.4199460792239655,21.580053920776034,1000
mgr,-87.86274780233079,31.137252197669213,1000
cin,-18.9939193074271,20.0060806925729,1000
mzi,-31.677857874722452,44.322142125277544,1000
yjm,-61.06010911428263,82.93989088571736,1000
lin,-95.35129905757793,29.648700942422074,1000
slc,-89.70204857874064,86.29795142125936,1000
acw,-7.645347336616759,61.35465266338324,1000
brc,-31.25153871649681,89.74846128350319,1000
dao,-31.487210547289973,44.512789452710024,1000
evb,-76.47745616081718,7.522543839182816,1000
zjr,-16.020415393350774,2.979584606649224,1000
cir,-93.34919184368268,40.65080815631733,1000
sla,-32.35484713738867,27.645152862611337,1000
rbf,-12.848543699405859,83.15145630059415,1000
yjt,-2.6170128771669794,54.38298712283302,1000
ooq,-37.64404597076327,54.35595402923673,1000
pnf,-79.40202386624917,57.597976133750834,1000
iic,-38.23961286990872,64.76038713009129,1000
ixg,-85.57075356116991,7.42924643883009,1000
kcp,-69.06355747784386,6.936442522156148,1000
jfw,-5.917320684195506,47.0826793158045,1000
qtp,-16.6244396452242,2.3755603547757995,1000
wwq,-69.55299170228933,42.44700829771067,1000
qff,-75.91229536038271,8.087704639617282,1000
poy,-19.584279838222457,57.41572016177754,1000
wbh,-94.05668822578019,69.94331177421981,1000
jyr,-90.78489831360021,81.21510168639979,1000
zfc,-11.32725846966344,62.67274153033656,1000
cnn,-45.62256705518952,89.37743294481048,1000
guw,-56.5200015930607,69.4799984069393,1000
fnj,-71.3606806824594,65.6393193175406,1000
lre,-21.985994967707644,91.01400503229236,1000
eob,-95.40603892330952,59.593961076690476,1000
etf,-14.039841537656674,89.96015846234333,1000
jcm,-87.51200393515953,64.48799606484047,1000
wex,0.5809549797557519,53.58095497975575,1000
ffw,-67.13866621420169,54.86133378579831,1000
kej,-82.29649688126875,20.703503118731245,1000
bye,-81.49171032018653,45.50828967981347,1000
sua,-78.58958523621152,80.41041476378848,1000
afa,-26.029122894604527,19.970877105395473,1000
uis,-67.87733412072383,69.12266587927617,1000
nzd,-63.75865857966877,94.24134142033122,1000
atq,-30.38279728957091,2.617202710429091,1000
tql,-60.829674655513564,75.17032534448644,1000
rkt,-97.5542202337884,72.4457797662116,1000
qaj,-7.617819476338422,44.38218052366158,1000
pjt,-55.68557980959897,21.31442019040103,1000
imr,-43.29879485343708,38.70120514656292,1000
caj,-66.19016580301674,69.80983419698326,1000
skj,-10.647581469629307,0.3524185303706926,1000
fiy,-59.75557797809071,49.24442202190929,1000
zlv,-3.8085438467431465,31.191456153256855,1000
llz,-36.92886567177158,1.071134328228414,1000
yol,-81.17129402567093,93.82870597432907,1000
stf,-85.88473530290365,14.115264697096343,1000
zru,-34.19481864631774,72.80518135368226,1000
rpy,0.9820462114028723,86.98204621140287,1000
hcq,-19.41576646159273,32.58423353840727,1000
ebt,-42.15321637216626,98.84678362783374,1000
squ,-57.889281221270934,7.110718778729063,1000
cop,-80.35428501406369,61.645714985936316,1000
arn,-6.4414426525224915,59.55855734747751,1000
kom,-31.631442756738146,66.36855724326185,1000
gub,-77.37827825465179,14.621721745348214,1000
pbe,-92.31068933501287,64.68931066498713,1000
nhy,-88.23057741573935,3.769422584260657,1000
yyg,-7.713912897929288,8.286087102070713,1000
hxn,-7.346098713385279,24.65390128661472,1000
bgw,-14.71168351520181,1.2883164847981887,1000
qfx,-84.5970457853221,15.402954214677907,1000
rui,-68.79900086670116,6.200999133298838,1000
oyu,-47.36809724335711,50.63190275664289,1000
kkq,-90.90741081203097,36.09258918796903,1000
ihq,-53.41102665716248,16.588973342837516,1000
bey,-7.303333856317395,26.696666143682606,1000
enk,-0.11459805069314599,69.88540194930685,1000
ljl,-59.48694989379976,49.51305010620024,1000
cou,-73.03593220008457,14.964067799915423,1000
lbi,-52.64438192185958,23.35561807814042,1000
hvj,-36.67313472517438,26.326865274825625,1000
jxq,-5.500009627666553,65.49999037233344,1000
eey,-87.76888537234075,70.23111462765925,1000
qim,-32.980220042946904,51.019779957053096,1000
vrs,-94.70962591418315,38.29037408581686,1000
dtl,-96.54228291399077,15.457717086009218,1000
rrv,-57.94967866551391,18.050321334486092,1000
ilv,-41.41619488937936,4.583805110620635,1000
ezw,-77.31279646760723,60.68720353239277,1000
atf,-27.089607216286808,30.910392783713192,1000
xbq,-20.094951666984404,21.905048333015596,1000
icb,-20.120753325447527,61.87924667455247,1000
kaa,-36.51966271140808,77.48033728859193,1000
ysg,-61.30964605065749,97.69035394934251,1000
xmp,-24.297077301974117,22.702922698025883,1000
zdl,-77.64275868466484,66.35724131533516,1000
yfz,-56.744058589070676,30.255941410929324,1000
xom,-1.3506385893862944,73.64936141061371,1000
egt,-75.8210681117803,66.1789318882197,1000
ulb,-48.7582920174022,69.2417079825978,1000
byh,-89.6838274595885,75.3161725404115,1000
iad,-64.09766431771327,27.902335682286736,1000
vrk,-91.8393043698704,92.1606956301296,1000
sxr,-74.63767758710243,47.362322412897576,1000
uee,-22.932902487916927,11.067097512083073,1000
ioo,-33.48883902758997,73.51116097241002,1000
ijg,-17.564747976237356,0.43525202376264327,1000
agx,-8.464238254550901,19.535761745449097,1000
stf,-65.20932010530552,76.79067989469448,1000
rzo,-27.547285883779733,80.45271411622026,1000
oxz,-60.47140939528451,62.52859060471549,1000
rma,-95.9809454165495,55.01905458345049,1000
hge,-22.294480975163843,62.70551902483616,1000
blq,-17.124083649804323,37.87591635019567,1000
rht,-23.537839152375597,54.4621608476244,1000
wot,-0.8918967376966369,8.108103262303363,1000
mon,-67.40589052732946,38.59410947267054,1000
hln,-13.758516167029203,17.241483832970797,1000
epw,-54.70640381029152,0.2935961897084777,1000
uyl,-32.8646751016355,8.135324898364505,1000
obf,-73.43090795923597,75.56909204076403,1000
vbe,-41.86454567932261,73.13545432067738,1000
clb,-39.151358176296114,55.848641823703886,1000
kvk,-10.395503210028274,11.604496789971726,1000
qvi,-76.75916062954389,0.24083937045611525,1000
fkz,-86.41883568390314,31.581164316096856,1000
cyf,-64.08794663220272,39.91205336779728,1000
okl,-23.65913007747534,47.34086992252466,1000
ryj,-60.9020609478362,61.0979390521638,1000
pyq,-5.059666329002878,97.94033367099712,1000
xla,-46.51052303942096,52.48947696057904,1000
hes,-75.7354344975341,34.2645655024659,1000
pma,-72.21980039899826,44.78019960100174,1000
qsj,-95.65692468655429,16.343075313445706,1000
leb,-18.289382312091757,16.710617687908243,1000
rvr,-22.230126606969606,95.7698733930304,1000
ehk,-77.66287496043944,74.33712503956056,1000
ndi,-23.502933120117497,87.49706687988251,1000
ngq,-45.24420219058622,1.7557978094137803,1000
qda,-28.639424337953052,89.36057566204694,1000
qxq,-5.105741467361271,13.894258532638728,1000
lph,-52.022019321360816,55.977980678639184,1000
fqi,-59.39188089901157,81.60811910098843,1000
rel,-85.03888633202902,83.96111366797098,1000
ott,-13.978829599254484,68.02117040074552,1000
vab,-36.38259582139677,95.61740417860324,1000
wha,-7.150504699264211,60.84949530073579,1000
pjn,-20.21407048541313,29.78592951458687,1000
xux,-14.695145300071111,73.3048546999289,1000
rta,-8.464658883136588,25.53534111686341,1000
hyh,-67.67046250301051,5.329537496989494,1000
bdj,-56.10599734515627,22.89400265484373,1000
zbo,-26.62904672834953,8.370953271650471,1000
dis,-0.8653933609790023,73.134606639021,1000
wpx,-58.95784275465057,11.042157245349431,1000
iiq,-20.649393435266916,89.35060656473308,1000
viv,-95.99092005004955,79.00907994995045,1000
vva,-69.68219947799966,72.31780052200034,1000
iyp,-81.82914701660003,81.17085298339997,1000
uns,-21.834418137736485,0.16558186226351657,1000
sjp,-30.703459907775773,62.29654009222423,1000
ahl,-1.3711108551198554,51.62888914488015,1000
utz,-82.66798317222391,76.33201682777609,1000
ben,-20.92713127749225,37.07286872250775,1000
kff,-79.89905330136813,70.10094669863187,1000
gzz,-32.54483944191003,60.45516055808997,1000
wev,-16.153748461003758,67.84625153899624,1000
tgh,-76.31217222236677,36.687827777633224,1000
zkq,-17.43122915493029,91.56877084506971,1000
qvo,-71.8088694531692,26.191130546830806,1000
sdy,-67.37362308893567,22.62637691106432,1000
bbb,-61.183917504952205,81.8160824950478,1000
uai,-35.659945798289236,5.340054201710764,1000
hic,-28.944476893755684,44.055523106244316,1000
ssx,-35.59257020262923,74.40742979737077,1000
emk,-94.94069558642597,30.05930441357403,1000
yvj,-47.625262749269965,19.374737250730032,1000
aoe,-54.32159304633737,82.67840695366263,1000
scz,-24.659800770446505,81.34019922955349,1000
gsl,-67.66040165398684,49.33959834601316,1000
lbq,-45.21534814628659,77.78465185371341,1000
tyg,-95.37621656250984,7.6237834374901565,1000
dpg,-69.53730162552066,65.46269837447934,1000
dol,-57.31797994836203,88.68202005163796,1000
gfx,-82.37703578263542,46.62296421736458,1000
xcu,-57.541195633821076,6.458804366178926,1000
bud,-79.64309080651715,90.35690919348285,1000
vlo,-39.97538420707598,97.02461579292402,1000
ywv,-82.18266267178095,42.81733732821905,1000
epe,-29.78151432343875,46.21848567656125,1000
yuj,-0.40858848131573644,9.591411518684264,1000
ryf,-49.64493856006173,39.35506143993827,1000
dge,-72.20016341004721,44.79983658995279,1000
egi,-86.91667299808918,85.08332700191082,1000
cae,-7.8899146848165245,80.11008531518348,1000
bak,-58.40061541757084,43.59938458242916,1000
evp,-22.961381328618916,42.03861867138108,1000
fqn,-55.81166294889304,55.18833705110696,1000
oos,-59.57998533798533,98.42001466201467,1000
hnt,-30.14756541686922,54.85243458313078,1000
ier,-74.91560462921208,15.084395370787917,1000
wef,-43.34968942205462,10.650310577945385,1000
hin,-86.04575414873696,14.954245851263039,1000
vdj,-14.048375803593293,50.951624196406705,1000
hlg,-8.393871553954062,70.60612844604594,1000
bdv,-96.45476390250039,52.54523609749961,1000
