dvz,-51.71488919197721,33.28511080802279,1000
ojb,-24.33038285668399,41.66961714331601,1000
cqx,-59.54589923590204,10.454100764097955,1000
bww,-90.20805576185923,72.79194423814077,1000
nve,-78.81190059636772,14.188099403632275,1000
gjb,-12.766618440178995,81.23338155982101,1000
wrp,-49.76243307517581,38.23756692482419,1000
rey,-43.80683359321912,25.193166406780882,1000
kns,-65.73366120836712,57.26633879163288,1000
pjd,-67.02176530879825,95.97823469120175,1000
cja,-89.17045767158237,50.82954232841763,1000
utf,-50.462045975054046,9.537954024945954,1000
ite,-60.29536395552958,70.70463604447042,1000
jmc,-34.49532124135084,84.50467875864916,1000
igt,-14.651572259003217,68.34842774099678,1000
gbj,-94.4660123127374,58.533987687262595,1000
epz,-48.57449170345288,40.42550829654712,1000
gxd,-27.900984706613208,27.099015293386792,1000
cxb,-76.58917941698407,53.41082058301593,1000
kpp,-36.565033801845935,0.43496619815406656,1000
wlw,-78.92906932151986,18.070930678480146,1000
gjj,-27.540599041953417,7.459400958046584,1000
hij,-42.24085277588478,11.75914722411522,1000
hec,-1.7238200548471403,68.27617994515286,1000
tce,-73.05014095057543,93.94985904942457,1000
wsf,-13.695050883940791,95.3049491160592,1000
hkr,-53.8851469724354,50.1148530275646,1000
iun,-10.250662427103759,52.749337572896245,1000
cio,-38.78386705929926,46.21613294070074,1000
pgq,-14.953021296256892,5.046978703743108,1000
fqk,-86.36762056559618,95.63237943440382,1000
kcd,-27.602711717973737,14.397288282026262,1000
qbw,-13.77555312847392,11.22444687152608,1000
syy,-48.63473748689999,98.3652625131,1000
czm,-74.87543469227477,17.12456530772523,1000
ujy,-12.575326626258981,63.42467337374102,1000
jqg,-6.211440930564845,60.78855906943515,1000
zxi,-79.7173442612357,42.28265573876431,1000
thl,-9.020992233976187,47.97900776602381,1000
yau,-3.5719096848908807,92.42809031510912,1000
lju,-15.33106976549493,15.66893023450507,1000
hpd,-33.50156681886811,19.498433181131887,1000
ekf,-17.53660838125255,50.46339161874745,1000
fhr,-7.294542268246063,70.70545773175394,1000
pek,-21.291584094836747,55.70841590516325,1000
hbv,-90.45250834861089,44.547491651389116,1000
ndk,-55.7566533618463,85.24334663815371,1000
nmd,-12.784702544753983,41.21529745524602,1000
qpg,-45.995670685427655,15.004329314572345,1000
hny,-84.97444375576991,33.025556244230096,1000
was,-89.84180302775783,96.15819697224217,1000
qso,-86.64162553472886,84.35837446527114,1000
oam,-6.165524527602576,98.83447547239743,1000
lnu,-95.3599735305169,62.6400264694831,1000
qac,-48.82727672138345,36.17272327861655,1000
soy,-51.50494994557395,68.49505005442604,1000
emz,-39.02634786573906,96.97365213426093,1000
ist,-43.733303330016994,76.266696669983,1000
ese,-0.37090107664808347,63.62909892335192,1000
qdu,-48.9985081111763,40.0014918888237,1000
cgb,-69.06000370343685,14.939996296563146,1000
pmn,-72.78022581802477,58.21977418197523,1000
mvo,-34.112231663170036,61.887768336829964,1000
yuh,-29.160844758959044,78.83915524104096,1000
pln,-48.172324277118875,53.827675722881125,1000
dzi,-83.84758074929941,4.152419250700587,1000
fyu,-69.11987003807971,9.880129961920293,1000
unq,-67.70979997882525,76.29020002117475,1000
hgk,-67.37298986208246,51.627010137917544,1000
kqc,-67.2896457058544,21.710354294145606,1000
wgg,-24.050731717405597,96.9492682825944,1000
eks,-43.818242437069166,88.18175756293084,1000
pfh,-49.892584113827375,77.10741588617262,1000
nub,-59.74573603794237,40.25426396205763,1000
jqz,-38.11549454358634,96.88450545641366,1000
ggs,-8.051372932161012,35.94862706783899,1000
mzd,-69.86045207843735,88.13954792156265,1000
jat,-37.14704941992163,56.85295058007837,1000
pdj,-62.67043892919276,94.32956107080724,1000
qxr,-64.66694939186485,5.333050608135155,1000
sfs,-68.10646291308913,84.89353708691087,1000
mjo,-33.13664339388194,87.86335660611806,1000
mea,-80.28479430807157,19.715205691928432,1000
mlb,-0.6312963346733671,80.36870366532663,1000
nsk,-5.472348300558239,8.527651699441762,1000
siq,-92.93585779235096,69.06414220764904,1000
bjf,-22.55815034770265,56.44184965229735,1000
kat,-56.80669667284518,28.19330332715482,1000
bat,-91.20372091816151,44.7962790818385,1000
mlj,-28.140779641363533,13.859220358636467,1000
myb,-80.5801368213461,45.4198631786539,1000
tek,-6.192693974602048,85.80730602539795,1000
zuk,-94.42646408546148,59.57353591453853,1000
eeq,-76.68073196770843,45.319268032291575,1000
dsy,-43.11638303637397,96.88361696362604,1000
fwe,-24.509729933909878,64.49027006609012,1000
koi,-18.460317111167996,60.539682888832004,1000
zxp,-18.415304505028317,88.58469549497168,1000
gfa,-91.93660791743643,39.06339208256357,1000
hdj,-17.45250402356844,41.54749597643156,1000
tqb,-51.34890746191397,44.65109253808603,1000
suc,-64.18849068954279,56.81150931045722,1000
riy,-93.05246703189346,24.94753296810654,1000
faj,-57.451804981341745,97.54819501865826,1000
kkn,-68.70156835391217,79.29843164608783,1000
kbz,-86.08221594638117,29.917784053618824,1000
kvj,-34.46844237411673,28.531557625883273,1000
yji,-90.65034600209174,35.34965399790827,1000
xxw,-73.97896565573703,4.02103434426297,1000
gzp,-24.333250658764502,12.666749341235496,1000
sey,-70.40501222038951,27.59498777961049,1000
ubo,-19.406292925143426,2.593707074856575,1000
zsl,-60.88011602125935,45.11988397874065,1000
jhv,-8.688564443633059,15.311435556366941,1000
aut,-92.18578438584781,4.814215614152192,1000
irf,-55.96207856170956,28.03792143829044,1000
azn,-89.94039218745814,20.059607812541863,1000
qci,-97.09359514269431,61.90640485730568,1000
ibq,-74.07462826867848,72.92537173132152,1000
ram,-62.351552919833736,68.64844708016626,1000
zrp,-41.9042369995412,55.0957630004588,1000
end,-37.31352641500058,46.68647358499942,1000
hoi,-79.05663329342119,5.943366706578821,1000
xso,-46.78549704352873,24.214502956471268,1000
zxr,-37.57312636062786,82.42687363937215,1000
dvr,-93.65091848382762,50.34908151617238,1000
asj,-38.683669927271126,4.316330072728874,1000
uni,-14.508155331504746,30.491844668495254,1000
ffv,-89.38792799955849,54.612072000441515,1000
ouz,-3.31453495995642,37.68546504004358,1000
yce,-83.18424714336204,4.8157528566379515,1000
yba,-33.17557499431403,2.8244250056859643,1000
ugh,-62.890400159185376,46.109599840814624,1000
wuw,-44.69282689632088,38.30717310367912,1000
yjc,-28.663640549397265,4.336359450602735,1000
jld,-0.8375373823197391,30.162462617680262,1000
xpv,-35.74900825111685,27.25099174888315,1000
gll,-79.10464845446405,87.89535154553595,1000
mxk,-70.97016323527065,59.029836764729346,1000
tuv,-11.842310173611796,95.15768982638821,1000
kfa,-59.239222689641956,17.760777310358048,1000
oey,-77.55153626910842,29.448463730891568,1000
hbd,-11.594526218886408,84.4054737811136,1000
nee,0.6652535026194735,2.6652535026194735,1000
bmk,-83.54064105724326,65.45935894275674,1000
oma,-37.360341441946936,62.639658558053064,1000
wwk,-2.5556802375628447,64.44431976243716,1000
oca,-94.62146020216586,4.378539797834135,1000
iwa,-34.23295736203031,58.76704263796969,1000
tew,-88.02891700158524,96.97108299841476,1000
zsl,-48.29706254487264,36.70293745512736,1000
lra,-20.475646906706455,51.52435309329355,1000
xle,-35.592456620009656,42.407543379990344,1000
mfq,-52.19502179981368,7.804978200186318,1000
gzq,-9.03373098388215,51.96626901611785,1000
zkk,-45.331187038519346,71.66881296148065,1000
lwo,-57.46357855005232,64.53642144994768,1000
gfe,-70.40381956192367,67.59618043807633,1000
ovd,-9.07757505470994,76.92242494529006,1000
mmn,-21.74002447725555,87.25997552274445,1000
ybo,-78.11541816765136,3.884581832348648,1000
jtt,-16.930749128304754,32.069250871695246,1000
lra,-78.31384726435891,64.68615273564109,1000
pgk,-71.6405973731331,22.359402626866903,1000
rtu,-76.22649468121742,8.773505318782579,1000
xnu,-15.714515328340035,82.28548467165996,1000
ulf,-11.918398433267383,35.081601566732616,1000
bna,-49.78554634736536,62.21445365263464,1000
ssc,-6.176987553031569,16.82301244696843,1000
vxw,-34.61170265928776,82.38829734071224,1000
kge,-37.89972107864785,87.10027892135214,1000
dzy,-71.3599028233375,94.6400971766625,1000
xvs,-59.977287479201635,54.022712520798365,1000
rcr,-37.436108498853116,95.56389150114688,1000
bxd,-80.2250497719919,20.774950228008088,1000
zih,-27.82304400355613,93.17695599644387,1000
gwb,-63.112494824687325,13.887505175312672,1000
iom,-66.25621209109894,2.7437879089010497,1000
ezt,-70.19675972379623,36.80324027620376,1000
bvj,-30.64859922498821,7.351400775011788,1000
rao,-91.13131133973069,13.868688660269308,1000
tmd,-33.72829943546122,80.27170056453879,1000
qah,-35.81455607490573,33.18544392509427,1000
kca,-97.44439732795666,24.55560267204334,1000
bhn,-86.70193391217447,82.29806608782553,1000
nul,-32.579562371596495,3.420437628403506,1000
iip,-46.81137119550786,78.18862880449214,1000
ugx,-6.09287549647078,79.90712450352922,1000
kbe,-51.92057648845317,65.07942351154682,1000
cvz,-94.0085886058538,92.9914113941462,1000
onk,-20.28801080429917,74.71198919570082,1000
tas,-88.2492247611424,14.750775238857601,1000
xmp,-67.03151359476031,76.96848640523969,1000
nmg,-82.06556544166926,78.93443455833074,1000
odz,-74.24896396623811,71.75103603376189,1000
ajg,-92.25993654777652,9.740063452223486,1000
jaz,-81.3149846204357,51.68501537956431,1000
jmb,-72.98513072739813,96.01486927260187,1000
str,-52.1356659094138,70.8643340905862,1000
ytu,-32.427056436073116,85.57294356392688,1000
che,-54.19942584277393,94.80057415722607,1000
qox,-86.17624971687918,12.82375028312082,1000
cby,-54.93419031092696,90.06580968907303,1000
xlc,-77.47623468258382,84.52376531741618,1000
xyy,-91.7283037616546,57.27169623834539,1000
miu,-71.633873876959,84.366126123041,1000
sof,-61.38919196170257,90.61080803829744,1000
zhq,0.3711679791816078,43.37116797918161,1000
ccy,-37.96719259855029,48.03280740144971,1000
amo,-6.4958179678977075,36.50418203210229,1000
kai,-79.6513293627838,24.3486706372162,1000
ovc,-87.6886478298071,44.31135217019291,1000
uyw,-34.19549007011943,69.80450992988057,1000
vgu,-79.94267918671373,79.05732081328627,1000
csm,-38.838149973070166,9.161850026929837,1000
rfv,-65.09021770633743,9.90978229366258,1000
xkd,-5.084879596984369,86.91512040301564,1000
gqc,-9.194660432890128,49.80533956710987,1000
xhz,-31.75168412770703,75.24831587229296,1000
ene,-73.76974871560047,15.230251284399523,1000
hml,-91.38622933179562,52.613770668204374,1000
vys,-83.96670118799298,92.03329881200702,1000
uvj,-85.73552385281653,1.2644761471834722,1000
usp,-94.57285229221259,21.42714770778741,1000
sso,-62.725113597266805,89.27488640273319,1000
qpy,-4.22470633120901,6.77529366879099,1000
idb,-26.559039348869696,17.440960651130304,1000
gwo,-25.71955331575208,27.28044668424792,1000
ins,-96.42962181412682,73.57037818587318,1000
xmo,-25.433006263171617,82.56699373682838,1000
tnc,-21.382575728950577,50.61742427104942,1000
tkg,-72.73824485649278,59.26175514350722,1000
afl,-50.474284994872924,21.525715005127076,1000
cib,-23.78254023356837,35.21745976643163,1000
ivt,-24.95548363449689,10.044516365503108,1000
xnk,-36.759790397584986,6.240209602415014,1000
esq,-55.42225049186356,52.57774950813644,1000
ryj,-11.463748583122678,35.53625141687732,1000
gcm,-16.598512460989884,23.401487539010116,1000
bls,-89.03738240426604,7.962617595733961,1000
mhy,-14.38176845407207,47.61823154592793,1000
kdt,-40.4224291155075,96.5775708844925,1000
yin,-85.66559919325137,56.33440080674864,1000
mmb,-5.87941666650838,83.12058333349162,1000
pvf,-48.64910616313921,24.350893836860788,1000
pol,-46.408171807435906,16.591828192564094,1000
hvu,-29.252197548762503,68.7478024512375,1000
iov,-50.00319675112924,70.99680324887076,1000
qra,-34.344022122347475,91.65597787765253,1000
jzt,-15.714679451532799,95.2853205484672,1000
tqc,-92.93101927919317,73.06898072080683,1000
scf,-16.032949014993385,64.96705098500662,1000
uir,-46.819929352257134,69.18007064774287,1000
iut,-48.57970896240034,29.42029103759966,1000
ppx,-36.00950198175404,47.99049801824596,1000
ohh,-32.956997704665525,43.043002295334475,1000
bub,-88.59427693355629,53.405723066443706,1000
gao,-79.12850932248548,7.871490677514521,1000
cor,-14.717571754224132,13.282428245775868,1000
bot,-77.13618810247037,65.86381189752963,1000
ber,-89.13699006681735,84.86300993318265,1000
wyj,-56.34963702909746,36.65036297090254,1000
bfd,-13.243739905574381,21.75626009442562,1000
erz,-24.03739360398632,69.96260639601368,1000
uwc,-33.428150600315014,56.571849399684986,1000
wch,-17.544915994327717,29.455084005672283,1000
gxp,-72.6050284260395,98.3949715739605,1000
afk,-52.21734194136433,54.78265805863567,1000
fvx,-81.75492220398888,10.245077796011124,1000
nek,-49.98415887682762,5.015841123172382,1000
xmx,-49.11529249980517,1.8847075001948292,1000
xgs,-72.00316175920159,28.996838240798414,1000
gjj,-59.311655098025405,48.688344901974595,1000
fxi,-86.77913140972974,68.22086859027026,1000
vue,-66.18056168422031,54.81943831577969,1000
uwb,-25.44923324964583,75.55076675035417,1000
pti,-54.98859546959873,44.01140453040127,1000
ikg,-63.4776180928479,29.522381907152106,1000
kkp,-79.00403671807922,78.99596328192078,1000
uee,-38.18981806222557,42.81018193777443,1000
cds,-39.29310353086243,75.70689646913758,1000
stj,-88.90834376726042,89.09165623273958,1000
vtv,-46.32194952728692,44.67805047271308,1000
ewx,-45.412705016717304,46.587294983282696,1000
ydk,-51.314027594295915,23.685972405704085,1000
yje,-93.86385395672166,60.13614604327835,1000
klk,-40.92778919870219,50.07221080129781,1000
cjr,-9.052712248482914,78.94728775151708,1000
hze,-8.50317288104492,47.49682711895508,1000
adn,-54.90180851858899,48.09819148141101,1000
ela,-80.22133760924643,71.77866239075357,1000
gky,-27.014225514983888,33.98577448501611,1000
sbt,-31.81759085938341,68.18240914061658,1000
bbw,-7.579598823535218,14.420401176464782,1000
kbq,-76.75820604839069,29.241793951609313,1000
ncf,-27.462028701392583,52.53797129860742,1000
pfc,-40.1235074755647,88.8764925244353,1000
rzh,-92.23165983074576,87.76834016925424,1000
bms,-65.68723304989867,58.312766950101334,1000
sfi,-61.8140559381562,52.1859440618438,1000
prd,-44.72864285991346,98.27135714008654,1000
ucn,-67.3153184847772,66.6846815152228,1000
iob,-50.02900839319385,34.97099160680615,1000
rko,-12.535756415749503,6.464243584250496,1000
eku,-97.84019600142712,32.15980399857288,1000
kdt,-50.19515279915665,21.804847200843348,1000
guf,-75.84331963510942,51.156680364890576,1000
yza,-4.869070269514898,5.130929730485102,1000
qit,-78.54832384071771,17.451676159282286,1000
aei,-10.124058644075275,41.87594135592472,1000
hiw,-5.996040490081125,19.003959509918875,1000
vlb,-33.7047019357741,64.2952980642259,1000
zvp,-60.91260781562414,79.08739218437586,1000
jsv,-56.78046907417485,53.21953092582515,1000
dve,-64.00948550290019,5.990514497099812,1000
och,-88.8662715370321,57.1337284629679,1000
afd,-11.414810592466628,19.58518940753337,1000
xqx,-46.33095595009669,84.66904404990332,1000
qai,-32.473926845603565,27.526073154396435,1000
gwn,-53.51511689535278,42.48488310464722,1000
faw,-25.478498596060586,42.52150140393941,1000
pdw,-29.047844536996944,77.95215546300305,1000
ber,-34.698263181587876,37.301736818412124,1000
dxm,-79.51996351629077,40.480036483709235,1000
szg,-88.9141315917586,71.0858684082414,1000
tfv,-50.57493082787932,72.42506917212069,1000
fge,-0.6036405570196275,1.3963594429803725,1000
qef,-21.368691220407765,64.63130877959223,1000
zon,-57.57007855869911,95.42992144130089,1000
ptu,-65.33791770092544,79.66208229907456,1000
tal,-81.46530596021398,4.534694039786023,1000
erc,-28.10978307599058,48.890216924009415,1000
hmd,-40.575503572843154,13.424496427156846,1000
bwm,-50.95051015310467,93.04948984689533,1000
zxo,-94.63860207700257,90.36139792299743,1000
uhy,-54.90158150583339,52.09841849416661,1000
ubl,-52.402237980558844,25.597762019441156,1000
mca,-37.97711064682931,39.02288935317069,1000
tdr,-3.90243196212483,17.09756803787517,1000
agd,-35.818137653605156,46.181862346394844,1000
bac,-35.59484631431621,3.405153685683795,1000
xxk,-41.70466020086417,45.29533979913583,1000
pie,-56.55101630250355,11.448983697496455,1000
voy,-26.9946519997767,36.0053480002233,1000
bgh,-64.33856584251018,68.66143415748982,1000
edk,-64.16596995675584,50.834030043244155,1000
cls,-19.422721660643518,3.577278339356481,1000
uid,-12.816303314255993,55.18369668574401,1000
hlb,-70.0767078395233,47.923292160476706,1000
yws,-72.47798451677707,18.522015483222923,1000
nse,-6.834825149578223,3.165174850421777,1000
dxf,-8.6902527310918,15.3097472689082,1000
mxn,-74.74350909614313,70.25649090385687,1000
nze,-6.214208599568135,51.78579140043187,1000
kro,-51.679204892377655,75.32079510762235,1000
kps,-81.12584154106308,31.874158458936915,1000
kiu,-87.14889937892913,78.85110062107087,1000
oeh,-3.839003536696502,67.1609964633035,1000
upm,-85.67374389484071,84.32625610515929,1000
mgm,-42.98311166254546,27.016888337454542,1000
ddp,-87.89759188415111,56.10240811584888,1000
jau,-21.93284617675073,57.06715382324927,1000
eia,-48.365825212483124,49.634174787516876,1000
bco,-51.58544534345762,26.414554656542375,1000
vlq,-52.06898757611109,69.9310124238889,1000
xkp,-81.64260796504658,13.357392034953413,1000
ddb,-89.51951063520677,60.48048936479323,1000
pbw,-66.00336824550126,38.99663175449874,1000
tay,-22.985235462243256,2.0147645377567445,1000
zlj,-18.66799617701342,83.33200382298658,1000
hbe,0.18437017790837262,90.18437017790838,1000
pbv,-46.31652407702728,93.68347592297272,1000
vwb,-95.19899561567897,41.80100438432103,1000
xyu,-69.18666873512932,52.813331264870676,1000
fna,-11.362605631451236,28.637394368548765,1000
ybl,-46.26267292446298,34.73732707553702,1000
sdi,-43.09990239686607,92.90009760313393,1000
zxe,-76.63075768529046,69.36924231470954,1000
irm,-60.32672166941403,95.67327833058597,1000
zju,-15.645453024906939,75.35454697509306,1000
fxz,-70.50126041733581,54.49873958266419,1000
mmu,-28.980049789821386,89.0199502101786,1000
mxe,-65.80534381202948,90.19465618797052,1000
dhi,-15.92432397030447,81.07567602969553,1000
exr,-50.920377001675035,83.07962299832496,1000
msc,-46.44246021529246,7.557539784707534,1000
lrh,-79.026195349732,2.973804650267998,1000
yht,-53.64787549762178,33.35212450237822,1000
qet,-90.33612804269217,77.66387195730783,1000
wam,-39.46927599385893,78.53072400614107,1000
pkq,-72.00122524951608,48.998774750483925,1000
bhi,-8.752662785624972,44.24733721437503,1000
rjx,-30.32180160583644,14.678198394163559,1000
tqn,-5.469713790794946,62.53028620920505,1000
mtl,-34.10789622307119,65.89210377692882,1000
bwl,-4.580483505094933,12.419516494905066,1000
pon,-39.88998442990266,96.11001557009733,1000
qzw,-15.21032868456578,45.78967131543422,1000
wrx,-13.153223485975436,95.84677651402457,1000
wfq,-15.167972545002913,42.83202745499709,1000
ofo,-53.668612186256084,91.33138781374392,1000
mxy,-45.18248494647372,94.81751505352628,1000
sqp,-9.77090199543557,74.22909800456443,1000
nvk,-50.21370789456413,74.78629210543588,1000
kxe,-38.021324948912294,23.978675051087702,1000
tvi,-28.372989993088208,65.62701000691179,1000
kms,-74.98766230206172,24.012337697938282,1000
xty,-75.74093582712308,46.25906417287692,1000
ica,-90.83194095673848,66.16805904326152,1000
pnc,-8.440169638605534,54.55983036139447,1000
itr,-20.71424772292882,8.285752277071179,1000
sif,-58.498435685661455,64.50156431433855,1000
pjt,-20.69362793112324,56.30637206887676,1000
ybp,-37.81691976516572,10.183080234834275,1000
ega,-57.717077767533574,0.282922232466427,1000
bsz,-73.88406752511602,11.115932474883978,1000
mps,-58.86907224318533,91.13092775681467,1000
axk,-74.96166119767649,44.038338802323516,1000
huk,-7.226411621765546,46.77358837823445,1000
lhp,-9.988505592189112,61.011494407810886,1000
xti,-88.38326346065077,14.616736539349239,1000
mgo,-57.9015901523255,57.0984098476745,1000
vip,-79.07336532564099,77.92663467435901,1000
lvx,-17.515483178671975,47.48451682132803,1000
muf,-15.131469680287395,90.8685303197126,1000
dtt,-82.95506694830479,72.04493305169521,1000
wxn,-43.51612968653405,10.483870313465951,1000
biw,-71.07025136769195,88.92974863230805,1000
dal,-15.028871028085735,61.97112897191426,1000
jvy,-39.418614538530456,43.581385461469544,1000
fzl,-93.57048427305276,30.42951572694724,1000
uxm,-30.501435434529952,44.49856456547005,1000
bdo,-92.34003876128682,49.65996123871318,1000
qwa,-52.68706357725731,84.31293642274268,1000
geg,-44.64968915865841,3.350310841341589,1000
akd,-88.09221861223122,53.907781387768786,1000
wcp,-76.98776232519218,25.012237674807817,1000
iyi,-13.09937369614067,81.90062630385933,1000
pzh,-48.077794971620214,45.922205028379786,1000
cby,-6.701648124203091,24.298351875796907,1000
apu,-16.970482879072087,52.02951712092791,1000
ctd,-11.450106002707908,2.5498939972920924,1000
xyp,0.19791939843616801,82.19791939843617,1000
wju,-31.5673531658205,57.4326468341795,1000
ajl,-14.267633335944899,86.7323666640551,1000
dvv,-38.97246487127276,21.027535128727234,1000
gkm,-80.92969811209873,40.070301887901266,1000
efw,-33.92834446029068,61.07165553970932,1000
zxj,-4.995207149159779,91.00479285084022,1000
sns,-69.07302724647846,45.92697275352154,1000
qkc,-40.098214276211195,31.9017857237888,1000
mdx,-65.55035919701994,25.44964080298006,1000
okg,-45.98034172708992,50.01965827291008,1000
qsb,-65.94977900076844,1.0502209992315603,1000
cjm,-54.30022303410296,36.69977696589704,1000
szq,-11.35053267064313,84.64946732935687,1000
czg,-79.35660569380444,70.64339430619556,1000
rdp,-11.160176760444203,0.8398232395557963,1000
izv,-35.86531312912852,83.13468687087148,1000
rfg,-16.579049704370874,1.4209502956291247,1000
ssl,-87.30809527453788,48.69190472546213,1000
rzy,-80.89038259132528,1.1096174086747252,1000
gkc,-6.545566234031949,2.4544337659680506,1000
jnz,-35.37738376113684,19.62261623886316,1000
dlv,-67.08763896673754,4.9123610332624565,1000
wgb,-41.10586346600073,49.89413653399927,1000
wbc,-59.430482671062656,90.56951732893734,1000
aws,-18.37081889056768,71.62918110943232,1000
zue,-74.98370623085695,82.01629376914305,1000
wxo,-11.382137339267581,12.617862660732419,1000
ufq,-40.084963066077336,78.91503693392266,1000
jii,-27.212178763932002,76.787821236068,1000
dqk,-42.451680574430426,79.54831942556957,1000
lvh,-95.01267916868282,23.987320831317177,1000
ems,-92.74147364661574,40.25852635338426,1000
gib,-69.21906507236446,54.780934927635535,1000
ecq,-84.37668873455563,76.62331126544437,1000
mmi,-44.674100448534844,41.325899551465156,1000
zmp,0.7786677210678488,19.778667721067848,1000
blo,-67.86769574689126,74.13230425310874,1000
jyk,-86.88547048206748,78.11452951793252,1000
imq,-94.30128486815909,35.698715131840906,1000
vcd,-52.44351055221395,35.55648944778605,1000
ooh,-34.08412751195239,73.91587248804761,1000
mkf,-22.86234829678246,62.137651703217536,1000
mjs,-42.795719395606675,16.20428060439333,1000
qbr,-44.83113236531894,31.168867634681057,1000
snd,-97.32481544858803,80.67518455141197,1000
yyt,-16.52825115154042,45.47174884845958,1000
cdp,-28.419389091146517,15.580610908853481,1000
fci,-45.09776991534173,4.902230084658273,1000
iex,-72.20056665634307,9.799433343656924,1000
run,-31.013428149978765,11.986571850021235,1000
anf,0.7459043044643638,65.74590430446436,1000
clb,-3.70894316627769,12.29105683372231,1000
xxn,-61.92861611938076,49.07138388061924,1000
clz,-77.03659762777929,94.96340237222071,1000
aup,-70.20892962620745,36.79107037379255,1000
vxt,-58.79302540171854,49.20697459828146,1000
iqn,-67.5486932701735,73.4513067298265,1000
zey,-70.05201968400118,16.947980315998816,1000
adf,-93.46789495919758,26.532105040802413,1000
aed,-59.213895727222244,56.786104272777756,1000
qce,-66.45262425248325,51.54737574751676,1000
mso,-34.74212635457391,97.25787364542609,1000
bqu,-85.57239909622547,2.4276009037745294,1000
qnb,-72.35861708834538,16.641382911654613,1000
exk,-71.36183911581965,14.63816088418035,1000
ydm,-22.08062873476349,36.91937126523651,1000
zgf,-15.73197401010228,30.268025989897723,1000
vkf,-83.13808273057676,35.861917269423245,1000
lna,-51.37219366625479,87.62780633374521,1000
ynt,-0.39288051436791616,29.607119485632083,1000
tab,-61.3855150548296,73.6144849451704,1000
xet,-37.27359584428368,72.72640415571632,1000
ybz,-30.125739509333535,94.87426049066646,1000
xib,-5.2320053852520045,76.76799461474799,1000
rnz,-78.63136689423759,73.36863310576241,1000
tgy,-9.946612989288916,50.053387010711084,1000
kkc,-74.58690135585984,47.41309864414016,1000
srf,-81.3160648557839,18.68393514421609,1000
dkb,-87.16705317382534,81.83294682617466,1000
hap,-92.04866249072805,42.951337509271944,1000
ojo,-28.363751857812826,54.63624814218717,1000
cla,-86.83562786531996,5.164372134680042,1000
gxv,-75.76952877782364,0.23047122217635685,1000
eif,-57.89049696571018,94.10950303428983,1000
kws,-49.95121095623943,33.04878904376057,1000
cox,-76.91166243176227,86.08833756823773,1000
nrj,-85.15344566970802,90.84655433029198,1000
cpi,-8.482466309223577,29.517533690776425,1000
aiw,-6.341033040487689,73.65896695951231,1000
aef,-16.920099101337055,62.07990089866295,1000
yoq,-44.31294817542395,50.68705182457605,1000
ygq,-57.964306912292116,54.035693087707884,1000
xhg,-71.10322569476547,44.89677430523454,1000
vdx,-52.990943801850804,40.009056198149196,1000
imt,-45.11059246750673,62.88940753249327,1000
psn,-70.76418686036308,66.23581313963692,1000
vhd,-0.8317260512367838,7.1682739487632166,1000
qlr,-93.36842730126493,32.63157269873506,1000
rkg,-60.63230683942831,26.367693160571687,1000
yxw,-52.23127598121098,52.76872401878902,1000
jwm,-89.49691242093917,94.50308757906083,1000
hns,-53.75457626953005,90.24542373046995,1000
igx,-65.90962704739395,88.09037295260605,1000
aqk,-31.262051970211736,75.73794802978827,1000
ths,-69.51299954334071,74.48700045665929,1000
xsm,-58.84594649021133,24.15405350978867,1000
cor,-1.4224513271664363,39.577548672833565,1000
ctt,-34.719351103201376,89.28064889679862,1000
hdl,-24.505677560414483,50.49432243958552,1000
urn,-79.36547881047262,55.634521189527376,1000
zss,-81.29687025953247,11.703129740467528,1000
ucw,-82.15093067032181,36.84906932967819,1000
qti,-8.117960992012174,53.88203900798783,1000
xuz,-31.6552047432292,74.3447952567708,1000
dzw,-42.793269961172,47.206730038828,1000
qky,-16.894208703425214,12.105791296574784,1000
ivn,-17.858308129219935,73.14169187078006,1000
cta,-13.873703007444465,83.12629699255554,1000
kmd,-8.225362992385659,86.77463700761434,1000
zpm,-21.438273800828675,88.56172619917133,1000
nix,-97.1859446228992,49.81405537710081,1000
ikd,-0.682617037588831,59.317382962411166,1000
uxa,-9.881862092326548,29.118137907673454,1000
nvk,-79.69480508404449,88.30519491595551,1000
jka,-12.913920838094365,83.08607916190563,1000
vxu,-80.44843581648989,92.55156418351011,1000
nzp,-70.19004365055541,95.80995634944459,1000
eib,-42.9424165705425,46.0575834294575,1000
iuq,-19.982632259753444,33.017367740246556,1000
suq,-84.42019294290729,19.579807057092715,1000
cet,-3.399731281036354,11.600268718963646,1000
qqo,-89.82534738300335,38.17465261699665,1000
ztw,-63.489778874950574,30.51022112504943,1000
ivc,-55.38623480009975,92.61376519990024,1000
wsg,0.4860788302849618,28.486078830284963,1000
mlx,-24.993163899150073,34.006836100849924,1000
wie,0.6285336179825689,35.62853361798257,1000
xka,-26.7357978384488,70.2642021615512,1000
chd,-54.65409017475483,41.34590982524517,1000
qwi,-57.229427748680365,49.770572251319635,1000
qvj,-59.0203140250586,52.9796859749414,1000
brg,-1.37160709218666,15.628392907813339,1000
ydx,-42.17093881922975,72.82906118077025,1000
zay,-25.53778809697406,36.46221190302594,1000
adh,-3.1931692166283066,88.8068307833717,1000
ikl,-59.69281152266931,3.307188477330692,1000
awo,-61.42431802549949,37.57568197450051,1000
kqs,-79.13990210104657,4.86009789895342,1000
nke,-31.181771617385856,84.81822838261414,1000
tld,-35.44885324450757,14.551146755492436,1000
aws,-22.106204776304917,87.89379522369508,1000
tbp,-58.18190881902358,39.81809118097642,1000
ghv,-63.370053966925624,39.629946033074376,1000
hbc,-71.7306430825385,53.26935691746149,1000
ryu,-42.98652843628484,94.01347156371516,1000
lqe,-38.29737722255155,73.70262277744845,1000
afr,-5.845515945886112,12.154484054113889,1000
hvh,-50.0421861015658,45.9578138984342,1000
gij,-81.7790658801183,67.2209341198817,1000
lgz,-24.392056535250298,63.6079434647497,1000
fvb,-40.408149679125664,58.591850320874336,1000
ivi,-43.68059373965701,13.31940626034299,1000
rss,-43.814468619127005,44.185531380872995,1000
vlb,-91.07932392005304,79.92067607994696,1000
bks,-83.88474837140919,47.11525162859081,1000
uew,-62.95188028969968,32.04811971030032,1000
cua,-42.438415686308026,12.56158431369197,1000
pwo,-24.933618807500732,79.06638119249926,1000
vul,-82.39770712992186,58.60229287007815,1000
uxh,-85.00701107982547,30.99298892017452,1000
rxe,-64.23707009114254,80.76292990885746,1000
dor,-15.21585402192129,83.78414597807871,1000
rry,-3.4616616620277334,8.538338337972267,1000
cmm,-16.633123348340735,19.366876651659265,1000
xcn,-67.28874830008886,98.71125169991114,1000
yhy,-1.000252987427915,27.999747012572087,1000
wmh,-45.03475410161163,20.965245898388368,1000
zpi,-34.51525257111409,8.484747428885909,1000
ola,-43.17812374695427,90.82187625304573,1000
ihh,-79.33372268049985,69.66627731950015,1000
htu,-90.50027205538501,52.49972794461499,1000
cgl,-41.08717373998159,34.91282626001841,1000
owc,-43.24442139655197,56.75557860344803,1000
lqw,-2.2319814874490898,95.76801851255091,1000
umn,-30.28306488536492,9.716935114635083,1000
the,-29.608687868703527,48.39131213129647,1000
aak,-21.27321652416856,14.726783475831441,1000
aqi,-56.422238631950165,85.57776136804983,1000
qlv,-93.00840866594292,67.99159133405708,1000
jws,-83.07641007595937,42.92358992404063,1000
kqg,-91.26465067765515,92.73534932234485,1000
xbs,-66.50113142039756,95.49886857960244,1000
ozr,-9.575085369013273,87.42491463098672,1000
mld,-73.73664442917342,1.2633555708265778,1000
prn,-69.66034560867723,30.339654391322764,1000
fut,-75.76360694539423,22.236393054605767,1000
sma,-40.01457907781395,76.98542092218605,1000
wtp,-63.065083173723046,35.934916826276954,1000
qyr,-2.659657932341903,90.3403420676581,1000
rph,0.6844173714978826,67.68441737149789,1000
owi,-9.480266080705142,42.51973391929486,1000
ahq,-18.072866802673907,45.92713319732609,1000
mvw,-89.24456687216058,6.755433127839429,1000
vyy,-77.42713157845364,47.57286842154636,1000
txx,-36.792431999068924,44.207568000931076,1000
emu,-86.59629662937662,86.40370337062338,1000
fnd,-10.495215223996215,96.50478477600379,1000
jdl,-23.531425758008755,75.46857424199125,1000
fnd,-29.26561302921067,95.73438697078933,1000
rar,-55.252576159205994,58.747423840794006,1000
qwg,-75.035913256713,91.964086743287,1000
hcv,-26.585294139678652,4.414705860321348,1000
vao,-11.490611258588036,77.50938874141197,1000
zei,-41.13182238474402,1.8681776152559817,1000
qgr,-0.9789320408928031,31.021067959107196,1000
kcd,-54.26126425713306,6.738735742866941,1000
kqq,-66.7414421603956,60.25855783960441,1000
sgp,-31.947876839093517,56.05212316090648,1000
qyq,-26.44116882348406,16.55883117651594,1000
gcx,-69.14576472539692,57.854235274603084,1000
hns,-33.868808658396986,55.131191341603014,1000
hme,-38.464740094964945,36.535259905035055,1000
kad,-16.601184007379874,70.39881599262013,1000
nfy,-81.66029910023316,80.33970089976684,1000
uws,-13.550724403180796,41.449275596819206,1000
aai,-27.144424181087953,32.855575818912044,1000
jhr,-64.03523822431335,23.964761775686657,1000
hqn,-60.96749275094449,52.03250724905551,1000
fbf,-43.65503145606141,72.34496854393859,1000
mcg,-81.31519821480487,16.68480178519513,1000
xwf,-35.753293145007476,98.24670685499252,1000
ock,-53.275514401167555,64.72448559883244,1000
dep,-40.24363467523481,48.75636532476519,1000
cdp,-49.17580772696402,12.824192273035987,1000
khr,-34.182919537719506,39.817080462280494,1000
vrb,-52.74078722347725,38.25921277652275,1000
sgp,-6.7898413713582375,82.21015862864176,1000
olr,-0.17635215080305822,57.823647849196945,1000
zpv,-19.02460632445869,59.975393675541305,1000
blt,-89.69961259956406,92.30038740043594,1000
lbv,-89.25820031243731,78.74179968756269,1000
rkn,-68.75745688174358,79.24254311825642,1000
atq,-85.1944601065141,67.8055398934859,1000
zar,-55.14197718605058,41.85802281394942,1000
kgf,-69.71736585070153,70.28263414929847,1000
rwi,-61.938378581589504,42.061621418410496,1000
nej,-34.79147134034435,10.208528659655647,1000
shi,-65.92911029643484,87.07088970356516,1000
pdt,-69.7233391623801,3.2766608376198967,1000
dny,-93.06113564162008,9.938864358379911,1000
jku,-8.948292425082425,11.051707574917575,1000
guy,-51.20409156135245,82.79590843864754,1000
cyz,-91.32500529047614,92.67499470952386,1000
pid,-47.599018169089256,1.4009818309107454,1000
xeh,-94.79208222381997,0.20791777618002039,1000
tmu,-55.321765313040736,34.678234686959264,1000
esb,-54.845343215630756,72.15465678436925,1000
hit,-60.31496658031278,79.68503341968723,1000
fmq,-36.78803641403266,12.211963585967338,1000
hiv,-95.25454437326475,81.74545562673525,1000
uhe,-22.728241935744542,46.27175806425546,1000
clr,-57.72180783838854,93.27819216161146,1000
jkp,-16.06676243034321,36.93323756965679,1000
cpk,-59.88682841640855,58.11317158359145,1000
haa,-72.78948941070311,39.21051058929689,1000
wog,-69.04914412812968,64.95085587187032,1000
pgi,-16.825005714938726,3.1749942850612736,1000
put,-82.1088980369867,48.8911019630133,1000
cli,-62.21741330170643,36.78258669829357,1000
uab,-19.20492821432384,2.795071785676161,1000
hxf,-94.5644330640696,70.4355669359304,1000
brc,-65.87799848647394,23.122001513526058,1000
dvb,-88.23779118803002,12.76220881196999,1000
hij,-79.37888741431992,8.621112585680077,1000
mzr,-2.0063119039132453,3.9936880960867547,1000
qtb,-68.25758478672273,87.74241521327727,1000
pju,-20.11561244651092,97.88438755348908,1000
pko,-54.91104542601512,53.08895457398488,1000
kwg,0.4076423354918809,37.40764233549188,1000
lzw,-50.52159669133026,72.47840330866974,1000
ffr,-75.52749037024873,20.472509629751276,1000
zjr,-48.36253473717934,93.63746526282065,1000
fyx,-83.81447916056416,61.18552083943584,1000
ygp,-35.764866566573495,38.235133433426505,1000
cfi,-57.26665116620626,64.73334883379374,1000
sdr,-25.78318357054814,87.21681642945187,1000
shz,-45.92299963664172,49.07700036335828,1000
pht,-53.024608543868744,60.975391456131256,1000
eht,-61.12863975905929,49.87136024094071,1000
icr,-64.83711228139536,86.16288771860464,1000
tiw,-61.55985689273325,38.44014310726675,1000
utz,-85.48262437691717,31.517375623082824,1000
zmi,-34.10155403999106,36.89844596000894,1000
yzo,-30.758990916818597,60.2410090831814,1000
cxq,-31.000079592459862,79.99992040754013,1000
mjw,-87.27200386873591,69.72799613126409,1000
mcd,-95.48864308191733,60.51135691808267,1000
xqi,-44.105449005390675,74.89455099460933,1000
med,-56.54139074028683,70.45860925971317,1000
oal,-4.936816756304237,77.06318324369576,1000
vxa,-52.20227573352851,11.797724266471494,1000
gyb,-9.135898945383973,17.864101054616025,1000
vko,-64.72436923575238,25.275630764247627,1000
svj,-60.31936916371314,16.68063083628686,1000
gdd,-73.42981311428765,62.57018688571235,1000
dpi,-45.63624086125148,85.36375913874852,1000
ceb,-17.471418531563707,76.52858146843629,1000
yju,-82.34087737717205,40.65912262282795,1000
wpd,-25.733764890480472,85.26623510951953,1000
ksv,-86.5487794135275,85.4512205864725,1000
kqr,-70.32978931334702,20.670210686652986,1000
alz,-31.880550819630763,32.11944918036924,1000
mht,-48.74909910969945,78.25090089030054,1000
bpl,-67.64625984323003,14.353740156769975,1000
xvk,-79.44799933166735,68.55200066833265,1000
ath,-95.40879467637812,57.59120532362188,1000
rds,0.5811237465739805,57.58112374657398,1000
gaj,-33.705627242714264,58.294372757285736,1000
syc,-53.181590561347754,60.818409438652246,1000
wnf,-23.781989292598777,30.218010707401223,1000
jtc,-72.61660216628897,45.38339783371102,1000
hda,-90.76391018231334,75.23608981768666,1000
qbi,-66.11188406055332,81.88811593944668,1000
iag,-72.4761395987317,79.5238604012683,1000
dqi,-24.87489161567618,27.12510838432382,1000
vox,-72.66922932886055,55.33077067113945,1000
por,-77.36794887118694,4.632051128813062,1000
via,-16.522449135681775,45.477550864318225,1000
xns,-47.40859978920234,13.591400210797657,1000
vas,0.6154655414085346,65.61546554140854,1000
yyz,-20.54020815702104,30.45979184297896,1000
rss,-50.46101526865294,11.538984731347059,1000
gqy,-87.20251879521713,38.797481204782876,1000
iej,-12.871223817000885,51.12877618299911,1000
anz,-42.91204270322778,62.08795729677222,1000
mhd,-46.215627018967425,62.784372981032575,1000
pyp,-88.64832120184155,93.35167879815845,1000
oxp,-45.41604396525407,6.583956034745928,1000
jxt,-41.75132290744622,48.24867709255378,1000
ytx,-21.79494942017554,2.2050505798244573,1000
bhp,-59.0413548369055,20.9586451630945,1000
icw,-92.39213217024118,53.607867829758824,1000
mtq,-67.47474390205853,6.525256097941461,1000
pye,-52.47092286028313,89.52907713971686,1000
yvo,-15.641851755426734,52.358148244573265,1000
cos,-15.411598462758135,14.588401537241865,1000
kpk,-17.001731442834426,35.998268557165574,1000
pwm,-29.355213637910996,15.644786362089004,1000
xjl,-43.85225911096481,31.14774088903519,1000
eex,-91.30256752818686,95.69743247181314,1000
hfa,-0.15168808815954216,65.84831191184045,1000
ekf,-22.311340388581453,24.688659611418547,1000
gxu,-89.09702604012517,26.90297395987483,1000
rli,-46.44129821403394,31.558701785966054,1000
bve,-45.58917885240101,15.410821147598988,1000
uhi,-27.18658633570048,52.813413664299524,1000
awk,-58.01646157904274,50.98353842095726,1000
oki,-1.5573534944436538,70.44264650555634,1000
epk,-35.730687710487494,47.269312289512506,1000
soo,-57.930600159870515,78.06939984012949,1000
hjm,-77.30550393276066,54.69449606723935,1000
mjv,-3.5420360846752583,14.457963915324742,1000
nog,-49.65431335588525,23.34568664411475,1000
yyy,-68.25122240169944,96.74877759830056,1000
tcj,-72.31002401163128,12.689975988368714,1000
lqt,-64.15301397496609,68.84698602503391,1000
fho,-60.533008468064104,61.466991531935896,1000
uvr,-70.52621437434506,12.473785625654946,1000
psy,-90.0981370021583,54.901862997841704,1000
mhv,-82.71767450062227,91.28232549937773,1000
fcv,-43.46459661416777,11.53540338583223,1000
qgz,-0.28874333071614866,36.71125666928385,1000
cmw,-5.658392883186066,5.341607116813934,1000
rzi,-53.83897600256863,70.16102399743137,1000
iio,-65.71681765075157,84.28318234924843,1000
qfv,-50.58909067700897,0.41090932299103455,1000
jna,-60.16205934496039,45.83794065503961,1000
tzb,-14.144913950420104,44.855086049579896,1000
het,-37.72521110080797,72.27478889919203,1000
dta,-54.68723481590271,32.31276518409729,1000
eyk,-81.77848384056036,32.22151615943965,1000
xsb,-86.69782783617288,30.302172163827116,1000
tct,0.9210799147547127,60.92107991475471,1000
kfz,-7.371322189336986,5.628677810663014,1000
gol,-25.213154269092694,95.7868457309073,1000
rjw,-75.97535806045614,65.02464193954386,1000
cie,-47.99255707556151,52.00744292443849,1000
ozj,-21.123251678464726,30.876748321535274,1000
kne,-45.66127938529235,39.33872061470765,1000
bin,-13.254024153226808,43.74597584677319,1000
own,-3.790795801511068,2.209204198488932,1000
whs,-77.60795345116482,51.39204654883518,1000
xae,-1.6867272028976994,43.3132727971023,1000
ejx,-11.41844741802453,9.58155258197547,1000
muo,-4.225526995798635,62.77447300420137,1000
ych,-35.15928750429769,35.84071249570231,1000
omx,-91.95940023469338,57.04059976530663,1000
fdl,-85.66120113786404,37.33879886213596,1000
pbb,-31.368802251651815,65.63119774834819,1000
ouf,-15.404977199219477,3.595022800780522,1000
rew,-87.78394218704113,79.21605781295887,1000
qhb,-88.05697160609796,48.94302839390205,1000
nzm,-57.43587083395604,42.56412916604396,1000
erg,-52.22206981736636,57.77793018263364,1000
hpd,-17.691455337026987,23.308544662973013,1000
bra,-97.42331298630636,88.57668701369364,1000
xsb,-96.83098701515145,94.16901298484855,1000
ijd,-56.29742854117356,42.70257145882644,1000
coq,-74.12610559580877,33.87389440419123,1000
vbe,-56.88484705945791,5.115152940542092,1000
ktq,-90.93722599194305,1.0627740080569532,1000
rfh,-10.294755683295671,80.70524431670432,1000
xni,-31.76198202593164,63.238017974068356,1000
orw,-43.361605038547914,79.6383949614521,1000
dlw,-43.50109586461376,53.49890413538624,1000
ngl,-89.30160205844442,73.69839794155558,1000
jhf,-44.94884805095695,38.05115194904305,1000
vmk,-37.433366434197296,49.566633565802704,1000
jnt,-88.62566016725717,20.374339832742834,1000
mms,-62.5203567147444,42.4796432852556,1000
dsx,-11.777267782499278,62.22273221750072,1000
tze,-24.935409809936193,47.06459019006381,1000
xci,-92.37750202613084,22.62249797386916,1000
odd,-42.76837462632059,73.2316253736794,1000
eby,-52.167039771804724,16.832960228195276,1000
qfa,-51.77700775950302,46.22299224049698,1000
xhi,-6.0145818595877465,35.98541814041225,1000
lws,-87.8271518066458,54.172848193354206,1000
paq,-73.01939054555851,27.98060945444149,1000
rfb,-37.181587177844875,68.81841282215512,1000
ppj,-61.36344116465926,36.63655883534074,1000
gwn,-81.08743930503512,37.91256069496489,1000
drc,-66.6529843214858,75.3470156785142,1000
xnz,-33.88253713020817,97.11746286979182,1000
xea,-94.11976616422201,23.880233835777982,1000
gqq,-1.16423213374898,10.83576786625102,1000
aym,-61.865912391618785,32.134087608381215,1000
kjp,-86.97133799300191,92.02866200699809,1000
ftq,-57.03873319037058,60.96126680962942,1000
wkd,-4.293309728476431,31.70669027152357,1000
aln,-1.6780439953651163,78.32195600463488,1000
loe,-51.748351371043405,79.25164862895659,1000
qtw,-46.03079222213582,25.96920777786418,1000
wsq,-51.20894771938173,97.79105228061826,1000
fso,-76.07814064102277,14.921859358977233,1000
qmx,-85.01652802534029,83.98347197465971,1000
rix,-32.86397195573932,24.136028044260676,1000
yef,-32.82760494714898,93.17239505285103,1000
fdi,-22.20315074754636,47.79684925245364,1000
har,-64.37033670309309,10.629663296906918,1000
odm,-44.847864154605546,6.152135845394452,1000
nyx,-9.574922923891467,68.42507707610854,1000
gvt,-58.19943481827103,50.80056518172897,1000
ylh,-59.62711179442933,60.37288820557067,1000
hwh,-14.250397629556064,77.74960237044394,1000
uxv,-5.959683339617833,70.04031666038216,1000
vht,-70.11912108446047,32.880878915539526,1000
tpr,-41.82885974592721,65.1711402540728,1000
ecj,-19.85839310065642,45.14160689934358,1000
kzk,-56.64968922185575,60.35031077814425,1000
msy,-35.722267569832944,11.277732430167053,1000
okx,-43.927947034160205,17.072052965839795,1000
adu,-0.6485149293524869,69.35148507064751,1000
war,-29.52692511951688,10.473074880483122,1000
knw,-13.72537559920146,1.2746244007985403,1000
viu,-26.96631942363391,17.03368057636609,1000
icj,-63.993144847947214,88.0068551520528,1000
sar,-61.63589621792365,45.36410378207635,1000
mqf,-77.43768023789272,87.56231976210728,1000
sdd,-40.797975972609045,46.202024027390955,1000
quo,-18.769437949946376,20.230562050053624,1000
rfr,-38.056171609626254,33.943828390373746,1000
urj,-53.056008956666446,12.943991043333556,1000
gne,-78.89125751959587,74.10874248040413,1000
sgn,-62.49291691078462,48.50708308921538,1000
hxs,-90.05786855893426,3.9421314410657375,1000
lqo,-95.89795039895336,72.10204960104664,1000
wrz,-70.55627753098499,24.443722469015018,1000
pjt,-57.82129285593079,26.17870714406921,1000
nsx,-31.28436479664066,31.71563520335934,1000
jhw,-79.67353824164158,50.32646175835842,1000
diz,-57.6693375532205,64.3306624467795,1000
eed,-81.53850059089838,62.46149940910162,1000
bqs,-67.08920394107516,21.910796058924845,1000
adi,-96.81350263163928,1.186497368360724,1000
pkt,-95.2831455110031,90.7168544889969,1000
mpv,-88.35239598262807,42.64760401737193,1000
iqz,-12.573217850934732,57.42678214906527,1000
skp,-58.47601350299828,18.523986497001726,1000
khz,-4.244945704717317,80.75505429528268,1000
hyf,-33.558927527242695,51.441072472757305,1000
djc,-72.35220627070353,87.64779372929647,1000
aqi,-53.853465135352366,14.146534864647633,1000
pkq,-82.9894271183363,1.0105728816636999,1000
bxj,-26.76214275689566,60.23785724310434,1000
vvy,-0.44574239396597026,76.55425760603403,1000
rtn,-20.486946968868807,94.5130530311312,1000
zzi,-79.41963885830599,85.58036114169401,1000
spg,-49.84815407305416,14.151845926945837,1000
cnm,-13.17184298159351,59.82815701840649,1000
bkw,-56.99385192773813,6.0061480722618725,1000
avw,-82.74104505547152,29.258954944528487,1000
lag,-38.09391966154174,31.90608033845826,1000
kfm,-8.605258370145505,94.3947416298545,1000
btt,-78.1882153650417,70.8117846349583,1000
cld,0.7743483595583066,43.77434835955831,1000
fbg,-73.50520097751361,56.49479902248639,1000
vzr,-79.28126886726419,68.71873113273581,1000
ger,-40.81766164470129,51.18233835529871,1000
fqq,-39.34892117493626,33.65107882506374,1000
ipp,-95.12034579651527,31.879654203484733,1000
hvn,-63.538751222352545,68.46124877764746,1000
hea,-7.077984688796061,1.9220153112039389,1000
gsi,-63.15577082186746,7.844229178132536,1000
drj,-32.2713279049605,1.7286720950395007,1000
zku,-77.87048928677244,29.129510713227557,1000
fnc,-4.417530060834765,91.58246993916524,1000
gfh,-88.20313526811184,54.79686473188817,1000
sza,-17.128435588669145,30.871564411330855,1000
xwm,-29.12427563544464,27.87572436455536,1000
rhn,-31.095118915895515,43.90488108410448,1000
mgk,-35.46249052194696,49.53750947805304,1000
nvk,-34.10200448792064,72.89799551207936,1000
rme,-10.41082594978464,85.58917405021536,1000
wkl,-70.84904511615117,66.15095488384883,1000
zxq,-68.80859614938079,17.191403850619214,1000
dlj,-7.232627945751718,92.76737205424828,1000
smc,-40.659840340160954,30.34015965983905,1000
ojo,-19.082049889964438,91.91795011003556,1000
ver,-88.0390779235468,95.9609220764532,1000
vej,-84.1777268039929,75.8222731960071,1000
dlo,-40.020471266653,65.97952873334701,1000
mcd,-17.787291289433977,63.21270871056602,1000
hyd,-74.03287428456333,59.967125715436666,1000
wxv,-50.32349865390236,37.67650134609764,1000
ifu,-90.94566086772022,9.054339132279786,1000
mhr,-25.413874682963336,79.58612531703666,1000
uuv,-61.03143850161799,15.96856149838201,1000
inq,-9.002025099540496,75.9979749004595,1000
icm,-10.81467001899244,25.18532998100756,1000
kkr,-95.49645335997754,6.503546640022467,1000
isw,-90.65815943386556,43.34184056613444,1000
idw,-76.19668265468896,40.803317345311044,1000
vlc,-79.63373018814376,2.3662698118562475,1000
lzd,-92.09944400009164,43.90055599990837,1000
haq,-89.40155369696387,49.59844630303613,1000
fyr,-24.930883657345056,16.069116342654944,1000
yii,-77.79621196575262,55.20378803424738,1000
ilf,-38.67906543949617,77.32093456050383,1000
oxp,-76.35350050576577,51.64649949423424,1000
kza,-45.98116451890793,29.018835481092072,1000
qhl,-22.332095650636624,39.667904349363376,1000
hqr,-29.459094051147552,62.54090594885245,1000
qmj,-18.543936236787474,42.456063763212526,1000
zxk,-66.68529736724989,47.31470263275012,1000
dus,-77.01094391208846,28.989056087911536,1000
jst,-43.41411873444514,67.58588126555486,1000
joi,-77.06791694516312,14.932083054836884,1000
