tvs,-82.65897569874001,34.341024301259985,1000
yvu,-21.255412049244676,89.74458795075532,1000
aji,-12.662423602108076,24.337576397891926,1000
adk,-74.39444645081457,18.605553549185434,1000
ztn,-87.68816337618225,95.31183662381775,1000
jmh,-80.97887720894019,85.02112279105981,1000
vcc,-71.22519141557474,10.774808584425262,1000
qwt,-94.63811368522879,73.36188631477121,1000
vrt,-73.73102964478149,69.26897035521851,1000
pld,-44.6219830374218,67.3780169625782,1000
wlp,-69.45329225001088,75.54670774998912,1000
cjp,-29.6654436779758,25.3345563220242,1000
vvj,-13.456141502938856,28.543858497061144,1000
ezk,-40.66886140941874,34.33113859058126,1000
tke,-71.8637148972933,32.1362851027067,1000
qgd,-15.606990601886642,56.39300939811336,1000
nke,-6.194608936215223,38.805391063784775,1000
nkt,-71.08067614523607,84.91932385476393,1000
xjl,-23.61295389311601,0.38704610688398955,1000
iqc,-59.23136049183994,2.76863950816006,1000
qqo,-37.54477018333474,8.455229816665263,1000
csy,-13.858359496790307,7.141640503209694,1000
guo,-15.93818067118621,12.06181932881379,1000
shp,-60.13031486432147,7.869685135678528,1000
krk,-4.298089930629557,20.70191006937044,1000
kaj,-47.67748995134614,67.32251004865387,1000
nrm,-69.43674837905249,30.56325162094751,1000
rxa,-36.53494289924542,82.46505710075458,1000
sqd,-19.481302428745163,2.5186975712548367,1000
umd,-40.897624701343496,15.102375298656503,1000
hgo,-67.60651235669019,77.39348764330981,1000
cgv,-32.76217725952839,94.23782274047161,1000
bri,-83.03797234715562,66.96202765284438,1000
jtp,-51.236324603320284,15.76367539667972,1000
sjl,-96.1434251152501,22.856574884749907,1000
fgx,-69.06487678092545,48.935123219074555,1000
hpq,-80.06005592628121,24.939944073718785,1000
rww,-50.22217827952521,86.77782172047479,1000
nnk,-54.46169595567413,51.53830404432587,1000
zkl,-92.29196239043983,66.70803760956017,1000
gep,-1.2232784219751478,72.77672157802485,1000
mbx,-8.101976219809606,96.8980237801904,1000
fia,-45.65321951293859,57.34678048706141,1000
qyd,-95.3922625477051,55.6077374522949,1000
lxm,-67.91827658525209,68.08172341474791,1000
cdo,-3.620789910476896,52.379210089523106,1000
mnr,-71.31612913258961,51.68387086741039,1000
usc,-53.24958188112482,94.75041811887517,1000
zen,-48.24184887124444,73.75815112875556,1000
mwp,-40.05104749584633,59.94895250415367,1000
fvv,-79.86722827158229,71.13277172841771,1000
dum,-95.06042212340282,67.93957787659718,1000
qwu,-83.88244811098204,9.117551889017959,1000
abu,-22.76121487383634,97.23878512616366,1000
eau,-56.09872065746553,16.901279342534473,1000
dkf,-80.47002187502075,32.52997812497925,1000
yrv,-49.270212891892506,15.729787108107496,1000
odu,-82.14453366275251,15.855466337247488,1000
toi,-21.57319610677761,92.4268038932224,1000
zmz,-7.563958763116703,72.4360412368833,1000
tyn,-62.81684932930899,67.183150670691,1000
osv,-59.541150543668316,78.45884945633168,1000
swf,-12.290771667140815,72.70922833285918,1000
fyf,-78.41646005989948,5.5835399401005255,1000
goj,-47.09103226419465,4.908967735805348,1000
ghn,-50.49775215874402,1.502247841255976,1000
wwo,-25.37227842296182,38.62772157703818,1000
tfc,-97.99672170480491,46.00327829519508,1000
fqd,-73.43217403803996,94.56782596196004,1000
szy,-54.17490503010585,60.82509496989415,1000
arx,-67.4894264333259,27.51057356667409,1000
kwb,-36.252266762595475,5.747733237404521,1000
mqc,-72.83150787942242,4.168492120577582,1000
chd,-14.31143893588451,63.68856106411549,1000
pwi,-65.25347758670918,36.74652241329082,1000
cwa,-96.16780622038759,54.83219377961242,1000
mze,-41.17723810578027,33.82276189421973,1000
tki,-80.3272350908486,45.67276490915139,1000
pvm,-57.751831117635824,9.248168882364174,1000
ixz,-77.1846300450391,42.81536995496091,1000
vyy,-54.816563533364835,34.183436466635165,1000
ror,-84.34008990188642,43.659910098113585,1000
qxu,-69.99879103670119,26.0012089632988,1000
puz,-88.11862478396003,77.88137521603997,1000
qqt,-46.16024049735707,95.83975950264292,1000
pgg,-67.5641667467957,31.435833253204294,1000
hmj,-37.28434881741512,40.71565118258488,1000
fke,-90.3861004879314,14.613899512068599,1000
fxt,-83.1260935420406,33.87390645795939,1000
hxx,-83.5960361853333,17.403963814666696,1000
sll,-61.74831652472005,7.251683475279947,1000
fty,-33.49821912646861,53.50178087353139,1000
msp,-64.35693869773345,56.64306130226655,1000
fjp,-58.07291321408844,24.927086785911566,1000
ziz,-62.96237520468378,74.03762479531622,1000
pco,-12.528665323254794,41.47133467674521,1000
uzq,-73.34382099818562,1.6561790018143765,1000
meb,-0.606036258879845,46.39396374112015,1000
wrb,-25.875665288857334,88.12433471114267,1000
rws,-27.351821575583074,3.648178424416925,1000
oez,-7.870839587020171,88.12916041297983,1000
qtj,-44.601525370554526,65.39847462944547,1000
wug,-15.978274894352461,32.02172510564754,1000
rom,-43.940781665665575,42.059218334334425,1000
bhw,-36.10506718609619,98.89493281390381,1000
nnh,-14.75249321608864,31.24750678391136,1000
hhb,-81.04648508456177,20.953514915438227,1000
chu,-39.27281730644396,28.72718269355604,1000
wts,-30.776018305697544,31.223981694302456,1000
cqb,-84.35539383272318,71.64460616727682,1000
kqd,-21.011809075767523,5.988190924232476,1000
yzv,-50.848704379273364,12.15129562072664,1000
nug,-30.217511767994647,53.78248823200535,1000
lis,-96.23742891983093,25.76257108016906,1000
ddb,-41.368028344802845,38.631971655197155,1000
bun,-82.79497789647553,51.20502210352446,1000
ymj,-57.05551625421395,75.94448374578604,1000
ygg,-96.17506077970133,76.82493922029867,1000
uce,-85.61011970621696,1.3898802937830368,1000
gbb,-38.86271239412003,19.137287605879973,1000
qdu,-21.095224594788316,54.90477540521168,1000
qnu,-57.11736997510777,19.882630024892233,1000
dja,-72.00589444395807,4.994105556041934,1000
arf,-62.977674268828295,53.022325731171705,1000
zte,-20.516998390746814,64.4830016092532,1000
xab,-30.114149141687644,32.88585085831235,1000
cvt,-47.03466360418832,97.96533639581168,1000
bal,-45.20088881042553,89.79911118957446,1000
lto,-39.44907545574658,49.55092454425342,1000
hag,-76.89780664053079,8.102193359469206,1000
hov,-79.40058822176022,96.59941177823978,1000
gqk,-8.599829246568133,96.40017075343187,1000
xec,0.21791135692914787,96.21791135692915,1000
pvn,-21.952351624220103,10.047648375779897,1000
itn,-38.210592230946574,59.789407769053426,1000
jfl,-41.18179017094008,91.81820982905991,1000
njk,-57.61969493538318,45.38030506461682,1000
upd,-72.53692179526472,64.46307820473528,1000
qyw,-63.04068852698807,78.95931147301192,1000
jzk,-71.63142254336849,68.36857745663151,1000
sdf,-19.395708794586028,63.60429120541397,1000
fjo,-78.62074227213802,15.379257727861988,1000
zwq,-30.36436755213531,25.63563244786469,1000
iib,-74.54617916970062,0.4538208302993778,1000
hfy,-43.19667130787261,97.80332869212738,1000
paq,-30.849835685697503,18.150164314302497,1000
wbt,-44.071177883055064,44.928822116944936,1000
mks,-37.08886652574668,12.91113347425332,1000
rxw,-55.931825051105875,91.06817494889413,1000
gft,-34.364890887989084,79.63510911201092,1000
dxj,-17.654355405190454,68.34564459480954,1000
gik,-69.38242469765798,66.61757530234202,1000
oku,-53.27065397933699,80.729346020663,1000
euy,-29.269185876997845,43.730814123002155,1000
tic,-58.52037413109861,38.47962586890139,1000
tpy,-71.3928755175306,16.6071244824694,1000
bum,-47.58952077011521,5.410479229884793,1000
uvd,-34.93734475205944,17.062655247940558,1000
jmw,-23.64686199657183,58.35313800342817,1000
xaw,-24.21885797704057,39.78114202295943,1000
cgy,-13.731997966968095,15.268002033031905,1000
hku,-23.384015750617227,50.61598424938278,1000
phs,-33.76609163500202,77.23390836499799,1000
cdh,-6.931908697295199,4.068091302704801,1000
ned,-89.61044506610672,79.38955493389328,1000
lpq,-59.53196164831469,47.46803835168531,1000
ory,-88.53037798129387,85.46962201870613,1000
ksz,-95.49847580021415,45.50152419978585,1000
nnf,-34.922222193934296,93.0777778060657,1000
luo,-50.218484720571695,17.781515279428305,1000
cqr,-0.6327871914896596,1.3672128085103403,1000
dst,-48.79616623085882,38.20383376914118,1000
udf,-89.20744836989518,61.792551630104825,1000
cuk,-70.81272856644357,20.18727143355643,1000
maf,-43.65205472343285,64.34794527656716,1000
jbt,-95.26195740328183,9.738042596718167,1000
hon,-37.838770351381655,5.161229648618345,1000
pon,-96.85000028427307,31.149999715726935,1000
kmk,-48.407110102379235,63.592889897620765,1000
hne,-16.921758909308913,21.078241090691087,1000
cen,-74.09651416387702,86.90348583612298,1000
ozs,-15.782972184703395,76.2170278152966,1000
znq,-6.2785697703293915,52.72143022967061,1000
wbq,-56.21231522731735,74.78768477268265,1000
lzc,-35.25745289610077,75.74254710389923,1000
bxb,-15.88578531320557,49.114214686794426,1000
ftf,-78.65595330303324,62.34404669696676,1000
hrg,-60.08304132021087,28.916958679789133,1000
yqu,-18.135332628610918,45.86466737138908,1000
noj,-73.14768792392027,6.85231207607972,1000
pnq,-93.79962335545149,38.200376644548506,1000
lbo,-82.19690235160358,38.80309764839641,1000
cje,-94.5484241744728,12.451575825527206,1000
led,-26.983650260835677,90.01634973916433,1000
uey,-66.89072289778592,20.109277102214087,1000
hnq,-63.412139194061254,74.58786080593875,1000
cwh,-20.434800341739383,89.56519965826061,1000
ijz,-12.923084716757199,20.0769152832428,1000
jux,-18.504930965530125,36.49506903446987,1000
qca,-16.60689971417467,33.39310028582533,1000
xly,-77.98157926556807,26.018420734431924,1000
ndh,0.8190627524896914,72.81906275248969,1000
wjw,-70.36493790577859,2.6350620942214094,1000
srl,-65.17071219690204,58.829287803097955,1000
htx,-16.369445261858377,9.63055473814162,1000
osy,-67.14185403574744,8.858145964252557,1000
nnt,-61.37678142750616,51.62321857249384,1000
azp,-46.07760683151819,2.9223931684818125,1000
jdi,-45.1283993090291,19.8716006909709,1000
ncp,-6.97397054656966,67.02602945343034,1000
khw,-46.36326538091995,71.63673461908004,1000
ibk,-44.281405225157826,80.71859477484217,1000
cff,-69.89893862209122,88.10106137790878,1000
gyv,-50.458801796461096,39.541198203538904,1000
vld,-20.49258334193575,95.50741665806426,1000
roa,-90.66374872209012,39.33625127790989,1000
cji,-85.72056228373718,43.27943771626281,1000
vkb,-62.93289787265307,83.06710212734693,1000
wlj,-63.864317478070184,0.13568252192981767,1000
mmc,-22.994995828685475,13.005004171314525,1000
opg,-90.81066107775499,37.189338922245014,1000
zjw,-53.767510607094074,9.232489392905926,1000
vah,-43.39279366727472,37.60720633272528,1000
cfp,-2.1169221969057297,88.88307780309427,1000
lej,-58.997496177811065,93.00250382218894,1000
cpk,-88.86503772896732,75.13496227103268,1000
foi,-22.75419885836229,31.24580114163771,1000
vjl,-58.35805588937065,95.64194411062935,1000
zio,-56.33049353634177,81.66950646365824,1000
skv,-21.31864918199787,93.68135081800213,1000
rgk,-68.38279772911545,26.617202270884555,1000
xuh,-74.17231119614097,35.82768880385903,1000
cvi,-60.74072122470156,8.259278775298437,1000
uyd,-31.201639361672694,43.7983606383273,1000
hpc,-28.24405725382107,33.75594274617893,1000
tdi,-23.363142834341286,81.63685716565871,1000
yju,-27.214016476656525,13.785983523343477,1000
hfw,-31.36806683402929,39.63193316597071,1000
vgi,-6.783250391520278,95.21674960847972,1000
azk,-58.67601929959878,23.323980700401222,1000
uer,-85.53786549988229,14.46213450011771,1000
udn,-41.739334023109876,10.260665976890122,1000
srv,-64.38593619122781,52.61406380877219,1000
ird,-61.335240254795785,22.664759745204215,1000
fhq,-17.767788609846626,47.232211390153374,1000
bxp,-0.16912032997501225,40.830879670024984,1000
tkl,-15.784921930595907,76.21507806940409,1000
hnw,-31.574095049121148,87.42590495087886,1000
sqv,-62.838524296642944,14.161475703357054,1000
hay,-40.083421210437514,70.9165787895625,1000
krw,-74.61123328131845,56.38876671868155,1000
fcy,-26.541689396583596,44.4583106034164,1000
vmh,-43.04742155400227,77.95257844599773,1000
cjd,-18.24388261520053,94.75611738479947,1000
yet,-69.16781528267599,66.83218471732401,1000
iaq,-31.596085943471103,51.4039140565289,1000
gdt,-7.74338867858964,65.25661132141036,1000
uzi,0.7478827857815216,60.74788278578152,1000
tas,-76.94668755247672,53.05331244752328,1000
yrt,-45.14977768731659,33.85022231268341,1000
frb,-20.74415052520642,46.25584947479358,1000
ekv,-72.96639867892006,4.033601321079943,1000
aot,-40.00410125736948,88.99589874263053,1000
tyj,-14.976162640337765,36.02383735966224,1000
aud,-21.753562484611795,74.24643751538821,1000
pjt,-60.19383714756138,85.80616285243862,1000
fds,-28.90246645401424,42.097533545985755,1000
tnk,-90.3130079952228,11.686992004777194,1000
ufh,-77.6227044075281,85.3772955924719,1000
psg,-6.457094885236665,43.542905114763336,1000
alv,-44.694685864356344,95.30531413564366,1000
xnn,-93.1422575386779,23.8577424613221,1000
nfo,-94.76941160462468,69.23058839537532,1000
zpi,-23.158948720769878,95.84105127923011,1000
nbi,-65.64639593896875,21.353604061031245,1000
zan,-7.410379755107527,52.58962024489247,1000
ali,-33.27556809172091,19.724431908279087,1000
btt,-76.25068472386062,27.74931527613938,1000
mvl,-75.49405692607853,17.50594307392147,1000
lak,-42.93552890511391,39.06447109488609,1000
tpe,-61.50993834787102,82.49006165212897,1000
dcu,-72.99618840053958,75.00381159946042,1000
deo,-34.69892187241689,55.30107812758311,1000
tlk,-22.462782852099647,87.53721714790035,1000
nau,-29.420940531381877,40.57905946861812,1000
wmr,-51.933049161949846,12.066950838050152,1000
yjb,-5.219818983768117,22.780181016231882,1000
lqq,-45.75378640599931,96.2462135940007,1000
yxj,-24.653119137931068,37.346880862068936,1000
sao,-85.8557755879326,93.1442244120674,1000
saw,-49.36821845282944,92.63178154717056,1000
pjy,-51.09902728255143,96.90097271744857,1000
anr,-6.476802131898682,1.5231978681013176,1000
nco,0.225408429370077,36.22540842937008,1000
wvh,-29.35052017811574,35.649479821884256,1000
gik,-39.87416160924789,80.12583839075211,1000
saq,-71.18650522415224,19.813494775847758,1000
lzo,-31.4355387709387,50.5644612290613,1000
maw,-91.52794965447474,95.47205034552526,1000
ujm,-71.40765763320154,44.59234236679846,1000
paz,-61.984874087868285,36.015125912131715,1000
bfo,-8.291803275443693,0.7081967245563069,1000
pdu,-58.78923167280874,92.21076832719126,1000
tcp,-39.99083532065527,59.00916467934473,1000
zuj,-17.85188094432285,88.14811905567716,1000
gof,-51.019049919487735,9.980950080512267,1000
tzi,-8.028667606057148,7.971332393942851,1000
edh,-52.9707335026414,11.029266497358597,1000
bvi,-39.28880071017194,89.71119928982806,1000
gea,-36.56097414151833,72.43902585848167,1000
zsq,-62.88647605135669,51.11352394864331,1000
eap,-78.3558128650203,27.644187134979695,1000
ubq,-89.86350105112288,56.13649894887712,1000
jxb,-43.03258884419832,58.96741115580168,1000
bpl,-17.581283658563976,18.418716341436024,1000
tqi,-26.737384836869953,96.26261516313005,1000
zmk,-55.32305649656955,68.67694350343045,1000
jsq,-48.63795647148867,84.36204352851134,1000
zci,-38.009549293992436,18.99045070600756,1000
cvo,-58.31138995877446,89.68861004122554,1000
olf,-12.43990143860317,88.56009856139683,1000
kux,-77.51827488785847,73.48172511214153,1000
uxg,-79.87624650962564,25.123753490374348,1000
pis,-88.76250559037423,67.23749440962577,1000
abp,-30.20021216903925,53.799787830960746,1000
gtp,-11.19879352177089,47.80120647822911,1000
qup,-18.401720702032332,76.59827929796766,1000
ata,-73.90664601849463,64.09335398150537,1000
hus,-96.3182796951725,58.6817203048275,1000
xtr,-7.304709393585402,52.695290606414595,1000
iyy,-56.326423655231835,51.673576344768165,1000
qjb,-41.402599095339404,22.597400904660592,1000
zpe,-35.88413314315376,43.11586685684624,1000
thk,-71.03868776412884,49.961312235871155,1000
hxl,-86.59522362366346,12.404776376336544,1000
wmg,-2.88407650555166,19.11592349444834,1000
ubu,-67.33805985252191,24.66194014747809,1000
exv,-82.42871580280827,57.57128419719172,1000
rlp,-54.60116888600988,74.39883111399011,1000
hzc,-63.17099178920689,8.829008210793116,1000
iak,-3.024254305231976,73.97574569476802,1000
xmy,-4.549278060736392,70.4507219392636,1000
lgu,-20.275846229838365,89.72415377016164,1000
ciq,-45.96542609270397,67.03457390729602,1000
mbm,-24.51881907243071,60.48118092756929,1000
chq,-93.79416517672296,82.20583482327704,1000
ckd,-5.308469438187311,34.69153056181269,1000
dql,0.7767074764902321,36.77670747649023,1000
loz,-47.06922264006049,58.93077735993951,1000
rcv,-44.327280053944584,54.672719946055416,1000
xtn,-74.70117620896248,69.29882379103752,1000
bdy,-40.98281365675862,77.01718634324138,1000
edf,-2.025835563485387,73.97416443651461,1000
jct,-37.83849809371476,73.16150190628524,1000
sfz,-16.442160306309326,5.557839693690673,1000
lar,-31.103549056559206,49.8964509434408,1000
the,-38.546273251350875,21.453726748649125,1000
ekx,-4.476441490128169,34.52355850987183,1000
uix,-96.1099775789225,73.8900224210775,1000
ohv,-10.586545967436171,51.41345403256383,1000
act,-85.11883953099907,81.88116046900093,1000
xwm,-24.04507223096402,47.95492776903598,1000
quw,-0.3169749023030358,56.68302509769696,1000
fkq,-81.34598495593322,89.65401504406678,1000
tha,-69.64998122104491,72.35001877895509,1000
zlc,-19.229090977854774,28.770909022145226,1000
kkj,-47.208426735462375,37.791573264537625,1000
eal,-19.174741677418986,53.825258322581014,1000
xgu,-37.10573802536763,47.89426197463237,1000
xxn,-86.62490318254753,64.37509681745247,1000
vok,-8.466128258544869,23.53387174145513,1000
twk,-55.35995737535766,58.64004262464234,1000
kyk,-62.10487308328489,96.89512691671511,1000
txe,-17.203218952310245,4.796781047689757,1000
kam,-73.89284971913746,76.10715028086254,1000
tie,-80.0704270318379,76.9295729681621,1000
rta,-30.67137040829067,85.32862959170933,1000
rgt,-84.19648243345446,60.80351756654554,1000
inx,-10.506255409213596,48.493744590786406,1000
pfo,-19.50126710870075,93.49873289129926,1000
cxc,-49.35931224505579,57.64068775494421,1000
mku,-6.7047629259449,73.2952370740551,1000
ihs,-45.482543165205044,30.51745683479496,1000
fek,-59.20420239196906,18.79579760803094,1000
lcp,-81.6220962700681,15.377903729931905,1000
nft,-38.62793211829143,49.37206788170857,1000
iwb,-47.69075140745112,37.30924859254888,1000
wgi,-63.02305466501682,36.97694533498318,1000
jzr,-81.45350882515902,31.546491174840984,1000
tbg,-68.21116334513434,35.78883665486566,1000
fjx,-70.2325678780107,91.7674321219893,1000
yac,-2.4508320748053407,90.54916792519467,1000
mos,-95.63873744788668,16.361262552113313,1000
qon,-88.17141086684909,42.82858913315091,1000
koo,-80.98832332436285,33.01167667563715,1000
oqk,-63.756620299876644,90.24337970012336,1000
tji,-33.66359353582169,80.33640646417831,1000
tjr,-61.753316355149515,8.246683644850483,1000
lid,-23.20351905890123,43.79648094109877,1000
upt,-54.12339637819258,3.876603621807416,1000
bti,-76.1017278072747,11.8982721927253,1000
uma,-71.24389581375816,97.75610418624184,1000
dlq,-5.004627429005043,6.995372570994957,1000
gri,-94.075961356484,47.924038643516,1000
dkd,-94.73700794544051,61.2629920545595,1000
qug,-59.735513335218606,44.264486664781394,1000
mhi,-66.11278397163039,26.88721602836961,1000
mri,-15.340982598498913,57.65901740150109,1000
hqj,-39.71869220282588,1.2813077971741227,1000
fad,-68.51554883704445,78.48445116295555,1000
gcr,-44.91858959062078,82.08141040937922,1000
tci,-40.31657147544808,2.6834285245519207,1000
nbg,-67.56786864564206,89.43213135435794,1000
whn,-26.870679638466136,24.129320361533864,1000
vuo,-90.85274872474446,2.1472512752555377,1000
cvl,-76.81988582602088,14.180114173979126,1000
srt,-15.386237392979464,90.61376260702053,1000
rfz,-61.02032803665725,30.97967196334275,1000
oil,-21.34881337628692,56.65118662371308,1000
giz,-65.44200431357109,18.557995686428917,1000
yhx,-59.89769325294995,73.10230674705005,1000
cop,-53.304394805120175,92.69560519487982,1000
pqa,-9.878877995117097,38.1211220048829,1000
kbq,-95.01856198587802,66.98143801412198,1000
img,-70.61716131436253,11.382838685637461,1000
wza,0.5763817505983571,97.57638175059836,1000
ybr,-42.34750543464998,79.65249456535003,1000
eeh,-7.534687455213005,17.465312544786993,1000
qrg,-68.39310664393311,45.606893356066884,1000
bgh,-56.87907832450823,82.12092167549177,1000
msq,-88.09189490869981,71.90810509130019,1000
xuv,-50.91115930699707,73.08884069300294,1000
whr,-8.424902052262443,68.57509794773756,1000
pcb,-0.1226932262793412,87.87730677372066,1000
hpl,-59.18562359225808,9.814376407741916,1000
uno,-10.578311139803436,40.42168886019657,1000
uhi,-47.348051263170284,94.65194873682972,1000
hnx,-42.47225625523231,10.527743744767694,1000
sgq,-91.0856417598134,61.9143582401866,1000
kmp,-88.74510554485933,92.25489445514067,1000
jqj,-77.01712638028823,62.98287361971176,1000
pwn,-62.725775830709935,73.27422416929006,1000
fnn,-86.83870988744583,42.16129011255417,1000
stt,-27.19976830103527,11.800231698964728,1000
ngy,-46.488343126025214,6.511656873974786,1000
ykf,-92.93612864552988,34.06387135447012,1000
xbg,-29.848103766079287,74.15189623392071,1000
sdw,-69.77693510957035,7.223064890429649,1000
vkg,-94.36384452621463,52.63615547378537,1000
hmw,-67.24958880753826,87.75041119246174,1000
hhn,-14.207941415466598,40.7920585845334,1000
ceh,-87.70339751960391,84.29660248039609,1000
jcl,-0.14745975163399483,5.852540248366005,1000
psi,-19.71867289787428,89.28132710212572,1000
oiw,-71.97295674666317,41.02704325333682,1000
zcw,-39.925451353721314,62.074548646278686,1000
xek,-37.16382326705902,33.83617673294098,1000
yjf,-88.86834431265434,15.131655687345653,1000
ohi,-7.631938448503555,66.36806155149644,1000
pbo,-30.5845113934902,4.415488606509801,1000
udm,-77.56160777300862,16.43839222699139,1000
rmg,-13.364629925104964,7.635370074895036,1000
rkg,-65.91175969590923,31.08824030409077,1000
krk,-15.94332251633894,0.056677483661060624,1000
lya,-38.486127000391406,71.5138729996086,1000
owp,-38.57915819893405,13.420841801065945,1000
smu,-14.517930096901246,81.48206990309876,1000
pdo,-49.824731359419204,58.175268640580796,1000
iil,-48.80161452663245,4.19838547336755,1000
ufp,-82.58882244500404,40.41117755499596,1000
lij,-94.41236170263005,41.58763829736994,1000
uxs,-86.9849172108449,20.0150827891551,1000
piq,-71.71796789342717,38.28203210657282,1000
baj,-10.766341750491735,22.233658249508263,1000
qrp,-66.7918833788893,41.2081166211107,1000
zdk,-37.345906200902306,97.6540937990977,1000
lzr,-16.54479076529521,42.45520923470479,1000
jcb,-44.876654358671594,27.123345641328406,1000
lcj,-57.89959611733631,22.100403882663688,1000
xwe,-85.76387362399194,83.23612637600806,1000
cqa,-28.10587433910985,36.894125660890154,1000
dos,-94.5950013261822,31.4049986738178,1000
xem,-96.56640653475148,87.43359346524852,1000
edk,-6.862526124498933,59.137473875501065,1000
dqt,-56.99632206852082,29.003677931479178,1000
dpu,-38.89699393778683,97.10300606221317,1000
xwl,-26.631461104385142,96.36853889561486,1000
tsb,-32.50549410446534,4.4945058955346555,1000
nnu,-19.307044867539368,61.69295513246063,1000
wty,-67.48503149399637,17.514968506003633,1000
wmu,-55.76502820365709,70.2349717963429,1000
qif,-50.87437384985295,54.12562615014705,1000
hns,-46.091426358198895,16.9085736418011,1000
dsi,-45.85095030161911,87.14904969838089,1000
xls,-8.848481604312077,16.151518395687923,1000
asn,-92.7362805298659,50.26371947013411,1000
fgd,-75.80295988155295,71.19704011844705,1000
suw,-23.801908565736042,74.19809143426396,1000
yqh,-31.153305119989827,76.84669488001018,1000
lym,-18.619321947752493,41.380678052247504,1000
bur,-39.42459034528337,92.57540965471664,1000
jru,-17.96841591705113,61.031584082948875,1000
fmk,-79.64165386076627,7.358346139233728,1000
vpr,-62.547866852805974,9.452133147194028,1000
btj,-80.95499768505975,78.04500231494025,1000
aly,-24.83806289146109,6.161937108538913,1000
veh,-47.333081162090465,66.66691883790953,1000
pes,-31.28818599252481,12.71181400747519,1000
gqp,-67.60464720442323,44.39535279557676,1000
fqj,-31.88366645586964,8.116333544130361,1000
xrg,-57.620936072890714,58.379063927109286,1000
uvj,-64.49997376395582,93.50002623604418,1000
joz,-97.80029184284878,30.199708157151218,1000
haf,-63.46568074158568,86.53431925841431,1000
xqg,-11.25608075073209,46.74391924926791,1000
tew,-29.205872896603807,77.79412710339619,1000
cjk,-97.0206359564589,97.9793640435411,1000
ibs,-71.98463780394158,77.01536219605842,1000
whu,-42.8919969127842,15.1080030872158,1000
jxp,-34.5350661761263,59.4649338238737,1000
fol,-71.64570530713215,5.354294692867853,1000
tdc,-78.69027681890276,61.30972318109724,1000
ebc,-82.94161336642024,57.05838663357975,1000
imh,-54.63117476422959,24.36882523577041,1000
acp,-76.12170310266556,0.8782968973344341,1000
cjr,-77.94545259265341,22.054547407346586,1000
moq,-26.3020271363592,93.6979728636408,1000
ait,-75.23810755741533,6.76189244258466,1000
blu,-93.92988042314099,94.07011957685901,1000
xgz,-83.34387352863224,58.656126471367756,1000
pog,-19.187562333932167,76.81243766606784,1000
fqf,-25.641152274820197,44.35884772517981,1000
mns,-58.73475668191225,13.26524331808775,1000
anw,-89.92923359919777,40.070766400802235,1000
vgn,-69.3208781424619,17.679121857538103,1000
fja,-9.197971578241049,1.8020284217589517,1000
dxc,-61.555355321498794,36.444644678501206,1000
enc,-52.54947669524562,40.45052330475438,1000
lrm,-69.22611326208714,72.77388673791286,1000
jsi,-55.064405405451936,22.935594594548064,1000
wap,-75.43521851327552,4.564781486724479,1000
mwy,-55.297132049644944,61.702867950355056,1000
mxr,-12.717197451974508,69.28280254802549,1000
xyd,-59.75765650620577,15.24234349379423,1000
ibk,-31.539920118036445,92.46007988196355,1000
igf,-25.449306823612343,77.55069317638765,1000
sav,-47.84021412004372,93.15978587995627,1000
qtz,-89.26152661343541,11.738473386564587,1000
djv,-35.79535411305001,96.20464588694999,1000
nvc,-26.004591510166158,94.99540848983384,1000
itd,-76.33717933267515,40.66282066732485,1000
dti,-10.12464698165662,66.87535301834338,1000
nop,-22.76999305314282,73.23000694685717,1000
woi,-45.120333685174835,52.879666314825165,1000
yhp,-40.744171061388705,41.255828938611295,1000
wgm,-59.48518430731608,84.51481569268391,1000
bvu,-11.646447058658564,19.353552941341437,1000
krh,-24.93838200118159,0.061617998818409236,1000
arm,-21.367501129012524,50.632498870987476,1000
fuq,-37.05074665296795,31.949253347032048,1000
etg,-76.19875287143716,71.80124712856284,1000
lqg,-44.7818546651942,74.2181453348058,1000
avz,-41.906647177032575,78.09335282296743,1000
ndg,-70.50613261465338,41.49386738534662,1000
kol,-12.91330302104897,14.08669697895103,1000
mgc,-24.51936039195185,69.48063960804815,1000
tnn,-40.602889922990485,28.39711007700952,1000
lly,-23.09757984017551,16.90242015982449,1000
mrc,-50.31618786793077,50.68381213206923,1000
dud,-12.440437569614486,53.55956243038551,1000
hii,-69.64427335795779,9.35572664204222,1000
cix,-28.602271019095653,8.397728980904347,1000
dxl,-2.1589886327296113,70.84101136727038,1000
qqp,-5.483945446769104,16.516054553230894,1000
vue,-85.47375913561278,35.526240864387226,1000
snj,-10.00790920841264,29.99209079158736,1000
puu,-72.86140550541573,76.13859449458427,1000
vjt,-27.311547652669056,68.68845234733094,1000
wyo,-71.62988338938155,96.37011661061845,1000
tms,-58.66479427839079,96.33520572160921,1000
btf,-12.56134384835962,81.43865615164037,1000
ulj,-61.209585196322664,2.7904148036773333,1000
xwz,-11.945176275095676,85.05482372490432,1000
bpz,-41.03781821237017,7.962181787629831,1000
itb,-64.19869351668426,62.801306483315734,1000
zvv,-53.66616074282767,20.333839257172325,1000
ouh,-9.933381272542317,8.066618727457683,1000
tyh,-28.353382278281856,12.646617721718144,1000
tnu,-4.895775283098738,25.104224716901264,1000
aez,-63.6301351943542,66.36986480564579,1000
pac,-49.58057156410104,73.41942843589895,1000
dha,-30.18285347563925,68.81714652436075,1000
idy,-33.186571894643144,26.81342810535686,1000
fkx,-0.9211949415362082,14.078805058463791,1000
dsc,-52.98352964407617,17.01647035592383,1000
iod,-28.735484487219708,30.264515512780292,1000
oyl,-14.435589983202078,12.564410016797922,1000
jgu,-18.7098785291253,93.2901214708747,1000
ate,-9.425181475823807,66.5748185241762,1000
gui,-86.2827842804496,67.7172157195504,1000
gqg,-1.2387290255452241,30.761270974454774,1000
iul,-50.918657986410544,66.08134201358946,1000
zze,-93.2255212198276,80.7744787801724,1000
uok,-45.83974152717262,20.16025847282738,1000
sbv,-52.534765992016084,82.46523400798391,1000
uxy,-77.54210357191025,29.45789642808976,1000
zok,-88.8630772047722,48.136922795227804,1000
anu,-21.588751921994657,94.41124807800534,1000
urv,-23.15310471434869,97.84689528565131,1000
zkm,-45.545462511183615,38.454537488816385,1000
xwd,-64.554645023217,58.445354976783,1000
usv,-45.83442322173446,29.16557677826554,1000
cyk,-0.7349500859783915,66.2650499140216,1000
vvw,-14.896788479105743,62.103211520894256,1000
bzy,-74.90491128074451,66.09508871925549,1000
sbd,-39.84735968560744,63.15264031439256,1000
cau,-86.95703012767474,27.04296987232526,1000
tli,-23.29949205824726,12.70050794175274,1000
ogd,-61.47876098206371,14.521239017936288,1000
zwr,-50.766621917276964,35.233378082723036,1000
mrq,-68.8631567850808,2.1368432149192014,1000
rcj,-7.096350643096633,63.903649356903365,1000
krf,-54.60664267013635,34.39335732986365,1000
rgt,-8.161469353029135,91.83853064697087,1000
etq,-19.45144350551792,75.54855649448209,1000
igi,-58.760572015210045,13.239427984789957,1000
sxq,-26.687546029923165,76.31245397007683,1000
uiw,-68.56553554338966,54.43446445661034,1000
awu,-83.31370896769602,57.68629103230398,1000
eau,-76.72649278667132,33.27350721332869,1000
xkt,-75.87720028705499,75.12279971294501,1000
ljv,-65.47741562317533,70.52258437682467,1000
yrv,-75.27387089574772,45.72612910425229,1000
wtk,-5.545625042419515,0.45437495758048485,1000
eba,-9.055088910633106,35.9449110893669,1000
cxe,-5.0039621175394,11.9960378824606,1000
nvq,-60.942924506146724,28.057075493853272,1000
lfy,-54.79312489040313,81.20687510959687,1000
ofy,-41.21391273525017,52.78608726474983,1000
qud,-80.45307315357024,93.54692684642976,1000
sdj,-58.95471324288607,15.045286757113928,1000
blg,-96.33396967288172,74.66603032711828,1000
lqa,-16.21359955162183,43.786400448378174,1000
aib,-43.91786478957531,18.082135210424685,1000
qbh,-7.437323166020255,81.56267683397975,1000
yyj,-56.51672777931832,40.48327222068168,1000
eqj,-1.841577297831647,61.15842270216835,1000
skx,-2.688046945410883,50.31195305458912,1000
rbe,-46.9155133485847,69.08448665141529,1000
ays,-78.78472661565222,45.21527338434778,1000
qml,-66.9395029566933,60.0604970433067,1000
hbz,-34.467448443237316,50.532551556762684,1000
hpz,-22.827974063676862,6.172025936323138,1000
lok,-46.348933960727926,65.65106603927208,1000
vaq,-63.32701130077846,68.67298869922155,1000
gyx,-36.843910950614955,70.15608904938505,1000
tuc,-69.23205248116375,75.76794751883625,1000
amp,-44.92989364665408,85.07010635334592,1000
sxd,-97.82602023044949,55.17397976955052,1000
njz,-56.36398759901207,78.63601240098792,1000
wqi,-68.75486785738994,9.24513214261006,1000
efl,-50.88396393691994,41.11603606308006,1000
wlz,-45.48265248192756,41.51734751807244,1000
olw,-21.542547625325156,67.45745237467484,1000
tnm,-47.142619383218964,86.85738061678103,1000
tul,-17.82193173815607,80.17806826184393,1000
acs,-50.45199435732305,33.54800564267695,1000
lbx,-45.76227674160585,27.237723258394144,1000
bsz,-49.25893327498743,77.74106672501257,1000
xef,-64.58420042743414,18.415799572565852,1000
vtb,-31.15964816851929,98.8403518314807,1000
vat,-44.814941010091616,34.185058989908384,1000
pjg,-66.62935990010965,7.370640099890354,1000
zvd,-31.262217969357344,91.73778203064265,1000
wdw,-68.7962362364546,93.2037637635454,1000
bel,-46.23959882319433,62.76040117680567,1000
oai,-22.361158400837034,88.63884159916297,1000
pez,-70.79737104003102,86.20262895996898,1000
jpi,-26.560733496623413,39.43926650337659,1000
kvq,-0.6898939500775962,82.31010604992241,1000
pui,-62.451757584197004,72.54824241580299,1000
ymp,-4.306021548828123,14.693978451171878,1000
utx,0.4660240033487332,30.466024003348732,1000
aod,-49.95305886935934,79.04694113064066,1000
kwj,-97.35599870860612,5.644001291393879,1000
nxj,-10.237704562707364,71.76229543729264,1000
xkp,-57.04049421593671,3.9595057840632917,1000
pws,-19.229467179277954,56.770532820722046,1000
ban,-11.487249475420292,1.5127505245797073,1000
gsu,-41.99477055275384,41.00522944724616,1000
dft,-72.0274832152976,64.9725167847024,1000
bjx,-88.13891151112193,63.86108848887806,1000
cnr,-79.14485406461534,59.85514593538466,1000
ozx,-43.000333189418505,32.999666810581495,1000
sop,-53.580025225983164,32.419974774016836,1000
tud,-33.946585718643824,33.053414281356176,1000
agl,-52.83984872256716,55.16015127743284,1000
ivj,-36.82239894131394,96.17760105868605,1000
ksj,-51.18730419870584,14.812695801294163,1000
fwn,-59.07690941659799,31.923090583402004,1000
oxk,-8.663221193226072,7.336778806773928,1000
jnp,-85.18688909506896,38.81311090493104,1000
xny,-88.36239847591932,62.63760152408068,1000
mxh,-10.765089741282015,50.23491025871798,1000
iky,-66.41728955352058,43.582710446479425,1000
edm,-9.8179839826661,84.18201601733391,1000
yft,-34.57098309946375,44.42901690053625,1000
hcm,0.38355070242482403,29.383550702424824,1000
qwp,-71.82008129299956,25.17991870700044,1000
nzu,-13.058084026733216,59.94191597326679,1000
hxf,-63.084782133401234,28.915217866598763,1000
xlo,-88.23644814983344,70.76355185016656,1000
lqj,-57.49192058710144,84.50807941289857,1000
wei,-92.35543954002127,61.644560459978734,1000
myo,-50.72662230964895,45.27337769035105,1000
pxu,-64.83839217233879,75.16160782766121,1000
scv,-86.81304984592263,30.186950154077365,1000
afw,-31.46533045715401,83.53466954284599,1000
kha,0.875430129036164,6.875430129036164,1000
lkv,-28.477408817866948,25.522591182133052,1000
kdy,-88.50739847021882,53.49260152978119,1000
yen,-85.29595617208611,98.70404382791389,1000
vil,-47.376922068375144,4.623077931624855,1000
trq,-59.75769083431931,52.24230916568069,1000
teq,-20.40062996407615,55.599370035923855,1000
nhd,-17.86786632434067,36.13213367565933,1000
ijq,-11.283050914248339,62.71694908575166,1000
ivx,-28.013145347324503,74.98685465267549,1000
ltf,-25.64051931593304,58.35948068406696,1000
fli,-35.73486590335192,36.26513409664808,1000
tkj,-10.29832239242205,55.70167760757795,1000
yre,-73.11807952419761,0.881920475802383,1000
sih,-87.93716019157938,52.06283980842062,1000
qjm,-53.696833497593694,16.303166502406306,1000
kfu,-18.356644780598405,88.6433552194016,1000
foj,-81.1667204310215,82.8332795689785,1000
ufw,-85.67810891101222,50.32189108898779,1000
wxj,-73.82249631119738,19.177503688802616,1000
hhu,-24.31747212469133,56.68252787530867,1000
cql,-33.800954590932356,25.199045409067644,1000
vpm,-42.47732559793738,69.52267440206262,1000
pij,-66.69875927865094,97.30124072134906,1000
ntt,-1.8513922923161399,6.14860770768386,1000
lde,-34.363295261829,68.636704738171,1000
afm,-62.80421392703965,69.19578607296035,1000
gbx,-91.44179678442796,96.55820321557204,1000
nck,-53.91037356394979,33.08962643605021,1000
orh,-74.65203697777127,15.347963022228726,1000
gxm,-22.817140697224524,89.18285930277548,1000
mdo,-89.43958597128908,69.56041402871092,1000
lal,-6.494212259692005,47.505787740307994,1000
yih,-3.4299062754847327,51.57009372451527,1000
psu,-88.61466132650676,86.38533867349324,1000
ghp,-32.39100746439713,37.60899253560287,1000
pkr,-23.168042519349722,68.83195748065027,1000
zkk,-19.86125090841578,21.13874909158422,1000
ilc,-84.01336461792455,61.98663538207545,1000
hvn,0.5277968406200932,28.527796840620095,1000
drz,-68.39877567969033,40.60122432030967,1000
jgd,-81.35741611791478,83.64258388208522,1000
qiy,-22.45931768532528,63.54068231467472,1000
dhh,0.4766024454123836,9.476602445412384,1000
gfz,-0.7816790504952341,83.21832094950477,1000
xgp,-72.55058814245221,66.44941185754779,1000
nwo,-20.520408001758916,72.47959199824109,1000
uyj,-1.4840889849731724,66.51591101502683,1000
ovc,-83.4756078732684,89.5243921267316,1000
znw,-88.76827340504788,53.23172659495212,1000
ysh,-48.82880637519947,91.17119362480052,1000
huj,-68.77066705719425,68.22933294280575,1000
fte,-70.82856414409478,5.171435855905217,1000
gnm,-55.26195693301106,50.73804306698894,1000
cjx,-47.0204131460422,98.9795868539578,1000
mds,-74.5255141126032,28.47448588739679,1000
rsy,-34.802185895578766,47.197814104421234,1000
vyu,-26.556549920872172,46.44345007912783,1000
foa,-42.58413270155855,89.41586729844144,1000
gcl,-40.74355189281358,68.25644810718642,1000
jmt,-11.201202015975767,56.79879798402423,1000
kmf,-49.65157106363751,21.348428936362488,1000
tlc,-63.91698184557928,98.08301815442073,1000
xyr,-90.59787614676972,75.40212385323028,1000
vlk,-65.49167887769181,68.50832112230819,1000
nhw,-70.20235434672826,86.79764565327174,1000
vhk,-76.81977849797903,27.180221502020963,1000
wio,-35.59720977736667,54.40279022263333,1000
rtt,-0.614435221641174,23.385564778358827,1000
egd,-11.821002030655453,78.17899796934455,1000
mdo,-34.1853541669794,73.8146458330206,1000
ygr,-96.17318849109473,67.82681150890527,1000
kra,-54.744573650788986,21.255426349211014,1000
irx,-26.68045969276959,68.31954030723041,1000
afe,-77.31819476219809,30.681805237801917,1000
bml,-1.5715416989202953,28.428458301079704,1000
pyl,-92.17787794392721,2.8221220560727818,1000
nhx,-1.2747238619239427,25.725276138076058,1000
sig,-64.94160181564074,95.05839818435926,1000
vhh,-68.54044758716039,31.45955241283961,1000
nap,-92.32729881583342,78.67270118416658,1000
mji,-90.00298179681553,78.99701820318447,1000
fzx,-32.203887902813385,72.79611209718661,1000
bhh,-78.27585044336192,21.724149556638086,1000
tja,-97.1481594212516,80.8518405787484,1000
xpp,-35.94884702857523,87.05115297142477,1000
yaf,-6.766169775807748,4.233830224192252,1000
xjr,-38.97739682867092,97.02260317132908,1000
xzg,-44.762186018748835,82.23781398125116,1000
gpn,-25.908963056913727,85.09103694308628,1000
ykp,-12.171416815370034,71.82858318462996,1000
zzn,-45.65658264968385,6.343417350316153,1000
zja,-32.157703269322596,29.842296730677404,1000
rva,-69.07651045814474,84.92348954185526,1000
eee,-10.110569591284282,54.88943040871572,1000
jbr,-92.2503189606233,83.7496810393767,1000
nql,-49.27140374616465,79.72859625383535,1000
ted,-20.509348328513394,68.4906516714866,1000
vfl,-67.77390117897227,96.22609882102773,1000
hgd,-42.450588625930976,59.549411374069024,1000
yum,-69.7452658504942,12.254734149505799,1000
oid,-78.14961602699563,63.85038397300438,1000
fbc,-55.43673877528221,70.56326122471779,1000
acf,-21.713146307534956,93.28685369246504,1000
pyo,-12.683987847882445,5.316012152117556,1000
plz,-1.4284504871510983,56.571549512848904,1000
zwu,-64.39128005722011,48.608719942779885,1000
ogz,-58.68939729125828,52.31060270874172,1000
tub,-39.04401802311243,38.95598197688757,1000
vrk,-64.48362076275784,58.516379237242155,1000
mqo,-5.993009414457465,82.00699058554254,1000
yqp,-4.757439058974073,77.24256094102593,1000
ovj,-16.747667711106835,50.252332288893165,1000
qrv,-75.75891270297339,25.241087297026617,1000
yfs,-13.55088475444596,51.44911524555404,1000
isc,-53.97541813344047,27.024581866559533,1000
igx,-6.376763493740656,31.623236506259346,1000
cgv,-87.85442191304385,98.14557808695615,1000
obx,-44.08940285016406,35.91059714983594,1000
wbi,-83.01787797375455,68.98212202624545,1000
ixw,-84.35141700299808,79.64858299700192,1000
bvd,-3.52690393996943,25.47309606003057,1000
bou,-4.425816102292763,40.574183897707236,1000
voa,-48.8876239518286,57.1123760481714,1000
cub,-45.877876228809015,72.12212377119099,1000
rqq,-20.665680738188172,84.33431926181183,1000
lyn,-5.8221141367660465,7.1778858632339535,1000
oye,-38.6501850437917,86.34981495620829,1000
zgx,-39.85150122604063,35.14849877395937,1000
tzh,-24.54337049615841,8.45662950384159,1000
vwi,-45.459777802943734,8.540222197056266,1000
fom,-22.22991448781603,15.77008551218397,1000
mnr,-17.012198971417238,55.98780102858276,1000
qsq,-11.642091321712915,81.35790867828709,1000
cdb,-60.69648470089294,62.30351529910706,1000
dap,-58.5157974898146,29.484202510185398,1000
xhe,-18.109775825969905,90.8902241740301,1000
tyr,-57.70783841775997,8.29216158224003,1000
dvt,-72.61626569969843,86.38373430030157,1000
ikt,-68.66316726755785,73.33683273244215,1000
ybb,-4.170446458915256,95.82955354108475,1000
ymf,-41.05074706031098,72.94925293968902,1000
gdb,-76.54137852918606,72.45862147081394,1000
jiw,-33.303244781019394,53.696755218980606,1000
tjz,-72.53128856564062,16.46871143435938,1000
vbh,-86.8091526849169,28.1908473150831,1000
axi,-82.86414581254962,25.135854187450384,1000
iqv,-72.94158658734646,8.058413412653533,1000
osj,-51.780331852736644,12.219668147263357,1000
wfi,-52.91936545817283,49.08063454182717,1000
zuy,-47.0820075548517,80.9179924451483,1000
tkb,-89.6782921356097,18.32170786439031,1000
xgg,-32.28617533582891,50.71382466417109,1000
tgc,-41.44445011705183,47.55554988294817,1000
snd,-4.940847949476301,12.0591520505237,1000
yxu,-28.293706906861267,49.70629309313873,1000
out,-56.0818245581003,5.918175441899695,1000
ltl,-48.44348009162304,32.55651990837696,1000
ful,-80.58122572778964,54.418774272210364,1000
nys,-25.598018068499808,6.401981931500194,1000
ntg,-86.26809389463942,98.73190610536058,1000
uer,-70.72038589011629,91.27961410988371,1000
lys,-24.225047290305067,3.774952709694931,1000
wvb,-52.46437757066837,46.53562242933163,1000
gce,-79.5493225099669,12.4506774900331,1000
lhj,-4.53294114073362,27.46705885926638,1000
iwz,-29.035812916200868,83.96418708379913,1000
iay,-19.26578309045704,74.73421690954295,1000
eti,-13.467827122538614,20.532172877461388,1000
hcj,-63.428513148817494,50.571486851182506,1000
ivd,-57.94845827088066,89.05154172911935,1000
idc,-71.66266058082066,46.337339419179344,1000
dme,-28.652929550410732,68.34707044958927,1000
rgv,-20.21448840721493,16.78551159278507,1000
aag,-28.428185351405276,95.57181464859472,1000
vin,-14.118821655010771,40.88117834498923,1000
yzh,-93.98695469167295,44.013045308327044,1000
zce,-36.74663400892822,85.25336599107177,1000
pks,-35.92662642329585,36.07337357670415,1000
yry,-69.62744188619675,40.372558113803244,1000
pln,-85.58044578283258,87.41955421716742,1000
rsk,-83.34850363198275,11.651496368017254,1000
wpo,-50.32096670604419,89.67903329395581,1000
gxy,-14.074736919465042,63.925263080534954,1000
tgy,-74.80321152871406,21.19678847128595,1000
gmm,-67.02629444852566,41.97370555147433,1000
lxz,-68.16925558094066,30.83074441905934,1000
lnr,-48.3090428559371,26.6909571440629,1000
xqn,-40.96723834150073,42.03276165849927,1000
zoz,-13.132634991281193,82.8673650087188,1000
vzn,-73.88185248725821,26.118147512741785,1000
jph,-10.13955216728919,49.86044783271081,1000
iof,-15.516160675930294,60.483839324069706,1000
akq,-75.45115811498495,74.54884188501505,1000
njk,-43.233738100059924,80.76626189994008,1000
att,-9.109212236355248,7.890787763644751,1000
sat,-35.1289339045864,51.8710660954136,1000
szc,-48.65749359341075,17.342506406589255,1000
mrz,-23.75328024437093,40.24671975562907,1000
jnc,-53.4538046345342,91.5461953654658,1000
sow,-81.19742114702743,92.80257885297257,1000
vul,-66.63734908837326,60.36265091162675,1000
cni,-92.84578682041544,38.15421317958455,1000
ift,-27.6249114802468,22.3750885197532,1000
qen,-63.967891748137255,27.032108251862745,1000
usa,-16.259495371984293,45.74050462801571,1000
ydd,-55.33793591664148,81.66206408335852,1000
csm,-24.659332318906426,41.34066768109357,1000
edk,-38.49708862416533,27.50291137583467,1000
bbo,-21.72568164412691,95.27431835587309,1000
tkt,-68.47653848864186,95.52346151135814,1000
jfv,-30.95631189803711,26.04368810196289,1000
hyf,-0.28129589596705207,3.718704104032948,1000
kyy,-36.36751927754496,87.63248072245504,1000
oqn,-93.42676654478542,27.57323345521458,1000
uqm,-73.89716873422663,30.102831265773382,1000
rgk,-83.93272191944934,16.06727808055067,1000
mjk,-85.93780962271693,35.06219037728308,1000
tdd,-25.008106339150395,43.991893660849605,1000
yrd,-44.649063755422524,62.350936244577476,1000
mxj,-30.49059235162202,40.50940764837798,1000
cra,-53.29013500054141,71.70986499945859,1000
ufj,-76.4537487596179,1.546251240382102,1000
lkr,-36.7256709758289,82.2743290241711,1000
uhw,-0.4089190858015712,75.59108091419843,1000
awn,-51.64204484809151,87.3579551519085,1000
ibk,-20.542956452401295,65.4570435475987,1000
bjz,-56.594387148394766,76.40561285160524,1000
sjo,-40.51742234803295,52.48257765196705,1000
qlk,-59.306581037276786,52.693418962723214,1000
rpo,-13.4932851850056,73.5067148149944,1000
for,-82.38199966475304,90.61800033524696,1000
xnb,-5.57093307564974,20.42906692435026,1000
ewf,-54.1739217377862,15.826078262213798,1000
pna,-88.13137820215273,70.86862179784727,1000
xax,-86.63616535606772,42.36383464393227,1000
dit,-57.90107028939691,21.098929710603088,1000
dna,-77.53175936072596,27.46824063927404,1000
hgo,-24.31837083284203,22.68162916715797,1000
rrm,-50.55578290195423,17.444217098045772,1000
wjs,-3.2978691405635474,66.70213085943645,1000
pms,-50.33366660505954,94.66633339494045,1000
wgr,-49.85089649440604,59.14910350559396,1000
msx,-22.369576007398674,94.63042399260132,1000
ksx,-61.70012292073224,51.29987707926776,1000
dxv,-92.83232227857837,86.16767772142163,1000
cue,-45.11038099327743,90.88961900672257,1000
hqa,-87.46554000409739,59.5344599959026,1000
smb,-36.091238062294124,75.90876193770588,1000
btj,-48.11923292968444,96.88076707031556,1000
hjp,-0.22471656426882336,17.775283435731176,1000
cig,-74.7146553586167,14.285344641383308,1000
ybg,-31.560787569904793,51.4392124300952,1000
hxr,-13.034699094649346,87.96530090535066,1000
ejy,-15.133070553671253,91.86692944632875,1000
mkp,-79.67753051336614,18.32246948663386,1000
cpb,-60.63042055057405,40.36957944942595,1000
pkh,-55.634576062823875,77.36542393717613,1000
fcp,-10.249201949204808,77.7507980507952,1000
rvf,-69.58457380449676,38.41542619550324,1000
zkq,-49.47288660855887,57.52711339144113,1000
egv,-26.76482658570545,69.23517341429455,1000
iis,-71.82045770114186,1.179542298858134,1000
kgh,-90.04993942618229,10.950060573817714,1000
znq,-38.92264761202353,10.077352387976468,1000
pyr,-56.99945242275618,80.00054757724382,1000
mnh,-83.25635073992748,72.74364926007252,1000
fwm,-64.53521954733489,30.46478045266511,1000
lpk,-11.361766072857794,24.638233927142206,1000
goj,-36.22507350105933,16.77492649894067,1000
tjv,-44.137936201522976,40.862063798477024,1000
jrh,-76.16552213079851,76.83447786920149,1000
euf,-46.434011852650876,17.565988147349128,1000
ttf,-43.51933798424338,79.48066201575662,1000
oph,-43.57210880446468,97.42789119553532,1000
umb,-22.141742027281122,79.85825797271887,1000
zzd,-13.877075619980971,89.12292438001903,1000
vrg,-92.25268289546617,33.74731710453383,1000
gpr,-13.622439915565481,75.37756008443452,1000
lrn,-0.11414952448091042,95.88585047551909,1000
wov,-45.03652424615545,68.96347575384455,1000
xoi,-56.60953869859704,30.390461301402958,1000
lep,-57.61618075364602,9.38381924635398,1000
