mmh,-88.68796864306272,92.31203135693728,1000
htp,-21.335308725192128,41.66469127480787,1000
qcb,0.15529649496613984,47.15529649496614,1000
vyn,-15.518722827501396,87.48127717249861,1000
enn,-11.697438271418484,70.30256172858152,1000
faz,-69.17687936641562,30.823120633584388,1000
rsx,-69.6151057451641,77.3848942548359,1000
dak,-82.59577926715374,97.40422073284626,1000
kte,-31.4315689077252,55.5684310922748,1000
odh,-4.297868911309542,5.702131088690458,1000
ilt,-3.731368091485172,0.2686319085148279,1000
uoh,-8.508332475263105,51.4916675247369,1000
aar,-46.01121381766713,69.98878618233287,1000
jxw,-36.954142273963996,50.045857726036004,1000
ien,-47.263005539208805,53.736994460791195,1000
jsb,-85.2057006457084,58.794299354291596,1000
qmw,-74.83682556590408,97.16317443409592,1000
ezg,-82.49045034472111,58.50954965527889,1000
dir,-84.47940631504035,26.520593684959646,1000
jde,-13.099770019019344,87.90022998098065,1000
prk,-5.148175531281935,73.85182446871806,1000
tjc,-25.36022663464295,44.63977336535705,1000
jbh,-32.32007271099386,39.67992728900614,1000
vyz,-84.70394902870589,19.2960509712941,1000
mvs,-70.05068221934839,16.94931778065161,1000
rhn,-78.29627542982385,30.703724570176146,1000
ifv,-16.18174695974871,31.81825304025129,1000
pzv,-86.83323638044322,32.16676361955678,1000
xnc,-37.59838040398958,69.40161959601042,1000
zjf,-22.65635127418167,41.34364872581833,1000
ndw,-25.098950139546393,88.90104986045361,1000
uhi,-78.58914299774051,41.4108570022595,1000
ylg,-95.37546206035506,33.62453793964494,1000
wum,-12.237911699831992,96.762088300168,1000
mag,-77.76525746192088,66.23474253807912,1000
jdm,-52.26403354958874,5.735966450411259,1000
jwq,-47.24288246887202,3.7571175311279785,1000
qee,-60.099005983888894,33.900994016111106,1000
ero,-3.513847342671983,78.48615265732802,1000
xze,-15.185571097905884,17.814428902094118,1000
ugi,-14.135240983750853,82.86475901624915,1000
bav,-27.817345118911103,19.182654881088897,1000
xed,-6.264818401292245,41.735181598707754,1000
kqi,0.6145495218128669,60.61454952181287,1000
soj,-16.050930370265874,69.94906962973413,1000
rps,-14.35357171985876,81.64642828014124,1000
ixg,-22.661402885473816,87.33859711452618,1000
lre,-51.68590307355038,89.31409692644962,1000
zax,-39.792788477280006,37.207211522719994,1000
amo,-58.5515571933275,62.4484428066725,1000
iyh,-8.992163112102055,71.00783688789794,1000
ylv,-34.77418792377267,13.225812076227328,1000
qaz,-57.91986654548415,79.08013345451585,1000
cqh,-40.3515523152573,52.6484476847427,1000
atc,-55.39311536626607,29.60688463373393,1000
eow,-48.55607731369832,11.443922686301683,1000
dqa,-13.912711060349913,71.08728893965008,1000
ofw,-33.680009826719214,57.319990173280786,1000
fpa,-32.93174153691336,56.06825846308664,1000
rdd,-0.9830452889185191,54.01695471108148,1000
ree,-29.36327249081927,73.63672750918073,1000
qlq,-26.082989343523867,62.91701065647613,1000
llq,-25.555393742803002,25.444606257196998,1000
pdj,-93.25529772061941,56.7447022793806,1000
qrl,-55.10923503340406,20.89076496659594,1000
wgx,-39.81672350459093,84.18327649540906,1000
lak,-41.57252095270672,75.42747904729329,1000
aha,-89.43191388745139,42.56808611254861,1000
kvv,-7.888270222986269,46.11172977701373,1000
nda,-95.49229983584812,30.507700164151878,1000
nrf,-30.260719883885816,86.73928011611419,1000
qhx,-64.99876442917561,90.00123557082439,1000
oyy,-6.957118146161479,6.042881853838521,1000
qks,-77.38544440532718,97.61455559467282,1000
xeh,-9.004608013664614,45.995391986335385,1000
she,-59.7615038021711,70.23849619782891,1000
oaf,-61.44509116305385,29.554908836946147,1000
rnq,-81.53550187127298,88.46449812872702,1000
rrs,-59.45792346329896,75.54207653670105,1000
tpa,-37.28649425696753,35.71350574303247,1000
cbf,-23.119771915559962,11.88022808444004,1000
gby,-77.51354146486325,46.48645853513675,1000
dxx,-29.206918832807705,66.7930811671923,1000
kxd,-35.243291344057695,16.756708655942305,1000
abz,-77.38529334044223,97.61470665955777,1000
xkn,-7.634636135316181,44.36536386468382,1000
bwf,-1.442820914737637,80.55717908526236,1000
gwl,-2.3975253045092155,85.60247469549078,1000
puk,-53.029015181596215,5.970984818403784,1000
fwm,-35.73536265582642,68.26463734417358,1000
udy,-6.370218578347955,48.62978142165205,1000
qgq,-4.96381910994134,71.03618089005866,1000
gws,-92.21066106907014,59.78933893092986,1000
upx,-89.90012160724183,82.09987839275817,1000
rlg,-93.99307366746196,87.00692633253804,1000
rpm,-35.31836255344481,31.681637446555193,1000
lxv,-31.824698916240145,13.175301083759855,1000
pjf,-13.379479998806644,80.62052000119336,1000
dcm,-23.300596573368335,18.699403426631665,1000
tfq,-2.74955013094713,49.25044986905287,1000
lia,-75.94141843129572,67.05858156870428,1000
olf,-35.44728909036481,81.55271090963518,1000
fkr,-79.43918621208022,32.560813787919784,1000
bvt,-89.45944125333114,27.540558746668857,1000
bti,-19.724369673159963,55.27563032684004,1000
vlu,-43.79730544708063,69.20269455291937,1000
ddw,-76.24262730341627,36.75737269658373,1000
ule,-89.41267994515606,61.58732005484394,1000
xya,-11.606415372569684,59.393584627430315,1000
kdg,-75.3276316483722,57.672368351627796,1000
her,-8.737357843350471,0.26264215664952895,1000
btw,-94.55381922646053,53.44618077353947,1000
dni,-17.82340096674248,47.176599033257524,1000
rul,-85.31264616216758,28.687353837832422,1000
kjh,-41.96211069577388,49.03788930422612,1000
isp,-68.57640827609154,45.42359172390846,1000
gsm,-19.942434145184944,33.05756585481505,1000
ssa,-67.08816227448439,42.91183772551562,1000
wfb,-78.39066612954052,7.609333870459475,1000
xaz,-51.88992076020755,27.110079239792444,1000
tkt,-17.763748123667458,9.236251876332542,1000
kcf,-36.45669039258296,83.54330960741703,1000
dmm,-87.35408705882317,30.64591294117684,1000
ggz,-59.04014360993178,59.95985639006822,1000
ise,-95.73427589754155,2.2657241024584494,1000
rou,-44.82502579627682,12.174974203723181,1000
jut,-56.48541755455074,59.51458244544926,1000
xtx,-10.439369773805497,54.560630226194505,1000
dai,-36.08241782912291,39.91758217087709,1000
kqp,-47.728878457053966,56.271121542946034,1000
jxi,-8.931406811207255,65.06859318879275,1000
cay,-46.23417201692232,72.76582798307768,1000
rwk,-50.384787104480374,53.615212895519626,1000
fbl,-88.2186525288716,47.781347471128406,1000
wze,-43.16889590075479,29.831104099245206,1000
ghi,-57.05631129021274,34.94368870978726,1000
stq,-64.55483515034719,55.44516484965281,1000
jkz,-34.54137674115153,23.45862325884847,1000
doh,-60.453701376575665,54.546298623424335,1000
jco,-73.49597854976498,49.50402145023501,1000
shn,-42.676323679568824,33.323676320431176,1000
byv,-18.416227913879933,5.583772086120067,1000
hsx,-2.871661406775729,45.12833859322427,1000
kdp,-59.43178603578512,74.56821396421488,1000
gcm,-64.82607145277687,21.173928547223127,1000
jgf,-46.23276740962991,51.76723259037009,1000
zvi,-40.56523640708112,91.43476359291888,1000
hhw,-74.53943658244609,24.46056341755392,1000
zui,-46.163406683511056,54.836593316488944,1000
doi,-35.269727359959994,31.73027264004001,1000
mgx,-40.34675044120273,52.65324955879727,1000
ohe,-33.075404691580324,11.924595308419672,1000
aqc,-11.801642136211106,35.19835786378889,1000
kki,-95.76865482989848,18.231345170101527,1000
sko,-93.81599426722906,33.18400573277094,1000
rkc,-27.753197279274623,83.24680272072537,1000
myq,-86.69045583580107,25.309544164198932,1000
bsg,-86.10706930968199,65.89293069031801,1000
wxz,-44.30480655472383,46.69519344527617,1000
vjz,-67.55642224160978,84.44357775839022,1000
anh,-95.68650947347413,19.313490526525875,1000
rfx,-76.11045039928501,37.889549600714986,1000
tvg,-66.3694663547092,34.630533645290804,1000
itw,-64.3215415731486,31.678458426851407,1000
fty,-54.82823968933843,71.17176031066157,1000
xud,-72.87748528363338,4.122514716366624,1000
uam,-96.66959030030303,29.330409699696975,1000
nsu,-47.826624664828024,35.173375335171976,1000
hgh,-85.95878521260688,27.04121478739312,1000
qbg,-5.147601398751999,24.852398601248,1000
zgy,-2.3014352543830685,90.69856474561693,1000
swx,-0.8998820824888097,66.10011791751118,1000
miw,0.03981655673625473,71.03981655673626,1000
usi,-43.70323878705745,28.29676121294255,1000
ryh,-38.58012363313735,46.41987636686265,1000
esl,-47.46033238945785,44.53966761054215,1000
mfs,-16.005877990891612,41.99412200910839,1000
faz,-85.7739442142142,49.22605578578581,1000
nau,-62.7073011140402,13.292698885959801,1000
agq,-71.07806414150653,69.92193585849347,1000
esb,-32.86223890772988,94.13776109227013,1000
ska,-77.42968888593731,43.5703111140627,1000
egp,-11.309024406612926,95.69097559338708,1000
zgw,-19.505006916509593,34.49499308349041,1000
fhz,-85.76464670764803,97.23535329235197,1000
nul,-68.48204529990605,90.51795470009395,1000
vnq,-84.44467795406096,33.55532204593904,1000
dky,-78.52322525051478,64.47677474948522,1000
nym,-32.20736147874235,32.79263852125765,1000
nlm,-91.1641808336525,44.8358191663475,1000
kjx,-70.32056514753916,65.67943485246084,1000
kab,-26.215602975858637,90.78439702414137,1000
fuu,-73.2583706875564,40.741629312443614,1000
yvu,-71.58910263053535,13.410897369464656,1000
ywj,-46.633977045940654,0.36602295405934415,1000
pyx,-32.461697197256456,92.53830280274354,1000
fti,-31.400704175921483,79.59929582407851,1000
pec,-51.783519151569436,35.216480848430564,1000
afj,-22.80781792508033,53.19218207491967,1000
arb,-65.58741270494332,19.41258729505669,1000
bqm,-15.581535753754551,70.41846424624545,1000
stx,-71.00973063272819,57.99026936727181,1000
hwj,-10.388304112845624,53.611695887154376,1000
lhn,-20.759632708812205,74.2403672911878,1000
ayf,-65.07586616491413,90.92413383508587,1000
yjr,-37.810395225078125,30.189604774921875,1000
pzr,-87.95120092238706,54.04879907761295,1000
dhp,-89.41181676795655,9.58818323204345,1000
rqy,-86.89133885591076,71.10866114408924,1000
pch,-96.95869269686877,48.04130730313124,1000
bsf,-15.945625215644355,58.054374784355645,1000
xfd,-12.636108584703925,74.36389141529608,1000
ksc,-65.42900317217673,22.570996827823265,1000
vrr,-25.237187726599572,32.76281227340043,1000
dhe,-90.04727164167184,72.95272835832816,1000
scu,-23.12016322339509,88.87983677660492,1000
qti,-88.70071256985132,41.299287430148674,1000
ptj,-51.24771921918343,3.7522807808165686,1000
bkv,-26.948112318515626,15.051887681484372,1000
yby,-88.0731444246236,65.9268555753764,1000
jms,0.296252807795675,21.296252807795675,1000
jys,-4.805120442413074,37.19487955758692,1000
zec,-53.751412637150025,47.248587362849975,1000
pxj,-57.22358749755154,71.77641250244845,1000
giy,-64.52175706616983,27.47824293383017,1000
kxq,-28.074142171319103,76.9258578286809,1000
hxu,-37.237732852060645,97.76226714793935,1000
rku,-38.69425406375891,67.30574593624108,1000
zws,-50.858968253624255,67.14103174637575,1000
oad,-88.75725967116885,78.24274032883115,1000
gni,-64.22649444469728,12.773505555302725,1000
ird,-22.739168501335442,13.260831498664558,1000
eer,-94.72522600802348,37.27477399197652,1000
deo,-57.34205608514662,14.65794391485338,1000
wll,-40.545616358612925,67.45438364138707,1000
dqn,-82.74035244550625,41.25964755449375,1000
uew,-38.14710818350961,46.85289181649039,1000
fca,-27.00728796517244,70.99271203482756,1000
xgg,-91.82510357629211,68.17489642370789,1000
wuh,-18.48430509242854,12.515694907571461,1000
vkq,-82.98509208127723,12.01490791872277,1000
aeq,-2.330345891236032,61.669654108763964,1000
dpk,-88.76986401770475,67.23013598229525,1000
okj,-48.74058419226415,65.25941580773585,1000
ntf,-9.329027562893678,85.67097243710631,1000
rwz,-86.34772266740123,21.652277332598768,1000
fbf,-39.96631382495141,64.03368617504859,1000
jpf,-79.19474390136803,72.80525609863197,1000
qfr,-43.024868124714594,26.975131875285406,1000
kim,-45.272438476380934,56.727561523619066,1000
obd,-61.196296297199495,83.8037037028005,1000
fqn,-52.32090279909156,96.67909720090843,1000
chl,-59.30671066995175,90.69328933004826,1000
hit,-27.431050599251275,25.568949400748725,1000
asp,-60.90184339695163,24.09815660304837,1000
fwg,-16.35968587824272,11.640314121757282,1000
jvu,-62.98313938493603,8.01686061506397,1000
ers,-90.2236270242901,57.776372975709904,1000
owx,-56.30774555818797,3.6922544418120298,1000
bqu,-25.44537240015944,97.55462759984056,1000
duz,-57.55849437774522,65.44150562225478,1000
cjg,-31.838632486625478,69.16136751337453,1000
lsq,-90.28506343860631,3.71493656139368,1000
umw,-43.6521702195348,61.3478297804652,1000
cyq,-82.61353361658081,64.38646638341919,1000
xsr,-41.077878427782814,36.922121572217186,1000
mie,-67.36200081191141,48.63799918808858,1000
hkd,-44.407263364978,87.592736635022,1000
awz,-50.56516641749343,91.43483358250657,1000
xgn,-85.99740244408562,83.00259755591438,1000
yij,-9.681885475794386,73.31811452420561,1000
iaw,-69.76104739561588,37.23895260438413,1000
fzk,-6.1833058085486226,86.81669419145138,1000
nxg,-12.61555016278541,29.38444983721459,1000
gww,-27.327861189105008,75.67213881089499,1000
xlp,-25.450324712102116,78.54967528789788,1000
gfu,-84.90730599561819,97.09269400438181,1000
vgu,-47.546719631338824,66.45328036866117,1000
zwm,-95.26880501704099,92.73119498295901,1000
hit,-11.429783212504905,70.5702167874951,1000
lne,-86.07637831987591,73.92362168012409,1000
kto,-91.7676472911862,90.2323527088138,1000
tgt,-64.53127739497957,85.46872260502043,1000
ljp,-74.68602590676527,61.313974093234734,1000
xav,-50.263028645190445,13.736971354809553,1000
hdg,-12.770919971517086,83.22908002848291,1000
jom,-92.23494212405458,26.765057875945416,1000
atz,-9.752479040182042,26.247520959817958,1000
nsr,-72.66414127644356,87.33585872355644,1000
bwl,-89.7328869916135,53.2671130083865,1000
rmt,-17.76697861362172,11.23302138637828,1000
zkc,-14.949432613696096,20.050567386303904,1000
kfq,-89.35195911744242,65.64804088255758,1000
aii,-88.59445565141561,3.4055443485843866,1000
pml,-10.663294315435593,24.336705684564407,1000
rru,-6.145658788400799,4.854341211599201,1000
nvq,-2.613684790541534,89.38631520945846,1000
cpr,-7.578843687135307,94.4211563128647,1000
rwa,-61.977920781739776,81.02207921826022,1000
qjf,-50.61356185108333,88.38643814891667,1000
zvo,-85.59845915349302,40.401540846506975,1000
pue,-57.66315383286894,3.336846167131059,1000
bjy,-83.74242166833652,39.25757833166349,1000
sxc,-29.126044646157045,50.87395535384296,1000
qaq,-52.53318312752448,53.46681687247552,1000
cec,-87.78409526082385,69.21590473917615,1000
hdt,-22.32973316267912,27.67026683732088,1000
jgi,-87.08964491466135,36.91035508533865,1000
ujq,-31.792734273922566,53.20726572607744,1000
wug,-65.25753527623378,22.742464723766215,1000
jdl,-67.13929886465839,18.860701135341614,1000
yhv,-59.2977185048577,0.7022814951423026,1000
odk,-64.34708436683947,32.65291563316054,1000
qru,-49.41093522169037,24.589064778309623,1000
zlb,-35.885871854179605,13.114128145820397,1000
wez,-36.32213037673946,65.67786962326053,1000
vdx,-25.96802795172575,58.03197204827425,1000
wpy,-44.110601725221926,1.8893982747780762,1000
gfl,-52.05846364827129,86.94153635172871,1000
yuy,-59.0600482175878,10.939951782412203,1000
xdp,-28.776948578925868,60.22305142107413,1000
cyb,-47.6222674863003,51.3777325136997,1000
laj,-4.774929898817382,11.225070101182618,1000
rfw,-8.55322196565075,46.44677803434925,1000
kdw,-32.634941977085745,6.365058022914258,1000
uvf,-63.07618201036065,7.923817989639355,1000
iay,-8.046915765794122,25.95308423420588,1000
oar,-55.352549918295146,88.64745008170485,1000
ukx,0.9700686336208328,20.970068633620834,1000
ldw,-3.5056141380268917,37.49438586197311,1000
qyl,-42.45375512592679,5.5462448740732135,1000
oie,-66.80688642318907,7.193113576810933,1000
xex,-57.50641508383031,25.493584916169688,1000
ffr,-24.653887872537812,2.346112127462189,1000
wyj,-7.712567526529432,69.28743247347057,1000
znr,-39.88731123024073,79.11268876975927,1000
suw,-67.33407416695785,67.66592583304215,1000
bzr,-47.31162986239512,20.688370137604878,1000
chk,-79.4252727768866,9.574727223113399,1000
aia,-88.89956673235373,32.10043326764626,1000
vpc,-70.01879181233593,35.98120818766407,1000
sup,-47.40773050434093,61.59226949565907,1000
avi,-41.85544995494395,95.14455004505605,1000
axw,-97.6969180049209,22.303081995079097,1000
hhd,-7.219701791603669,92.78029820839633,1000
oil,-52.32690084193203,15.673099158067972,1000
vks,-25.032920113824687,55.96707988617531,1000
nlr,-58.980292389480134,66.01970761051986,1000
ahx,-13.562409569504457,27.437590430495543,1000
yxf,-43.06646148780054,74.93353851219946,1000
xoy,-65.23909757837048,41.760902421629524,1000
ukv,-43.288439413716645,84.71156058628335,1000
akn,-62.21352739264954,66.78647260735046,1000
eam,-21.86942419424854,94.13057580575146,1000
cjr,-45.571847468735584,39.428152531264416,1000
kvb,-31.48795058459366,24.51204941540634,1000
woe,-39.655271270523485,32.344728729476515,1000
kgq,-81.79279227602683,72.20720772397317,1000
azm,-69.28036904103172,67.71963095896828,1000
sqb,-45.67149134779891,66.3285086522011,1000
eda,-42.58915913288069,75.41084086711932,1000
qau,-72.92766982074566,81.07233017925434,1000
vmg,-97.56014234900664,0.4398576509933585,1000
xdc,-79.08089541326521,77.91910458673479,1000
wyt,-48.33505753839112,16.66494246160888,1000
zal,-37.38557856336291,13.61442143663709,1000
ltk,-23.946348394760733,94.05365160523927,1000
ksb,-76.63892925724201,23.361070742757995,1000
zxo,-95.74706882511029,36.25293117488971,1000
psp,-45.63422488331991,50.36577511668009,1000
cyc,-71.1790457986164,89.8209542013836,1000
kln,-39.58280856065601,96.41719143934398,1000
mgh,-39.63065623544923,60.36934376455077,1000
wed,-97.6939931992485,22.306006800751504,1000
bwv,-34.62706816682337,63.37293183317663,1000
imm,-52.51139230456793,36.48860769543207,1000
pus,-44.71983766029367,24.280162339706326,1000
kqt,-4.994901840775406,39.005098159224595,1000
sxg,-64.63149961017804,73.36850038982196,1000
lnl,-73.09958683029821,17.9004131697018,1000
pod,-27.272827026966986,78.727172973033,1000
ahy,-44.77429249536367,1.2257075046363326,1000
yss,-19.278798445552756,36.72120155444725,1000
noh,-85.37899100309961,97.62100899690039,1000
ewo,-78.12388590295745,90.87611409704255,1000
qom,-94.9570722718191,47.0429277281809,1000
rgt,-12.756151366860466,90.24384863313954,1000
yec,-20.520267184477042,87.47973281552295,1000
xsh,-15.890613245061314,67.10938675493868,1000
mbc,-27.195476621114018,0.8045233788859832,1000
dxj,-17.005181574040524,37.99481842595947,1000
qkn,-30.888227598257647,38.11177240174235,1000
iet,-65.57276130436267,19.427238695637328,1000
fdk,-52.336520633022566,16.663479366977434,1000
ksf,-32.2988583548028,83.7011416451972,1000
dby,-36.42052464913921,32.57947535086079,1000
mxd,-48.51047065446255,89.48952934553745,1000
nsy,-80.41305799142052,94.58694200857948,1000
kqr,-14.180144583287367,84.81985541671263,1000
eko,-31.476438703596127,26.523561296403873,1000
tmm,-89.01651516729135,72.98348483270865,1000
iho,-94.50698772071739,80.49301227928261,1000
qxo,-78.93571568031146,35.06428431968854,1000
miq,-78.23143414932159,41.76856585067842,1000
onm,-81.96546164641366,16.034538353586345,1000
leq,-43.267439272813554,3.732560727186447,1000
buv,-22.251107309836108,18.748892690163892,1000
svz,-79.31678295905189,4.683217040948111,1000
bld,-6.3278445468311375,83.67215545316886,1000
dso,-96.73728754882963,71.26271245117037,1000
bsd,-3.577965063912603,31.422034936087396,1000
udb,-62.703628879711495,8.296371120288507,1000
ors,-29.226170840317604,7.773829159682396,1000
kcs,-50.11774849084973,10.882251509150274,1000
kxy,-12.130841726433694,17.869158273566306,1000
iop,-91.40171795448073,33.59828204551926,1000
ksa,-76.32286109909055,37.67713890090946,1000
ije,-36.94147201090222,20.058527989097783,1000
ead,-74.89186738076592,23.10813261923409,1000
uor,-11.797935962385207,83.20206403761479,1000
xiv,-19.53424718533554,74.46575281466446,1000
eno,-47.93901288532929,75.06098711467071,1000
sxs,-3.3812493398756027,16.618750660124398,1000
iwi,-2.772158936092408,29.22784106390759,1000
uiz,-59.94640973207092,30.05359026792908,1000
gjg,-65.18239528349905,26.817604716500952,1000
fil,-31.80124477693242,33.19875522306758,1000
rcq,-31.43843771840522,68.56156228159477,1000
xgy,-66.89230834590326,79.10769165409674,1000
bfn,-1.9505107732079363,61.04948922679206,1000
wmy,-46.72078292585699,31.279217074143013,1000
vhg,-67.2866221075963,82.7133778924037,1000
uac,-48.971813413393996,75.02818658660601,1000
pie,-45.690896479123175,92.30910352087683,1000
neb,-68.30611784056812,7.693882159431878,1000
nub,-36.691363710481205,35.308636289518795,1000
tpj,-84.56837064399141,80.43162935600859,1000
fmo,-57.199837104734115,88.80016289526588,1000
abw,-44.74437808402576,45.25562191597424,1000
wgm,-78.51281265294404,62.487187347055965,1000
dmg,-19.54307857379844,2.4569214262015606,1000
nyr,-39.74801046028697,12.251989539713028,1000
uis,-63.67144652789533,55.32855347210467,1000
sge,-39.34823754371025,39.65176245628975,1000
ahj,-94.12469740085794,92.87530259914206,1000
krp,-40.04938653123732,60.95061346876268,1000
wnh,-41.89681153078412,29.103188469215883,1000
njx,-83.47115353652157,46.52884646347843,1000
qvs,-36.145512520246214,24.854487479753786,1000
vfs,-97.03032447551692,37.96967552448308,1000
tkr,-66.06654591024623,60.93345408975377,1000
msu,-75.62235929839693,83.37764070160307,1000
qiy,-76.62437619015265,6.375623809847355,1000
mtp,-0.9629077558245096,63.03709224417549,1000
uss,-40.6788306738769,32.3211693261231,1000
hwc,-20.345134106580883,56.65486589341912,1000
shm,-63.01148393681659,9.988516063183413,1000
sfd,-91.53014201416121,67.46985798583879,1000
yym,-61.751018007557015,22.248981992442985,1000
xrc,-2.218290214851484,41.781709785148514,1000
wvn,-7.7696950454022415,76.23030495459776,1000
qgh,-70.57847326442365,41.42152673557635,1000
bxj,-61.0236489857316,26.9763510142684,1000
ttq,-27.606660530963623,1.393339469036376,1000
bsm,-37.06651130942582,37.93348869057418,1000
wjc,-59.92324287691845,4.076757123081548,1000
puo,-70.85878754972498,29.141212450275024,1000
afg,-69.61815790711427,55.38184209288574,1000
sqh,-28.283972658428738,9.71602734157126,1000
whq,-18.500925008976584,93.49907499102342,1000
jfa,-40.55674907479533,77.44325092520467,1000
keq,-80.35887645642947,46.64112354357054,1000
pgb,-61.667419252284475,83.33258074771553,1000
iim,-42.13892024948355,79.86107975051645,1000
hgf,-77.49154528898106,6.508454711018948,1000
chy,-14.856132935845906,21.143867064154094,1000
die,-63.906720203932544,11.093279796067455,1000
sel,-55.16748688843221,33.83251311156779,1000
fqa,-63.79216189545246,42.20783810454754,1000
rds,-52.180090848358134,12.81990915164187,1000
bip,-0.33454798633479754,56.6654520136652,1000
chh,-97.65097736545172,22.34902263454828,1000
nuj,-11.368680225267365,92.63131977473263,1000
qyk,-45.80783974156789,97.19216025843211,1000
jgc,-97.83815649451726,17.161843505482736,1000
foi,-19.26855437762391,2.731445622376091,1000
pdv,-45.388426180018044,33.611573819981956,1000
vwk,-40.62398467863052,72.37601532136948,1000
oum,0.8318618512708782,6.831861851270878,1000
vst,-58.370983838804065,95.62901616119593,1000
vdr,-84.27559558270154,33.72440441729845,1000
mkz,-97.9973711591518,93.0026288408482,1000
rmt,-9.296807711106002,40.703192288894,1000
gvz,-60.49330214016848,83.50669785983152,1000
jvu,-46.42109485695014,13.578905143049857,1000
gws,-50.3507728293139,33.6492271706861,1000
ufr,-4.906975062674563,2.0930249373254366,1000
ebs,-44.520697090882045,7.479302909117957,1000
hzu,-78.97051641471776,93.02948358528224,1000
jsa,-55.87845235561543,45.12154764438457,1000
ath,-37.25373854276005,91.74626145723995,1000
tjv,-23.631325321743613,43.36867467825638,1000
syc,-74.51435260319514,63.48564739680487,1000
byl,-44.37711254666485,66.62288745333515,1000
mbn,-56.8142964415116,82.1857035584884,1000
ngl,-94.38672625463059,58.61327374536941,1000
vct,-95.72405885566664,55.27594114433335,1000
cyb,-95.17990180028156,20.820098199718448,1000
nfm,-17.33672435334079,96.66327564665922,1000
mgf,-56.11154097286247,0.8884590271375267,1000
chx,-29.337493745840725,39.662506254159275,1000
vqe,-97.97373798291478,9.026262017085212,1000
pnz,-90.10725163921146,93.89274836078854,1000
oqw,-63.64081835741543,31.359181642584574,1000
jzj,-93.32340279052967,31.67659720947033,1000
hnc,-27.344118825978207,8.655881174021795,1000
szc,-94.2961710153111,31.703828984688894,1000
eik,-76.08802858509009,87.91197141490991,1000
any,-72.61037449903158,25.389625500968418,1000
hhk,-33.83247024537558,11.167529754624418,1000
tzp,-45.06368888238098,67.93631111761903,1000
jmu,-64.49962661841622,58.500373381583785,1000
qtn,-6.787339061089206,67.2126609389108,1000
ppf,-83.87879171464176,70.12120828535824,1000
ywn,-6.157586849221351,25.84241315077865,1000
hty,-34.94493520095164,48.05506479904836,1000
jgm,0.8019786906187938,11.801978690618794,1000
tqm,-13.765856182148601,70.2341438178514,1000
bhd,-52.27218010769266,41.72781989230734,1000
bct,-16.742975339019914,92.2570246609801,1000
gpn,-67.8995674445535,18.1004325554465,1000
omb,-17.029131063616642,33.970868936383354,1000
kph,-85.9948779616132,29.005122038386794,1000
qea,-81.23567768951258,6.764322310487417,1000
ieg,-70.21389900247944,50.78610099752057,1000
irm,-7.668010458498366,94.33198954150163,1000
bhv,-85.56644668647837,48.43355331352162,1000
aaa,-23.657126027736055,70.34287397226394,1000
vay,-16.128102746227533,70.87189725377247,1000
asm,-26.448045560500177,88.55195443949982,1000
hnm,-95.17856976320911,45.821430236790896,1000
glb,-7.7635520359618235,44.23644796403818,1000
lbc,-51.709441882491696,68.2905581175083,1000
rro,-44.62795407365437,18.37204592634563,1000
usz,-97.02304428867743,30.97695571132257,1000
jnu,-22.141008612666045,80.85899138733396,1000
afu,-44.93391205317292,50.06608794682708,1000
wrh,-48.72814130329398,27.27185869670602,1000
tlh,-16.68808912926355,83.31191087073645,1000
bgd,0.7257841545660741,39.72578415456607,1000
tao,-94.1093525673453,6.89064743265471,1000
fxr,-81.80204860346822,55.197951396531785,1000
hlh,-89.98834792780804,2.0116520721919664,1000
qge,-69.31907477389585,39.680925226104144,1000
bmv,-8.510477899422167,24.489522100577833,1000
smq,-56.78460244021584,19.21539755978416,1000
mlq,-45.85155564141211,15.148444358587886,1000
bmo,-38.33524210339677,22.66475789660323,1000
lhu,-55.81907163648164,41.18092836351836,1000
lxs,-58.18101050104183,50.81898949895817,1000
qnr,-14.113672731424538,95.88632726857546,1000
hvs,-83.19712225183227,91.80287774816773,1000
wjy,-30.875184060680994,2.1248159393190065,1000
emq,-34.24015245449105,35.75984754550895,1000
pbf,-86.72332001486143,37.27667998513857,1000
szy,-94.9137607749972,74.0862392250028,1000
smr,-37.88710784266901,83.11289215733099,1000
ufu,-20.24458456576687,87.75541543423313,1000
qml,-65.37301851842896,73.62698148157104,1000
nlj,-38.45828478904087,87.54171521095914,1000
yhl,-18.907629602186585,88.09237039781341,1000
whr,-32.27517049494795,79.72482950505204,1000
ngz,-27.577360640360325,44.422639359639675,1000
ses,-28.10542452124149,27.89457547875851,1000
fqv,-48.10218594952024,58.89781405047976,1000
uqx,-31.772157742951432,0.22784225704856886,1000
gsu,-17.96793458452367,12.032065415476328,1000
jiq,-44.70049170350589,76.29950829649411,1000
whs,-92.90273697619759,22.09726302380241,1000
cij,-51.717806930820494,27.282193069179506,1000
gbn,-16.968806973754546,54.031193026245454,1000
rvp,-0.8580194673174488,81.14198053268255,1000
hkp,-66.0588105100376,44.941189489962404,1000
ert,-86.88407108482723,26.115928915172773,1000
xfc,-33.31619225554735,77.68380774445265,1000
luz,-73.23399290697644,0.7660070930235622,1000
eko,-87.2097926153642,14.7902073846358,1000
aku,-21.96012442243222,57.03987557756778,1000
pex,-58.66754755817697,57.33245244182303,1000
azf,-0.9041449004030194,46.09585509959698,1000
mzz,-90.5280823836148,44.4719176163852,1000
zql,-8.719169496527012,12.280830503472988,1000
cxa,-59.33587193535091,46.66412806464909,1000
wiy,-34.84364602416722,76.15635397583277,1000
uqy,-86.59336815359794,51.40663184640206,1000
fqp,-44.07518835198476,79.92481164801524,1000
pws,-96.86146203362868,61.13853796637132,1000
hgb,-67.41438993097624,24.585610069023765,1000
thd,-81.8760156194896,81.1239843805104,1000
plb,-51.091325831941546,54.908674168058454,1000
ugv,-69.62154419831677,6.378455801683228,1000
wos,-34.73879373747741,19.26120626252259,1000
and,-95.12683916513686,15.873160834863139,1000
vnq,-83.07162068209907,44.92837931790094,1000
xyc,-37.91016804979119,79.08983195020882,1000
qvi,-79.77055255091523,33.22944744908478,1000
xdh,-39.08197057909245,25.918029420907555,1000
tiz,-70.29487415935641,72.70512584064359,1000
axf,-8.475368334001406,3.5246316659985943,1000
zyt,-61.87833082800428,15.121669171995721,1000
fuz,-64.70552953563559,65.29447046436441,1000
vny,-45.7258974600169,7.274102539983097,1000
wzc,-89.97472462257996,90.02527537742004,1000
fic,-70.87085595653707,75.12914404346293,1000
vqh,-26.49554359712658,49.504456402873416,1000
fwl,-53.491828895329405,50.508171104670595,1000
dix,-80.8190104234865,77.1809895765135,1000
khl,-54.046394152671475,15.953605847328525,1000
agx,-21.394953237815997,63.605046762184,1000
zjw,-76.51961720977651,16.480382790223484,1000
kot,-96.87730895235227,8.122691047647738,1000
uyb,-67.68879229045395,1.3112077095460561,1000
pwz,-59.04915171501922,91.95084828498078,1000
sjv,-57.32227951095476,23.677720489045246,1000
wlo,-56.24725473682149,18.75274526317851,1000
rby,-2.3289492914902183,73.67105070850978,1000
zkv,-93.39911369599447,28.600886304005527,1000
uuz,-87.36076389547434,20.63923610452566,1000
fxc,-31.52422853635948,48.47577146364052,1000
oyq,-85.06412712356884,23.935872876431162,1000
vwy,-90.91694973259962,86.08305026740038,1000
rnr,-49.758635598829024,71.24136440117097,1000
sfo,-62.922977034824065,44.077022965175935,1000
rpk,-46.64817027387978,85.35182972612023,1000
syl,-26.005438175376646,91.99456182462335,1000
phf,-12.252213354535826,92.74778664546417,1000
gtd,-21.966693317049604,26.033306682950396,1000
bnw,-53.20807255301529,86.79192744698472,1000
nrb,-56.482201480160455,37.517798519839545,1000
yfe,-89.23254973503826,49.767450264961745,1000
tos,-22.800882312698892,64.19911768730111,1000
mxe,-18.922599862845715,2.077400137154287,1000
mxr,-17.650283878519073,82.34971612148092,1000
eec,-39.69588326952516,94.30411673047485,1000
znt,-96.15023293326776,29.849767066732245,1000
vpt,-64.06076254315633,10.939237456843669,1000
rlm,-26.417543535049703,21.582456464950297,1000
qha,-24.612463869580257,12.387536130419743,1000
inl,-49.240349101976165,95.75965089802384,1000
ygr,-77.8965762906206,37.1034237093794,1000
rgz,-16.318546573276695,74.68145342672331,1000
jzc,-14.405242624613146,59.594757375386855,1000
vda,-79.45578067215328,6.544219327846715,1000
erx,-12.841430991021568,1.1585690089784317,1000
zcc,-61.13293981591638,25.86706018408362,1000
rij,-34.47983040953516,86.52016959046483,1000
ysf,-79.71896765725548,7.28103234274453,1000
lxg,-85.48575816457542,23.514241835424592,1000
gdb,-14.711163415956054,32.28883658404394,1000
gzf,-4.183631065264471,50.81636893473553,1000
bzn,-87.79273105218688,76.20726894781312,1000
auk,-88.50930467643337,20.490695323566623,1000
yze,-24.232789706690156,90.76721029330984,1000
uvc,-63.69978767227875,42.30021232772125,1000
riw,-43.58903157366255,2.4109684263374493,1000
aam,-80.11504549539534,11.88495450460466,1000
tzh,-10.66841864644818,1.331581353551821,1000
gba,-39.61242706766252,24.387572932337473,1000
mdp,-90.78505776306194,14.214942236938056,1000
uim,-60.14687840905195,89.85312159094805,1000
jas,-37.77463323165539,62.22536676834461,1000
pec,-5.569241067332834,46.43075893266717,1000
gpj,-49.08945986237435,78.91054013762565,1000
tcx,-41.495298119159585,69.50470188084041,1000
wgr,-32.457964887365165,46.542035112634835,1000
jcc,-46.7813125018784,64.2186874981216,1000
ddn,-97.61037071292378,33.389629287076225,1000
jko,-44.42163860986611,50.57836139013389,1000
ede,-91.60366938379933,41.39633061620068,1000
blw,-29.79905026933805,37.20094973066195,1000
doi,-68.12864168013445,3.8713583198655543,1000
nzg,-5.668532380059499,74.3314676199405,1000
xil,-18.833618270743674,72.16638172925633,1000
cww,-58.523838395521715,3.476161604478288,1000
bfo,-60.67912323383849,73.32087676616152,1000
axw,-68.08846743117887,23.911532568821123,1000
ykt,-36.054441070783,41.945558929217,1000
vdq,-80.29256713661266,33.70743286338734,1000
qww,-62.89158272029737,20.10841727970263,1000
khl,-33.97706505291911,16.02293494708089,1000
eza,-81.89704274413062,29.102957255869388,1000
jla,-39.362094525410726,5.637905474589274,1000
mqp,-23.256962282551147,34.74303771744885,1000
yhp,-55.8802898356298,73.11971016437019,1000
mxo,-78.9849101472717,51.015089852728295,1000
yia,-27.161758303076613,18.838241696923387,1000
tyv,-31.754346121078424,7.245653878921577,1000
wsu,-17.321798509861924,35.67820149013808,1000
wxb,-18.218836986227064,94.78116301377294,1000
gjc,-29.582528944603215,38.41747105539679,1000
ztv,-59.870714653449895,25.129285346550105,1000
zsl,-6.603106695481293,57.396893304518706,1000
qxi,-81.2186640137892,31.781335986210813,1000
eht,-1.8188619573085822,13.181138042691417,1000
yxx,-1.5975628949869214,53.40243710501308,1000
cnl,-84.2510114256918,5.748988574308193,1000
bdh,-34.65416811089666,56.34583188910334,1000
uih,-51.63634899416442,62.36365100583558,1000
uto,-28.098781646673245,29.901218353326755,1000
dkm,-52.61289181659248,2.387108183407518,1000
gem,-90.74784103044745,2.2521589695525472,1000
iop,-4.25359009229803,83.74640990770197,1000
aml,-16.065042678550853,34.93495732144915,1000
tmo,-29.1904589379157,0.8095410620843001,1000
pex,-12.458744267693342,95.54125573230665,1000
pqq,-13.280977236864148,28.719022763135854,1000
lpp,-52.03632040124999,67.96367959875,1000
anh,-18.007661227933802,25.992338772066198,1000
pff,-96.101451763889,34.898548236111004,1000
ici,-38.946559794547326,17.05344020545267,1000
fdy,-90.13429200105386,15.865707998946133,1000
zwg,-56.66872116556583,17.33127883443417,1000
vuf,-64.37073340517807,15.629266594821924,1000
dlp,-41.440720284594825,78.55927971540517,1000
wwl,-74.98261046561007,96.01738953438993,1000
hgx,-93.48717760579488,26.51282239420511,1000
pfn,-86.9969241171772,39.0030758828228,1000
dwe,-23.267922127096792,50.73207787290321,1000
aes,-43.47109248899348,21.528907511006523,1000
gya,-46.89264210536335,21.107357894636653,1000
mkd,-22.745531361719845,51.25446863828015,1000
bzj,0.43560220369069935,40.4356022036907,1000
ylx,0.25367833342753554,30.253678333427537,1000
alm,-90.52279027657892,44.47720972342108,1000
sbq,-27.81516191810132,81.18483808189868,1000
aqx,-7.497091706726358,51.50290829327364,1000
qjd,-2.020358712187153,14.979641287812846,1000
dym,-12.355455395477216,55.644544604522785,1000
ejm,-22.51593814823928,54.48406185176072,1000
oel,-29.92469837380242,48.07530162619758,1000
mfv,-6.958346826612654,30.041653173387346,1000
vxd,-83.40092310197427,55.59907689802573,1000
uvi,-93.91571493667465,60.08428506332535,1000
anv,-67.89723821989728,6.102761780102727,1000
fcl,-32.34226675082672,10.657733249173285,1000
osl,-58.71974268197501,78.280257318025,1000
bhs,-16.332004585381988,46.66799541461801,1000
zhx,-26.804429245285906,54.1955707547141,1000
ewh,-67.31482951865776,86.68517048134224,1000
qfm,-22.883801641448393,7.116198358551608,1000
xii,-85.9411883144275,89.0588116855725,1000
hjw,-74.47824521787443,26.521754782125566,1000
fpb,-37.77458097599091,28.225419024009092,1000
agd,-45.08567900115154,42.91432099884846,1000
rnt,-1.532944337602974,49.46705566239702,1000
zrj,-90.98309006662207,36.016909933377924,1000
luk,-80.44168561337466,25.558314386625348,1000
uhw,-97.47924332888638,19.520756671113613,1000
man,-87.95924025495236,28.040759745047637,1000
yyn,-60.75194552153907,21.248054478460933,1000
woj,-40.01796164769257,67.98203835230743,1000
zqq,-76.36367064094344,88.63632935905656,1000
dro,-67.04328142449975,94.95671857550025,1000
jsn,-47.61441797159983,92.38558202840017,1000
fny,-69.46214442198195,22.53785557801805,1000
uuc,-51.07023335754686,49.92976664245314,1000
tdn,-73.12171747810044,97.87828252189956,1000
odj,-78.7009597715459,15.299040228454107,1000
qfx,-61.432336973909464,49.567663026090536,1000
lew,-75.09162084150314,19.908379158496853,1000
bvw,-57.11360215574695,69.88639784425304,1000
ufs,-15.203526103614438,91.79647389638556,1000
ysc,-26.27775623497317,86.72224376502683,1000
ujw,-28.458493112402532,0.5415068875974671,1000
hxe,-74.27338771114505,26.72661228885495,1000
vgd,-12.043270013119177,15.956729986880823,1000
bkn,-6.142877844975427,49.85712215502457,1000
apj,-79.45738594415766,97.54261405584234,1000
vmb,-78.8136491395487,73.1863508604513,1000
nre,-50.803480290830095,38.196519709169905,1000
qhg,-11.376930077135711,59.62306992286429,1000
olt,-84.70894940309446,6.291050596905529,1000
cgh,-27.040925484408277,59.95907451559172,1000
oba,-92.14059828624363,76.85940171375637,1000
uxi,-23.194951401195127,16.805048598804873,1000
gge,-72.5881072655432,88.4118927344568,1000
xta,-93.65042882155733,34.34957117844268,1000
jtr,-83.52751836930477,3.4724816306952224,1000
cco,-76.93383843887439,63.06616156112561,1000
gid,-1.969516454992203,38.0304835450078,1000
jff,-70.60148048142905,69.39851951857095,1000
tcx,-61.62229659304068,90.37770340695933,1000
mvd,-63.278504588320686,19.721495411679314,1000
zrx,-24.894430716315345,73.10556928368466,1000
xed,-7.8776179640651565,17.122382035934844,1000
gfa,-44.815760030022076,5.184239969977926,1000
coo,-96.09623471462601,89.90376528537399,1000
ixe,-22.031365467918434,95.96863453208157,1000
nab,-87.51181795439152,6.488182045608478,1000
dps,-64.98653452301413,27.013465476985875,1000
zgt,-10.221976310431193,56.778023689568805,1000
fps,-20.243925823265307,64.75607417673469,1000
rqo,-79.60050126657201,35.39949873342799,1000
fnr,-30.260108517781454,38.739891482218546,1000
fte,-32.29944782065113,11.700552179348868,1000
ijq,-55.80429692105322,64.19570307894678,1000
ysv,-5.780158827330736,78.21984117266926,1000
xjb,-53.742325187340136,71.25767481265986,1000
jek,-57.785453744247604,44.214546255752396,1000
tjl,-16.430607473497965,84.56939252650203,1000
pzi,-80.53818945620318,90.46181054379682,1000
mxr,-95.03200959294358,60.96799040705642,1000
qpo,-58.51458980906795,71.48541019093206,1000
api,-18.829803101654207,98.1701968983458,1000
otb,-23.169072001400647,32.83092799859936,1000
jyn,-8.539119268676721,36.46088073132328,1000
whb,-14.277112464407168,2.7228875355928324,1000
yed,-72.40323223089085,4.596767769109156,1000
gpo,-20.37026240969804,65.62973759030196,1000
rxu,-17.372284748021542,86.62771525197846,1000
yhr,-49.73354899758075,75.26645100241926,1000
awa,-47.484384053206895,82.5156159467931,1000
slu,-97.73073736084326,65.26926263915674,1000
mmo,-18.563612362587453,35.43638763741255,1000
kbf,-46.87241796061284,33.12758203938716,1000
zoj,-28.52536768274274,89.47463231725726,1000
cmo,-59.465116996794485,72.53488300320551,1000
wfv,-79.42025869656877,59.57974130343123,1000
hzh,-69.6795482089885,68.3204517910115,1000
fpx,-8.19745611141499,75.802543888585,1000
fus,-77.65917947525571,35.34082052474429,1000
vma,-0.04292074147465341,59.95707925852535,1000
gnq,-3.3940756842022624,12.605924315797738,1000
hap,-47.49887886602889,53.50112113397111,1000
nrm,-6.647766427997242,45.35223357200276,1000
iwb,-81.27081408447724,28.729185915522763,1000
ded,-77.15722290799087,49.84277709200913,1000
xkj,-86.2443118983156,89.7556881016844,1000
tlr,-58.55478856166383,57.44521143833617,1000
cfm,-6.079290084408944,1.9207099155910559,1000
ota,-49.59584373420604,67.40415626579396,1000
pps,-85.76533249129757,89.23466750870243,1000
ccq,-91.81049904005455,52.18950095994545,1000
tsz,-6.01562765532208,54.98437234467792,1000
fnd,-82.70395017678568,90.29604982321432,1000
dyn,-19.728253018848054,15.271746981151946,1000
lwy,-85.02583236198574,71.97416763801426,1000
fao,-69.24533401649798,42.75466598350202,1000
tkh,-53.42907609613188,95.57092390386812,1000
lri,-87.13049949868001,39.86950050131999,1000
lxm,-48.08971609756645,90.91028390243355,1000
rgm,-33.56217891098315,88.43782108901685,1000
zys,-24.378482290296386,21.621517709703614,1000
lpo,-66.83866424061105,91.16133575938895,1000
bpp,-66.30539173625549,85.69460826374451,1000
jlg,-90.41176520140736,18.58823479859264,1000
fgm,-3.504800366552823,74.49519963344717,1000
oui,-95.52783268617681,62.472167313823185,1000
mcg,-22.320902885347294,51.679097114652706,1000
wmj,-92.27490750765291,36.72509249234708,1000
coj,-68.95113171988572,94.04886828011428,1000
uyp,-47.75221183890289,45.24778816109711,1000
fiu,-90.84035119485249,11.159648805147516,1000
zos,-47.78094452256254,90.21905547743745,1000
hxz,-26.474057493434643,70.52594250656536,1000
iem,-50.41100783572572,74.58899216427429,1000
hmq,-69.63970167601782,5.360298323982185,1000
ebq,-69.54763452505662,59.45236547494338,1000
lkq,-1.229630255622725,63.77036974437728,1000
chi,-47.67901818574947,75.32098181425053,1000
vfw,-7.8842920500134595,60.11570794998654,1000
lpa,-75.85596529221168,8.144034707788316,1000
kcf,-78.88268799276942,11.117312007230584,1000
oin,-15.266791420832519,52.73320857916748,1000
jwg,-71.20482625245447,97.79517374754553,1000
fks,-37.53255794502681,28.467442054973187,1000
alh,-83.96464835883639,14.035351641163613,1000
xzt,-88.03288297174937,61.96711702825063,1000
eog,-64.95511623710713,93.04488376289287,1000
usv,-85.08154605938134,65.91845394061866,1000
qry,-49.55827591700215,9.441724082997855,1000
hxf,-24.19842718618585,69.80157281381415,1000
vyz,-90.86182582693685,97.13817417306315,1000
usj,-66.45892312723387,83.54107687276613,1000
ujn,-88.72349989166972,15.276500108330282,1000
vpk,-22.659069250759266,32.340930749240734,1000
nps,-54.449799519121775,10.550200480878225,1000
hcp,-71.19890765884708,67.80109234115292,1000
dll,-68.85179873754988,86.14820126245012,1000
cud,-49.098192867639966,23.901807132360034,1000
okp,-42.08515939406733,83.91484060593267,1000
qcl,-13.020956170205423,24.979043829794577,1000
uet,-10.535836522889092,80.46416347711092,1000
awk,-82.35115976860737,40.64884023139262,1000
zpy,-54.728741450978156,57.271258549021844,1000
ieg,-35.2212072744828,28.7787927255172,1000
zst,-81.89853220473691,71.10146779526309,1000
bbp,-23.809996923751033,42.19000307624896,1000
kzz,-96.57406645822184,84.42593354177816,1000
nnd,-61.37844402758952,26.62155597241048,1000
zlj,-96.75004852329624,97.24995147670376,1000
quh,-80.02678440901394,66.97321559098606,1000
sar,-43.093316371741274,25.90668362825873,1000
ptk,-37.29776620485762,62.70223379514238,1000
vjo,-91.29735319798982,3.702646802010184,1000
ybj,-76.71519032380495,93.28480967619505,1000
wuu,-15.582195828616356,72.41780417138364,1000
leg,-97.65759955059748,79.34240044940252,1000
kny,-58.889335634036755,56.110664365963245,1000
ljb,-84.16275435178382,76.83724564821618,1000
xle,-55.501980745225175,55.498019254774825,1000
yyz,-16.88336511838968,9.11663488161032,1000
qnq,-38.516041969888356,84.48395803011164,1000
krt,-23.042087242579438,33.957912757420566,1000
hag,-71.58705899139858,28.412941008601422,1000
zeg,-82.49909439459714,31.500905605402867,1000
hni,-81.70980957304596,81.29019042695404,1000
yhg,-66.08355913762333,88.91644086237667,1000
xzc,-46.07051516636731,87.9294848336327,1000
mmq,-72.21835833943456,6.781641660565438,1000
rqp,-55.633053058638026,12.366946941361975,1000
bem,-97.66161034979544,40.338389650204554,1000
tog,-35.44039449262803,53.55960550737197,1000
hog,-75.11496864565761,44.885031354342395,1000
sdd,-83.00953926445777,37.99046073554223,1000
znl,-37.00843396224154,4.991566037758459,1000
lfb,-72.73258224405697,91.26741775594303,1000
buq,-7.693748505837792,58.30625149416221,1000
xgn,-52.74219802292578,83.25780197707422,1000
dew,-53.700365862749706,91.2996341372503,1000
ogf,-81.39907354720025,88.60092645279975,1000
kyg,-92.32423236004169,30.67576763995831,1000
sii,-16.895926214943536,90.10407378505647,1000
wuv,-28.79314261934338,1.2068573806566192,1000
ooi,-29.98530293723864,68.01469706276136,1000
idj,-23.253563448390512,9.746436551609488,1000
gvs,-87.14589394675339,80.85410605324661,1000
mxa,-61.35148272724666,90.64851727275334,1000
wif,-41.29198423758665,2.7080157624133507,1000
xbh,-80.54900251903051,57.4509974809695,1000
bxw,-30.554314289838437,2.445685710161561,1000
pwt,-80.0479078199276,58.9520921800724,1000
hri,-58.4191682035933,89.5808317964067,1000
rxn,-8.763702529578222,44.23629747042178,1000
smb,-39.412467123125154,75.58753287687485,1000
gll,-73.37276916093742,84.62723083906258,1000
ihx,-45.33266503640599,7.667334963594009,1000
hdl,-88.8893471337058,39.1106528662942,1000
ndp,-69.17200578902757,55.827994210972435,1000
xbj,-55.8857980798066,82.11420192019341,1000
def,-83.84799202374191,59.1520079762581,1000
evb,-61.35477279356751,38.64522720643249,1000
tcb,-49.83081474119362,61.16918525880638,1000
nxf,-27.167104409180137,44.83289559081986,1000
oow,-83.88759111815075,59.112408881849255,1000
nkl,-42.672535869026575,14.327464130973421,1000
jmo,-67.43404962557698,23.565950374423018,1000
nbm,-89.11226086793245,45.88773913206756,1000
gcs,-31.856615013579464,18.143384986420536,1000
pqz,-69.38354053737477,56.61645946262523,1000
skl,-44.49197337045592,22.50802662954408,1000
evf,-29.622122621282248,64.37787737871776,1000
tze,-57.68816805191632,52.31183194808368,1000
uag,-61.31369639544538,81.68630360455462,1000
ndn,-97.42407860338999,27.57592139661001,1000
fyr,-51.56934723934199,83.43065276065802,1000
cbc,-11.93261036672246,86.06738963327754,1000
pde,-86.36298791065335,16.63701208934666,1000
wfv,-60.728330859274756,57.271669140725244,1000
drl,-43.67901236154,22.32098763846,1000
luh,-39.85878756481542,98.14121243518458,1000
rwx,-20.95570758284226,87.04429241715773,1000
cxo,-3.031807637466507,83.9681923625335,1000
ytp,-94.78319348941288,45.21680651058712,1000
ckb,-46.877629223338936,70.12237077666106,1000
ptr,-32.58059882939577,58.41940117060423,1000
afw,-54.970501526039534,47.029498473960466,1000
dgf,-57.83382419934648,70.16617580065352,1000
lon,-95.47129498884965,77.52870501115035,1000
vqb,-31.43300690129911,40.56699309870089,1000
dxc,-85.09480900273353,50.90519099726647,1000
iza,-14.118625094521917,64.88137490547808,1000
aup,-23.295115770207342,75.70488422979265,1000
qtj,-9.094896562614277,22.905103437385723,1000
kgu,0.7464723970266387,23.74647239702664,1000
xtj,-22.779268367465214,41.220731632534786,1000
ghz,-8.702289400903185,35.29771059909682,1000
zgy,-22.77058451371261,86.2294154862874,1000
faz,-26.19719136044347,36.80280863955653,1000
ttx,-33.36524312900875,15.634756870991248,1000
vky,-91.34534940988482,66.65465059011518,1000
mwa,-50.64059468217431,84.35940531782569,1000
lla,-71.04653259591889,45.95346740408112,1000
lya,-68.67282341488337,54.32717658511663,1000
qek,-94.93126126229302,74.06873873770698,1000
daf,-59.23074360531872,80.76925639468128,1000
fvv,-80.18811194350378,80.81188805649622,1000
ysb,-78.39040920503214,61.60959079496786,1000
llr,-70.47113250535011,81.52886749464989,1000
xrk,-68.33304969913947,80.66695030086053,1000
vlh,-80.99898086549813,44.00101913450188,1000
