niy,-11.543297374936339,81.45670262506366,1000
rrb,-29.819136398729018,84.18086360127099,1000
teh,-12.804308132185996,91.195691867814,1000
faf,-29.625072200727786,36.374927799272214,1000
gpp,0.9136378232919217,25.91363782329192,1000
pfb,-79.03556550968126,25.96443449031874,1000
kmc,-24.819687623879076,34.18031237612092,1000
fkl,-23.123650713067583,94.87634928693242,1000
tnf,-89.1994571077795,58.8005428922205,1000
jfg,-39.359543864628804,79.6404561353712,1000
yek,-91.80304400383955,15.196955996160462,1000
nbn,-27.824806497239997,8.175193502760004,1000
jpi,-92.46498713577247,7.535012864227526,1000
fvz,-65.19328499122241,62.80671500877759,1000
iui,-30.22784489826308,80.77215510173691,1000
ffe,-29.690731597049727,7.309268402950272,1000
eiz,-66.23905547789987,28.76094452210013,1000
rdh,-84.4482566615643,42.5517433384357,1000
rvy,-36.54262324834479,96.4573767516552,1000
lol,-63.2122480430445,85.7877519569555,1000
hhd,-91.7731426617245,56.226857338275494,1000
exp,-11.220171246917063,3.7798287530829366,1000
bnm,-62.6441397697448,49.3558602302552,1000
czf,-95.50002148016023,6.499978519839767,1000
gdb,-47.375316445558,87.624683554442,1000
fix,-33.530154827542404,88.4698451724576,1000
aag,-4.3426713692059575,85.65732863079404,1000
hqb,-80.54783251735894,43.452167482641066,1000
iqt,-19.63463646963999,24.36536353036001,1000
sqx,-71.9354373103446,61.0645626896554,1000
kfx,-85.39375076531539,74.60624923468461,1000
bzk,-20.616307879971952,71.38369212002804,1000
ahw,-24.49243807006191,71.50756192993809,1000
xrz,-82.03617567928934,19.96382432071066,1000
swp,-2.187077292352111,68.81292270764789,1000
yfb,-18.355561638192352,33.644438361807644,1000
izl,-35.004408867792854,3.995591132207145,1000
plc,-64.3726847492948,52.62731525070519,1000
qbc,-56.98592820322356,95.01407179677643,1000
pxl,-85.00278038754195,75.99721961245805,1000
okr,-35.51917435511444,96.48082564488556,1000
dfy,-67.59038916677356,30.40961083322644,1000
boq,-67.91091229884753,73.08908770115247,1000
vtu,-22.181436807402513,4.818563192597489,1000
zcx,-11.159847411106465,41.84015258889353,1000
bxl,-73.83995185038289,30.160048149617115,1000
iwe,-42.736764180928,56.263235819072,1000
nxg,-9.155165647928431,6.84483435207157,1000
xrv,-37.484290038842296,36.515709961157704,1000
hth,-93.06515033881297,95.93484966118703,1000
kxp,-54.008215337247485,77.99178466275251,1000
blg,-83.61520751140681,67.38479248859319,1000
xub,-20.649404053048087,43.35059594695191,1000
ttd,-68.77726262939011,79.22273737060989,1000
rag,-16.11385099971566,24.88614900028434,1000
sph,-45.20052217160799,28.79947782839201,1000
fci,-70.21810148544736,36.78189851455264,1000
jji,-6.47201463349029,22.52798536650971,1000
pqa,-46.01709741659013,4.982902583409864,1000
zuo,-58.895393181423835,81.10460681857617,1000
rdb,-55.729334216500746,55.270665783499254,1000
hws,-66.29013067305613,84.70986932694387,1000
epl,-96.02951602095533,33.970483979044666,1000
ugs,-76.47393427407982,66.52606572592018,1000
ryf,-5.2118949424832195,22.78810505751678,1000
znc,-68.9809091637095,70.0190908362905,1000
znz,-44.34481981357274,37.65518018642726,1000
mqr,-88.19439678959226,67.80560321040774,1000
gbe,-55.13035316928721,2.869646830712788,1000
fqv,-46.739155884100676,88.26084411589932,1000
hvj,-2.5812455839559814,82.41875441604402,1000
xzx,-53.04053407027924,98.95946592972076,1000
nxb,-55.286124031549626,53.713875968450374,1000
mbu,-82.41439368979283,77.58560631020717,1000
ujr,-94.41297738535381,42.58702261464619,1000
fna,-13.63264212792549,86.3673578720745,1000
xaw,-50.57831020012936,39.42168979987064,1000
omq,-25.21204524726178,52.787954752738216,1000
jsv,-21.804396985589662,11.195603014410338,1000
gdo,-10.418090445145337,21.581909554854665,1000
wop,-78.18316178266612,36.81683821733389,1000
tqs,-83.15951575963419,88.84048424036581,1000
scb,-88.10654638661214,32.89345361338786,1000
nqr,-28.569163325457822,84.43083667454218,1000
imd,-12.68619026417044,71.31380973582957,1000
pop,-61.462681865779906,21.537318134220094,1000
weg,-51.17783179556245,55.82216820443755,1000
wwy,-31.105077692289697,58.8949223077103,1000
xvz,-92.11109202464147,57.88890797535853,1000
kwa,-70.4055643075457,62.59443569245429,1000
nnk,-20.618096029095415,28.381903970904585,1000
bdn,-39.15524487389962,77.84475512610038,1000
giy,-96.72358329812505,24.276416701874954,1000
vhe,-20.917149712724306,24.082850287275694,1000
ywl,-90.72501519278782,1.2749848072121752,1000
tfc,-68.9691892008479,6.030810799152108,1000
znb,-79.46007760736752,55.53992239263247,1000
qwf,-53.97388429400944,36.02611570599056,1000
dch,-43.68364164744204,63.31635835255796,1000
amq,-70.88814151149691,9.11185848850309,1000
rrv,-20.04282049676671,6.9571795032332915,1000
col,-88.8600327792712,16.139967220728803,1000
xer,-56.16436780098623,65.83563219901377,1000
lxm,-4.72049191370993,97.27950808629006,1000
hfr,-34.99265769151765,22.007342308482354,1000
upy,-65.50907930055406,33.490920699445944,1000
kzt,-92.86688874258267,43.13311125741732,1000
ssp,-64.64335172244853,2.356648277551473,1000
ygs,-76.27959739091126,65.72040260908874,1000
xrp,-5.92401771834372,96.07598228165628,1000
xkr,-80.52782319086474,83.47217680913526,1000
yrt,-53.98112220007067,67.01887779992933,1000
ozv,-24.7227890492434,35.2772109507566,1000
vah,-91.73945644028619,38.26054355971381,1000
wdr,-21.616948644229943,6.383051355770058,1000
lnr,0.7138402339086887,51.71384023390869,1000
ndy,0.07831088525183061,23.07831088525183,1000
isn,-1.5277115326606232,8.472288467339377,1000
ojb,-35.94463264613024,4.055367353869759,1000
vkk,-14.050098115534137,64.94990188446586,1000
elr,0.49960940745237226,46.499609407452375,1000
dog,-60.85530184619654,53.14469815380346,1000
dtq,-89.24065240892902,44.75934759107098,1000
cda,-13.027380905822032,77.97261909417797,1000
hau,-85.82698890993079,15.173011090069217,1000
spz,-81.52417077219692,4.475829227803074,1000
hvq,-24.056833241351814,86.94316675864819,1000
mxw,-45.88962917695417,34.11037082304583,1000
aic,-2.765022118407465,65.23497788159254,1000
ktk,-18.43951897492845,95.56048102507155,1000
xzy,-94.01084105149796,22.989158948502045,1000
bap,-82.45480379495179,31.545196205048217,1000
pyl,-51.86588209442515,51.13411790557485,1000
mty,-1.2159279158526841,49.78407208414732,1000
lre,-45.52755418276082,52.47244581723918,1000
tnv,-38.62932077326087,18.370679226739124,1000
amc,-84.31433112996068,72.68566887003932,1000
bqf,-16.26842709349829,31.73157290650171,1000
qvh,-41.8727095885199,61.1272904114801,1000
vtq,-66.75898584558848,6.241014154411513,1000
ojo,-3.003775084130148,30.996224915869853,1000
daz,-72.8115746021188,0.1884253978811995,1000
rlo,-65.02626123795557,63.97373876204443,1000
dko,-44.21974045922641,13.780259540773596,1000
wkl,-80.59132807989538,55.40867192010462,1000
wyn,-73.7374116848929,91.2625883151071,1000
kgs,-72.08912594076207,81.91087405923793,1000
tas,-79.25034077021301,62.74965922978698,1000
hmy,-52.30214072286484,85.69785927713515,1000
zwc,-81.56220096775552,46.437799032244484,1000
okt,-6.991360372668626,52.00863962733138,1000
xvm,-79.78285561906496,38.21714438093503,1000
ump,-6.615549022055192,62.38445097794481,1000
ato,-73.5396510946584,67.4603489053416,1000
nxl,-74.11574820304034,73.88425179695966,1000
mxb,-43.45536718662946,58.54463281337054,1000
wnr,-80.3344479832847,46.665552016715296,1000
uxr,-68.38581782619853,54.61418217380147,1000
kbd,-61.66133276988656,70.33866723011343,1000
ssg,-31.637305819537904,91.3626941804621,1000
nln,-64.31725437147833,87.68274562852167,1000
sar,-64.53115033607985,96.46884966392015,1000
tkp,-92.31547269435491,8.684527305645084,1000
nex,-49.41613091812539,84.58386908187461,1000
ipt,-40.82812233431543,56.17187766568457,1000
oeb,-29.773080918879376,51.22691908112062,1000
cvz,-36.563960766155205,17.4360392338448,1000
wcu,-96.00019864441258,84.99980135558742,1000
odn,-80.41610460733146,73.58389539266854,1000
bmh,-21.785254069049838,35.214745930950166,1000
xig,-54.30917651981692,34.69082348018308,1000
rzy,-6.485871781942691,84.51412821805731,1000
kqn,-30.544254190557762,29.455745809442238,1000
xnb,-48.29138879766534,61.70861120233466,1000
rxy,-29.095984431778927,71.90401556822107,1000
ust,-24.64483239337739,15.355167606622613,1000
wxj,-36.715331206790964,22.284668793209036,1000
qqi,-81.30861612954833,26.691383870451673,1000
wwm,-95.16308687459313,26.836913125406866,1000
vyq,-93.99525661428297,0.00474338571704136,1000
bhm,-33.02958112244351,22.970418877556494,1000
yvk,-11.142381012834047,78.85761898716595,1000
rid,-29.04161276504671,4.958387234953288,1000
uuy,-17.699441850097276,1.3005581499027223,1000
tul,-1.5951332806998675,86.40486671930013,1000
bxj,-23.42598412359598,56.57401587640402,1000
dje,-30.03941339987133,76.96058660012868,1000
div,-12.016903820282284,34.98309617971772,1000
vsn,-70.4286906171414,88.5713093828586,1000
rxb,-60.867445502962376,74.13255449703763,1000
hrf,-14.395841489480574,19.604158510519426,1000
gbo,-32.57389320348316,40.42610679651684,1000
ytd,-32.00602350313211,39.99397649686789,1000
bfb,-71.5408327847124,94.4591672152876,1000
pfh,-60.01468972393575,30.985310276064247,1000
fhi,-94.94922829572944,70.05077170427056,1000
nim,-90.98188942078572,85.01811057921428,1000
flb,-16.436142236440062,64.56385776355994,1000
zfg,-56.71197567251758,53.28802432748242,1000
yqx,-3.653735724230569,0.34626427576943086,1000
vpc,-25.131169742545417,14.868830257454583,1000
xld,-6.1403496781461016,18.8596503218539,1000
qlx,-49.12062482790799,72.87937517209201,1000
dud,-37.899394671578605,20.1006053284214,1000
ynk,-46.915072853737364,24.084927146262633,1000
sqo,-7.187978406747721,10.812021593252279,1000
tco,-22.8589555203465,47.1410444796535,1000
ntl,-55.19205214091234,39.80794785908766,1000
pbh,-6.936000611887314,40.063999388112684,1000
zmz,-64.62299975329978,68.37700024670022,1000
nfz,-7.547887277095911,59.45211272290409,1000
qyn,-6.768620943278216,42.231379056721785,1000
isq,-10.656807748136815,57.34319225186319,1000
ygt,-75.62003544327307,85.37996455672693,1000
okf,-31.44455976489181,80.5554402351082,1000
ues,-39.941098494044674,7.058901505955328,1000
tmi,-77.49199376695991,56.50800623304009,1000
ygx,-84.7530190657855,59.246980934214506,1000
vzk,0.2767426651240198,29.27674266512402,1000
dny,-44.7866089111076,25.2133910888924,1000
xdf,-17.604893120325126,86.39510687967487,1000
sdd,-52.360933229109776,24.639066770890228,1000
vwn,-72.27000194653785,36.72999805346216,1000
wao,-76.99212325455298,40.007876745447014,1000
qfg,-71.07567029910238,35.92432970089762,1000
kje,-64.77506670945255,72.22493329054745,1000
caj,0.873235145658856,81.87323514565885,1000
tfc,-40.073530651153725,60.926469348846275,1000
tei,-82.61464189635556,80.38535810364444,1000
xxo,-84.85455701223819,75.14544298776181,1000
ntu,-16.20738575176557,88.79261424823443,1000
ovs,-81.52263696117238,46.477363038827626,1000
tji,-60.91369299688424,88.08630700311576,1000
ksj,-10.048284159331834,37.951715840668165,1000
hig,-40.509086047944926,6.490913952055074,1000
iqc,-21.112726583242274,9.887273416757726,1000
cmd,-46.82142478119025,45.17857521880975,1000
mvl,-30.160358509215143,85.83964149078486,1000
jly,-39.68839613628539,23.31160386371461,1000
akw,-24.345978604004603,53.65402139599539,1000
hww,-77.94352007826267,40.056479921737335,1000
sxf,-35.74195896264689,1.2580410373531068,1000
jjv,-80.76353428786523,33.23646571213477,1000
sco,-56.3123098714072,60.6876901285928,1000
fbo,-94.78541005761849,14.21458994238151,1000
hhw,-33.59207022556579,63.40792977443421,1000
ayr,-78.26819884757914,49.731801152420864,1000
ked,-0.24805932416281473,38.75194067583718,1000
ppk,-7.160097425854112,38.83990257414589,1000
shv,-88.59970489330841,21.400295106691594,1000
uca,-41.46676204987321,11.533237950126791,1000
shk,-63.346620250673716,51.653379749326284,1000
ots,-76.36790406409224,96.63209593590776,1000
jpg,-29.4168726743637,1.5831273256363017,1000
ocp,-2.5173494460156025,95.4826505539844,1000
psg,-37.26318357402497,25.736816425975032,1000
nxz,-82.16061347677464,47.83938652322536,1000
ujq,-82.84196229880976,45.158037701190246,1000
zam,-77.82774983179338,80.17225016820662,1000
kzi,-91.7425396538231,96.2574603461769,1000
ccy,-51.28421325934484,74.71578674065516,1000
iuv,-84.29309838899385,76.70690161100615,1000
nai,-79.51365037933503,25.486349620664967,1000
otz,-15.849155951974618,69.15084404802538,1000
dni,-72.73473796001146,41.26526203998855,1000
vli,-28.24368743098075,80.75631256901926,1000
lhy,-52.188761777637296,94.8112382223627,1000
ara,-4.941662356034915,68.05833764396509,1000
ghd,-49.244950321118154,66.75504967888185,1000
end,-59.852685425365905,73.1473145746341,1000
wgx,-16.011202509327514,98.98879749067248,1000
hqu,-69.4023019764135,22.5976980235865,1000
ovn,-31.435646552040765,40.564353447959235,1000
cbr,-65.71848217059345,36.28151782940656,1000
tpc,-22.857202184411893,56.142797815588104,1000
ixq,-65.10334814493609,4.896651855063903,1000
gje,-71.20907891570316,43.79092108429684,1000
rbc,-27.76147971887937,30.23852028112063,1000
ysr,-22.037221987019798,32.9627780129802,1000
jrh,0.03657157544557277,31.036571575445574,1000
wda,-9.150610377655218,7.849389622344782,1000
tzt,-44.13811791636882,22.86188208363118,1000
mbj,-39.00261025776767,33.99738974223233,1000
exg,-70.97092046939734,14.029079530602658,1000
htk,-21.420373913561214,26.579626086438786,1000
igt,-53.489098929117674,73.51090107088233,1000
grz,-97.4074394862001,59.59256051379989,1000
dgm,-57.07543478993836,38.92456521006164,1000
htm,-85.21576171386995,33.78423828613005,1000
sir,-65.62570614191374,76.37429385808626,1000
uei,-20.717883589330164,65.28211641066983,1000
ymc,-36.172753542888444,94.82724645711156,1000
xsv,-14.514352988486358,25.48564701151364,1000
cic,-56.066590923292125,16.93340907670788,1000
ker,-5.055188561375399,37.944811438624605,1000
qqu,-37.75866211156768,94.24133788843233,1000
luq,-73.62723281585313,17.372767184146873,1000
adn,-72.11644393425023,0.883556065749778,1000
jbe,-40.94107371532543,67.05892628467457,1000
lxl,-59.110498707366034,27.889501292633966,1000
ops,-59.39503915470416,28.604960845295842,1000
uzz,-63.151406057951434,70.84859394204857,1000
igk,-48.932278317609395,27.067721682390605,1000
dxe,-26.47532783668753,13.524672163312468,1000
bbh,-51.70275567507604,47.29724432492396,1000
jga,-15.318362088811224,47.68163791118877,1000
nfr,-2.6741956635040607,3.3258043364959393,1000
qgy,-66.04929838521531,77.95070161478469,1000
xzt,-97.2892313267834,73.7107686732166,1000
xnc,-70.2288999812452,20.7711000187548,1000
cpv,-63.28626642615568,94.71373357384432,1000
huf,-34.531359751926566,92.46864024807343,1000
stz,-65.30188806088286,22.69811193911714,1000
fcp,-91.75754207277689,72.24245792722311,1000
ozu,-60.503509163622084,32.496490836377916,1000
jrc,-66.02168035537176,22.97831964462824,1000
puk,-64.16144813613691,90.83855186386309,1000
uol,-17.56813540140077,92.43186459859923,1000
mzv,-79.93540375757759,89.06459624242241,1000
wgp,-78.94448031317948,23.05551968682052,1000
got,-53.25811209676584,64.74188790323416,1000
bqk,-85.01278318122995,27.987216818770055,1000
iil,0.9476638431199834,63.94766384311998,1000
vhg,-31.95138683931636,36.048613160683644,1000
hee,-39.8072928535442,38.1927071464558,1000
mlu,-92.57774816567004,5.422251834329961,1000
hnq,-26.67603750206008,9.323962497939922,1000
ojq,-88.76122492558379,43.2387750744162,1000
rtm,-35.99719944104429,88.00280055895571,1000
vpx,-52.56589284287323,64.43410715712677,1000
pfo,-38.36554925486666,96.63445074513334,1000
xls,-15.490755964747892,86.50924403525211,1000
pzj,-9.326836927253485,17.673163072746515,1000
plt,-89.73480503084316,94.26519496915684,1000
jkm,-19.892415819991264,98.10758418000874,1000
zau,-12.414754094484767,79.58524590551524,1000
idu,-30.783211842816378,86.21678815718361,1000
pal,-41.36306932225041,77.63693067774959,1000
zyu,-38.76344692666776,90.23655307333223,1000
bmr,-68.25074398561068,90.74925601438932,1000
fsm,-52.929042806231635,20.07095719376836,1000
gcw,-55.68203024171293,49.31796975828707,1000
qjm,-77.20284202691892,36.79715797308108,1000
ljh,-57.93817041772422,54.06182958227578,1000
jnm,-95.91558337037193,45.08441662962806,1000
tbo,-10.694589995821625,48.30541000417838,1000
xzx,-31.891693583031202,90.1083064169688,1000
kmz,-58.44031342187212,82.55968657812788,1000
afq,-33.246968123104566,0.7530318768954329,1000
oom,-34.10001142134078,85.89998857865922,1000
wuv,-67.01357962434268,80.98642037565732,1000
ihq,-61.58807525688713,97.41192474311288,1000
pdp,-75.52591497920675,90.47408502079325,1000
jcg,-1.2841816174896477,98.71581838251035,1000
kpd,-80.09536827190122,37.904631728098785,1000
qwe,-50.09847623383559,83.9015237661644,1000
pro,-94.50845974672131,31.491540253278686,1000
uzb,-46.57416764518358,84.42583235481642,1000
aav,-54.79893138110018,59.20106861889982,1000
mzf,-56.96303699082311,39.03696300917689,1000
qeb,-88.89912372157852,53.10087627842148,1000
yuq,-76.37864466329141,78.62135533670859,1000
osh,-69.760428969054,31.239571030946003,1000
vgy,-96.44011310885028,28.55988689114971,1000
xec,-11.811064952955592,8.188935047044408,1000
fra,-54.76704504002492,7.232954959975081,1000
ebq,-41.83268473446599,12.167315265534011,1000
knc,-5.6062394457476135,62.39376055425239,1000
pol,-12.62959603027786,19.37040396972214,1000
zzr,-48.21294186439335,80.78705813560664,1000
pqf,-38.61002664403688,24.38997335596312,1000
cqc,-77.79132179353516,78.20867820646484,1000
fzy,-58.51578610611613,14.48421389388387,1000
tpz,-38.370174747463274,92.62982525253673,1000
jvh,-48.37330556286953,69.62669443713047,1000
qvw,-24.278371734997187,77.7216282650028,1000
rzw,-95.47726958552838,90.52273041447162,1000
xea,-91.6361133869094,97.3638866130906,1000
wfx,-90.18113864705958,40.818861352940424,1000
hvv,-76.63085012859239,87.36914987140761,1000
elp,-85.32625586272414,59.67374413727587,1000
vth,-51.771477438565555,10.228522561434444,1000
dpl,-93.35339882430213,20.64660117569787,1000
ldn,-45.42153162508896,46.57846837491104,1000
src,-94.56180473705415,5.438195262945861,1000
hug,-25.662217119487476,1.3377828805125243,1000
gtj,-64.19821149077687,65.80178850922313,1000
dzz,-52.60844333888214,76.39155666111786,1000
kol,-1.0195143562522677,98.98048564374773,1000
uhk,-65.77798505849513,92.22201494150487,1000
nhz,-67.09388318443558,50.90611681556442,1000
fek,-70.0620064455647,13.937993554435302,1000
gqv,-80.18889884775167,44.81110115224833,1000
msi,-49.6475991918398,35.3524008081602,1000
ysx,0.26590691806139244,13.265906918061393,1000
mbh,-49.26868557204281,27.73131442795719,1000
uzm,-93.3685494714128,22.631450528587195,1000
lyg,-24.49901603952007,43.50098396047993,1000
tjd,-92.37316133722618,31.62683866277382,1000
sba,-3.433270243768787,95.56672975623121,1000
xxe,-66.84468602386458,19.155313976135417,1000
end,-95.74084514658674,8.259154853413259,1000
adf,-57.9542908680684,93.0457091319316,1000
dol,-65.98291367735968,77.01708632264032,1000
uos,-9.88553405764554,63.11446594235446,1000
kag,-35.068150982991824,72.93184901700818,1000
gzk,0.4923750485358752,98.49237504853588,1000
fvs,-3.4373440071021446,52.56265599289785,1000
elb,-28.732082761015448,64.26791723898455,1000
ozr,-90.33047148219104,47.66952851780896,1000
iyz,-77.44034046517253,74.55965953482747,1000
ljd,-71.51558926129653,7.484410738703478,1000
azp,-90.77874096219516,87.22125903780484,1000
dxk,-34.04992892703921,10.95007107296079,1000
vil,-45.70558383853087,30.294416161469126,1000
txv,-41.176947455231925,36.823052544768075,1000
syz,-26.697117626360868,43.30288237363913,1000
ypw,-81.89447668752591,67.10552331247409,1000
ovi,-20.14583584827962,94.85416415172038,1000
yrn,-26.85296302849473,41.147036971505266,1000
qxt,-6.078939454594857,43.92106054540514,1000
ixn,-36.348157454409886,82.65184254559011,1000
wui,-90.21319541016035,94.78680458983965,1000
sdd,-92.12670266019202,11.873297339807978,1000
fti,-41.4711447882941,49.5288552117059,1000
dko,-82.13334239286353,52.86665760713647,1000
gfj,-32.53716242652858,20.462837573471422,1000
wnu,-18.403028476178232,45.59697152382177,1000
czi,-88.93968735814865,47.06031264185136,1000
dpi,-28.60972485704636,5.390275142953643,1000
uvi,-75.61361108725536,69.38638891274464,1000
pex,-83.34536454830057,24.654635451699427,1000
oes,-6.869902294240176,96.13009770575982,1000
aaj,-97.75894907359162,46.241050926408384,1000
npy,-17.31308872888181,80.68691127111819,1000
tsq,-15.13443623314496,41.86556376685504,1000
glm,-88.43664891541256,14.563351084587435,1000
avn,-93.37191196064042,93.62808803935958,1000
cbp,-54.14103480904628,17.858965190953718,1000
cwt,-54.784837815867505,77.2151621841325,1000
dxq,-63.31532371130428,84.68467628869573,1000
mea,-28.301349347704125,89.69865065229588,1000
rwp,-74.92077882059469,40.0792211794053,1000
ggq,-27.5135683807552,74.4864316192448,1000
bmq,-82.84009345707734,16.15990654292265,1000
ssi,-86.7893620182847,87.2106379817153,1000
dep,-45.64393427501056,80.35606572498943,1000
spi,-75.14174704686648,9.858252953133514,1000
tgw,-68.52005447223728,74.47994552776272,1000
uvt,-38.41449076889886,87.58550923110114,1000
rel,-34.06631096412163,89.93368903587837,1000
uqr,-45.40060812065952,59.59939187934048,1000
wsk,-0.7981324572691679,45.20186754273083,1000
ayu,-34.248504656690685,76.75149534330932,1000
fdp,-65.98978278342751,1.0102172165724865,1000
okx,-17.784795332875216,88.21520466712478,1000
wzl,-18.173075402470122,85.82692459752988,1000
ijt,-72.35088679407738,70.64911320592262,1000
dhp,-26.782494123028187,82.21750587697181,1000
nid,-73.59243450368402,15.407565496315978,1000
nsi,-44.02490816523728,79.97509183476272,1000
eda,-88.50021702263713,43.49978297736287,1000
bgl,-34.1145331940338,57.8854668059662,1000
jpf,-67.0432183914631,78.9567816085369,1000
jla,-79.53644396263414,43.463556037365855,1000
ckg,-97.29528932623163,84.70471067376837,1000
znl,-21.295761990178995,75.704238009821,1000
xoc,-33.449739697823674,65.55026030217633,1000
bsu,-21.527058383803293,55.47294161619671,1000
iiw,-38.87448625899871,25.12551374100129,1000
yko,-42.718202035232636,10.281797964767364,1000
yoy,-93.30088296478088,53.69911703521912,1000
tku,-3.4357505500073016,19.564249449992698,1000
tvn,-71.88582584174415,9.114174158255846,1000
ots,-52.80775243736998,96.19224756263002,1000
avn,0.35550553261771656,55.35550553261772,1000
tkw,-80.89121922289428,44.10878077710572,1000
mjc,-37.61195218478392,18.388047815216083,1000
tsz,-9.607510445875748,23.39248955412425,1000
xem,-59.61776741524856,29.382232584751446,1000
pvy,-48.77570409826874,13.224295901731258,1000
uqy,-38.81809754084813,80.18190245915187,1000
hds,-73.46072914195796,79.53927085804204,1000
wso,-59.640053527689304,47.359946472310696,1000
toy,-17.187526057921815,17.812473942078185,1000
src,-39.77551872754457,55.22448127245543,1000
beh,-71.59219559520004,40.40780440479996,1000
aeq,-90.55903425786468,56.44096574213531,1000
rzi,-32.24783470300568,61.75216529699432,1000
maz,-87.46136277768744,32.538637222312566,1000
uiv,-5.566634053076356,42.433365946923644,1000
ops,-69.68965266339391,18.310347336606085,1000
vmx,-63.23226523491519,70.76773476508481,1000
rtf,-35.74860487250266,34.25139512749734,1000
otg,-29.66747090421977,40.33252909578023,1000
khx,-54.75036586859533,91.24963413140466,1000
oje,-16.52298740971644,59.477012590283564,1000
van,-97.40546208384342,98.59453791615658,1000
jea,-24.63984146727158,77.36015853272842,1000
nog,-9.834377967945452,1.1656220320545483,1000
jul,-60.027665018239,89.97233498176101,1000
ogs,-6.385907298902782,68.61409270109722,1000
qjn,-59.293924249796895,4.706075750203103,1000
ezy,-9.609721934286894,30.390278065713108,1000
cww,-27.63821503273212,15.361784967267878,1000
dco,-22.191744899423664,45.80825510057634,1000
cjr,-58.79354356401954,34.20645643598046,1000
rzf,-73.93695106712033,77.06304893287967,1000
dfd,-8.971271188139825,42.02872881186018,1000
pdy,-49.31691188980083,26.68308811019917,1000
gro,-10.125654348815164,73.87434565118484,1000
uhm,-97.39314813984187,26.606851860158134,1000
lyl,-34.62052885784514,76.37947114215487,1000
rsw,-15.371838305550552,94.62816169444945,1000
das,-97.43400348585841,38.56599651414159,1000
aos,-27.22102681182594,73.77897318817406,1000
ctw,-49.99906453827825,56.00093546172175,1000
wyd,-12.499518906523193,66.50048109347681,1000
uiv,-50.15380127572268,55.84619872427732,1000
icz,-42.07473765365319,1.925262346346816,1000
ioo,-51.70492684756578,3.2950731524342176,1000
ipz,-92.8999513641584,18.1000486358416,1000
awx,-29.517698134643258,17.482301865356742,1000
lrg,-40.61280680885916,38.38719319114084,1000
esk,-27.84623444456825,64.15376555543175,1000
kex,-41.190833772076246,23.809166227923757,1000
nil,-58.41952061540134,46.58047938459866,1000
tet,-49.660209046925246,96.33979095307475,1000
msk,-17.46798255373745,35.53201744626255,1000
xeh,-24.373387324112603,87.6266126758874,1000
suu,-63.09378590977651,88.9062140902235,1000
dlp,-35.77439580397151,37.22560419602849,1000
mll,-11.06282926143686,4.93717073856314,1000
xmk,-33.65025479148592,80.34974520851408,1000
qoj,-7.604289225483452,26.395710774516548,1000
tlk,-2.3925133413929154,56.60748665860709,1000
uqz,-13.920397981789987,47.07960201821001,1000
ibl,-8.724685731931222,48.275314268068776,1000
pfi,-88.65749653946956,86.34250346053044,1000
mjz,0.19596639674394023,76.19596639674394,1000
cee,-57.840815301444714,38.159184698555286,1000
ijh,-6.538469614111461,40.46153038588854,1000
kel,-26.912394704730275,31.087605295269725,1000
mzr,-50.672284189279466,63.327715810720534,1000
hus,-11.629676537201004,11.370323462798996,1000
nad,-7.3162655957377805,5.6837344042622195,1000
hkh,-67.09635629370621,70.90364370629379,1000
euw,-82.25675393312609,87.74324606687391,1000
mqy,-47.87099296447564,29.12900703552436,1000
yiv,-45.42785541714073,76.57214458285927,1000
wkn,-62.345422215327105,77.6545777846729,1000
mst,-63.685763447988904,56.314236552011096,1000
aps,-5.7903785669944785,36.20962143300552,1000
myn,-49.585699710660045,69.41430028933996,1000
raf,-44.28278858726042,81.71721141273959,1000
mty,-73.34356880245541,76.65643119754459,1000
sxd,-47.904349735745775,53.095650264254225,1000
ccg,-45.90018690000436,51.09981309999564,1000
fue,-2.0802204487366223,68.91977955126337,1000
wbl,-41.74741807481647,30.25258192518353,1000
gny,-34.7617118987056,49.2382881012944,1000
yyl,-47.429345889748504,67.5706541102515,1000
cvs,-25.90409908732177,91.09590091267823,1000
bto,-86.68216387615747,12.317836123842529,1000
bqj,-57.40272298291926,57.59727701708074,1000
tqu,-21.080229591825365,13.919770408174633,1000
ucz,-18.43762123571024,41.56237876428976,1000
rvb,-80.9200272533156,28.079972746684412,1000
nme,-53.015923721551125,3.984076278448876,1000
jlw,-69.9622599522866,40.0377400477134,1000
mjx,-20.216461861488494,11.783538138511506,1000
vuy,-51.44039973885743,46.55960026114257,1000
yex,-33.804358254106965,34.195641745893035,1000
wla,-36.155103808172946,75.84489619182706,1000
inl,-87.91112884223138,85.08887115776862,1000
acj,-74.87078707315611,7.1292129268438895,1000
hov,-94.53016072832854,49.46983927167147,1000
azg,-84.89826422051458,59.101735779485416,1000
xzj,-28.085046174075647,61.91495382592435,1000
ric,-70.60083556776537,58.39916443223462,1000
aww,-59.050557568644585,86.94944243135542,1000
aov,-94.11703830068177,7.882961699318233,1000
amr,-45.93336471596944,39.06663528403056,1000
hga,-72.52065097882331,5.479349021176683,1000
sur,-94.44500933423484,53.55499066576517,1000
ihi,-52.157698292868226,14.842301707131774,1000
kol,-57.323231756407814,17.67676824359219,1000
jzy,-30.578591850257318,56.42140814974268,1000
jyf,0.14867786477278544,5.148677864772785,1000
gno,-59.25760059148291,86.74239940851709,1000
qpo,-49.98267527064598,93.01732472935403,1000
dqj,-83.62790013344765,39.37209986655234,1000
aux,-25.321303090993094,77.6786969090069,1000
eye,-96.50052772670944,63.499472273290564,1000
xxl,-18.027761440057603,3.9722385599423964,1000
otg,-46.102317383190055,87.89768261680994,1000
uhn,-7.079551309367552,1.9204486906324474,1000
aty,-0.3197123229750767,49.68028767702492,1000
zuy,-3.080331113806458,56.91966888619354,1000
gks,-66.84166133743268,88.15833866256732,1000
cro,-66.22573228121108,83.77426771878892,1000
woh,-78.8962759235666,87.1037240764334,1000
bdj,-29.249571972073817,83.75042802792618,1000
xqr,-54.14909421970254,78.85090578029747,1000
ecd,-32.925645750000726,55.074354249999274,1000
jdc,-50.7495716317977,73.2504283682023,1000
mna,-68.33748177923673,12.662518220763276,1000
eoh,-51.22737980807763,58.77262019192237,1000
mzf,-90.35242776322488,53.64757223677512,1000
fbm,-82.14067735979576,56.85932264020424,1000
iwd,-77.9978959226939,78.0021040773061,1000
gbq,-75.25809522793467,29.74190477206533,1000
pyk,-72.04382494516345,24.956175054836553,1000
vda,-43.46976268611533,35.53023731388467,1000
jts,-86.41015779076058,84.58984220923942,1000
xta,-29.34547357833853,69.65452642166147,1000
qlo,-71.56186472372124,37.43813527627875,1000
zua,-59.82701109851923,86.17298890148078,1000
pgq,-62.591421393298305,30.4085786067017,1000
xad,-47.31720921842748,16.682790781572518,1000
ejo,-76.35477673462852,69.64522326537148,1000
usg,-56.439511658460454,37.560488341539546,1000
mtk,-41.74499964460377,42.25500035539623,1000
bdl,-30.6659548427988,6.334045157201199,1000
erf,-46.197243619698654,95.80275638030135,1000
buy,-88.19820265073088,33.801797349269116,1000
fpv,-50.956343632844934,53.043656367155066,1000
dqo,-61.10808141898131,95.89191858101869,1000
pde,-53.21973390711083,34.78026609288917,1000
jsb,-54.03026598600656,76.96973401399343,1000
pzl,-8.483094065424181,73.51690593457582,1000
adq,-44.113543078087126,94.88645692191287,1000
riu,-23.145226920971364,13.854773079028638,1000
ewf,-50.40754791790841,45.59245208209159,1000
ppz,-91.65587814775407,81.34412185224593,1000
qhq,-97.19532192585,67.80467807415,1000
tls,-27.334928951052117,82.66507104894788,1000
aoy,-31.76238572676341,16.23761427323659,1000
tvj,-3.644041110679901,67.35595888932009,1000
dwm,-86.91063301298904,87.08936698701096,1000
euk,-88.82860789768894,54.17139210231107,1000
xhv,-0.0361018589059493,82.96389814109405,1000
slc,-2.429228705969736,85.57077129403027,1000
ugg,-16.9573380333712,86.0426619666288,1000
arc,-12.600036218609294,67.39996378139071,1000
shk,-9.532235347556531,36.46776465244347,1000
nsa,-61.28576947221639,1.7142305277836112,1000
ueu,-30.654471702070943,56.34552829792906,1000
xgh,-24.941204310707356,43.058795689292644,1000
qwm,-31.24097001823507,84.75902998176493,1000
vog,-56.32115920709941,16.67884079290059,1000
iqh,-9.38544816874969,9.61455183125031,1000
cfd,-20.81793002458203,66.18206997541797,1000
vhj,-45.52641538318316,93.47358461681684,1000
rqf,-18.484152434394943,3.5158475656050587,1000
oay,-41.638400124490104,52.361599875509896,1000
pme,-3.397591647102734,8.602408352897266,1000
sqs,-7.099151800524853,77.90084819947515,1000
uzj,-32.63204722475388,24.367952775246113,1000
rah,-32.798828967174344,85.20117103282566,1000
bty,-88.14762549603964,41.85237450396036,1000
ron,-52.790965111636325,71.20903488836368,1000
taw,-76.17993717093887,40.820062829061136,1000
edc,-65.93884331092126,88.06115668907874,1000
wnk,-64.6456475655388,34.354352434461205,1000
rst,-2.833186066231297,26.166813933768704,1000
cis,-94.19032773624855,62.80967226375145,1000
zpv,-64.81673463897337,89.18326536102663,1000
pxw,-48.249570658055305,62.750429341944695,1000
ozk,-33.22362005863553,74.77637994136447,1000
epw,-46.899145496580864,82.10085450341914,1000
qhc,-95.4249917072427,13.575008292757309,1000
fjx,-33.58022221180855,3.4197777881914515,1000
hhd,-37.64459038191393,84.35540961808607,1000
keq,-34.134544612930895,17.865455387069105,1000
suu,-78.31962240720526,44.68037759279474,1000
meg,-38.42930370172493,34.57069629827507,1000
mfi,-25.658734570459103,19.341265429540897,1000
wgi,-28.83626714340691,94.16373285659309,1000
fpx,-43.61065451651892,12.389345483481078,1000
hlb,-93.30242013223325,74.69757986776675,1000
cce,-82.93004002282169,10.06995997717831,1000
zuo,-20.29753259186053,30.70246740813947,1000
vgu,-54.34047115912659,27.65952884087341,1000
iju,-17.41022376238188,27.58977623761812,1000
kmj,-56.59261927582285,36.40738072417715,1000
mxs,-54.68266501211995,60.31733498788005,1000
nyd,-86.65458125102431,80.34541874897569,1000
zgx,-38.8690664659675,75.13093353403251,1000
qut,-48.54490356225436,46.45509643774564,1000
hqr,-65.62705795442315,47.372942045576856,1000
zdz,-37.713002905598486,42.286997094401514,1000
uep,-70.19691051287427,94.80308948712573,1000
eyx,-62.83648942953685,62.16351057046315,1000
msm,-78.52029516487418,27.47970483512581,1000
amn,-28.001866699069847,3.998133300930151,1000
vqo,-39.95514337363596,76.04485662636404,1000
mni,-17.53628627041479,85.46371372958521,1000
jpf,-68.73877790023813,50.261222099761866,1000
fji,-12.268742927782988,25.731257072217012,1000
csr,-96.48815562586681,0.511844374133187,1000
abl,-74.31554490541942,29.684455094580585,1000
yrb,-33.68129397184682,85.31870602815319,1000
pvh,-64.62215938223079,54.377840617769216,1000
oaz,-97.88835627368269,54.11164372631732,1000
url,-35.91431995201994,2.08568004798006,1000
lem,-8.357880519210672,0.6421194807893269,1000
jep,-73.03019296100614,1.9698070389938567,1000
nsq,-23.604965865484523,58.39503413451548,1000
mqe,-64.46888472450023,10.53111527549977,1000
mcd,-86.53412574367023,96.46587425632977,1000
xcm,-55.02128573790106,88.97871426209893,1000
sao,-52.42044920911613,29.57955079088387,1000
zws,-4.784962928058343,66.21503707194165,1000
sme,-64.38805608666439,51.6119439133356,1000
vta,-38.202379884734015,86.79762011526599,1000
asm,-73.59335453164161,47.40664546835839,1000
tgs,-43.37612104720464,61.62387895279536,1000
cmj,-76.56347630817113,59.43652369182887,1000
flf,-65.49886085997153,30.501139140028467,1000
nvc,-35.04291628093438,42.95708371906562,1000
aqx,-61.65130338621926,76.34869661378073,1000
ghy,-57.42380860868166,32.57619139131834,1000
ptx,-13.869066589136237,92.13093341086376,1000
hbv,-65.02357241392312,39.97642758607688,1000
gyz,-10.746523827286047,7.2534761727139525,1000
ynu,-20.853236644119228,21.146763355880772,1000
gwz,-76.03759179281273,82.96240820718727,1000
cfe,-90.51842970391094,62.48157029608905,1000
ktn,-47.69029304540987,89.30970695459014,1000
zyb,-12.171604718440733,36.82839528155927,1000
vca,-36.77723538103807,40.22276461896193,1000
wie,-54.17698463699254,40.82301536300746,1000
ygy,-15.974292328181326,17.025707671818676,1000
jxi,-23.637465484014914,47.36253451598509,1000
xlm,-51.97732086487232,79.02267913512769,1000
yul,-71.67090058270301,29.329099417296987,1000
skq,-2.6811342517175785,66.31886574828242,1000
evx,-64.52669244493057,69.47330755506943,1000
sfl,-16.31739157330226,15.68260842669774,1000
nqo,-36.91704888331381,22.08295111668619,1000
xay,-33.027778453233786,42.972221546766214,1000
awf,-17.783150414436424,11.216849585563576,1000
pbb,-29.922653021923164,55.07734697807683,1000
jrn,-24.569072036760577,16.430927963239423,1000
dxv,-48.68918618320647,61.31081381679353,1000
wuj,-75.08996988237969,5.9100301176203125,1000
wau,-35.14057079314944,67.85942920685055,1000
dkn,-86.65459613302033,5.3454038669796695,1000
klg,-43.42929868570271,73.5707013142973,1000
osn,-57.1422243711831,7.857775628816906,1000
ofq,-35.36866680666053,98.63133319333947,1000
ava,-5.876934182046309,53.12306581795369,1000
fkr,-55.45525759967446,82.54474240032555,1000
ubz,-12.239146224259969,94.76085377574003,1000
zxd,-92.75463888701918,63.24536111298082,1000
hie,-37.25719853490089,37.74280146509911,1000
myt,-77.40100420231676,26.598995797683244,1000
dyi,-80.08488446390407,34.91511553609592,1000
fpg,-89.83926432608445,83.16073567391555,1000
poi,-50.75085804767331,62.24914195232669,1000
uxw,-2.6181659192669455,62.38183408073306,1000
dth,-58.244608414112754,18.755391585887242,1000
tyc,-85.83631599167907,88.16368400832093,1000
gqw,-37.71766506455691,13.282334935443089,1000
xmj,-96.85159726753031,55.14840273246969,1000
hdt,-60.71501965054282,46.28498034945718,1000
sms,-13.354748745057845,22.645251254942153,1000
xgg,-19.09827509190621,20.90172490809379,1000
sky,-5.608039906358626,62.39196009364137,1000
rpb,-60.42176421127508,42.57823578872492,1000
qsz,-82.01553144457384,30.98446855542616,1000
nao,-91.87822365596763,43.12177634403237,1000
wpw,-79.44232063972547,76.55767936027453,1000
liq,-27.699497408541287,7.300502591458712,1000
cty,-90.07124141282999,4.92875858717001,1000
eug,-58.440031769129746,56.559968230870254,1000
fvo,-78.08822805100155,0.9117719489984433,1000
mgn,-44.36933360784767,64.63066639215234,1000
uzi,-15.609521858790435,82.39047814120957,1000
dyl,-29.783649911048602,80.2163500889514,1000
pum,-35.799481876087995,32.200518123912005,1000
uqm,-57.90810112792939,96.09189887207062,1000
ozp,-34.788432424196415,0.2115675758035872,1000
bia,-74.1613057714811,1.8386942285188976,1000
agr,-56.64374277262623,41.35625722737377,1000
xaj,-4.192564709797554,44.80743529020245,1000
wpt,-49.09013841402393,49.90986158597607,1000
tma,-14.263736980567936,74.73626301943206,1000
sqy,-34.309482189263576,33.690517810736424,1000
vuc,-73.26164635957895,77.73835364042105,1000
irk,-55.36937900236618,1.630620997633819,1000
vxd,-74.15539254075169,69.84460745924831,1000
hpx,-26.516229344189913,25.483770655810087,1000
qra,-38.305785752644596,98.6942142473554,1000
plo,-46.05163675611105,48.94836324388895,1000
lfg,-33.75860319935818,3.2413968006418257,1000
cmc,-61.247913120146144,98.75208687985385,1000
ibt,-50.96437450839195,78.03562549160804,1000
mwv,-70.26766014909794,47.73233985090206,1000
nit,-67.58622196192401,18.413778038075982,1000
gnw,-7.004150630458046,41.99584936954195,1000
ygm,-8.098923143591257,68.90107685640874,1000
hjx,-58.10953677303667,15.890463226963329,1000
ihu,-16.8504583887083,44.149541611291696,1000
fxm,-56.40204991964612,20.597950080353883,1000
spv,-80.72504392126696,86.27495607873304,1000
imu,-89.35889063052772,81.64110936947228,1000
rjg,-9.760789633674754,64.23921036632524,1000
ogt,-54.31924230579624,85.68075769420376,1000
pyy,-89.83819648750682,93.16180351249318,1000
cpb,-70.39459100573139,9.605408994268616,1000
zsd,-88.55719604300837,21.442803956991632,1000
pwx,-56.37414693750406,55.62585306249594,1000
uqb,-93.87523397657606,3.1247660234239416,1000
sng,-53.88732009493479,61.11267990506521,1000
wvl,-81.54971953270525,93.45028046729475,1000
ymc,-19.638468758232587,85.36153124176741,1000
ioj,-44.21622819807552,89.78377180192447,1000
fnf,-13.849260696380286,10.150739303619714,1000
irz,-37.75815954863628,41.24184045136372,1000
urt,-35.1033751072705,73.89662489272949,1000
sli,-84.42634364505484,48.573656354945165,1000
cgg,-15.762312002525645,66.23768799747435,1000
phb,-18.049082044832883,71.95091795516711,1000
juu,-61.84032563948293,73.15967436051707,1000
kgb,-53.87860117181248,81.12139882818752,1000
aox,-32.06958222578723,29.930417774212774,1000
bjv,-87.34655944681975,13.653440553180245,1000
bpd,-50.83129306204419,95.16870693795582,1000
cql,-96.0054069127536,15.994593087246399,1000
vya,-33.6945140507823,33.3054859492177,1000
bpp,-55.88388325895772,34.11611674104228,1000
kdj,-20.82533487952174,92.17466512047827,1000
loc,-15.294743447840974,46.70525655215903,1000
cgn,-27.810653712889223,69.18934628711078,1000
wcs,-21.084880500652485,66.91511949934751,1000
bti,-82.6890069650697,74.3109930349303,1000
div,-66.72660023376953,13.273399766230476,1000
eao,-49.43354777721196,36.56645222278804,1000
ozx,-56.7547961888568,58.2452038111432,1000
bho,-48.219838906579625,96.78016109342038,1000
arv,-4.500985900808275,90.49901409919173,1000
exg,-35.96564986168398,70.03435013831603,1000
pml,-30.532706157307736,74.46729384269226,1000
hfe,-85.61546333764927,51.384536662350726,1000
tnn,-56.13474999999815,31.865250000001847,1000
imy,-39.257476929695606,78.74252307030439,1000
cqn,-64.80489243577149,12.195107564228513,1000
ccu,-5.730973120233151,74.26902687976686,1000
gvg,-12.289918708207319,36.71008129179268,1000
xir,-86.3856824506994,19.61431754930059,1000
lbj,-5.1648855937354865,83.83511440626451,1000
ebn,-73.69914675250091,14.300853247499086,1000
jju,-84.40938629404435,35.59061370595565,1000
dna,-69.35595085647395,97.64404914352605,1000
mrj,-30.2525285981484,73.7474714018516,1000
oym,-46.36549956926064,83.63450043073935,1000
jiw,-72.92189113663986,53.07810886336014,1000
zez,-5.021482129104746,38.97851787089525,1000
yqu,-29.70345466447879,12.296545335521209,1000
bhs,-71.13431496165082,56.86568503834918,1000
nbl,-0.8353549893528683,38.164645010647135,1000
bvd,-10.754892454301133,98.24510754569887,1000
ubz,-85.21648286900245,16.783517130997545,1000
hqg,-80.91270861267859,19.087291387321418,1000
ecm,-91.66355994694258,40.336440053057416,1000
fqx,-66.48583625363588,98.51416374636412,1000
sqd,-47.9520779158406,16.047922084159403,1000
gpn,-3.558970179356024,50.441029820643976,1000
iqd,-47.43262902144808,64.56737097855192,1000
uao,-22.23083260675476,84.76916739324524,1000
sln,-30.516458722236376,48.48354127776362,1000
dbc,-41.36660041807629,53.63339958192371,1000
lwz,-48.07047758198213,38.92952241801787,1000
lwq,-41.07187974032517,31.928120259674827,1000
lpr,-81.40626737322047,20.593732626779534,1000
sfz,-74.52839271208578,25.471607287914228,1000
vso,-1.6237390342662703,88.37626096573374,1000
azv,-58.15407406650893,37.84592593349107,1000
eag,-30.239240643208028,28.760759356791972,1000
hur,-16.061217633422384,42.93878236657761,1000
fwj,-22.372415868259118,31.627584131740882,1000
uje,-66.22212998555537,72.77787001444463,1000
pxz,-8.486432834767712,19.51356716523229,1000
nsq,-86.3929032339788,88.6070967660212,1000
fvc,-38.49083023177971,55.50916976822029,1000
szh,-52.912101518134016,40.087898481865984,1000
jnp,-86.2201110947173,52.7798889052827,1000
ftr,-96.57921575901696,89.42078424098304,1000
aaw,-56.053604767464854,55.946395232535146,1000
nth,-82.58660767966117,47.41339232033883,1000
mzy,-65.07662664234094,72.92337335765906,1000
ggy,-6.706719973453751,2.2932800265462485,1000
egl,-52.684069151519644,94.31593084848036,1000
lbn,-30.653151503472788,75.34684849652722,1000
err,-11.716817285583128,87.28318271441687,1000
rcz,-56.59055548116511,86.40944451883489,1000
eze,-43.498184501552956,52.501815498447044,1000
tof,-85.78882320496098,15.211176795039027,1000
aoj,-70.93404272201458,58.06595727798541,1000
gmi,-67.79145650999568,81.20854349000432,1000
wwi,-62.811773241167934,93.18822675883206,1000
tdo,-41.64985144302749,66.35014855697251,1000
xlb,-40.256089743439595,19.743910256560405,1000
bit,-43.57955195870771,18.420448041292293,1000
oyz,-93.82216290529665,30.177837094703353,1000
gxr,0.09251891410992752,67.09251891410993,1000
azo,-20.96227385089493,72.03772614910507,1000
hav,-36.8698072485639,13.130192751436102,1000
izi,-63.22810182933178,60.77189817066822,1000
yvn,-79.35964396546572,79.64035603453428,1000
fkk,-27.84863658042824,9.15136341957176,1000
amp,-70.46682751701553,2.533172482984475,1000
nec,-71.54674120198922,26.453258798010783,1000
ept,-61.07280615804141,39.92719384195859,1000
ttg,-50.71273412627672,95.28726587372329,1000
drq,-59.462512679728846,26.537487320271158,1000
yqb,-57.197315431552425,60.802684568447575,1000
lrh,-60.11071586257404,70.88928413742596,1000
dws,-90.49225335173833,42.50774664826168,1000
dwy,-18.114016319351066,49.885983680648934,1000
dhn,-25.330084543946327,54.66991545605367,1000
wsp,-17.769006835094213,79.23099316490578,1000
cjc,-18.990459054002173,53.00954094599783,1000
lay,-51.49073125051696,20.50926874948304,1000
qrr,-59.09788173054286,3.902118269457141,1000
ond,-68.53994711294007,85.46005288705993,1000
cor,-86.27787647675733,86.72212352324267,1000
pmn,-79.47305115952864,76.52694884047136,1000
dec,-3.1869601549290687,50.81303984507093,1000
ejv,-18.21009251983979,83.78990748016021,1000
edj,-33.92896747300795,20.07103252699205,1000
wwy,-55.93770197812556,45.06229802187444,1000
djd,-86.24745018850072,74.75254981149928,1000
fxn,-79.35081680371637,93.64918319628363,1000
bkz,-75.9747501326186,79.0252498673814,1000
jmg,-54.154013392601534,9.845986607398467,1000
uki,-93.70237198259375,70.29762801740625,1000
qai,-72.3682450738273,25.63175492617271,1000
uua,-65.19200212042169,56.8079978795783,1000
qqn,-12.524089711466207,83.4759102885338,1000
hic,-37.73737778362103,1.2626222163789684,1000
nnz,-9.627986759549785,4.372013240450214,1000
dsi,-95.38705361052529,29.612946389474708,1000
hef,-70.2130177446276,83.7869822553724,1000
mhv,-75.22636182341853,8.773638176581478,1000
adu,-71.73108960927385,45.268910390726155,1000
pyl,-12.286542135910475,74.71345786408952,1000
yex,-55.4260238411796,15.573976158820402,1000
laj,-27.501071030384743,59.49892896961526,1000
tgf,-25.242330094342208,91.75766990565779,1000
bej,-54.51563659226378,46.48436340773622,1000
meg,-79.49801052732279,55.50198947267721,1000
tmd,-7.096583092755868,55.90341690724413,1000
kgf,-43.18686673696246,4.8131332630375425,1000
oxe,-85.23068751754262,92.76931248245738,1000
hcr,-28.14455516778395,5.855444832216049,1000
cef,-76.69322593337995,20.30677406662005,1000
nmp,-18.52256780831269,45.47743219168731,1000
ove,-97.62134657747396,69.37865342252604,1000
bkz,-94.24816389831476,38.751836101685235,1000
dez,-68.01809599376634,9.981904006233655,1000
xsw,-82.7288836261792,48.2711163738208,1000
voz,-30.10028277715458,13.899717222845421,1000
xwa,-14.86311565320894,76.13688434679106,1000
khi,-51.9182000410011,96.0817999589989,1000
rof,-52.36883707527949,35.63116292472051,1000
ism,-60.66735383229856,55.33264616770144,1000
bey,-31.557613290490497,28.442386709509503,1000
wmo,-31.467212517737277,63.53278748226272,1000
xgo,-52.82388514226636,32.17611485773364,1000
ken,-28.64906707398208,96.35093292601792,1000
egk,-23.612849891230894,7.387150108769105,1000
rky,-51.018626267373364,64.98137373262664,1000
zkc,-62.30800048971135,45.69199951028865,1000
zoa,-9.750163854469044,26.249836145530956,1000
xrl,-5.704810111360805,83.2951898886392,1000
bpx,-94.40841463243574,98.59158536756426,1000
yri,-8.659074582508289,32.34092541749171,1000
vkk,-88.62495292066195,60.375047079338046,1000
hor,-97.09533235601317,28.904667643986826,1000
pri,-24.935643247366446,94.06435675263356,1000
ziq,-51.856318360333596,90.1436816396664,1000
smq,-54.530834060494044,43.469165939505956,1000
khp,-36.590854537751355,59.409145462248645,1000
sto,-58.21669730651102,10.783302693488979,1000
ggy,-29.08909498291484,39.910905017085156,1000
iqk,-25.326282363519507,9.673717636480493,1000
hop,-74.7498317660145,65.2501682339855,1000
ino,-77.09914351197399,29.900856488026008,1000
eki,-82.98159628779646,25.018403712203533,1000
ksz,-77.29579360863346,92.70420639136654,1000
wga,-39.61963937704978,77.38036062295022,1000
cho,-2.8415830611789112,53.15841693882109,1000
lag,-89.00182391683487,51.998176083165134,1000
epv,-35.44670247422104,93.55329752577896,1000
amj,-83.65367321336232,58.346326786637675,1000
ceh,-90.79003863485923,58.20996136514077,1000
bls,-77.44824255571065,42.55175744428934,1000
yvt,-85.44406364363054,58.55593635636945,1000
