tct,-19.04781907822183,14.95218092177817,1000
egl,-40.64494825986966,26.355051740130346,1000
hyz,-8.402565989341374,89.59743401065863,1000
aaj,-46.11227789624045,19.887722103759554,1000
mcl,-85.94880860526325,28.051191394736747,1000
isi,-78.18770728106988,48.81229271893012,1000
hsj,-20.527043049325442,20.472956950674558,1000
pzu,-95.5520806098042,56.4479193901958,1000
fpb,-87.85271324228029,11.14728675771971,1000
hyn,-89.48832608896342,52.51167391103658,1000
mxc,-64.75286828103992,98.24713171896008,1000
vqy,-16.509567446384875,23.490432553615125,1000
cva,-65.70039078049061,39.2996092195094,1000
bor,-44.01578162258938,33.98421837741062,1000
ctf,-42.99108650652518,26.00891349347482,1000
gfc,-23.86038802546891,70.13961197453109,1000
jvr,-86.77703096503603,68.22296903496397,1000
xoc,-83.20432458615917,37.79567541384083,1000
ixa,-76.10397581695167,47.896024183048326,1000
apw,-45.395103993350496,67.60489600664951,1000
uup,-23.346449994661512,74.65355000533849,1000
iul,-23.353144632594162,17.646855367405838,1000
ern,-46.724998653579775,48.275001346420225,1000
ozn,-50.75846649263294,63.24153350736706,1000
rxn,-93.89847641201457,49.101523587985426,1000
alw,-51.596474834993494,43.403525165006506,1000
sas,-68.29763936823166,33.70236063176834,1000
fum,-75.46728464952373,17.532715350476273,1000
uyz,-73.09866065972031,49.901339340279684,1000
scf,-41.755562175013296,13.244437824986708,1000
all,-14.900430062985318,62.09956993701468,1000
lqy,-64.17212993180789,16.827870068192112,1000
sga,-7.584711602051605,64.4152883979484,1000
zlk,-62.999605485621494,53.000394514378506,1000
nzb,-72.85353570050181,50.14646429949819,1000
ibs,-77.35176349727722,17.64823650272279,1000
jfu,-49.124599426678216,83.87540057332178,1000
rhj,-34.939345222189154,77.06065477781085,1000
cfv,-22.343758018502054,61.65624198149795,1000
taq,-16.384685550112753,54.615314449887244,1000
drs,-50.656118164502146,47.343881835497854,1000
ndd,-33.75658377122164,32.24341622877836,1000
fvu,-1.2826104195937942,21.717389580406206,1000
xle,-92.14882504841367,40.85117495158634,1000
dhq,-35.95434251213377,96.04565748786624,1000
azz,-91.40778884907049,12.592211150929513,1000
ryy,-50.92258068273645,23.077419317263544,1000
bvq,-8.780466281114737,87.21953371888526,1000
oam,-85.67301506272896,55.326984937271035,1000
itb,-38.31380891740735,49.68619108259265,1000
yuy,-55.91027431393088,91.08972568606913,1000
ysz,-24.283840487701227,33.71615951229877,1000
yih,-96.54197589225663,87.45802410774337,1000
two,-97.66904255404076,18.33095744595924,1000
dpe,-11.223477041399029,92.77652295860098,1000
tve,-5.2933651424261505,98.70663485757385,1000
lvh,-45.461830086438006,31.538169913561994,1000
oue,-76.89016553800434,30.109834461995668,1000
lzd,-82.63742703197896,87.36257296802104,1000
uak,-69.99782303665492,88.00217696334508,1000
ygk,0.4971369427559632,48.497136942755965,1000
gzd,-74.5403823972437,78.4596176027563,1000
qfx,-62.33234667446533,6.667653325534669,1000
twh,-51.775976465282696,8.224023534717304,1000
vas,-83.35198826965441,28.648011730345583,1000
qum,-79.05774797590429,52.94225202409571,1000
mal,-87.11489102158106,91.88510897841894,1000
set,-91.59222188636004,67.40777811363996,1000
qsr,-36.676353749693156,37.323646250306844,1000
dqs,-69.43145562071601,96.56854437928399,1000
uvr,-56.030599488929745,68.96940051107026,1000
oma,-29.675796615803485,21.324203384196515,1000
fkg,-30.96573414226991,10.034265857730093,1000
bhe,-31.75034640732735,63.24965359267265,1000
jwt,-34.24321658139138,54.75678341860862,1000
kew,-81.07119081166199,36.928809188338015,1000
kig,-9.195094906431246,68.80490509356875,1000
din,-80.66653947630273,64.33346052369727,1000
txb,-9.445055619709821,35.55494438029018,1000
wvy,-82.64331419071826,95.35668580928174,1000
axw,-41.30267225678371,48.69732774321629,1000
yxb,-50.778058412396135,78.22194158760387,1000
fym,-17.701325334784716,70.29867466521529,1000
tpm,-4.325443596888538,15.674556403111461,1000
ojn,-78.90776284741939,42.09223715258061,1000
gum,-16.61202099720493,73.38797900279508,1000
gba,-14.660735599162653,87.33926440083735,1000
vxy,-47.05451202389772,16.945487976102278,1000
qde,-73.10200173398087,94.89799826601913,1000
ped,-95.61772037031842,8.382279629681577,1000
djp,-84.1543595612046,89.8456404387954,1000
piw,-82.24009146052721,18.759908539472796,1000
nel,-23.70354652994735,9.296453470052649,1000
nna,-5.295907801925063,64.70409219807493,1000
tnt,-78.51301423820614,28.486985761793864,1000
ozw,-32.58456590525124,52.41543409474876,1000
noy,-33.57524921252288,17.424750787477127,1000
hdx,-52.08936290743971,78.9106370925603,1000
ooq,-34.389506931249535,12.610493068750463,1000
gpc,-79.7517086366263,69.2482913633737,1000
jxr,-41.45593270821265,66.54406729178734,1000
vqb,-89.88043870152795,88.11956129847205,1000
zcz,-31.49927344953278,78.50072655046722,1000
lld,-41.923567431081246,34.076432568918754,1000
ill,-47.99003178648647,23.00996821351353,1000
qcg,-20.96955000835531,62.030449991644694,1000
cja,-88.87376016148264,17.12623983851736,1000
kzf,-83.56192642266184,23.438073577338155,1000
dsk,-0.3356866980916361,78.66431330190836,1000
jtv,-30.246216947673897,91.7537830523261,1000
wvs,-65.07417426596686,9.92582573403314,1000
vvr,-18.844002453331306,19.155997546668694,1000
ufy,-23.82317040179711,50.17682959820289,1000
qlh,-55.921639363920384,86.07836063607961,1000
zcz,-45.34291673440578,60.65708326559422,1000
gll,-3.118183178221024,33.881816821778976,1000
nki,-31.06684012774487,51.933159872255125,1000
epm,-19.538493307325904,69.46150669267409,1000
noa,-83.46384255711018,48.53615744288982,1000
hft,-73.00778573568871,5.9922142643112855,1000
ukn,-4.331973080707169,45.66802691929283,1000
jjc,-30.949538472087177,5.050461527912822,1000
xru,-4.6467336860092905,49.35326631399071,1000
kgw,-8.688313592876915,23.311686407123087,1000
zou,-83.48296244782814,5.51703755217186,1000
fce,-29.051372242031455,42.948627757968545,1000
gdx,-91.23911850552912,86.76088149447088,1000
jro,-54.264319618974234,15.735680381025768,1000
hqa,-31.350112268884136,70.64988773111587,1000
uce,-65.02916912056442,20.970830879435578,1000
mxh,-56.52227186766934,26.477728132330665,1000
lzf,-32.23642672237796,65.76357327762203,1000
iap,-26.456390186338226,63.543609813661774,1000
wih,-24.001595064631257,54.99840493536874,1000
ztp,-88.07136280335513,56.92863719664487,1000
rfv,-24.533376476797038,26.466623523202962,1000
bhw,-93.42764580392452,72.57235419607548,1000
gtx,-49.90994659238708,19.09005340761292,1000
jzd,-5.804994845140083,26.195005154859917,1000
vrr,-36.02760644134833,93.97239355865166,1000
rwk,-19.912975942808767,0.08702405719123107,1000
kws,-61.73676017803592,81.26323982196408,1000
uqv,-12.419413076926851,98.58058692307314,1000
rps,-45.37126252818879,40.62873747181121,1000
kih,-79.63738391584879,0.3626160841512146,1000
xvf,-26.52218277067291,49.47781722932709,1000
wvq,-55.19855165849453,45.80144834150547,1000
kkk,-80.95483166557572,40.04516833442427,1000
zwq,-48.40535161652312,89.59464838347688,1000
tks,-95.23234910308997,53.76765089691003,1000
qkf,-60.19872526859373,44.80127473140627,1000
vct,-5.952561042765009,54.04743895723499,1000
sir,-59.297853467507615,59.702146532492385,1000
sji,-32.60856907589991,79.39143092410009,1000
aom,-65.11908987831697,47.88091012168304,1000
ttp,-82.77776145596746,21.22223854403254,1000
kpu,-84.45775981950037,96.54224018049963,1000
pwe,-62.14939729806406,61.85060270193594,1000
glh,-38.681265112194026,16.318734887805974,1000
oyd,-8.46438340344382,4.535616596556179,1000
maf,-96.88267859979787,20.117321400202123,1000
mra,-94.27197873982001,29.728021260179986,1000
dgh,-90.1472227954498,64.8527772045502,1000
xdv,-4.671621130816439,3.3283788691835614,1000
unl,-32.976669161647585,98.02333083835242,1000
gry,-96.5312784058396,92.4687215941604,1000
gjc,-77.4011054886148,29.5988945113852,1000
yoe,-38.06335292210517,98.93664707789483,1000
koo,-25.516740134085506,7.483259865914494,1000
fkl,-61.90021668784359,26.099783312156408,1000
fpz,-72.52347860993056,93.47652139006944,1000
yxa,-40.60336749649789,4.396632503502113,1000
kft,-59.82519067589768,46.17480932410232,1000
deb,-96.44042032378667,10.559579676213334,1000
bmg,-19.46107823065199,65.53892176934801,1000
osv,-87.38186829558921,2.618131704410784,1000
yro,-9.842438602595218,11.157561397404782,1000
nzo,-71.83382643215484,63.16617356784516,1000
bni,-7.933663977330268,49.06633602266973,1000
zbh,-55.33141176131782,35.66858823868218,1000
umu,-26.872996407507586,33.127003592492414,1000
gyd,-77.4937326457569,93.5062673542431,1000
wrb,-97.85923724579078,56.14076275420923,1000
wfe,-5.0405255794748,14.959474420525199,1000
det,-6.421861563395112,85.57813843660489,1000
gym,-10.99113307364357,11.00886692635643,1000
pes,-77.16860317963692,45.83139682036308,1000
ivb,-30.44069294012533,6.559307059874669,1000
fuh,-58.31520605146895,6.684793948531054,1000
kuj,-45.08643168473196,1.9135683152680407,1000
xig,-31.482531677542333,48.51746832245767,1000
wwa,-51.68635708083116,29.313642919168842,1000
vjc,-21.386120408282572,22.613879591717428,1000
tmt,-41.55215832212543,20.447841677874568,1000
wob,-72.53273953573827,12.467260464261729,1000
rxl,0.2457441559081589,91.24574415590816,1000
ase,-5.640408395625362,23.35959160437464,1000
rqw,-4.239906226348706,63.76009377365129,1000
jjw,-4.755932297625206,35.24406770237479,1000
frd,-41.160460822756015,6.839539177243982,1000
ezj,-57.84280201507218,43.15719798492782,1000
sdf,-31.26931468489561,77.7306853151044,1000
hkd,-96.55549126189432,28.44450873810568,1000
hzd,-91.31725495813048,43.682745041869524,1000
mgb,-66.1310738963916,82.8689261036084,1000
ddj,-33.84814364667277,24.15185635332723,1000
wlf,-77.73251533139464,60.26748466860537,1000
knq,-82.27315773876886,34.72684226123114,1000
gri,-9.961497227010383,2.0385027729896166,1000
vva,-80.20488332184456,70.79511667815544,1000
tzl,-93.11496027675828,36.88503972324171,1000
hbi,-41.82875450922003,21.171245490779967,1000
fcf,-5.940588172247363,36.05941182775263,1000
rre,-40.177246047776585,81.82275395222342,1000
vlq,-92.13297920708823,35.867020792911774,1000
qdk,-63.52044286882939,92.47955713117061,1000
xvv,-8.378889184935467,5.621110815064532,1000
pcz,-19.448632965137193,37.55136703486281,1000
wmu,-25.19806928529464,33.80193071470536,1000
tfu,-5.107696775647107,34.892303224352894,1000
ybf,-37.61257262699004,16.387427373009963,1000
czn,-96.65780876823229,28.342191231767707,1000
rum,-84.91442233119263,62.085577668807375,1000
syi,-21.51149642344631,67.4885035765537,1000
clp,-72.2652114835571,66.7347885164429,1000
hga,-56.12058762325058,71.87941237674941,1000
zza,-9.61478540108886,87.38521459891115,1000
diw,-30.753598556243936,88.24640144375606,1000
fxh,0.3982999599554111,4.398299959955411,1000
ztf,-53.65982309771496,51.34017690228504,1000
sch,-27.443555367966145,43.55644463203386,1000
pkc,-77.38159892405066,96.61840107594934,1000
ogh,-41.749319569454855,52.250680430545145,1000
kjd,-94.17187765099433,4.828122349005662,1000
wwx,-71.77192174815723,58.228078251842774,1000
qtk,-78.45347555104142,8.546524448958586,1000
kwq,-47.97962538733239,69.02037461266761,1000
yym,-46.302286854690756,90.69771314530924,1000
jrn,-92.61349442550684,89.38650557449316,1000
odn,-89.23201084702663,83.76798915297337,1000
rwi,-85.60621013970153,58.393789860298476,1000
nbd,-20.933265469146736,76.06673453085327,1000
flp,-86.24820363487376,33.75179636512624,1000
lsm,-26.549914051406258,60.450085948593745,1000
vhi,-30.875557732252005,45.124442267747995,1000
qlp,-11.444591543542279,4.555408456457721,1000
fmb,-97.40289802106003,83.59710197893997,1000
wsa,0.27292862584057087,29.27292862584057,1000
tti,-87.93932654512551,80.06067345487449,1000
aoe,-30.978021096052057,18.021978903947943,1000
rwl,-17.37064516207439,22.62935483792561,1000
mod,-15.022267686733839,84.97773231326616,1000
vub,-76.81005849377897,8.189941506221025,1000
rxf,-88.96798209546994,81.03201790453006,1000
vsr,-51.36782155265618,82.63217844734382,1000
caw,-25.537368222119245,45.46263177788076,1000
fvf,-74.04388502243641,31.956114977563583,1000
wnc,-32.94354052582827,34.05645947417173,1000
brn,-46.52949458509496,35.47050541490504,1000
sca,-2.4969649995371275,26.503035000462873,1000
obs,-51.792803237041106,95.2071967629589,1000
izj,-18.866475788681807,83.13352421131819,1000
tcb,-12.211315058967818,32.78868494103218,1000
exs,-90.65745371799132,37.34254628200868,1000
wxy,-19.806065170852875,70.19393482914712,1000
scp,-87.20265603542418,22.79734396457582,1000
pij,-10.50370072055049,11.49629927944951,1000
bsr,-34.51028789354694,33.48971210645306,1000
eyw,-52.6505811115844,81.3494188884156,1000
tbv,-41.723271906114974,44.276728093885026,1000
uoo,-54.60315226339647,51.39684773660353,1000
eyj,-29.2429584376641,53.7570415623359,1000
qyf,-41.30683783831148,54.69316216168852,1000
kgy,-70.85377425046714,69.14622574953286,1000
wgq,-59.92552614633569,79.07447385366432,1000
gol,-42.77267735716292,16.22732264283708,1000
hua,-66.52217568548839,91.47782431451161,1000
hbc,-19.06552242468869,9.934477575311309,1000
sju,-80.84163365597537,4.158366344024628,1000
ulv,-55.437240731234326,19.562759268765674,1000
dzc,-12.101780509137711,15.898219490862289,1000
sit,-4.129499667612238,42.87050033238776,1000
ayh,-90.6121453927188,94.3878546072812,1000
jpw,-80.3683577582697,2.6316422417303107,1000
nuc,-89.66260029936144,8.337399700638557,1000
atx,-84.57950175131657,54.42049824868343,1000
gao,-60.627855481861424,36.372144518138576,1000
mjc,-38.48200633341887,16.517993666581127,1000
xog,-49.662003235661246,7.337996764338752,1000
evc,-48.26236166160023,56.73763833839977,1000
yfh,-10.39198953764424,25.60801046235576,1000
ikw,-25.161005877067904,87.83899412293209,1000
hdr,-20.488030226314013,69.51196977368599,1000
qes,-39.75997920810813,95.24002079189188,1000
cai,-65.37947585519873,36.62052414480127,1000
xxo,-59.92056648517132,26.07943351482868,1000
snr,-41.90203318787538,81.09796681212461,1000
nbb,-79.69621593789662,13.30378406210338,1000
slv,-70.52114517311497,49.47885482688502,1000
qws,-3.9741597121152648,63.02584028788473,1000
osc,-96.5344293666705,13.465570633329511,1000
gwv,-95.29748472464793,4.702515275352074,1000
oca,-34.31933184344249,28.680668156557505,1000
yon,-77.07203365947069,37.92796634052931,1000
rbd,-96.96361321295105,14.03638678704895,1000
out,-24.386201456571676,42.613798543428324,1000
oqn,-85.66388907707302,51.33611092292698,1000
gon,-70.91824561003196,58.08175438996804,1000
wqy,-38.96228248375294,5.037717516247061,1000
gdc,-30.57895782481423,54.42104217518577,1000
boe,-62.15765831416373,51.84234168583627,1000
uca,-90.70887785112409,46.291122148875914,1000
edd,-2.8718208536546492,64.12817914634535,1000
xkp,-84.25205519693904,58.74794480306097,1000
dir,-95.66898636313842,33.331013636861584,1000
smz,-31.236814974382117,51.76318502561789,1000
mdu,-96.64061769577789,7.359382304222107,1000
dwi,-44.97307276865502,64.02692723134497,1000
abs,-48.51802813046726,31.481971869532742,1000
mqh,-26.73318855064788,55.26681144935212,1000
oyp,-85.83574887209399,66.16425112790601,1000
nyp,-14.545376880992324,30.454623119007678,1000
ius,-15.554312748270574,18.445687251729424,1000
tmq,-93.54545016910429,83.45454983089571,1000
xip,-5.14814046688254,93.85185953311746,1000
sfj,-64.06974267361274,89.93025732638726,1000
tpy,-94.77283708975554,45.22716291024445,1000
pja,-2.652931537560996,5.347068462439004,1000
zqx,-71.21428579015424,52.785714209845764,1000
uqm,-31.006442063521114,49.99355793647889,1000
huv,-85.02916082999144,87.97083917000856,1000
nzh,-87.7228547415322,43.2771452584678,1000
ipl,-15.310854925948323,93.68914507405168,1000
cdf,-95.9608487275126,67.0391512724874,1000
qoj,-5.613137219432608,21.38686278056739,1000
lpp,-54.60607985533188,48.39392014466812,1000
xlj,-13.083532226091696,30.916467773908302,1000
don,-61.67251168068722,73.32748831931278,1000
kds,-67.57972927084138,68.42027072915862,1000
xeu,-28.791915557664964,37.208084442335036,1000
iri,-39.19159415656992,55.80840584343008,1000
ufi,-84.6575732613009,25.3424267386991,1000
wtt,-18.41477054060232,52.58522945939768,1000
vwn,-73.9291141378314,51.070885862168595,1000
rbc,-43.36970766844747,56.63029233155253,1000
cjb,-11.627094791614184,29.372905208385816,1000
hss,-30.076218602017615,24.923781397982385,1000
fxi,-26.449087224064282,82.55091277593571,1000
ylc,-40.116922947240724,73.88307705275928,1000
odz,-88.03937576847282,13.960624231527172,1000
jpq,-60.714049259994354,25.285950740005646,1000
shf,-93.52414500655937,72.47585499344063,1000
ggr,-35.4416131240191,77.5583868759809,1000
ekg,-38.98750002915539,80.01249997084462,1000
ucs,-56.51052367809475,49.48947632190525,1000
jwg,-76.61374925198439,8.386250748015609,1000
nmy,-17.39456646672474,60.60543353327526,1000
gep,-65.41768295715057,62.582317042849425,1000
bvj,-30.611616416986216,41.388383583013784,1000
tdb,-93.00034863300273,88.99965136699727,1000
rmq,-59.7755617963022,2.224438203697799,1000
cfc,-29.501625497935468,14.498374502064532,1000
ulq,-95.28798554311248,15.712014456887514,1000
qwx,-71.78706290997354,19.21293709002646,1000
dnu,-95.11062993201202,21.889370067987986,1000
vti,-34.355292477613865,44.644707522386135,1000
lqi,-45.98199252599521,50.01800747400479,1000
pqf,-89.43008858416302,41.56991141583698,1000
zzj,-92.0976013673883,4.9023986326117095,1000
goq,-26.913431321566687,8.086568678433313,1000
xwt,-32.07647967681009,62.92352032318991,1000
wak,-0.6837616305321996,54.3162383694678,1000
nhq,-70.12351896849646,62.87648103150354,1000
knm,-43.54604816586526,2.4539518341347417,1000
vfv,-30.516103603054333,91.48389639694567,1000
zlx,-36.31464313926997,88.68535686073004,1000
ltj,-7.237436998423021,69.76256300157698,1000
tjb,-76.51156001266865,95.48843998733135,1000
pxi,-18.863388811358806,76.1366111886412,1000
qwu,-65.14988478182202,92.85011521817798,1000
yju,-57.8592925779941,35.1407074220059,1000
duv,-13.791405237678473,51.208594762321525,1000
ahn,-48.77835626022601,53.22164373977399,1000
hen,-3.809607930575357,44.19039206942465,1000
kjs,-74.02555960534445,16.97444039465555,1000
toj,-66.5476032497949,45.4523967502051,1000
qep,-72.49551976111697,82.50448023888303,1000
rgd,-36.931103942840494,56.068896057159506,1000
shj,-1.692527646136425,62.307472353863574,1000
mvz,-42.248721920329544,72.75127807967046,1000
xvw,-96.12355864175414,6.876441358245854,1000
uir,-4.476402720794084,44.523597279205916,1000
nad,-63.970603815406086,37.029396184593914,1000
rhq,-94.2631645855757,17.736835414424313,1000
vhe,-84.71924704959406,54.28075295040594,1000
rac,-41.18623184442825,35.81376815557175,1000
cia,-76.9632245984418,18.036775401558202,1000
wjn,-6.718947847099406,26.281052152900596,1000
jgm,-24.406537646475183,55.593462353524814,1000
may,-59.00433881781011,56.99566118218989,1000
ont,-52.40716714708099,9.592832852919011,1000
oof,-67.80122687654435,39.198773123455645,1000
nww,-27.99995902361459,50.00004097638541,1000
nmd,-97.51278063586632,8.487219364133672,1000
gri,-14.993149009199398,56.0068509908006,1000
sdp,-33.87958629365381,2.1204137063461936,1000
wzy,-64.06061908916469,64.93938091083531,1000
caa,-9.001379927936357,67.99862007206364,1000
ano,-70.66463350707777,65.33536649292223,1000
dat,-7.664520254420921,52.33547974557908,1000
ccl,-90.82722265967364,3.1727773403263653,1000
ily,-4.895778742893534,8.104221257106467,1000
pwd,-70.44500866932214,30.554991330677872,1000
cgq,-6.806665536645991,77.193334463354,1000
skz,-73.16849164753653,48.83150835246347,1000
fjx,-72.68543731363734,40.31456268636266,1000
jvo,-73.78570547680894,46.21429452319106,1000
nar,-23.143920250746252,96.85607974925375,1000
sql,-9.142913761671995,52.85708623832801,1000
kgo,-58.940015953786556,49.059984046213444,1000
qfu,-14.448485162231917,83.55151483776808,1000
nkz,-73.1745080515464,93.8254919484536,1000
efy,-50.34873307916332,80.65126692083669,1000
inp,-51.11294114295513,92.88705885704488,1000
pcs,-44.835477069781106,11.164522930218894,1000
ooa,-0.4219719053270342,52.578028094672966,1000
nkr,-21.571992324125063,13.42800767587494,1000
fvi,0.5031064721644406,67.50310647216445,1000
xlz,-18.48142956860865,40.51857043139135,1000
hfm,-90.45551684006517,90.54448315993483,1000
lbt,-76.7179040350972,67.2820959649028,1000
whi,-58.613108432328374,57.386891567671626,1000
ahu,-69.53168666993233,21.468313330067673,1000
dod,-54.00745546853014,23.992544531469857,1000
qvu,-38.38593126417635,21.61406873582365,1000
xhc,-61.74140570489002,91.25859429510997,1000
rhz,-16.611083696890546,11.388916303109454,1000
jkx,-26.793597059080845,96.20640294091915,1000
spt,-65.6166180567177,2.383381943282301,1000
soi,-34.47078583586751,45.52921416413249,1000
oty,-80.82917351030841,54.17082648969159,1000
cge,-65.92590008986664,38.07409991013336,1000
aqk,-67.60934431968163,14.390655680318378,1000
opa,-38.13972994742995,38.86027005257005,1000
aay,-86.91671594456587,59.083284055434135,1000
jsm,-72.54871045886577,35.45128954113424,1000
ged,-21.601863061101007,36.39813693889899,1000
vof,-83.78556654744169,41.2144334525583,1000
xfe,-85.34312273680958,93.65687726319042,1000
wuy,-25.8381487990079,48.1618512009921,1000
wcu,-92.72191356519775,8.27808643480225,1000
hcy,-92.86035816093734,87.13964183906266,1000
ysc,-27.241208603207504,5.758791396792494,1000
zqn,-32.79540511317458,50.20459488682542,1000
eai,-85.97188021141973,41.02811978858028,1000
muf,-6.698387405457035,24.301612594542966,1000
zku,-37.2187325661353,84.7812674338647,1000
ldf,-70.564178287056,47.43582171294401,1000
zco,-89.30853597688055,60.69146402311945,1000
kwp,-52.761696677656516,72.23830332234348,1000
ayn,-7.676771928482271,69.32322807151773,1000
idh,-90.29719507435023,0.7028049256497672,1000
agy,-36.66654634737398,4.33345365262602,1000
qwv,-14.765527530906402,22.234472469093596,1000
ozo,-12.57471422503555,15.42528577496445,1000
zlb,-3.3543258794487594,73.64567412055123,1000
hbs,-72.98952447387443,0.010475526125580226,1000
ogp,-70.25093326783575,5.749066732164248,1000
etx,-38.05116612244588,70.94883387755412,1000
opm,-45.41629600470972,29.58370399529028,1000
xgi,-83.22322335099727,82.77677664900273,1000
bpr,-97.2309903246111,71.7690096753889,1000
byn,-57.9968680273474,89.0031319726526,1000
rxy,-22.76106618986549,90.23893381013451,1000
pud,-59.24225124869946,19.75774875130054,1000
jeq,-55.29746380790052,9.702536192099481,1000
jvh,-92.67440342352647,67.32559657647353,1000
vkk,-67.64591766637876,3.354082333621232,1000
xxh,-21.415349820611635,93.58465017938836,1000
ppc,-78.67944821320347,11.320551786796528,1000
gav,-95.55770003611498,40.44229996388501,1000
fga,-64.14724656746446,43.85275343253553,1000
nrv,-18.90555806914557,14.094441930854432,1000
uyb,-12.55577511270223,65.44422488729776,1000
qri,-59.34107449130917,36.65892550869083,1000
ypk,-41.32274399066567,12.67725600933433,1000
onr,-42.70553310825073,51.29446689174927,1000
kos,-37.68917386138607,63.31082613861393,1000
xfp,-74.46111689460736,31.538883105392646,1000
zxc,-10.359911728946562,22.64008827105344,1000
dka,-7.155227729849573,27.844772270150425,1000
nag,-59.410490439198384,40.589509560801616,1000
wln,-47.23699126647129,41.76300873352871,1000
wfb,-13.929097258083798,90.0709027419162,1000
eqc,-26.31426888097839,8.685731119021609,1000
clf,-80.4424019559659,41.55759804403409,1000
obj,-23.87911573429573,23.12088426570427,1000
gkg,-67.72881404388029,34.271185956119716,1000
eyp,-53.333658108320996,2.6663418916790023,1000
orb,-69.41296244133878,97.58703755866122,1000
lls,-17.17480478851987,19.82519521148013,1000
heh,-38.79276558330559,53.20723441669441,1000
rrh,-36.104039344442405,73.89596065555759,1000
uyo,-91.10431263357258,19.895687366427428,1000
qxy,-39.59642293933467,38.40357706066533,1000
smh,-25.452411817540987,74.54758818245901,1000
kmy,-47.930789258716864,30.069210741283133,1000
yfl,-15.060664887845105,23.939335112154893,1000
fjg,-44.07656375002219,75.92343624997781,1000
ohs,-33.19578516785134,47.80421483214866,1000
jbj,-63.474329481126624,76.52567051887337,1000
jqf,-59.59924925158387,51.40075074841613,1000
ifo,-97.3409885132833,22.659011486716693,1000
rtw,-53.240526947266126,16.759473052733874,1000
tfz,-38.92952714641035,60.07047285358965,1000
crt,-25.58117046871292,16.41882953128708,1000
szg,-40.00401887103412,3.9959811289658784,1000
bgc,-75.22700561780385,27.77299438219615,1000
npa,-89.77874574917104,9.221254250828965,1000
zmb,-40.629711206715086,2.3702887932849115,1000
tiu,-24.22711603334208,22.77288396665792,1000
mwc,-43.487101018059526,74.51289898194047,1000
atb,-93.24557883914935,36.754421160850654,1000
ibz,-15.643974053589051,96.35602594641095,1000
wco,-49.56754077721952,21.43245922278048,1000
cje,-22.674139945873915,81.32586005412608,1000
uzt,-97.9235482125785,57.07645178742151,1000
etr,-36.27077376193004,84.72922623806996,1000
onj,-77.200990530316,44.799009469683995,1000
jtx,-37.84311811358528,13.156881886414721,1000
vjc,-6.5388800970757455,15.461119902924255,1000
tbm,-20.592752159370406,36.407247840629594,1000
slz,-94.11071262091338,78.88928737908662,1000
flh,-61.12296133022828,50.87703866977172,1000
ovf,-6.442884440887337,76.55711555911266,1000
ict,-34.97763663246754,33.02236336753246,1000
asi,-54.39784661395391,61.60215338604609,1000
ise,-95.6992000864882,17.300799913511796,1000
oml,-22.050693176107718,95.94930682389229,1000
xqc,-30.102478291382038,3.8975217086179605,1000
tnq,-42.29269784993099,11.707302150069012,1000
zca,-80.62050296414633,44.37949703585368,1000
omm,-29.091140797082797,39.9088592029172,1000
pgl,-59.16360687436955,65.83639312563045,1000
dea,-78.79480491336905,92.20519508663095,1000
osy,-23.02747129749765,73.97252870250234,1000
ugm,-91.17666168536324,51.82333831463676,1000
mrz,-52.482367634419944,34.517632365580056,1000
quv,-57.74626619695386,74.25373380304615,1000
rtw,-28.67385536418596,56.32614463581404,1000
hht,-10.760437259187473,28.239562740812527,1000
kpe,-78.03585636441768,54.96414363558232,1000
vsn,-55.027868604984114,89.9721313950159,1000
mwt,-14.269560044347843,41.73043995565216,1000
pih,-65.11263062114901,36.887369378851,1000
bye,-33.85788002030474,7.1421199796952575,1000
vbv,-9.436669445417134,20.563330554582866,1000
bby,-92.60867063263906,57.39132936736094,1000
gcq,-84.73015130057459,68.26984869942541,1000
wvl,-90.87493766226095,21.125062337739053,1000
jkc,-40.80368514864585,89.19631485135415,1000
azv,-61.46833672748699,55.53166327251301,1000
dtb,-1.2479494053952966,17.752050594604704,1000
yzl,-67.74049841771313,45.25950158228687,1000
bxa,-51.09124626547267,70.90875373452734,1000
brm,-27.9924521651269,11.0075478348731,1000
wbx,-76.29737762377333,80.70262237622667,1000
cyo,-4.926005775566413,65.07399422443359,1000
zue,-45.136268457706045,0.8637315422939549,1000
wmn,-80.10270665455903,56.897293345440964,1000
uba,-47.92276361971184,67.07723638028817,1000
hgv,-56.45842427143576,73.54157572856424,1000
mgi,-35.23599854127593,95.76400145872407,1000
swn,-23.238424349271263,65.76157565072874,1000
izj,-31.86517803141187,2.1348219685881302,1000
gjx,-95.42040406444104,2.579595935558957,1000
smc,-96.35265125067814,81.64734874932186,1000
htl,-88.79246147810228,35.207538521897725,1000
dof,-15.206065896360842,96.79393410363916,1000
bfm,-76.21976371078657,3.780236289213431,1000
swr,-81.6520361823388,16.3479638176612,1000
fbe,-56.627721445563196,59.372278554436804,1000
sda,-32.21317517351788,82.78682482648212,1000
rkk,-17.80378603065064,78.19621396934936,1000
jwv,-7.329682166050021,88.67031783394998,1000
gji,-72.07863222979927,86.92136777020073,1000
pzi,-42.580459786207754,76.41954021379225,1000
jhi,-65.4586102651365,90.5413897348635,1000
ugd,-91.00485051486,17.99514948514,1000
zac,-38.0334477011637,69.9665522988363,1000
reh,-95.85043752570712,23.14956247429288,1000
umf,-78.17494809801444,77.82505190198556,1000
avv,-17.04623856084385,13.953761439156152,1000
pri,-28.35582715818628,12.644172841813722,1000
lzs,-92.58582388402787,19.41417611597213,1000
eta,-25.937607950771874,11.062392049228125,1000
ivk,-53.539544838329476,35.460455161670524,1000
joh,-6.849407050876604,93.15059294912339,1000
kum,-75.79349950482535,38.206500495174645,1000
ytl,-33.66007162509278,1.3399283749072173,1000
dxz,-66.3067757101903,24.693224289809702,1000
ddg,-10.195359835186046,85.80464016481396,1000
ojg,-15.467544979462648,47.53245502053735,1000
ubr,-32.43899799233625,62.56100200766375,1000
xxp,-38.999646448764445,4.000353551235559,1000
ivr,-73.69805475815136,26.301945241848635,1000
qdv,-72.4261020451211,60.5738979548789,1000
ool,-44.08279970384555,3.917200296154447,1000
wcx,-73.33111059144437,43.66888940855563,1000
sfr,-1.8085273317420552,5.191472668257945,1000
rjs,-93.32326214660443,73.67673785339557,1000
and,-92.26830498942593,22.73169501057407,1000
hmn,-73.77219923071361,73.22780076928639,1000
kqb,-19.810612084945895,35.189387915054105,1000
zyc,-72.27254782060994,40.72745217939006,1000
afc,-55.40996275416092,42.59003724583908,1000
ily,-36.23478483757623,30.765215162423768,1000
xye,-14.181871006748672,5.818128993251328,1000
buy,-40.91763454177656,86.08236545822345,1000
qhv,-54.186542987915935,73.81345701208406,1000
ive,-8.077087879762605,64.9229121202374,1000
kny,-37.424276057982006,1.5757239420179974,1000
cyq,-64.79568932935314,84.20431067064686,1000
egh,-47.61903994297887,25.38096005702113,1000
ici,-64.62638793812054,23.373612061879463,1000
mbx,-93.20594443357727,6.7940555664227285,1000
ehx,-21.440389775369216,49.55961022463079,1000
tie,-97.05433069308363,75.94566930691637,1000
yvf,-85.03011578439907,2.969884215600932,1000
ecv,-23.507438774798903,26.492561225201097,1000
nyi,-54.69832211317535,32.30167788682465,1000
dnj,-78.72848861519523,27.27151138480476,1000
zrh,-59.85201507712931,73.14798492287069,1000
isv,-9.868912924169793,76.13108707583021,1000
fbc,-62.760745659297115,80.23925434070289,1000
ltv,-6.324036305112106,31.675963694887894,1000
aol,-10.51550275221418,33.48449724778582,1000
ciu,-95.51362687084051,28.48637312915948,1000
flb,-35.53724838108899,61.46275161891101,1000
knb,-20.643211142991746,79.35678885700825,1000
qrk,-22.153271496757814,14.846728503242185,1000
kfz,-67.12977515972273,77.87022484027727,1000
bug,-91.92645524165265,53.073544758347346,1000
gog,-56.23527311892066,73.76472688107934,1000
kem,-36.612916280846996,10.387083719153003,1000
wbn,-80.10155835575696,75.89844164424304,1000
xrv,-43.34553678112821,65.6544632188718,1000
qbs,-59.001537705033584,53.998462294966416,1000
sil,-19.451623135102285,32.54837686489771,1000
ysi,-80.47914033627268,31.520859663727325,1000
arf,-72.52385513467419,20.4761448653258,1000
mmt,-19.33792877932773,8.66207122067227,1000
ody,0.12885885795982654,69.12885885795983,1000
hxn,-60.56570877062363,50.43429122937637,1000
ofu,-57.12740496505293,38.87259503494707,1000
nbg,-92.40383431204012,14.596165687959882,1000
jyg,-55.76102079123241,19.238979208767592,1000
dzz,-3.238649338693304,62.76135066130669,1000
vpq,-33.413082187253885,65.58691781274612,1000
czj,-17.35421892878529,79.64578107121471,1000
zoz,-9.057428377156155,2.9425716228438445,1000
rku,-84.35861556782586,11.64138443217413,1000
knz,-63.82637208920613,9.17362791079387,1000
fzh,-22.142579827001978,37.85742017299802,1000
yap,-5.286295241834903,42.7137047581651,1000
ojo,-14.675583671720734,58.32441632827927,1000
akn,-96.72735724815841,65.27264275184159,1000
peq,-5.8829028645260655,49.117097135473934,1000
ics,-96.87798769871796,51.12201230128205,1000
xzx,-48.525245268236866,50.474754731763134,1000
kql,-40.75786462478387,58.24213537521613,1000
npe,-12.314709606768616,23.685290393231384,1000
vip,-54.3444755750624,37.6555244249376,1000
rxk,-84.21020810898489,63.78979189101511,1000
qzw,-82.84194949776419,6.158050502235804,1000
wnz,-68.64591848447444,59.354081515525564,1000
jgf,-61.44305898336557,14.556941016634429,1000
hod,-78.46491137962158,9.535088620378415,1000
dkr,-14.926137148378373,87.07386285162163,1000
gjm,-10.74815077312998,87.25184922687002,1000
dgd,-2.854161150331194,54.145838849668806,1000
uda,-22.673794512903065,98.32620548709694,1000
rdj,-79.8744882318137,56.12551176818629,1000
icw,-47.619266601249905,38.380733398750095,1000
awh,-57.902638302709136,2.0973616972908644,1000
puw,-72.39441192267934,28.605588077320654,1000
zwv,-53.57851031027352,39.42148968972648,1000
eys,0.6745471570769391,15.674547157076939,1000
wmb,-84.60095238204019,44.39904761795981,1000
tih,-61.481244196817194,36.518755803182806,1000
ujv,-87.85107862182583,76.14892137817417,1000
ezs,-81.63980668760384,22.360193312396166,1000
aos,-11.309562924598806,10.690437075401194,1000
zrh,-44.82631168330741,10.173688316692594,1000
ywp,-57.04762257740082,19.95237742259918,1000
poj,-15.637051594522644,78.36294840547735,1000
fdv,-11.873465181569518,30.126534818430482,1000
vjm,-10.814779997344504,64.1852200026555,1000
itb,-11.581252718108548,36.418747281891456,1000
oic,-1.814898597513694,32.1851014024863,1000
qwy,-79.6373144046481,67.3626855953519,1000
qgb,-1.7118446516199892,54.28815534838001,1000
yrs,-48.37686025493598,31.623139745064023,1000
xmk,-69.4996432432506,47.500356756749404,1000
tmv,-19.829782855943613,76.1702171440564,1000
npl,-66.881078047958,20.118921952042008,1000
dyg,-55.75937096661063,52.24062903338937,1000
bzw,-16.115285659770905,56.884714340229095,1000
hwu,-71.88292148570727,74.11707851429273,1000
uas,-16.004949646743864,83.99505035325613,1000
yqz,-62.251383850175905,95.7486161498241,1000
uyw,-94.87991453544953,97.12008546455047,1000
rpr,-18.665373926110654,40.334626073889346,1000
emn,-55.11897013620338,84.88102986379661,1000
dtr,-40.90714171458311,75.09285828541688,1000
gds,-82.63813715176317,69.36186284823683,1000
tmv,-29.21330136609096,83.78669863390904,1000
wzf,0.2982827985187524,90.29828279851876,1000
kua,-29.858860366682265,33.141139633317735,1000
qvq,-63.360038144491654,5.639961855508346,1000
cdj,-22.505660612898964,32.494339387101036,1000
tcf,-41.64615665965659,12.353843340343412,1000
cvq,-52.19917634672521,35.80082365327479,1000
kyv,-57.84325367764985,20.156746322350156,1000
tsv,-80.7827221221661,9.217277877833888,1000
fkd,-5.228396557726326,44.77160344227367,1000
hjc,-52.26482607046409,72.73517392953592,1000
yoq,-72.45001404370903,23.549985956290964,1000
yil,-57.946041907219886,39.053958092780114,1000
qnn,-36.687071005490296,27.312928994509704,1000
ksj,-43.02398307225713,67.97601692774288,1000
ggs,-92.94299397678596,13.057006023214038,1000
jos,-95.97442779612521,21.025572203874795,1000
fiq,-5.914063036268857,28.085936963731143,1000
fvh,-70.19532222477565,86.80467777522435,1000
ggd,-9.169986207504847,55.83001379249515,1000
qej,-90.72703709471381,90.27296290528619,1000
hnp,-38.34339324441689,69.65660675558311,1000
wpb,-67.92049362660615,69.07950637339385,1000
zkv,-31.386056919496685,44.61394308050331,1000
aps,-56.271524167907664,44.728475832092336,1000
uxr,-63.91046425732936,58.08953574267064,1000
yha,-43.17263775953296,46.82736224046704,1000
oal,-0.7701175878817746,0.22988241211822535,1000
yai,-30.763346011852164,7.236653988147836,1000
iea,-60.150000390223106,3.8499996097768916,1000
axh,-71.874483454211,65.125516545789,1000
gjt,-22.530962935510367,6.4690370644896324,1000
car,-91.96635656778552,16.033643432214475,1000
vvp,-63.813913029583055,31.186086970416945,1000
bqa,-12.399501469588646,11.600498530411354,1000
mpd,-22.957797301244,26.042202698756,1000
smn,-92.2503437928844,14.749656207115601,1000
mao,-33.11534652299435,73.88465347700564,1000
qoe,-82.02750218051574,30.972497819484254,1000
gky,-97.13095872687113,3.869041273128865,1000
hrc,-73.20000838042345,59.799991619576545,1000
zrj,-18.819447467689518,81.18055253231049,1000
ari,-74.76915015353163,23.23084984646837,1000
nqq,-69.79672185662457,95.20327814337543,1000
mer,-7.174197285962069,14.825802714037932,1000
yph,-21.3480722003914,41.6519277996086,1000
cag,-60.9033763449998,93.0966236550002,1000
weg,-23.988444746470734,62.01155525352927,1000
pan,-83.87403627069422,37.12596372930579,1000
zmn,-29.737366927931465,86.26263307206854,1000
wks,-81.9672635576333,87.0327364423667,1000
amt,-21.923269523545677,23.076730476454323,1000
cys,-38.22110072667991,76.77889927332009,1000
skh,-15.52981571704501,72.47018428295499,1000
fye,-87.92355020617434,61.07644979382566,1000
iaj,-71.81773243469299,67.18226756530701,1000
shr,-3.5795044172196735,18.420495582780326,1000
nqg,-88.44837255739851,24.551627442601482,1000
agg,-63.03040403858809,47.96959596141191,1000
gkh,-54.37822691633545,14.62177308366455,1000
nfn,-38.394744379602244,77.60525562039776,1000
nwn,-9.740941868650983,73.25905813134902,1000
iom,-2.0377148549050412,98.96228514509495,1000
dbi,-82.59925978978325,20.400740210216753,1000
aor,-54.02114833676547,17.978851663234533,1000
nmt,-88.60922957637317,9.390770423626837,1000
lsl,-69.56113776740138,4.43886223259862,1000
roq,-21.566968790210584,88.43303120978942,1000
hgf,-45.24559722502794,45.75440277497206,1000
mvp,-46.73261082814699,65.26738917185301,1000
uvh,-79.46609041230525,84.53390958769475,1000
nre,-81.77788915116567,38.222110848834326,1000
wiz,-63.96460433846679,26.035395661533205,1000
pfp,-94.2083275022739,34.7916724977261,1000
rfc,-75.99877427141776,3.001225728582239,1000
qto,-83.8230885368748,40.176911463125194,1000
sbs,-36.028411627278004,33.971588372721996,1000
pbw,-62.98842385114612,12.011576148853877,1000
klv,-72.17279376098129,93.82720623901871,1000
lvz,-44.45967876847773,51.54032123152227,1000
wlg,-95.50780277301293,32.49219722698707,1000
vdg,-4.506195901050157,66.49380409894984,1000
jer,-95.37055006894688,75.62944993105312,1000
qvt,-48.391803023425524,88.60819697657448,1000
ibl,-69.39271176442006,0.6072882355799412,1000
uif,-24.91131627409102,0.08868372590897888,1000
npb,-63.49058514065067,7.50941485934933,1000
edp,-31.467739435144825,0.532260564855176,1000
ohb,-11.750182844212585,33.24981715578741,1000
lzv,-2.913097952993188,40.08690204700681,1000
faz,-75.13015847757522,36.86984152242478,1000
jbk,-79.12270550732731,51.87729449267269,1000
grz,-52.54948821224354,78.45051178775647,1000
mvo,-18.851589042413405,3.148410957586595,1000
kqq,-41.21394842414966,23.786051575850333,1000
opf,-77.67743626946185,94.32256373053815,1000
xlk,-78.48353123338904,74.51646876661096,1000
wkz,-78.54467332672422,25.45532667327578,1000
sox,-79.84271873874535,42.15728126125465,1000
yxn,-35.3315924220741,8.668407577925898,1000
exu,-66.34550821398265,57.65449178601734,1000
dgk,-34.35117975466583,67.64882024533418,1000
wac,-57.97392061056739,72.02607938943261,1000
bbo,-26.396528619155532,11.603471380844466,1000
raj,-25.5835969968688,97.4164030031312,1000
hej,-32.622067804062745,55.377932195937255,1000
cem,-30.42954862601787,24.57045137398213,1000
igp,-27.126592156075716,79.87340784392428,1000
vvl,0.6557339560820944,27.655733956082095,1000
huf,-16.773201214708774,48.22679878529122,1000
bop,-41.45456024298291,31.545439757017096,1000
dqq,-7.561454017514746,42.43854598248525,1000
gob,-40.916756034360574,25.083243965639426,1000
vke,-18.883118030471095,18.116881969528905,1000
zpa,-17.89657097058252,4.10342902941748,1000
str,-70.98994806480623,80.01005193519377,1000
gpx,-17.186090060412045,37.81390993958795,1000
flw,-30.390931991011396,94.6090680089886,1000
yar,-2.1922898649127087,94.80771013508729,1000
gjb,-63.73499764521705,20.265002354782947,1000
lcw,-17.618504255976895,10.381495744023105,1000
eoc,-10.413321520609385,93.58667847939061,1000
vnw,-19.372241240134514,63.627758759865486,1000
syf,-55.67542518388701,8.32457481611299,1000
glv,-65.52060699682445,77.47939300317555,1000
vcw,-76.76544823520655,1.2345517647934487,1000
mgi,-61.93890128880687,31.06109871119313,1000
qtn,-22.92698046949626,11.073019530503739,1000
eri,-71.8871673823979,78.1128326176021,1000
rka,-72.2267613185289,87.7732386814711,1000
fkk,-9.40145164244234,15.59854835755766,1000
rvb,-13.857652938927238,44.14234706107276,1000
iwd,-61.163157516425,70.836842483575,1000
tpl,-45.70152647868648,66.29847352131351,1000
zve,-71.92371277789512,3.0762872221048774,1000
jxd,-17.879672244978966,29.120327755021034,1000
rmi,-36.31701540630892,16.682984593691078,1000
eaw,-20.51730673132056,79.48269326867944,1000
jmu,-77.87601184394359,14.123988156056411,1000
xuw,-2.5918586908063865,87.40814130919361,1000
jeb,-4.935111742540968,58.06488825745903,1000
kuj,-59.46781374229284,18.532186257707156,1000
psd,-40.86532869357719,42.13467130642281,1000
nak,-15.755712490118771,12.244287509881229,1000
cnt,-2.8535438486157694,39.14645615138423,1000
fif,-67.38590279363653,65.61409720636347,1000
toh,-60.20066721705958,29.799332782940418,1000
dcp,-32.281971645412014,9.718028354587988,1000
xgp,-47.60856152534296,74.39143847465705,1000
nfg,-3.281414117026801,61.7185858829732,1000
nml,-44.85888385676961,71.14111614323039,1000
arw,-58.39890602379121,2.6010939762087864,1000
hlu,-6.555365364415714,23.444634635584286,1000
hft,-65.36172494853983,98.63827505146017,1000
kqe,-62.188861404282875,37.811138595717125,1000
abh,-27.366695257263512,83.63330474273648,1000
ryj,-80.15507888188121,15.844921118118789,1000
etg,-4.418275550056675,89.58172444994332,1000
vyw,-39.18372888677481,12.816271113225191,1000
qht,-89.35714423416894,25.642855765831058,1000
wpc,-33.5823691854891,24.417630814510897,1000
zhn,-49.04135576633231,37.95864423366769,1000
sys,-47.56486888414121,6.435131115858789,1000
ppe,-25.14081987810379,6.85918012189621,1000
zov,-96.15746959068275,91.84253040931725,1000
tbb,-42.41942905159978,62.58057094840022,1000
ckr,-20.535019375352352,49.464980624647644,1000
dzp,-50.192427987019485,52.807572012980515,1000
igl,-18.32536923880004,18.67463076119996,1000
xdp,-29.645961106023996,33.354038893976,1000
qty,-1.1763926935587523,26.823607306441247,1000
wql,-78.74084293579739,83.25915706420261,1000
dvz,-11.85859839887053,7.14140160112947,1000
phz,-90.03519001497283,25.96480998502717,1000
shb,-36.56403881535003,13.435961184649969,1000
mhk,-41.48658902186675,1.513410978133253,1000
rdu,-39.554313231466274,61.445686768533726,1000
lao,-35.61780796476611,76.38219203523389,1000
nor,-56.00091837148287,64.99908162851713,1000
cfn,-65.08028711099011,29.919712889009887,1000
dvd,-32.93374849531833,94.06625150468166,1000
yti,-87.9187632765765,78.0812367234235,1000
eve,-5.973292300147008,78.02670769985299,1000
efv,-0.978345407314757,89.02165459268524,1000
bhm,-36.009323735979244,64.99067626402075,1000
gfa,-82.29281805051507,7.707181949484933,1000
hvp,-53.249461468778655,95.75053853122135,1000
wfn,-58.86806114395068,43.13193885604932,1000
aim,-2.716549012991227,51.28345098700877,1000
bvv,-51.384574678479154,73.61542532152085,1000
knt,-29.13609381733023,5.863906182669767,1000
hld,-76.57634972673107,51.42365027326894,1000
jer,-66.79738157264711,39.20261842735289,1000
ulz,-77.66815089859814,96.33184910140186,1000
gfn,-73.84448069828517,6.155519301714831,1000
lwm,-78.44444664669595,57.55555335330405,1000
dtk,-47.739584311377484,53.260415688622516,1000
pwn,-9.08310979669074,62.91689020330926,1000
orj,-8.239495967493902,61.7605040325061,1000
mzb,-57.972900841645696,36.027099158354304,1000
blt,-39.91712664983871,14.08287335016129,1000
lws,-12.28197606051198,43.71802393948802,1000
cuv,-94.17677076196884,80.82322923803116,1000
vuj,-58.54103819787132,50.45896180212868,1000
wru,-24.84128966958567,90.15871033041432,1000
ycc,-95.80680071874849,6.193199281251502,1000
brg,-77.02741670553803,39.97258329446197,1000
lcz,-16.706017872241894,17.293982127758106,1000
aaq,-8.10643315632608,49.893566843673916,1000
qdz,-0.13326287946849513,11.866737120531505,1000
rgs,-77.90837475754198,60.09162524245803,1000
dua,-46.04947023152214,60.95052976847786,1000
tfh,-97.28351036958874,70.71648963041126,1000
mwb,-45.759700199397464,45.240299800602536,1000
dhr,-54.76239475301768,44.23760524698232,1000
zjh,-60.74330794688201,66.25669205311799,1000
enn,-66.72087609907221,48.27912390092778,1000
icn,-80.55482978756432,3.44517021243569,1000
gsd,-52.385431931382556,46.614568068617444,1000
fro,-24.24207888797563,17.75792111202437,1000
ogw,-11.869945686190418,85.13005431380958,1000
emq,-13.29473110835883,10.70526889164117,1000
ews,-91.43959313514647,48.56040686485353,1000
nkl,-94.57201639327299,86.42798360672701,1000
gsq,-8.901147746908656,8.098852253091344,1000
qmk,-61.803790455336866,58.196209544663134,1000
buv,-47.38673093536214,61.61326906463786,1000
tzf,-35.48635140876411,70.51364859123589,1000
dsn,-95.36948285915854,57.63051714084146,1000
zvd,-1.0093749166748471,47.990625083325156,1000
ndl,-70.51736549380189,42.48263450619811,1000
goo,-43.258918153413816,82.74108184658618,1000
qhp,-94.60216160134085,54.397838398659154,1000
lpg,-4.93688985047482,24.06311014952518,1000
spa,-12.032467142083847,72.96753285791615,1000
shk,-79.10824510779746,41.89175489220254,1000
oac,-0.908098844549581,96.09190115545042,1000
ptp,-44.33901093082307,68.66098906917694,1000
pkq,-29.415382717848512,79.58461728215148,1000
xhi,-30.511695528152313,49.488304471847684,1000
rez,-45.347699651663135,42.652300348336865,1000
tua,-70.22007796947236,23.779922030527647,1000
fug,-28.09725533819122,48.90274466180878,1000
dpw,-12.710777161883804,65.2892228381162,1000
tvp,-51.266095456067156,15.733904543932844,1000
byp,-51.9351899006377,80.0648100993623,1000
yvm,-41.25276570680469,6.747234293195315,1000
zlt,-0.31668791546310027,6.6833120845369,1000
jdp,-59.40283814443184,26.597161855568157,1000
lcj,-8.971567853721629,48.02843214627837,1000
ypw,-25.754392695528004,41.245607304471996,1000
mvj,-77.01664076207533,16.983359237924677,1000
zhz,-71.5043519065444,1.495648093455607,1000
jbd,-1.0047316427881445,69.99526835721186,1000
tww,-20.674053498764483,84.32594650123552,1000
vhh,-9.72142312983041,51.278576870169594,1000
knc,-28.978348734925607,28.021651265074393,1000
yae,-77.71731949689789,42.282680503102114,1000
yxr,-8.217968648018038,92.78203135198196,1000
wxt,-3.845274251377315,12.154725748622685,1000
vvr,-66.13933432704783,24.860665672952166,1000
csz,-38.406205422139486,44.593794577860514,1000
uin,-6.963195472110282,1.0368045278897178,1000
jhn,-24.443086606785982,42.55691339321402,1000
xcl,-88.72990187352605,13.27009812647395,1000
moc,-0.7126141937337278,29.287385806266272,1000
yrk,-71.24263093582692,64.75736906417308,1000
uub,-12.007302230350547,91.99269776964945,1000
yjm,-55.28071710126628,87.71928289873372,1000
hnt,-9.221675796658173,44.778324203341825,1000
kic,-20.639397236973473,2.3606027630265265,1000
dnu,-97.01559496943753,52.98440503056248,1000
uwe,-8.612667787533274,0.3873322124667258,1000
mjs,-4.8453868783828105,86.15461312161719,1000
vjo,-80.70522312046182,80.29477687953818,1000
dri,-0.4742404547703284,19.525759545229672,1000
fga,-71.1164405641483,53.883559435851694,1000
yfr,-66.96475163664897,4.035248363351027,1000
gvt,-28.270290254018924,57.729709745981076,1000
ofd,-70.03029906333545,53.96970093666456,1000
efy,-60.98047253090419,15.019527469095811,1000
mzb,-55.02344450564986,67.97655549435014,1000
oqg,-28.88991483439927,81.11008516560074,1000
gva,-82.66614325895132,80.33385674104868,1000
clc,-2.9720172401389546,60.02798275986105,1000
