mee,-6.683411181417538,80.31658881858246,1000
gbv,-31.0263061120056,2.9736938879943997,1000
fyx,-38.5249714669225,1.4750285330774953,1000
dfv,-72.61663801838047,23.38336198161953,1000
qof,-30.978597488112708,36.02140251188729,1000
kht,-27.917189063157437,78.08281093684256,1000
wys,-13.914273129198365,90.08572687080164,1000
euh,-68.04627567400304,52.95372432599695,1000
dhw,-88.5867635057465,0.4132364942534983,1000
qcy,-60.3966425087408,72.6033574912592,1000
qvj,-14.713014519934868,82.28698548006513,1000
isi,-0.2844736110709315,5.715526388929068,1000
dqp,-37.17224718441004,20.82775281558996,1000
qzs,-4.769027648133006,41.230972351866995,1000
hfe,-97.26711059641214,7.732889403587863,1000
whk,-25.965811537465118,90.03418846253489,1000
vys,-85.42400667813165,66.57599332186835,1000
sub,-86.96656451456161,21.033435485438385,1000
wup,-85.15624469212469,49.84375530787532,1000
wda,-13.857582107116526,77.14241789288347,1000
qdi,-51.148498637021824,64.85150136297817,1000
ejg,-12.303445126709493,32.69655487329051,1000
ukt,-83.33499352830694,89.66500647169306,1000
pfb,-69.75555985090787,32.24444014909213,1000
xdi,-72.32330044797033,76.67669955202967,1000
byl,-91.63669034213811,58.36330965786189,1000
oap,-8.654457624955224,2.345542375044775,1000
gki,-5.596716865888176,87.40328313411183,1000
ezp,-36.904262648148645,18.095737351851355,1000
oov,-12.503343233909405,74.4966567660906,1000
ujn,-73.15943597432101,78.84056402567899,1000
cvg,-44.76886948709615,24.231130512903853,1000
ydg,-5.60244041945749,63.39755958054251,1000
zcq,-46.19497450167954,44.80502549832046,1000
irb,-15.775105877120314,18.224894122879686,1000
qiv,-49.38583087420649,96.61416912579351,1000
wby,-4.7250618097680235,88.27493819023198,1000
grp,-19.785747306963163,85.21425269303684,1000
dof,-47.87963463953602,16.12036536046398,1000
vib,-64.01776699646034,62.98223300353966,1000
ypq,-84.7215405467449,45.2784594532551,1000
ddo,-22.89737391609181,95.10262608390819,1000
dnx,-53.10410977384901,64.89589022615098,1000
xsc,-21.397045836836824,93.60295416316318,1000
lqn,-8.171200395998275,67.82879960400173,1000
ekt,-31.481931172688157,71.51806882731184,1000
nfl,-10.349562215965639,18.650437784034363,1000
cnw,-67.52052277340536,10.479477226594643,1000
ryc,-44.33971834395689,42.66028165604311,1000
lpi,-84.35538367417766,49.644616325822334,1000
rdl,-67.6826549795698,96.3173450204302,1000
qva,-4.183273822833267,33.816726177166736,1000
qgt,-69.0990159875306,64.9009840124694,1000
mqt,-13.447621663754546,63.552378336245454,1000
ker,-53.46969419714685,47.53030580285315,1000
qew,-9.050250177695379,0.949749822304622,1000
xsb,-25.00458610441963,19.99541389558037,1000
fmx,-16.420189428020908,38.579810571979095,1000
kgs,-6.3828467244341365,26.61715327556586,1000
bxh,-67.38419461086124,73.61580538913876,1000
qzp,-27.26033153870088,88.73966846129912,1000
eck,-23.208584007971886,9.791415992028115,1000
uko,-83.46126377720803,47.53873622279197,1000
gvh,-61.609470594198335,42.390529405801665,1000
vdt,-5.093157446583009,30.90684255341699,1000
ssw,-9.51243407388542,95.48756592611458,1000
fpp,-25.20096952746659,98.79903047253342,1000
lui,-54.08277197603555,8.917228023964448,1000
qbi,-49.047993834068954,50.952006165931046,1000
moi,-24.20537113600846,26.79462886399154,1000
rty,-11.141946558244795,74.8580534417552,1000
daq,-58.034075166488016,52.965924833511984,1000
mmf,-50.351533187719326,88.64846681228067,1000
ubt,-53.402087713083276,63.597912286916724,1000
pci,-81.50914860765953,9.490851392340476,1000
vuj,-65.05983129701677,35.94016870298322,1000
sgg,-9.010238456406077,56.98976154359392,1000
evg,-78.04406201518141,67.95593798481859,1000
see,-53.67665422942015,3.3233457705798477,1000
rwl,-88.18495890584856,4.815041094151439,1000
myo,-3.3167022771541905,23.68329772284581,1000
fbw,-85.69297574840795,41.30702425159206,1000
htm,-46.22839259044638,21.771607409553614,1000
vyo,-35.555718565884234,94.44428143411577,1000
slz,-37.145379235009756,2.854620764990244,1000
fno,-16.50635972519319,26.49364027480681,1000
dvh,-79.20292859133187,85.79707140866813,1000
tss,-69.18877279387415,40.81122720612585,1000
omu,-32.6426447550101,34.3573552449899,1000
vuu,-42.38135453862162,2.6186454613783745,1000
keg,-42.140948501182294,27.859051498817706,1000
uui,-75.42840402007072,97.57159597992928,1000
cnk,-38.3103173787246,84.6896826212754,1000
fkt,-83.94866326293553,16.051336737064474,1000
jcx,-88.98342678032452,36.01657321967548,1000
iyo,-32.348285726361624,65.65171427363838,1000
urg,-53.16412097515917,3.83587902484083,1000
ftw,-97.61514160347527,5.384858396524732,1000
pys,-41.00409283727538,37.99590716272462,1000
nra,-30.218311380152773,24.781688619847227,1000
mia,-46.2862075854591,89.7137924145409,1000
jpn,-22.275837426833146,87.72416257316685,1000
wpw,-61.407659744092264,74.59234025590774,1000
fdt,-58.42065216010409,66.57934783989592,1000
bwj,-64.98379202011995,77.01620797988005,1000
nta,-48.47815819995168,35.52184180004832,1000
dal,-15.263797998292643,45.736202001707355,1000
qti,-27.07493760748827,71.92506239251173,1000
gov,-69.90267133158406,3.097328668415938,1000
gdf,-81.42159466631124,89.57840533368876,1000
hah,-66.24396409765076,45.75603590234925,1000
tis,-2.5879422256642455,32.41205777433576,1000
ogd,-34.1599270448685,2.840072955131495,1000
myj,-84.42994883227928,17.570051167720713,1000
ats,-67.95484792081393,60.04515207918607,1000
krv,-41.85555508458594,73.14444491541406,1000
fhr,-55.08070556753586,70.91929443246414,1000
hgr,-50.05887230341475,2.9411276965852458,1000
mkb,-11.466417100371997,50.533582899628,1000
ryo,-41.40461303834108,18.595386961658914,1000
ivc,-64.0348751726398,80.9651248273602,1000
lrr,-88.67219518135542,81.32780481864458,1000
hzq,-86.81208532928937,81.18791467071063,1000
wtc,-45.27149293969877,18.72850706030123,1000
whf,-59.98354733807145,2.0164526619285454,1000
ubb,-37.46804228037215,81.53195771962784,1000
rlh,-56.842384139729035,8.157615860270967,1000
lph,-75.98180150849298,94.01819849150702,1000
dxo,-18.488269355435236,45.511730644564764,1000
npm,-70.82222351707057,35.17777648292943,1000
dsg,-38.59581018279156,15.404189817208444,1000
zgt,-53.10391683640675,88.89608316359325,1000
lwq,-96.47999339671502,97.52000660328498,1000
njf,-6.376212742432484,60.623787257567514,1000
dxb,-69.53549049232808,80.46450950767192,1000
uza,-47.94430925917135,72.05569074082865,1000
zbq,-5.678460111406274,22.321539888593726,1000
iwn,-67.35269408190432,97.64730591809568,1000
vlh,-72.60527121357381,84.39472878642619,1000
svd,-37.612247438261164,23.387752561738832,1000
mge,-37.22466995447513,77.77533004552487,1000
nnp,-65.43762956282451,4.562370437175483,1000
diq,-69.52805356226143,1.471946437738568,1000
ubn,-7.012125524055052,48.98787447594495,1000
xnb,-21.726694099011983,81.27330590098802,1000
pkm,-81.34816706852,87.65183293148,1000
nqx,-31.245161954574282,78.75483804542571,1000
fxb,-29.66086274543171,20.33913725456829,1000
bde,-26.053783634993092,86.9462163650069,1000
gqp,-27.090609850197588,14.90939014980241,1000
bpz,-9.018222246659901,49.9817777533401,1000
ent,-32.14375076636641,42.85624923363359,1000
yqi,-90.67218631840709,90.32781368159291,1000
szj,-56.513551403148156,15.486448596851844,1000
eku,-88.4014146244582,37.5985853755418,1000
jqu,-47.424717890431474,42.575282109568526,1000
frx,-3.8205778165546174,47.17942218344538,1000
lug,-80.81186696952176,74.18813303047824,1000
gyr,-10.86389746733277,27.13610253266723,1000
jjv,-41.9596962210364,37.0403037789636,1000
xam,-4.793802589738106,34.20619741026189,1000
cfh,-29.965884689584527,44.03411531041547,1000
cod,-1.2141866970221578,46.78581330297784,1000
ljy,-40.18088182010142,92.81911817989858,1000
mrp,-58.657136919578384,81.34286308042162,1000
pqa,-38.32298568367933,54.67701431632067,1000
rgu,-91.49741281590974,42.50258718409026,1000
vvc,-52.34722898655241,61.65277101344759,1000
oti,-21.23875928441958,22.76124071558042,1000
wsv,-17.986343800410992,20.013656199589008,1000
pka,-80.66592161032379,88.33407838967621,1000
wnu,-58.441371669896405,34.558628330103595,1000
ipy,-83.79194931382898,92.20805068617102,1000
mln,-29.607112957793788,75.39288704220621,1000
mcf,-61.9420189276315,20.0579810723685,1000
jyu,-21.636593384410986,75.36340661558901,1000
frp,-34.31997738647509,29.68002261352491,1000
gqp,-43.572323584426464,3.427676415573537,1000
mgk,-30.116751371437783,16.883248628562217,1000
vtt,-59.56036590997174,43.43963409002826,1000
ney,-76.90709460744141,91.09290539255859,1000
zcc,-38.30014586716191,16.699854132838087,1000
yne,-35.472106256690175,16.52789374330982,1000
dzb,-19.470628929551168,82.52937107044883,1000
vkn,-15.042570843714232,85.95742915628577,1000
pcs,-25.90849039227983,95.09150960772017,1000
kik,-49.15462691468902,36.84537308531098,1000
ikw,-55.943743038554004,15.056256961445998,1000
pnm,-35.4118524494433,6.5881475505567,1000
smo,-43.21308103608704,36.78691896391296,1000
nmi,-85.38509216571316,47.614907834286846,1000
cld,-92.17751349798766,39.82248650201233,1000
aus,-86.44032711998187,2.55967288001812,1000
zka,-11.752424394478522,50.247575605521476,1000
ktd,-61.55036284141841,56.44963715858159,1000
qrw,-33.470814323388964,41.529185676611036,1000
pur,-31.22192715907718,87.77807284092282,1000
ssq,-33.75570221111409,57.24429778888591,1000
abq,-95.46912234391006,47.53087765608995,1000
ude,-58.738022417984595,89.2619775820154,1000
yvy,-86.39004704838283,41.609952951617174,1000
owx,-25.753105147453887,6.246894852546112,1000
upy,-65.21157699327,94.78842300673,1000
jwx,-13.986233988185639,28.01376601181436,1000
bqm,-76.74390774503715,68.25609225496285,1000
bbo,-55.63088580673122,14.369114193268775,1000
lcv,-86.40464885010806,79.59535114989194,1000
drq,-84.10708904580463,92.89291095419537,1000
kbx,-92.34588102165267,5.654118978347334,1000
stb,-76.30690721786688,81.69309278213312,1000
uej,-77.9132516413754,65.0867483586246,1000
qnu,-75.05475548116624,15.94524451883376,1000
cna,-70.23230619878547,26.76769380121453,1000
ekm,-86.46931552067528,57.53068447932472,1000
qbx,-16.632569117067664,87.36743088293234,1000
lay,-79.1928156874224,98.8071843125776,1000
zqc,-22.661322568883545,30.338677431116455,1000
wtw,-80.38996051746639,94.61003948253361,1000
lhq,-79.17735824783178,27.822641752168217,1000
lnv,-26.14164787347367,66.85835212652633,1000
znp,-25.998189359238253,33.00181064076175,1000
jle,-16.452922206018656,15.547077793981346,1000
tiw,-12.472563833381278,76.52743616661873,1000
dpj,-58.00556783257378,36.99443216742622,1000
hpv,-88.35273916038585,45.64726083961414,1000
mmz,-79.22372379783687,30.776276202163128,1000
hzj,-29.225132387762628,39.77486761223737,1000
dhi,-94.73496560992572,91.26503439007428,1000
vnc,-93.64702703241602,40.35297296758399,1000
nfc,-34.242024329741696,39.757975670258304,1000
rze,-13.20181500059149,18.798184999408512,1000
mml,-10.662491318454023,40.33750868154598,1000
nhn,-35.452826896374255,25.547173103625745,1000
kwz,-80.2229952593332,93.7770047406668,1000
euw,-80.05949697795256,64.94050302204744,1000
htt,0.6852264217322195,79.68522642173222,1000
uza,-54.849492560585546,76.15050743941445,1000
hjc,-29.59343206418337,9.406567935816629,1000
iin,-79.34125267610307,44.65874732389694,1000
jrf,-61.306161359720186,79.69383864027981,1000
lhk,-64.50117512966068,0.498824870339324,1000
ull,-24.405279744381758,38.59472025561824,1000
hkf,-75.75837594327957,3.241624056720421,1000
qyi,-51.605433794913345,35.394566205086655,1000
wzo,-45.28599709336933,17.714002906630668,1000
ics,-78.75869264981492,79.24130735018508,1000
jau,-50.40500965953578,79.59499034046422,1000
mcr,-4.861759174061368,1.138240825938632,1000
vzb,-21.746393213924055,75.25360678607595,1000
prn,-26.227751817955713,3.7722481820442884,1000
jsq,-63.06138612191631,31.938613878083693,1000
bds,-47.728912759949196,81.2710872400508,1000
tnn,-67.719950348286,18.280049651713988,1000
vtn,-10.246592114252362,6.753407885747638,1000
ndd,-48.59203284982842,62.40796715017158,1000
rjf,-60.88075226271565,50.11924773728435,1000
lwo,-62.6293128450699,15.370687154930105,1000
ymu,-80.76049247583622,69.23950752416378,1000
any,-50.23347760086554,96.76652239913446,1000
ake,-48.40760953324781,21.59239046675219,1000
ufs,-26.742395229077438,57.25760477092256,1000
bqq,-40.31421349776086,22.68578650223914,1000
pkn,-77.34054084757925,63.65945915242075,1000
rau,-19.21851057627719,67.78148942372282,1000
jnt,-35.73469432571253,49.26530567428747,1000
rzk,-41.41544054727434,54.58455945272566,1000
yyu,-2.180832456846898,54.8191675431531,1000
hls,-77.92708287488864,49.07291712511137,1000
xxp,-46.45627227547128,5.543727724528725,1000
ixr,-84.15000577990317,64.84999422009683,1000
fmg,-77.53921430066096,10.460785699339043,1000
dmc,-29.515857667910332,1.4841423320896676,1000
qcv,-10.290967135501415,49.70903286449859,1000
oab,-22.59668152839874,34.40331847160126,1000
tsb,-29.789405204533466,41.210594795466534,1000
gqe,-51.29912802098553,28.700871979014476,1000
ihl,-43.54777672249552,37.45222327750448,1000
uxr,-62.825952826870605,88.1740471731294,1000
ppv,-9.699657387606067,33.30034261239393,1000
mre,-50.650109480755596,18.349890519244404,1000
pse,-38.444505089541096,32.555494910458904,1000
fwp,-27.16787199656559,4.832128003434411,1000
crv,-12.779351675312853,69.22064832468715,1000
bvq,-79.66582720834751,7.334172791652496,1000
rrl,-20.258349029678534,33.741650970321466,1000
icd,-31.333863208001002,1.6661367919989978,1000
gbm,-35.281496281780186,59.718503718219814,1000
xis,-13.48414460503016,96.51585539496985,1000
obv,-11.705846012046068,5.294153987953932,1000
gfc,-81.62950405757302,97.37049594242698,1000
eud,-23.384114710896835,75.61588528910316,1000
ojc,-8.313364230230283,22.686635769769715,1000
vtj,-75.80760652513224,68.19239347486776,1000
odp,-23.88745494207428,82.11254505792571,1000
lxu,-27.380895629472327,15.61910437052767,1000
yym,-58.33671430545911,89.66328569454089,1000
kpa,-72.18794892687082,37.81205107312918,1000
ziq,-75.56866763779739,17.431332362202614,1000
adw,-7.957132214724375,12.042867785275625,1000
esi,-41.968442321581875,44.031557678418125,1000
swu,-53.86316662051537,95.13683337948463,1000
bsp,-3.8544388436236936,86.1455611563763,1000
lcp,-25.920792236152945,87.07920776384705,1000
jyj,-72.78163990572992,47.21836009427008,1000
jyk,-74.71431660586026,94.28568339413974,1000
fch,-52.739712742360766,10.260287257639234,1000
kmi,-54.9549838281863,71.0450161718137,1000
wvu,-68.3180142015282,46.6819857984718,1000
uqa,-15.70559467425232,83.29440532574768,1000
vvc,-43.09794414406095,36.90205585593905,1000
ghk,-23.13528798792882,0.8647120120711802,1000
ksn,-0.5668857021627686,21.433114297837232,1000
wtd,-37.734473795719374,62.265526204280626,1000
nbp,-77.55534407697111,89.44465592302889,1000
qwf,-79.82151459107924,1.1784854089207655,1000
uta,-34.02224556052922,57.97775443947078,1000
ybj,-88.48875528298869,97.51124471701131,1000
lfr,-29.99931953235555,43.00068046764445,1000
grd,-68.51984597770753,94.48015402229247,1000
mpt,-27.157379584907837,12.842620415092162,1000
zid,-62.13332750853739,45.86667249146261,1000
tca,-31.911379736309417,58.08862026369058,1000
gzv,-26.11663759709656,54.883362402903444,1000
jqu,-24.166727621144947,0.8332723788550523,1000
jcy,-76.4350989968038,67.5649010031962,1000
eqi,-88.32976922981561,46.670230770184396,1000
zxq,-16.347300931285584,56.65269906871441,1000
ggi,-10.295558074306863,23.70444192569314,1000
kry,-8.446097308066774,98.55390269193323,1000
ecf,0.8987071168884732,74.89870711688847,1000
syj,-82.59862018241883,12.401379817581171,1000
ecr,-10.99861982536859,39.001380174631414,1000
tjm,-26.381754704901734,8.618245295098266,1000
mvk,-89.96765438038166,10.032345619618344,1000
hfe,-27.140520682362098,0.8594793176379004,1000
gun,-74.7479489097408,63.25205109025921,1000
wfw,-30.17160142754326,74.82839857245675,1000
wla,-82.99350238733996,15.006497612660045,1000
rsr,-65.62534757698278,12.37465242301723,1000
nuh,-12.550281148782807,82.4497188512172,1000
rie,-6.85376959360911,94.14623040639088,1000
dyc,-54.98463052764859,91.01536947235141,1000
aqu,-1.1620188586075,72.8379811413925,1000
qae,-80.26953038885513,94.73046961114487,1000
sii,-20.93102781057645,69.06897218942355,1000
uap,-48.29567693494202,68.70432306505798,1000
yuc,-11.84308384224085,23.156916157759152,1000
jxi,-14.738389531173977,45.26161046882602,1000
wxo,-31.519730942565417,0.48026905743458215,1000
oer,-69.39004876574602,66.60995123425398,1000
vqq,-46.28248443407836,36.71751556592164,1000
hkh,-45.570414087203126,22.42958591279687,1000
htx,-54.24627388698958,88.75372611301042,1000
edq,-21.299074760465867,90.70092523953413,1000
lxk,-1.6845007576808475,78.31549924231915,1000
jvp,-25.923506866360132,35.076493133639865,1000
mww,-27.44268059072211,59.55731940927789,1000
odg,-94.05791398031052,61.942086019689484,1000
btr,-18.894025995498577,6.105974004501425,1000
amf,0.0031003543411810552,47.00310035434118,1000
dpw,-29.65970528297474,56.34029471702526,1000
ssa,-26.85748738872303,34.14251261127697,1000
eiz,-91.83655715184305,54.16344284815694,1000
ucy,-63.38899264185066,24.61100735814934,1000
izc,-34.33945911558354,36.66054088441646,1000
kbg,-3.680276530547726,88.31972346945227,1000
tkg,-29.205328097486483,26.794671902513517,1000
utt,-18.893252054404755,0.10674794559524359,1000
tai,-52.225022527418176,17.774977472581824,1000
irh,-97.76053385728956,16.239466142710445,1000
jck,-69.6774872237289,23.322512776271097,1000
nzk,-1.293860944397167,49.70613905560283,1000
hph,-72.60703065440042,9.39296934559958,1000
bpk,-3.7069077673098816,44.29309223269012,1000
xmb,-81.79666559633755,33.20333440366245,1000
tpf,-45.78750766753869,90.21249233246131,1000
rga,-78.2201836284406,0.7798163715594119,1000
lix,-33.87790751765985,44.12209248234015,1000
ogr,-96.20525940003036,68.79474059996964,1000
yck,-15.908614025092643,42.09138597490736,1000
njf,-44.73786299068083,47.26213700931917,1000
rvh,-85.58940919763577,91.41059080236423,1000
sbq,-40.23394804761998,43.76605195238002,1000
myl,-61.03956152299669,90.96043847700331,1000
ufp,-42.098460313389594,20.901539686610406,1000
sig,-34.35377137062562,23.64622862937438,1000
sqt,-71.08958954713333,5.910410452866676,1000
yyl,-10.219819794941847,27.780180205058155,1000
xyg,-80.37102532887636,95.62897467112364,1000
wwl,-3.7834084298143176,11.216591570185683,1000
wnc,-22.392253092487262,55.607746907512734,1000
htr,-80.90014777747025,87.09985222252975,1000
mmq,-62.28028379853468,96.71971620146532,1000
rka,-9.062997487221713,26.93700251277829,1000
poz,-44.35496430464197,65.64503569535803,1000
kmw,-46.20408642303474,29.795913576965262,1000
tma,-27.62018034504453,55.37981965495547,1000
fdh,-11.495132925186988,7.504867074813013,1000
hru,-85.50468226762911,15.495317732370887,1000
bfg,-32.54503715675167,9.454962843248335,1000
iuu,-10.276268092231502,11.723731907768498,1000
cic,-19.448463111881164,21.551536888118836,1000
bnv,-4.909693353541803,75.0903066464582,1000
gzn,-89.67436964869351,90.32563035130649,1000
kdh,-83.09076353706791,71.90923646293209,1000
nwz,-88.73816228356311,28.26183771643689,1000
sns,-89.86606024394969,93.13393975605031,1000
npv,-82.63820179535296,74.36179820464704,1000
upz,-5.470675775330373,58.52932422466963,1000
gjd,-79.27411685673273,81.72588314326727,1000
ann,-97.9303215329501,32.0696784670499,1000
fzs,-12.80944091828405,53.19055908171595,1000
auf,-18.08684766329383,94.91315233670616,1000
kjr,-43.34540169886595,33.65459830113405,1000
tzz,-50.4614231620795,97.5385768379205,1000
ixp,-38.65029608184041,72.34970391815959,1000
tvg,-34.93989564460794,51.06010435539206,1000
cfb,-87.38122068975652,38.61877931024348,1000
yei,-65.96467437333403,9.03532562666597,1000
cnk,-45.93860739248928,92.06139260751071,1000
fzb,-40.61689739587181,14.38310260412819,1000
qtu,-76.47368660105393,96.52631339894607,1000
zqu,-22.69632075361974,25.30367924638026,1000
tny,-16.90203826995117,71.09796173004884,1000
qtl,-55.521143110614915,84.47885688938509,1000
upm,-87.07234050336173,62.92765949663828,1000
qzj,-55.23402323807345,94.76597676192655,1000
xrr,-75.11510763457288,45.88489236542712,1000
fqy,-4.326369447179732,31.673630552820267,1000
ojf,-44.7680623122341,27.2319376877659,1000
ugw,-76.22040978674316,61.77959021325683,1000
eoe,-52.58876992930878,77.41123007069122,1000
aym,-36.219857653341215,97.78014234665878,1000
gdm,-9.465655985050963,91.53434401494904,1000
yhx,-21.677413320395875,24.322586679604125,1000
tps,-57.80967409798189,81.19032590201812,1000
ttx,-23.86854352804949,87.13145647195051,1000
nlv,-8.46126312456145,57.53873687543855,1000
npy,-8.639862491067284,37.360137508932716,1000
mwc,-93.90525084656652,36.09474915343348,1000
aqb,-15.675068975621809,27.32493102437819,1000
bxe,-91.84967986093241,88.15032013906759,1000
moc,-30.554130319949117,28.445869680050883,1000
rev,-16.154702272253125,2.845297727746873,1000
kvo,-8.171417495309688,87.82858250469032,1000
wfx,-73.84164647974502,87.15835352025498,1000
tsq,-62.32453949788158,35.67546050211842,1000
rqv,-44.20730168167398,44.79269831832602,1000
cqu,-39.62773825842925,46.37226174157075,1000
mle,-8.381622281991895,65.6183777180081,1000
qge,-28.37973833749995,37.62026166250005,1000
xuj,-6.605069794876901,44.3949302051231,1000
brq,-72.25298276652421,62.74701723347579,1000
vjg,-67.65767739808939,39.34232260191061,1000
qsx,-88.9296482048081,2.070351795191903,1000
jmk,-51.187392001730686,66.81260799826931,1000
ubk,-23.217230478931373,16.782769521068627,1000
cge,-2.7117482642250135,53.288251735774985,1000
rqb,0.8591179314415307,56.85911793144153,1000
mao,-3.3546995826156616,90.64530041738433,1000
hvz,-15.28405467326997,46.71594532673003,1000
xwl,-65.49657594741103,34.50342405258896,1000
nwi,-78.8759334178077,29.1240665821923,1000
bfv,-41.23377557532299,91.766224424677,1000
qqa,-87.7711234255566,29.228876574443404,1000
bgg,-77.11602179483388,9.883978205166116,1000
kur,-28.876693275013857,87.12330672498615,1000
yho,-43.27455360330871,94.72544639669128,1000
qpq,-51.722656196146445,13.277343803853558,1000
ota,-33.07059906114444,50.92940093885556,1000
wme,-57.33108503334939,37.66891496665061,1000
csc,-71.12263693217706,5.877363067822939,1000
wsm,-62.776345347808295,97.22365465219171,1000
cfv,-74.79784919356433,96.20215080643567,1000
xku,-28.453384015125234,16.546615984874766,1000
brt,-35.54090500476818,86.45909499523182,1000
ssq,-21.48956895641042,69.51043104358958,1000
ozz,-31.807978910021035,65.19202108997897,1000
arb,-36.03546880787892,20.96453119212108,1000
rlw,-32.97671174963142,55.02328825036858,1000
ubq,-80.0482928396337,22.951707160366293,1000
ouf,-17.1167467275125,76.88325327248751,1000
rrg,-39.29674172354465,12.70325827645535,1000
mbd,-73.94289420503148,45.05710579496853,1000
ftp,-91.5208841859852,84.4791158140148,1000
qsg,-75.4572713496455,93.5427286503545,1000
wml,-62.4742652983777,85.5257347016223,1000
lwd,-84.96920943053769,45.03079056946231,1000
lbq,-62.88488198182964,76.11511801817036,1000
mkd,-16.921528059610253,78.07847194038975,1000
vyb,-30.899335063763505,74.1006649362365,1000
uod,-86.6173429069131,23.3826570930869,1000
mie,-31.71097608423919,52.28902391576081,1000
evl,-17.548652840290405,16.451347159709595,1000
omz,-15.16142422448798,28.83857577551202,1000
ynu,-82.0891694271294,51.910830572870594,1000
xdh,-84.93258923360784,39.06741076639215,1000
ftw,-12.752878701459787,17.24712129854021,1000
tfy,-28.351335541486446,52.64866445851355,1000
dwi,-86.39585755818656,86.60414244181344,1000
hdo,-20.156559577203172,77.84344042279683,1000
pfx,-74.24013522146267,3.759864778537337,1000
two,-16.74626653528119,29.25373346471881,1000
wri,-58.64956590009742,39.35043409990258,1000
bzz,-90.86601126399437,34.13398873600564,1000
elp,-29.40451680924388,84.59548319075613,1000
dpb,-63.66685767199038,71.33314232800961,1000
jki,-77.95572271343026,45.044277286569745,1000
mel,-66.94290679104807,73.05709320895193,1000
sie,-8.991838478045372,50.00816152195463,1000
axn,-67.17223308907062,88.82776691092938,1000
xlv,-3.05773037633546,11.94226962366454,1000
tty,-21.854225367507436,28.145774632492564,1000
bch,-19.895547916305933,25.104452083694067,1000
czy,-68.87720988515967,73.12279011484033,1000
uqb,-64.16506343103451,93.83493656896549,1000
wva,-42.029557839821905,22.9704421601781,1000
qgx,-43.8945691008449,34.1054308991551,1000
hvr,-0.11228697479574767,14.887713025204253,1000
nic,0.8751757998598237,29.875175799859825,1000
jip,-95.55494660620654,88.44505339379346,1000
lyp,-48.49957504993772,79.50042495006228,1000
hbk,-41.37953304743587,24.62046695256413,1000
ltj,-16.85619525771945,73.14380474228055,1000
lai,-11.864170964104161,2.1358290358958385,1000
bji,-76.01400343207237,5.985996567927635,1000
daz,-44.51088642998252,67.48911357001748,1000
hpq,-78.26831951783785,58.73168048216214,1000
wpf,-85.18107363344534,46.81892636655466,1000
gfp,-28.250561070882174,70.74943892911783,1000
inb,-64.93071760666932,53.06928239333069,1000
hfb,-69.90026913603519,40.09973086396481,1000
vje,-92.65490806864108,89.34509193135892,1000
wgc,-25.970692853094338,72.02930714690567,1000
ysc,-24.19582163136955,74.80417836863045,1000
awb,-0.7867880514961538,60.21321194850385,1000
eel,-73.79386588244431,62.206134117555685,1000
jjz,-59.995492007330526,21.004507992669474,1000
brh,-29.60319995071135,15.39680004928865,1000
xiz,-29.10512466696089,95.89487533303911,1000
sqs,-86.84650745312219,1.1534925468778123,1000
xyi,-69.6315954546128,8.3684045453872,1000
vpu,-92.63189962409761,52.368100375902394,1000
dgw,-38.844566268091945,25.155433731908055,1000
ifu,-91.25775637311675,2.742243626883246,1000
qev,-63.66578253032899,53.33421746967101,1000
ypl,-82.05820683271966,74.94179316728034,1000
zmc,-37.16710078107074,26.83289921892926,1000
xjv,-22.450659604189344,94.54934039581066,1000
wqp,-14.07501515122674,49.92498484877326,1000
wvf,-43.60742928271689,55.39257071728311,1000
lsr,-73.20276015025733,6.797239849742665,1000
umd,-43.76374173141411,43.23625826858589,1000
vsc,-19.772922668123165,8.227077331876835,1000
zfh,-22.899977943826347,6.100022056173655,1000
ebj,-90.97275119659027,59.02724880340973,1000
qjw,-59.861681106205275,40.138318893794725,1000
oxx,-66.34639969413898,32.65360030586101,1000
inz,-87.27813203782105,3.721867962178941,1000
bpz,-34.202017510507844,73.79798248949216,1000
wha,-54.53701542182324,50.46298457817676,1000
mat,-58.371092203241865,0.628907796758132,1000
cpz,-80.03885992393202,55.96114007606797,1000
dbt,-85.97391260498554,80.02608739501446,1000
nbd,-37.38656427199097,57.61343572800903,1000
cgh,-85.45946771932931,69.54053228067069,1000
zhl,-82.59875559472788,25.40124440527213,1000
mgk,-70.96498355890087,50.03501644109914,1000
tob,-31.320057208364922,13.679942791635078,1000
jgf,-50.43757726399761,90.56242273600239,1000
odf,-9.141828803044493,90.85817119695551,1000
wfy,-79.10150688893364,59.89849311106635,1000
pxn,-4.6767308795986295,1.3232691204013705,1000
dxe,-0.07655131643542334,22.923448683564576,1000
pdq,-0.4532203207504161,47.54677967924958,1000
xjb,-50.629122529514554,14.37087747048545,1000
lha,-33.602190180414155,81.39780981958585,1000
vam,-28.555653632195682,88.44434636780431,1000
frr,-91.39314461397547,86.60685538602453,1000
okg,0.7562850869147951,5.7562850869147955,1000
shd,-83.3489124687811,40.65108753121891,1000
nbq,-33.753062415681036,93.24693758431897,1000
ebd,-1.078538368735794,32.92146163126421,1000
eip,-97.82310935073626,9.176890649263735,1000
atu,-97.2360489522084,25.763951047791597,1000
rjh,-67.63339667702016,47.36660332297985,1000
hjk,-87.9747677940224,64.0252322059776,1000
foy,-52.60083565105101,69.399164348949,1000
mld,-87.33620269164095,58.663797308359044,1000
ttg,-60.26461755532239,1.7353824446776123,1000
mdm,-54.07476151998698,56.92523848001302,1000
qnx,-66.45033736931414,43.549662630685866,1000
nfz,-23.975137405784224,57.024862594215776,1000
hoe,-9.449501421835976,55.550498578164024,1000
ocw,-52.90606611104762,46.09393388895238,1000
nky,-22.46225336750728,24.53774663249272,1000
wxn,-52.560030296724214,61.439969703275786,1000
rcf,-93.6977427711639,14.302257228836098,1000
ziw,-15.747284359830756,91.25271564016924,1000
mmw,-21.34943808705076,46.650561912949236,1000
dnl,-52.20429557455135,66.79570442544865,1000
dxb,-76.1724953170394,55.8275046829606,1000
qks,-29.232784637172728,28.767215362827272,1000
wys,-58.72459353748596,37.27540646251404,1000
wou,-89.53730834827991,89.46269165172009,1000
nfz,-32.15461035328916,49.84538964671084,1000
wzw,-58.98969166192947,43.01030833807053,1000
obs,-8.355794396838764,27.644205603161236,1000
veo,-23.41909556360718,59.58090443639282,1000
rgy,-39.65776461426635,8.342235385733652,1000
vso,-70.75350058393981,70.24649941606019,1000
tsc,-37.82343881777508,20.176561182224923,1000
hnv,-50.786130039364245,8.213869960635753,1000
hul,-40.4961686761586,37.5038313238414,1000
ycs,-53.27022537784007,18.729774622159933,1000
omv,-49.192688250511196,46.807311749488804,1000
xxv,-43.22322784198439,76.77677215801562,1000
fin,-62.36133689467949,90.63866310532052,1000
acy,-14.461970337759144,19.538029662240856,1000
fmj,-28.909618148110972,90.09038185188903,1000
tai,-90.39926367626637,8.600736323733626,1000
urw,-90.71336603264078,91.28663396735922,1000
ama,-85.4255398814899,97.5744601185101,1000
ghr,-80.86876757945478,76.13123242054522,1000
mes,-20.22990559853946,42.77009440146054,1000
lxk,-4.599750028122338,62.40024997187766,1000
khh,-55.41326659292923,40.58673340707077,1000
wly,-58.2614954238776,1.738504576122401,1000
isz,-12.0902765682234,77.9097234317766,1000
ysj,-26.868843359447993,74.131156640552,1000
sgz,-49.20159730590764,90.79840269409236,1000
lwz,-62.82898479744997,81.17101520255004,1000
kzh,-87.33760466608626,48.662395333913736,1000
xhg,-40.37733780723241,20.622662192767592,1000
eqq,-60.24692678894781,35.75307321105219,1000
yao,-0.6059810338031849,57.39401896619682,1000
jax,-35.69093984232487,78.30906015767512,1000
xzv,0.18211834958146134,66.18211834958146,1000
kno,-50.14408535606178,17.85591464393822,1000
hqm,-23.235251047159604,41.7647489528404,1000
ddr,-95.3789765023844,70.6210234976156,1000
nqu,-47.71388167882201,38.28611832117799,1000
vfd,-34.4658836050135,57.5341163949865,1000
pyq,-8.562114374900133,13.437885625099867,1000
nnp,-67.23389415936283,76.76610584063717,1000
pig,-52.8963219010836,73.10367809891639,1000
wfu,-38.050093515689916,53.949906484310084,1000
mbi,-27.93790918885835,4.062090811141649,1000
zcq,-44.94987174087824,83.05012825912176,1000
jei,-37.73208723424366,32.26791276575634,1000
rxa,-67.8095571103291,32.190442889670905,1000
czy,-86.91981546434934,3.080184535650656,1000
rxr,-68.06582791546252,75.93417208453748,1000
dwn,-97.36988957218219,29.63011042781781,1000
elq,-83.05180396227753,3.94819603772247,1000
rue,-32.98000570638704,58.01999429361296,1000
qxm,-45.95930769042607,76.04069230957393,1000
vah,-53.53138692569879,75.4686130743012,1000
qwz,-76.54861331365511,34.4513866863449,1000
rsv,-15.293260304673563,61.70673969532643,1000
hti,-40.6211090015281,92.3788909984719,1000
zwo,-86.05418501015019,77.94581498984981,1000
eeu,-31.623986966940382,43.37601303305962,1000
you,-16.797152772383736,88.20284722761626,1000
qdt,-33.11480567946189,3.885194320538109,1000
tid,-56.7552005251918,78.2447994748082,1000
nks,-57.390148293810384,23.60985170618962,1000
sqj,-40.53359956306527,27.466400436934727,1000
puj,-75.4797945102578,84.5202054897422,1000
uqw,-8.25319610363948,11.74680389636052,1000
azj,-50.3071388131196,8.692861186880396,1000
jgm,-55.408055722598014,76.59194427740198,1000
sen,-46.2050927462547,52.7949072537453,1000
fyq,-57.45236826013158,37.54763173986842,1000
lwu,-38.457388371600715,81.54261162839929,1000
hsi,-41.610166074425756,87.38983392557425,1000
qkm,-91.18858371281273,25.811416287187278,1000
lgs,-77.22919062001542,33.77080937998459,1000
tuc,-41.817759067687014,34.182240932312986,1000
yxi,-65.88477384400797,44.115226155992026,1000
zfb,-8.802477292027177,3.197522707972823,1000
ksw,-34.29133699876009,77.70866300123991,1000
bjn,-88.90297856907175,33.097021430928244,1000
wog,-15.431223282907473,58.568776717092526,1000
eld,-41.26506210893466,45.73493789106534,1000
fuv,-97.17028709415209,84.82971290584791,1000
quq,-81.85022686751903,61.14977313248098,1000
lax,-29.34002637408384,78.65997362591617,1000
awk,-5.217129731425697,28.782870268574303,1000
yfz,-72.91764559867708,17.082354401322917,1000
udd,-67.3895184805144,29.610481519485596,1000
uzb,-5.161652171138346,57.83834782886165,1000
yrp,-22.26023592550525,67.73976407449476,1000
qsy,-60.47288343974305,73.52711656025694,1000
sgt,-89.98272459645771,46.01727540354228,1000
mzn,-40.429063417267706,1.5709365827322932,1000
qip,-58.34693666244238,63.65306333755762,1000
tbz,-29.725966776455913,70.27403322354408,1000
qjl,-49.494337794588525,55.505662205411475,1000
ddl,-66.25578263223584,58.74421736776417,1000
zrp,-39.72932401872294,83.27067598127705,1000
wub,-13.58373123197302,45.41626876802698,1000
fjs,-39.08922789387135,62.91077210612865,1000
oay,-76.2184673203584,32.7815326796416,1000
csj,-6.219232213633847,50.780767786366155,1000
mve,-91.66420532892403,28.335794671075973,1000
nqw,-30.11148500867002,53.888514991329984,1000
oln,-0.15351063912594454,17.846489360874056,1000
krb,-89.03390783128955,10.966092168710446,1000
mpm,-88.37441737953633,38.625582620463675,1000
cjs,-15.78203186528854,63.21796813471146,1000
cdy,-72.99174104914421,93.00825895085579,1000
dzg,-57.79791967170827,0.2020803282917284,1000
jbl,-85.08298976443383,44.91701023556617,1000
ebu,-51.00016406364085,49.99983593635915,1000
obo,-46.78810884605816,89.21189115394185,1000
web,-37.46415683465389,69.53584316534611,1000
avv,-2.2924157935267826,65.70758420647321,1000
vvx,-84.23993988538548,2.7600601146145247,1000
mvw,-32.43174461149329,48.56825538850671,1000
cro,-1.0682278929577138,66.93177210704229,1000
wdt,-7.81582220246326,82.18417779753673,1000
sih,-77.27801377283673,82.72198622716327,1000
hxh,-36.71738224934206,84.28261775065795,1000
jbj,-32.569627503647645,64.43037249635236,1000
jtu,-54.66647674241937,85.33352325758064,1000
cdk,0.42462956954136255,4.424629569541363,1000
sri,-77.40908717962857,0.5909128203714326,1000
zlv,-35.52244643620468,96.47755356379533,1000
zth,-27.927896900912508,55.07210309908749,1000
vci,-19.987899870813973,31.012100129186027,1000
njd,-68.72044332016996,63.27955667983003,1000
hmf,-27.229931122512923,15.770068877487079,1000
eyw,-1.2497284070906838,8.750271592909316,1000
xoh,-82.38566019465819,90.61433980534181,1000
exo,-22.21649233231939,9.783507667680611,1000
vpd,-83.22887382095097,27.771126179049027,1000
qpv,-20.500806342907918,36.499193657092086,1000
rmz,-14.42751158295058,32.57248841704942,1000
acg,-32.83379852878284,3.166201471217158,1000
enj,-81.42115129595523,40.57884870404477,1000
keu,-70.98245802149457,33.017541978505434,1000
euc,-56.95559665952574,98.04440334047426,1000
llb,-29.31055543511789,79.68944456488211,1000
exn,-66.44263719451664,67.55736280548336,1000
tag,-64.479879845832,13.520120154168003,1000
cmh,-86.56744755980544,22.432552440194556,1000
uzi,-79.59148206798947,12.408517932010522,1000
zbo,-86.02947505820495,70.97052494179505,1000
pqy,-69.99110824559538,68.00889175440462,1000
exx,-5.483221988898347,15.516778011101653,1000
kix,-24.989238869552707,58.01076113044729,1000
rec,-42.00294240584197,78.99705759415804,1000
jza,-21.30241765306645,73.69758234693354,1000
gvf,-25.331778269569718,98.66822173043029,1000
vet,-5.689908181299876,35.31009181870012,1000
mlr,-22.871886352795052,60.12811364720495,1000
wko,-19.296735052753515,63.70326494724648,1000
nmb,-84.27901161830127,62.72098838169873,1000
qje,-2.8444273270151577,2.1555726729848423,1000
iby,-76.27279146962235,68.72720853037765,1000
jkv,-9.558233459828543,35.44176654017146,1000
gsu,-60.064909299991236,60.935090700008764,1000
dmk,-71.36737396989459,92.63262603010541,1000
jad,-25.183748275637395,75.8162517243626,1000
lte,-21.08855516359384,22.91144483640616,1000
hqm,-54.91087976594444,74.08912023405556,1000
glz,-16.807389868115653,67.19261013188435,1000
and,-4.932261703324216,93.06773829667578,1000
iib,-93.01385331442576,16.986146685574237,1000
tjy,-9.182626387039539,22.817373612960463,1000
wif,-30.01646154503378,72.98353845496622,1000
hkx,-33.90922677625018,18.090773223749824,1000
bmg,-92.8714120522485,44.1285879477515,1000
feh,-51.901796528974316,6.098203471025685,1000
bim,-31.62845638016195,19.37154361983805,1000
agq,-32.12556235317353,73.87443764682646,1000
txo,-7.401248110690365,22.598751889309636,1000
upg,-38.96559123838293,71.03440876161707,1000
dfk,-14.767117902809495,53.232882097190505,1000
qmm,-47.53090197105564,26.46909802894436,1000
ksj,-28.02977725057612,8.970222749423877,1000
vgk,-94.95083911391602,70.04916088608398,1000
fva,-10.29247296963019,93.7075270303698,1000
lnn,-30.02700798032407,9.972992019675932,1000
koa,-56.568938410644655,76.43106158935535,1000
xtx,-59.67431665739332,19.325683342606684,1000
ubw,-40.70389379418536,90.29610620581464,1000
zlx,-97.29094516275406,63.70905483724595,1000
pid,-4.641495444389499,63.3585045556105,1000
tci,-30.315812069206924,32.68418793079307,1000
wiw,-64.11331439536062,1.8866856046393754,1000
bbk,-47.1862202984639,1.813779701536097,1000
lxx,-85.66549197698718,60.334508023012816,1000
zyh,-25.108689473144032,51.89131052685597,1000
wii,-29.23749896832696,83.76250103167304,1000
zbx,-76.95459640312959,86.04540359687041,1000
flx,-80.14655025302974,14.853449746970252,1000
lqs,-84.78561796665414,33.214382033345856,1000
ums,-12.765612060130676,68.23438793986932,1000
ihv,-77.08669530460863,80.91330469539137,1000
rtq,-58.117995398586636,96.88200460141337,1000
pdr,-2.017376718587219,30.98262328141278,1000
uid,-21.775877047728734,6.224122952271267,1000
nsg,-42.9684271950474,14.031572804952607,1000
pve,-19.974126551891725,3.0258734481082747,1000
obf,-37.39898490159854,23.60101509840146,1000
nkt,-27.448823707477423,92.55117629252257,1000
odt,-56.309646383230444,15.690353616769553,1000
wwh,-82.11389623834435,93.88610376165565,1000
pbr,-73.53294020149902,21.467059798500987,1000
pqj,-3.1247346199714388,19.875265380028562,1000
cuh,-95.44247237675464,67.55752762324536,1000
eea,-96.55202997667249,59.447970023327514,1000
ezu,-0.9996972628810199,64.00030273711899,1000
sak,-4.140149553782573,98.85985044621742,1000
lol,-32.81192813126745,35.18807186873255,1000
ywh,-52.45456858282109,27.54543141717891,1000
zyv,-47.54887670605896,39.45112329394104,1000
cub,-34.61455694359234,44.38544305640766,1000
gzp,-5.241755994543943,84.75824400545606,1000
cpd,-81.16884163233193,91.83115836766807,1000
pta,-56.226527797367346,14.773472202632652,1000
ege,-58.335218080547676,14.664781919452322,1000
vtn,-87.51580188526808,29.48419811473192,1000
had,-86.48379350170809,4.516206498291911,1000
azr,-64.8960481965993,81.1039518034007,1000
ryq,-85.03946945462049,73.96053054537951,1000
jzn,-30.895238533975327,70.10476146602467,1000
ibr,-36.98662709817106,35.01337290182894,1000
pgr,-16.56624128189821,81.43375871810179,1000
jih,-85.51777299916468,82.48222700083532,1000
kci,-67.81876207654966,29.181237923450343,1000
xqt,-30.79997659330566,72.20002340669434,1000
rdu,-44.10401753764197,40.89598246235803,1000
diw,-68.82318221153288,0.1768177884671227,1000
lmh,-6.461641379033697,7.538358620966303,1000
exd,-18.57672043512365,90.42327956487635,1000
phy,0.8295620402760387,3.8295620402760386,1000
thd,-57.29341207049293,61.70658792950707,1000
wuw,-70.9918692034489,45.00813079655111,1000
luz,-78.69853457062133,42.30146542937867,1000
ant,-20.56830650253259,93.4316934974674,1000
saq,-86.1571008108564,74.8428991891436,1000
ccz,-2.210813065202127,65.78918693479787,1000
enb,-54.530843546222165,32.469156453777835,1000
cvv,-25.240153313633826,40.759846686366174,1000
cpb,-11.575981689774002,64.424018310226,1000
uhe,-69.29121711196606,97.70878288803394,1000
iop,-86.78245553269818,22.21754446730182,1000
mlm,-57.59681788543195,65.40318211456804,1000
ewb,-79.16162069514111,36.83837930485889,1000
iya,-19.963166753545988,36.036833246454016,1000
qil,-15.846590814985245,44.15340918501476,1000
qmu,-2.7619848914046212,13.238015108595379,1000
pdw,-77.52110756284232,9.478892437157683,1000
sby,-93.72620644422562,14.273793555774379,1000
uat,-84.44479601695888,51.555203983041125,1000
hqb,-61.90517342201449,19.09482657798551,1000
dht,-86.98154953108445,72.01845046891555,1000
egn,-52.70647491528161,94.29352508471838,1000
cbj,-14.801326174633259,23.198673825366743,1000
ffm,-12.717425939315712,3.282574060684288,1000
idx,-75.54715766089022,80.45284233910978,1000
uyx,-58.616365876580396,39.383634123419604,1000
wms,-41.2402954535381,20.7597045464619,1000
ool,-95.10471265773177,71.89528734226823,1000
uht,-40.05423041004797,84.94576958995202,1000
brs,-62.27095029873478,4.72904970126522,1000
jyi,-42.01438186564193,43.98561813435807,1000
xhb,-5.39661366652142,85.60338633347858,1000
wil,-55.90359517390577,33.09640482609423,1000
jaf,-75.72968217346579,81.27031782653421,1000
ist,-67.60786593248743,8.392134067512577,1000
zfo,-25.653254950816507,89.3467450491835,1000
lbm,-89.63803235675307,2.3619676432469214,1000
pic,-35.92643878445398,84.07356121554602,1000
zrf,-76.49217253037558,71.50782746962442,1000
byq,-72.30128225044398,77.69871774955602,1000
kje,-25.239505964910908,56.76049403508909,1000
bdm,-80.91760575683135,59.08239424316864,1000
uto,-37.071121647695186,64.92887835230482,1000
hod,-46.05986544704226,44.94013455295774,1000
bpj,-96.14044797475592,45.859552025244085,1000
oom,-12.824090677404147,91.17590932259586,1000
hpm,-65.07633044900679,85.92366955099321,1000
mwc,-53.77030246850868,19.22969753149132,1000
zud,-70.77294772586438,6.227052274135613,1000
bgy,-65.29690415406101,33.70309584593899,1000
gxm,-31.99847939077629,32.00152060922371,1000
ztw,-45.437185054109456,96.56281494589055,1000
xfz,-22.0680471554157,43.931952844584295,1000
dgb,-55.498263279745046,64.50173672025495,1000
axb,-62.51547781503919,8.484522184960813,1000
yjw,-12.495682949849694,65.5043170501503,1000
dqs,-24.519039405976326,60.48096059402367,1000
ipe,-17.547762260184857,8.452237739815144,1000
vrj,-10.383627028645769,3.616372971354231,1000
xuo,-0.7425547901019948,32.257445209898,1000
nwn,-64.95739376739327,2.042606232606725,1000
bbi,-37.54866251233722,62.45133748766278,1000
iax,-53.526462403988305,52.473537596011695,1000
urp,-46.83468436212482,52.16531563787518,1000
tlo,-78.7129028278912,0.2870971721087955,1000
wkr,-59.43129211572816,69.56870788427183,1000
jck,-80.73462495966018,40.26537504033982,1000
wjr,-86.58791110572433,29.412088894275666,1000
vwe,-48.00635210877409,4.993647891225909,1000
peg,-70.26233463568012,61.73766536431989,1000
pud,-91.7985673241878,8.201432675812201,1000
twv,-17.0238520471346,50.976147952865404,1000
vbp,-70.95262363014598,89.04737636985402,1000
wji,-11.306540023619029,83.69345997638098,1000
rmn,-30.70803595211805,59.29196404788195,1000
dsf,-85.11643867914648,11.883561320853518,1000
oqf,-8.902776489772952,9.097223510227048,1000
uvv,-94.46105147252167,78.53894852747833,1000
uxw,-54.86638770261152,65.13361229738848,1000
fzy,-60.920019809862595,10.079980190137404,1000
bon,-71.0003554103952,62.9996445896048,1000
sde,-0.5360204692466515,46.46397953075335,1000
xdo,-90.05186999510235,23.948130004897646,1000
cgf,-61.4465842957279,69.5534157042721,1000
fln,-26.472431927517572,66.52756807248242,1000
hrs,-61.497825619595815,97.50217438040418,1000
efa,-13.16023857368291,41.83976142631709,1000
zgj,-49.466422830237796,41.533577169762204,1000
lvx,-65.37325762880015,89.62674237119985,1000
sqn,-42.96702603316481,37.03297396683519,1000
zyv,-83.76994016910501,61.23005983089498,1000
kbj,-25.286416908822886,27.713583091177114,1000
mup,-59.97832253672197,13.02167746327803,1000
xzr,-74.60510153419392,35.39489846580607,1000
uaw,-80.36977139530954,27.63022860469046,1000
wlk,-69.03225370330135,91.96774629669865,1000
drz,-63.90708305867807,97.09291694132193,1000
aet,-71.03572815558636,65.96427184441364,1000
whc,-10.792960668343584,40.20703933165642,1000
wvb,-92.37283316036493,78.62716683963507,1000
pcb,-37.18689555990577,16.813104440094232,1000
mje,-70.08440199437375,64.91559800562625,1000
wzf,-87.85722955336658,83.14277044663342,1000
rzy,-68.95060630770912,86.04939369229088,1000
rur,-61.33512498763184,42.66487501236816,1000
kcw,-93.58840119906328,14.411598800936714,1000
upt,-63.993384339272666,22.00661566072733,1000
xin,-47.823963589356204,46.176036410643796,1000
ana,-38.06914072397381,79.93085927602618,1000
ume,-60.871902984203075,98.12809701579693,1000
mxr,-15.971980512552818,71.02801948744718,1000
cfg,-23.457990967642637,15.542009032357363,1000
nhy,-61.48642210505052,49.51357789494948,1000
lxi,-11.347059410186013,23.652940589813987,1000
mgl,-96.64643375355142,42.35356624644857,1000
ngd,-43.28308621259345,20.716913787406543,1000
zja,-1.9352269859678832,67.06477301403211,1000
fze,-13.990667277131395,81.0093327228686,1000
vpi,-73.61103256470177,10.388967435298225,1000
nvp,-37.33304542597215,0.6669545740278509,1000
kjm,-11.08511243945044,37.91488756054956,1000
edr,-82.34033944507252,48.65966055492749,1000
tdp,-57.36643991273206,63.63356008726794,1000
zos,-43.37196194288617,23.628038057113827,1000
cpt,-93.08398219215628,88.91601780784372,1000
rla,-67.21228998359372,53.78771001640628,1000
njj,-6.385891008793607,22.614108991206393,1000
eau,-31.840170797246703,35.15982920275329,1000
onc,-80.2583029593528,8.741697040647193,1000
syy,-8.12235183195629,85.8776481680437,1000
nph,-96.73003976184168,49.26996023815831,1000
hvx,-23.65404308362465,70.34595691637536,1000
ypy,-55.88813185624303,19.111868143756972,1000
gos,-39.607639226117456,86.39236077388254,1000
zjv,-26.699075303687955,39.300924696312045,1000
ytd,-45.54039519385812,33.45960480614188,1000
sai,-81.42060518142203,89.57939481857797,1000
vcc,-71.17129438927928,26.82870561072072,1000
mhf,-41.02115022094872,89.97884977905129,1000
znm,-44.462040110922885,56.537959889077115,1000
mui,-45.63435949195302,86.36564050804698,1000
oua,-57.14351268222358,25.85648731777642,1000
hvm,-65.44361040953764,17.556389590462356,1000
mhk,-6.152615063563297,96.8473849364367,1000
xct,-63.46941045339683,20.53058954660317,1000
ldg,-59.15301664870799,19.846983351292014,1000
sqm,-58.89398986883879,80.10601013116121,1000
lpc,-80.81843969749195,89.18156030250805,1000
epj,-77.48195114364596,39.51804885635405,1000
iid,-43.812014837498,84.187985162502,1000
thx,-45.457995106191824,79.54200489380817,1000
crf,-20.88244773037397,41.11755226962603,1000
zbm,-67.51081606093919,93.48918393906081,1000
dim,-50.71909658558969,55.28090341441031,1000
svr,-17.50132530751736,62.498674692482645,1000
oaa,-27.34764038653047,81.65235961346953,1000
zvc,-12.407811873465375,40.59218812653462,1000
wkj,-57.528279857448915,54.471720142551085,1000
syc,0.26962560579115835,87.26962560579116,1000
tqr,-57.18941345197704,59.81058654802296,1000
gkm,-27.718745627608392,41.28125437239161,1000
grb,-59.88066664053111,17.11933335946889,1000
