ult,-96.98485166793968,33.01514833206033,1000
epk,-97.6246384353454,95.3753615646546,1000
lvi,-95.54941762043717,91.45058237956283,1000
zgb,-43.5766502438253,93.4233497561747,1000
ffm,-45.29432629638172,34.70567370361828,1000
gog,-65.49836705637645,79.50163294362355,1000
skl,-10.567846763067742,82.43215323693227,1000
irb,-96.52735462549084,46.47264537450915,1000
huf,-52.39486580132442,1.605134198675582,1000
qvr,-62.25824289613661,71.74175710386339,1000
cnv,-22.648412671018804,57.351587328981196,1000
xzu,-64.9444316949307,74.0555683050693,1000
oof,-21.329266271155035,35.670733728844965,1000
xpu,-94.80873824353392,66.19126175646608,1000
naz,-7.642253985174001,70.35774601482599,1000
tua,-54.593400078583414,65.40659992141659,1000
wur,-22.079500530808577,29.920499469191423,1000
ofp,-19.278965088478486,91.72103491152151,1000
gzq,-91.7033442529336,40.296655747066396,1000
jzl,-62.110317708362416,61.889682291637584,1000
dmf,-94.72662621403373,62.273373785966264,1000
pko,-56.99506569721474,32.00493430278526,1000
izy,-83.90818767562648,41.091812324373514,1000
vtz,-84.57868987756783,88.42131012243217,1000
sut,0.08044088547597783,32.08044088547598,1000
ufz,-27.084622606455653,52.91537739354435,1000
shn,-76.69204048332215,10.307959516677856,1000
cxy,-85.08568970292079,73.91431029707921,1000
spy,-16.243359670069005,1.7566403299309963,1000
rks,-50.07157439731324,45.92842560268676,1000
lln,-81.36600634006633,41.63399365993367,1000
trq,-60.24293343076051,37.75706656923949,1000
cbe,-42.758839451626315,65.24116054837368,1000
xeb,-8.654548876635374,8.345451123364626,1000
cok,-61.39502946109012,57.60497053890988,1000
hvw,-40.75433355687478,54.24566644312522,1000
hhq,-79.56210824164445,16.437891758355548,1000
mlp,-15.374651158211952,89.62534884178805,1000
uqv,-97.30627765436338,12.693722345636608,1000
yqt,-37.27690203087427,55.72309796912573,1000
uli,-15.264158614104169,62.73584138589583,1000
zkp,-95.62764479496134,14.372355205038653,1000
hiy,-84.40318401232655,37.59681598767345,1000
ugj,-21.659247206396497,19.340752793603503,1000
lyw,-63.02662776871453,70.97337223128547,1000
kwt,0.7014181136524407,5.701418113652441,1000
pns,-83.56007317681556,81.43992682318444,1000
skf,-54.26666310252276,8.733336897477239,1000
bpa,-87.20777802281489,38.792221977185115,1000
qyw,-79.15231230990584,46.84768769009416,1000
rlb,-91.82913686711635,59.17086313288365,1000
yyr,-51.52075695921355,15.479243040786447,1000
xye,-90.16738622048095,29.832613779519047,1000
kie,-1.7355745280489931,52.26442547195101,1000
kip,-70.799429008054,86.200570991946,1000
jep,-39.71107692005484,60.28892307994516,1000
tig,-73.39449846605524,27.60550153394476,1000
mfz,-35.05102565793361,57.94897434206639,1000
zua,-39.36815398027245,65.63184601972755,1000
krk,-62.190860709084646,3.8091392909153554,1000
xpi,-70.72744176695771,24.27255823304229,1000
cix,-83.08591607422639,82.91408392577361,1000
jom,-54.88878314154065,74.11121685845934,1000
fuu,-48.950301416597775,37.049698583402225,1000
ajl,-96.36181558968313,29.63818441031686,1000
ibd,-62.46993875881593,10.530061241184072,1000
glg,-76.63863495536523,96.36136504463477,1000
pat,-92.10351366953574,70.89648633046426,1000
axs,-34.07437568906527,70.92562431093472,1000
skw,-24.19548555449227,19.80451444550773,1000
eub,-7.271609233978042,54.72839076602196,1000
omd,-95.71424690920892,23.28575309079107,1000
xnx,-26.34313126739613,33.65686873260387,1000
frn,-75.45694378696744,82.54305621303256,1000
wcx,-90.51752357374568,55.482476426254316,1000
eed,-72.57989846195656,47.42010153804343,1000
wvv,-16.191216677703093,1.808783322296906,1000
jfp,-75.23540745730814,89.76459254269186,1000
avx,-71.94528035083373,51.054719649166266,1000
jku,-35.09819398822521,36.90180601177479,1000
inl,-81.3343429879579,83.6656570120421,1000
ohp,-15.13137869292783,45.86862130707217,1000
slb,-56.73996959537444,59.26003040462556,1000
keq,-7.009842941585368,10.990157058414631,1000
mef,-39.36535087087374,30.634649129126263,1000
slm,-45.623107617528454,32.376892382471546,1000
iwv,-68.32268786905327,53.677312130946724,1000
zpy,-32.73198342600439,20.26801657399561,1000
lin,-65.68291643088058,98.31708356911942,1000
laf,-26.070061218778356,41.929938781221644,1000
rce,-16.045528191407875,56.954471808592125,1000
ync,-53.021669485673456,81.97833051432654,1000
dfs,-87.80405787352791,66.19594212647209,1000
sop,-73.60343763338429,89.39656236661571,1000
rhc,-65.57640622336342,53.42359377663659,1000
ute,-91.96637831015711,69.03362168984289,1000
ikb,-9.059903810205384,95.94009618979462,1000
bkc,-80.08455381183092,61.91544618816908,1000
rdq,-3.8090612715488024,9.190938728451197,1000
bin,-45.741119027890825,6.258880972109172,1000
zis,-53.201386846163196,11.798613153836806,1000
qht,-64.34081342461305,93.65918657538695,1000
cqe,-16.56211724280017,34.43788275719983,1000
dxa,-89.67278567333783,3.3272143266621765,1000
ong,-32.32773669099798,9.672263309002016,1000
mhi,-54.31497467436072,11.685025325639279,1000
teo,-61.41890458978435,29.58109541021565,1000
pfh,-66.44857675839236,83.55142324160764,1000
ppo,-48.488691378205345,1.5113086217946559,1000
ntt,-20.151794941286017,65.84820505871399,1000
mse,-67.66690045831416,77.33309954168584,1000
dxh,-75.72088461410898,2.2791153858910227,1000
tkm,-43.96074249179667,79.03925750820332,1000
djb,-11.248353315237916,25.751646684762083,1000
asv,-94.88057376142514,28.11942623857486,1000
rpw,-4.510350214856206,62.4896497851438,1000
dag,-26.57194041885762,3.4280595811423806,1000
rcv,-66.85165689073249,3.14834310926751,1000
xzf,-39.017213907702555,60.982786092297445,1000
fwy,-27.31413927000386,42.68586072999614,1000
vmi,-15.735843459891932,9.264156540108068,1000
afx,-32.74755411509873,66.25244588490126,1000
mjq,-71.84761403838107,88.15238596161893,1000
kdq,-66.31511146366996,70.68488853633004,1000
eqf,-16.196507169569283,11.803492830430718,1000
dcz,-32.8797923453962,92.1202076546038,1000
pju,-94.75726124533037,87.24273875466963,1000
ukl,-60.998806745841165,25.001193254158835,1000
gzy,-14.20843783713748,84.79156216286252,1000
ljl,-45.626558205500565,42.373441794499435,1000
owe,-30.50923392874721,15.49076607125279,1000
goe,-78.94523375440258,60.05476624559743,1000
fvm,-95.08085212081922,78.91914787918078,1000
oqm,-64.12638748062035,95.87361251937965,1000
wuw,-9.040031533588849,48.959968466411155,1000
bjo,-24.43942941980689,56.560570580193115,1000
rko,-94.12144856498888,21.87855143501112,1000
gqx,-61.40658625068837,81.59341374931162,1000
szf,-22.961130321836002,28.038869678163998,1000
kfk,-29.100386577469997,46.89961342253,1000
aiv,-11.360064299599198,37.6399357004008,1000
eln,-69.02388754445998,23.976112455540022,1000
mpq,-54.694691644226204,57.305308355773796,1000
wnf,-75.97213901531855,52.02786098468145,1000
hbr,-76.08884504877321,68.91115495122679,1000
cwr,-60.63097649960084,37.36902350039916,1000
rhb,-85.4823517055533,88.5176482944467,1000
zim,-88.16173774177624,85.83826225822376,1000
shy,-50.70542757963621,42.29457242036379,1000
som,-73.94582558094363,76.05417441905637,1000
rpb,-93.54509660821988,72.45490339178012,1000
dck,-33.65733223550314,70.34266776449687,1000
yti,-17.333811947289327,58.66618805271067,1000
huo,-67.55998986588388,71.44001013411612,1000
plx,-52.64456541972878,61.35543458027122,1000
rcx,-76.20331234026388,90.79668765973612,1000
chk,-79.00452848435779,60.995471515642215,1000
kbh,-68.48252009742532,28.51747990257468,1000
edy,-12.163520319127842,95.83647968087216,1000
pma,-86.19784298348503,10.80215701651497,1000
uhj,-57.18019916987269,93.81980083012732,1000
vcx,-2.9945882815896097,31.00541171841039,1000
ktq,-52.22569300905298,29.774306990947018,1000
ylz,-53.00871770556785,33.99128229443215,1000
pcz,-17.480343714630738,96.51965628536927,1000
bww,-80.60654387132722,53.39345612867278,1000
ofc,-34.812434091222826,49.187565908777174,1000
gsd,-95.61071581568805,31.389284184311947,1000
ome,-88.6734611475193,82.3265388524807,1000
bec,-68.13113567103669,86.86886432896331,1000
jjn,-21.8749427380873,6.125057261912702,1000
aey,-64.85144464290008,98.14855535709992,1000
mfn,-44.361015487859476,31.63898451214052,1000
tvs,-81.74074632424467,63.25925367575533,1000
zsr,0.006214711323961342,11.006214711323961,1000
boq,-24.114656208577532,82.88534379142247,1000
ygw,-48.88381734290255,62.11618265709745,1000
slu,-68.01629626291405,14.983703737085953,1000
gwl,-94.07208658527848,36.92791341472152,1000
xqt,-81.30632327509336,50.69367672490664,1000
etu,-49.77929297080375,90.22070702919625,1000
cdb,-95.19416262087867,9.805837379121328,1000
oet,-48.98349096583414,12.01650903416586,1000
khk,-24.6383888546975,29.3616111453025,1000
gsq,-6.327055014416253,93.67294498558374,1000
ssc,-49.250847649203415,9.749152350796589,1000
zuy,-89.17288382729183,29.827116172708173,1000
qdn,-1.5825325953017675,29.417467404698233,1000
mvx,-50.4744046126436,31.525595387356397,1000
ysz,-34.756755956870535,16.243244043129465,1000
tuv,-58.244593276479996,46.755406723520004,1000
qvz,-51.22827379898449,14.771726201015507,1000
pvg,-45.572324279107214,33.427675720892786,1000
kso,-78.9115208677081,29.088479132291898,1000
tln,-97.30679136767603,40.69320863232398,1000
lsc,-90.23807713004855,77.76192286995145,1000
kfq,-90.68517694773077,1.3148230522692332,1000
iny,0.21847496177416392,37.21847496177416,1000
yhu,-83.66288186417339,11.337118135826607,1000
pht,-72.8024628618714,18.19753713812859,1000
yqc,-89.82838292914317,91.17161707085683,1000
hmx,-60.20061355043206,87.79938644956795,1000
wzl,-94.29089614111474,86.70910385888526,1000
pyl,-49.316096733164734,47.683903266835266,1000
lih,-85.70510984970069,66.29489015029931,1000
tii,-46.69327867673451,45.30672132326549,1000
xai,-5.082167518174328,43.91783248182567,1000
akd,-89.87143170050794,37.12856829949206,1000
xys,-4.607867432394896,19.392132567605106,1000
ija,-37.13050518267705,3.869494817322952,1000
jyb,-49.15841507666028,83.84158492333972,1000
pil,-91.52157404239166,57.478425957608344,1000
qln,-97.43602937209104,83.56397062790896,1000
yau,-96.769878209075,65.230121790925,1000
ddm,-37.19157143604427,77.80842856395573,1000
apq,-23.320239828168585,72.67976017183142,1000
lua,-70.6912435611543,49.3087564388457,1000
zwt,-4.105668521163773,39.89433147883623,1000
weo,-97.61293520709636,22.387064792903647,1000
tgc,-58.13673712582099,73.863262874179,1000
qep,-23.569691844197077,63.430308155802926,1000
xkb,-65.2360770604012,4.763922939598805,1000
ylr,-52.735925568259226,81.26407443174078,1000
nco,-66.3622152681186,88.6377847318814,1000
cvt,-95.90942846437257,66.09057153562743,1000
vhx,-27.643547468803305,82.3564525311967,1000
pwn,-52.17493657690928,3.8250634230907203,1000
vwg,-37.13052893131672,3.8694710686832847,1000
wqi,-93.96921251101334,43.030787488986654,1000
qrc,-41.77128804053815,91.22871195946185,1000
pws,-87.64369765106956,30.356302348930438,1000
ldk,-62.992444125917814,58.007555874082186,1000
kje,-11.210007929295244,1.7899920707047556,1000
anh,-94.38925258355619,14.610747416443816,1000
xvb,-4.859294234649542,22.140705765350457,1000
jjf,-39.9072017419774,47.0927982580226,1000
mrw,-60.3523593401025,98.64764065989749,1000
qev,-23.965016871331116,53.034983128668884,1000
dho,-13.1860597790945,34.8139402209055,1000
xrk,-9.551506851620486,64.44849314837951,1000
wtt,-18.71434863641679,40.28565136358321,1000
rbm,-53.81395190726462,1.1860480927353823,1000
ohf,-65.12442379092283,98.87557620907717,1000
aqf,-36.35382404360141,4.6461759563985865,1000
okh,-20.47241680501119,51.52758319498881,1000
ipc,-52.770183625513944,71.22981637448606,1000
xda,-33.640929447401724,56.359070552598276,1000
dhb,-70.46486407293473,47.53513592706527,1000
xzz,-57.881495727623005,10.118504272376995,1000
eze,-70.73248751442765,80.26751248557235,1000
gae,-46.61781793651996,61.38218206348004,1000
cje,-24.683648501546504,86.3163514984535,1000
jtx,-77.62301141703836,96.37698858296164,1000
iss,-38.98174785388973,39.01825214611027,1000
xcn,-83.37793718257045,75.62206281742955,1000
tuv,-41.35470219337611,3.645297806623885,1000
jet,-36.23996140330044,38.76003859669956,1000
mhz,-67.10729566089377,75.89270433910623,1000
txt,-32.83162994993807,48.16837005006193,1000
yfa,-59.3635381519268,24.636461848073207,1000
yss,-7.221870844701344,67.77812915529866,1000
uag,-13.367677536513721,92.63232246348628,1000
mnw,-47.351562989086915,69.64843701091309,1000
lua,-43.691527259378795,36.308472740621205,1000
xqc,-16.062197557276573,73.93780244272342,1000
maq,-37.339072429797284,63.660927570202716,1000
zgj,-92.59642012108606,24.40357987891394,1000
fcn,-14.98678070581491,3.0132192941850904,1000
klk,-44.32351828791405,27.676481712085955,1000
rhr,-72.53369462967602,34.46630537032397,1000
tna,-33.02046917626649,31.979530823733516,1000
zxe,-73.17280616555271,10.827193834447284,1000
yia,-14.196488858256194,45.803511141743805,1000
qkb,-35.37968103966271,96.6203189603373,1000
own,-21.133964481955164,77.86603551804484,1000
cqx,-51.4301992226638,58.5698007773362,1000
wsb,-56.41135874027443,33.58864125972557,1000
snj,-28.252129469204533,52.74787053079547,1000
waq,-22.173971096799903,21.826028903200097,1000
jab,-21.336852381929614,95.66314761807038,1000
tyz,-73.81129110101817,88.18870889898183,1000
xfr,-45.88198778706368,60.11801221293632,1000
fsi,-96.13317900281805,10.866820997181946,1000
ish,-34.46892499265111,30.53107500734889,1000
npo,-16.042771427870726,4.957228572129274,1000
qoq,-40.04552643111184,46.95447356888816,1000
sfo,-37.32751598138141,71.67248401861859,1000
jpz,-19.024870242960787,24.975129757039213,1000
fwm,-47.161093825185084,69.83890617481491,1000
mmh,-31.342466217375705,56.65753378262429,1000
eks,-34.79024324320128,7.2097567567987175,1000
mht,-28.203076233211913,5.796923766788087,1000
vvq,-59.96842154038283,98.03157845961718,1000
quy,-81.09924745327702,21.900752546722988,1000
qgd,-25.87239020509059,69.1276097949094,1000
bxa,-16.947149038707177,21.052850961292823,1000
wdy,-25.45502125875294,38.544978741247064,1000
lkf,-30.958288106147027,74.04171189385298,1000
prd,-38.88542306864573,18.114576931354268,1000
eaj,-92.89925587012775,57.100744129872254,1000
ltd,-95.39546881755113,83.60453118244887,1000
vgf,-73.49882097309252,54.50117902690748,1000
gbp,-94.01409438538245,87.98590561461755,1000
tfz,-0.755996328991219,23.24400367100878,1000
oik,-32.640518102066345,63.359481897933655,1000
qih,-89.31647157161399,37.68352842838602,1000
lob,-16.11425850198639,67.8857414980136,1000
wkc,-17.7861330666379,59.213866933362105,1000
lcw,-65.84475882669601,84.15524117330399,1000
hzw,-57.79620883473473,47.20379116526527,1000
dsj,-47.80120699447841,24.198793005521587,1000
zhq,-90.07515864503458,91.92484135496542,1000
ast,-6.439761699183292,6.560238300816708,1000
qbv,-76.80619907837567,39.19380092162432,1000
uwj,-42.54999350164896,59.45000649835104,1000
flv,-4.6905404676836575,82.30945953231634,1000
zji,-5.2219145077306965,34.778085492269305,1000
dke,-20.932154934237005,69.067845065763,1000
iyg,-85.55683910136264,32.443160898637366,1000
izi,-52.3429601764626,57.6570398235374,1000
ejg,-12.101811710448859,66.89818828955114,1000
sqz,-92.6023746706989,46.3976253293011,1000
wpg,-97.85028627031767,20.149713729682333,1000
pnu,-57.146506815895506,13.85349318410449,1000
wip,-63.169735748420095,17.8302642515799,1000
rgn,-70.38620597841746,38.613794021582535,1000
qqo,-96.01139736046574,33.98860263953426,1000
ctr,-6.239046548118339,94.76095345188166,1000
xyd,-48.77687619651141,65.22312380348859,1000
syw,-4.647246081388424,10.352753918611576,1000
gwg,-51.709246051248115,67.29075394875188,1000
spv,-43.338803059162785,65.66119694083721,1000
vvv,-37.40764721841588,39.59235278158412,1000
tdl,-23.402241620979677,82.59775837902032,1000
oha,-63.47320305948667,0.5267969405133253,1000
bte,-7.151519659483805,48.8484803405162,1000
vgl,-67.18833948553322,62.81166051446678,1000
gzy,-29.665119194003154,53.334880805996846,1000
umb,-32.41507000478776,35.58492999521224,1000
vcz,-14.50457126726273,72.49542873273727,1000
eju,-21.424099270563335,97.57590072943667,1000
evh,-17.99742818842877,66.00257181157123,1000
dyj,-64.13229291725433,9.867707082745664,1000
dbk,-17.75230204440366,14.247697955596339,1000
jpj,-79.47952095385281,77.52047904614719,1000
ozr,-88.8073880662759,81.1926119337241,1000
uir,-17.79383621385399,85.206163786146,1000
qjk,-94.79733729120673,9.202662708793266,1000
ade,-6.669640206598566,20.330359793401435,1000
noo,-11.997712582909609,54.00228741709039,1000
mqo,-69.74805448080991,59.25194551919009,1000
rar,-76.60228871368334,14.397711286316659,1000
kvr,-0.03474938630527635,83.96525061369472,1000
dro,-96.45728119764718,46.54271880235282,1000
ggs,-71.83400056958186,48.16599943041813,1000
rhz,-95.35402114361281,44.64597885638718,1000
qag,-70.28808093831513,32.71191906168486,1000
oei,-41.17115419638279,43.82884580361721,1000
quk,-69.28650208278528,83.71349791721472,1000
gln,-36.82967622004155,13.17032377995845,1000
cvg,-19.94243201687971,70.0575679831203,1000
hck,-83.01659746710189,76.98340253289811,1000
bna,-76.21620094110335,11.783799058896642,1000
tsu,-82.6692264913794,5.330773508620599,1000
okc,-41.39785531071441,30.602144689285584,1000
rlv,-92.3058742798444,8.694125720155592,1000
cds,-64.24794576971979,8.752054230280203,1000
aea,-41.88377949513776,96.11622050486224,1000
uvk,-47.01473834601809,40.98526165398191,1000
dhc,-21.491952186606486,34.50804781339352,1000
byu,-85.03835397151624,68.96164602848376,1000
vbp,-75.50537695218769,2.494623047812312,1000
xhe,-59.51928287834283,28.48071712165717,1000
tsx,-27.440360981443494,28.559639018556506,1000
uvw,-2.5097772238967617,20.490222776103238,1000
lem,-76.9927484452535,98.0072515547465,1000
zoy,-33.247790030900354,3.752209969099648,1000
zma,-72.22260358026699,71.77739641973301,1000
bki,-68.16722638096545,67.83277361903455,1000
dov,-17.725876441982756,13.274123558017243,1000
oic,-3.505507483972849,1.494492516027151,1000
kun,-68.38698241131787,62.613017588682126,1000
fad,-81.10102465594655,45.898975344053454,1000
xth,-48.50126289664475,24.498737103355253,1000
gwu,-7.123075676500329,77.87692432349967,1000
rom,-85.90887651703945,5.091123482960559,1000
lno,-38.28315309710888,76.71684690289112,1000
ama,-40.39022076156913,16.609779238430868,1000
mcg,-20.690013753901255,95.30998624609875,1000
vix,-46.96697301347656,24.03302698652344,1000
ieb,-93.80998076951329,66.19001923048671,1000
stz,-29.17312641515444,74.82687358484556,1000
ttt,-52.46041878928871,70.53958121071129,1000
oej,-54.000433984326214,26.999566015673782,1000
zcj,-88.48045831484373,27.519541685156266,1000
pil,-0.5475635096191881,64.4524364903808,1000
mmk,-90.79085514915474,88.20914485084526,1000
fiy,-73.91865173649833,14.081348263501665,1000
qvv,-78.84379569343885,16.15620430656115,1000
nkk,-58.72116279766786,4.278837202332138,1000
cxj,-53.406054995712836,18.593945004287168,1000
hab,-79.49046623432488,18.509533765675112,1000
svk,-59.78648920408708,85.21351079591291,1000
vpt,-17.492256290056186,11.507743709943815,1000
zah,-67.90631090979387,80.09368909020613,1000
ycc,-47.366083641030244,61.633916358969756,1000
qmp,-58.520076394277304,49.479923605722696,1000
har,-56.48554965661476,60.51445034338524,1000
lay,-59.688253384239175,90.31174661576082,1000
xie,-53.689683983324585,27.310316016675415,1000
wlc,-25.899244430287254,62.100755569712746,1000
rbr,-48.837429029068105,78.1625709709319,1000
rly,-30.62150427900852,64.37849572099148,1000
rgc,-48.83190510398875,18.16809489601125,1000
gnz,-22.746600182836364,2.2533998171636354,1000
cbr,-6.395696333591696,93.6043036664083,1000
hfd,-76.28571380741329,74.71428619258671,1000
raw,-52.772791235944766,15.227208764055232,1000
zfj,-93.0559859759291,25.944014024070896,1000
sdo,-84.00964895139161,7.990351048608396,1000
yvc,-57.733523327775366,71.26647667222463,1000
sly,-55.00646300491498,5.993536995085024,1000
ckf,-82.24519608497285,97.75480391502715,1000
est,-11.028023685236857,23.971976314763143,1000
rgx,-75.07120396016249,62.928796039837515,1000
zgy,-58.180662555944764,65.81933744405524,1000
ram,-2.887495296150168,63.11250470384983,1000
iwq,-39.01192670363487,33.98807329636513,1000
egl,-9.46962914977411,78.53037085022589,1000
ttg,-89.88393606962724,79.11606393037276,1000
hmb,-49.56707483400746,69.43292516599254,1000
ira,-95.56884840140891,95.43115159859109,1000
hbm,-47.17074796161584,85.82925203838417,1000
ios,-29.02470917141802,57.97529082858198,1000
gye,-7.410482643516383,72.58951735648361,1000
bnq,0.6042980282900573,33.60429802829006,1000
kys,-84.18809492744708,65.81190507255292,1000
kct,-55.929698388178956,66.07030161182105,1000
liw,-12.25697153649096,44.74302846350904,1000
qma,-62.86452032127223,58.13547967872777,1000
erh,-92.97609958174222,49.02390041825778,1000
rbl,-74.68844852167372,8.311551478326276,1000
dgg,-36.840552117255726,82.15944788274427,1000
boc,-8.96715362263568,60.03284637736432,1000
ebc,-97.61149956488399,46.38850043511601,1000
odr,-45.01753255098388,53.98246744901612,1000
yhu,-96.22901986175407,28.770980138245932,1000
txb,-76.14341380848037,6.856586191519626,1000
lwn,-68.22860448973609,23.771395510263915,1000
tct,-23.510416662888982,1.4895833371110194,1000
ydz,-21.21205231193126,67.78794768806874,1000
mpt,-17.5248339433491,5.475166056650898,1000
lvv,-87.83640291911784,38.163597080882155,1000
kfh,-2.6799386157299514,13.32006138427005,1000
cxz,-59.29551461957121,40.70448538042879,1000
cpc,-1.4043782496081683,88.59562175039183,1000
zsj,-53.771245151449634,37.228754848550366,1000
nhb,-65.630533345031,52.36946665496901,1000
vbz,-43.64358558311378,15.35641441688622,1000
kpt,-4.597001624550815,73.40299837544919,1000
cul,-76.48401474681846,95.51598525318154,1000
gzx,-32.41747473980807,48.58252526019193,1000
tmv,-54.099155338527844,33.900844661472156,1000
jbr,-50.839821890211425,68.16017810978857,1000
dzu,-54.844488546119635,71.15551145388037,1000
shc,-60.546417877404615,29.45358212259539,1000
rvu,-2.7608369633008034,92.2391630366992,1000
hgm,-42.80528392233232,55.19471607766768,1000
wtt,-56.52026876807776,97.47973123192224,1000
xwd,-63.66698626405611,22.333013735943887,1000
sob,-1.1754573396690173,73.82454266033098,1000
dvo,-93.47313191872054,32.52686808127946,1000
zrb,-50.403146298200895,25.596853701799105,1000
xsm,-80.17206301325432,40.82793698674569,1000
xxy,-65.78230578778813,88.21769421221187,1000
hin,-38.07492599476795,97.92507400523205,1000
hdz,-94.50858880142445,96.49141119857555,1000
efm,-0.47101362740581865,16.528986372594183,1000
ypa,-26.105535922856372,65.89446407714362,1000
uru,-75.84816447088613,5.151835529113869,1000
jeo,-10.84237235964292,50.15762764035708,1000
ovr,-8.6302170737315,40.3697829262685,1000
kbc,-72.0412749331213,77.9587250668787,1000
age,-94.4493357664348,73.5506642335652,1000
lac,-44.01197427648177,34.98802572351823,1000
gzd,-68.76078149153672,36.23921850846328,1000
btp,-60.68895859196534,12.311041408034662,1000
qmj,-83.57688265123679,44.42311734876321,1000
roq,-19.36172076031744,86.63827923968256,1000
zmu,-86.23592765300555,49.76407234699445,1000
uxm,-24.988025891276372,4.011974108723626,1000
oac,-43.47038903006238,94.52961096993762,1000
vev,-87.75716485606233,50.24283514393766,1000
pen,-53.27765887791187,0.7223411220881316,1000
jtx,-58.97193686159808,85.02806313840192,1000
jfu,-64.82545090645921,53.1745490935408,1000
isd,-66.89001631353399,26.109983686466013,1000
owr,-85.90324315512261,68.09675684487739,1000
yna,-76.05045928880837,49.94954071119163,1000
vap,-10.348462675231362,49.65153732476864,1000
fix,-26.718612960118655,20.281387039881345,1000
soy,-43.445396141505725,84.55460385849427,1000
rpu,-91.09801173853143,2.9019882614685715,1000
oxy,-83.34841802401672,49.65158197598327,1000
ywt,-9.238731681274167,80.76126831872584,1000
vwr,-34.14899933128326,11.851000668716742,1000
zju,-68.43219194029119,21.56780805970881,1000
hyj,-0.6590420060302341,95.34095799396977,1000
hfe,-88.73862901858202,95.26137098141798,1000
yyb,-43.11137244756424,12.888627552435757,1000
tqq,-5.030225670093847,15.969774329906153,1000
myp,-22.734358882544417,8.265641117455585,1000
zwe,-29.174799091620834,13.825200908379168,1000
edt,-69.93608904115398,75.06391095884602,1000
pfp,-84.37458858766612,9.62541141233387,1000
cdc,-92.3427705631776,36.657229436822405,1000
skj,-68.6578658420367,45.3421341579633,1000
nhi,-91.89190673719104,74.10809326280896,1000
vjk,-1.6351721330112523,56.36482786698875,1000
szd,-52.468857168606554,16.531142831393446,1000
pwe,-26.019695749799062,18.980304250200938,1000
tew,-79.75239270608843,61.24760729391157,1000
cfa,-95.50459604461378,79.49540395538622,1000
huw,-19.33767645842435,28.66232354157565,1000
lff,-41.91384887327586,86.08615112672415,1000
lcj,-0.1820552833045841,46.817944716695415,1000
lyl,-9.1916471524058,74.80835284759421,1000
tef,-34.35148579942859,37.64851420057141,1000
agc,-85.76243352135565,19.237566478644347,1000
wkn,-26.067401768738158,53.93259823126184,1000
iwp,-2.896552845078393,19.103447154921607,1000
zhf,-83.34076464340849,16.65923535659151,1000
tud,-2.4956929485536787,55.50430705144632,1000
xbq,-44.27904185170439,96.72095814829561,1000
ixz,-1.9920027364024198,88.00799726359757,1000
vhm,-87.43052116333791,39.56947883666209,1000
kfj,-0.5717789729411502,8.42822102705885,1000
bjm,-36.78564669880362,64.21435330119638,1000
ylq,-22.449404574857194,26.550595425142806,1000
xnq,-38.087182997555715,84.91281700244429,1000
dhu,-63.24995385090312,56.75004614909688,1000
ztf,-13.636031732038932,97.36396826796107,1000
mbr,-6.332219763260836,67.66778023673916,1000
rxn,-95.27629963545138,58.72370036454862,1000
spv,-68.72026212559203,57.27973787440797,1000
jbq,-21.61567708019389,59.38432291980611,1000
sgg,-96.57066723760154,55.42933276239845,1000
dwz,-45.56822332959425,22.43177667040575,1000
unb,-63.137003481291934,61.862996518708066,1000
udj,-26.507004282955187,66.4929957170448,1000
rtk,-89.49642372196224,77.50357627803776,1000
mts,-85.42423301330415,92.57576698669585,1000
tou,-6.307417396108191,2.6925826038918093,1000
ytw,-83.86959716119318,30.13040283880682,1000
nhh,-9.070807264651993,61.92919273534801,1000
uss,-17.27355579138341,78.72644420861658,1000
ysl,-0.16545091810431944,42.83454908189568,1000
ftb,-81.31383314633726,68.68616685366274,1000
vhz,-85.95901339206586,29.040986607934144,1000
ihw,-17.71099430370711,14.28900569629289,1000
ruq,-91.17660375809136,5.823396241908646,1000
bqa,-2.3494872377125264,41.65051276228748,1000
xaj,-55.0099714776739,22.9900285223261,1000
mfp,-27.827102694397183,69.17289730560282,1000
aqm,-35.601753888479806,53.398246111520194,1000
pqo,-14.12926410843177,35.87073589156823,1000
fvl,-22.996917488592928,1.0030825114070723,1000
any,-71.91036957246278,5.089630427537212,1000
cei,-65.66770309625606,34.33229690374394,1000
iao,-43.56581951591988,94.43418048408013,1000
dnt,-10.274716599669267,28.725283400330735,1000
mdp,-63.84269855122177,28.157301448778227,1000
nej,-74.06928047655703,23.93071952344297,1000
uar,-72.97984310498364,66.02015689501636,1000
hdb,-61.09668414600783,23.903315853992165,1000
jpt,-72.38391820568616,55.61608179431384,1000
hob,-0.3596140741309217,21.64038592586908,1000
mwv,-32.19197507698857,91.80802492301143,1000
nnp,-8.901574621724034,85.09842537827596,1000
wvf,-14.35829030584548,29.64170969415452,1000
onz,-94.16033523435259,25.839664765647417,1000
jhy,-31.304659375173696,3.6953406248263025,1000
yqh,-28.183387549573407,8.816612450426593,1000
esi,-34.145659051931815,23.854340948068188,1000
azt,-25.858519051849964,1.141480948150035,1000
kkh,-50.92848351378422,22.071516486215774,1000
rqq,-81.79032308343838,62.20967691656161,1000
omq,-33.30867198420861,79.6913280157914,1000
iqj,-93.43143712957293,15.56856287042708,1000
hpm,-36.98154865965051,34.01845134034949,1000
bjb,-49.842144600512,45.157855399488,1000
tgz,-11.577136709475717,78.42286329052429,1000
jot,-43.42955270026233,88.57044729973767,1000
hsw,-18.835502575395914,98.16449742460408,1000
fjw,-73.11191046440425,49.88808953559575,1000
oib,-71.55707732112081,77.44292267887919,1000
eke,-26.919370415052548,93.08062958494745,1000
jkf,-5.521730192624702,33.4782698073753,1000
boc,-54.85753053834932,0.14246946165067953,1000
oyo,-45.87667726700794,9.123322732992055,1000
tdj,-49.68321954245362,92.31678045754639,1000
jsq,-41.84604532463423,12.153954675365771,1000
yle,-36.20147983045643,97.79852016954358,1000
hle,-29.98711914671035,5.0128808532896505,1000
oaa,-14.60124054277866,68.39875945722135,1000
gvj,-97.89006227207581,87.10993772792419,1000
euz,-31.856180179146943,12.143819820853055,1000
www,-84.04350629407564,93.95649370592436,1000
icy,-9.75933878045494,92.24066121954506,1000
fyi,-95.53695895322403,0.46304104677596436,1000
gth,-0.8608749737473161,67.13912502625269,1000
zbl,-3.250125476102008,12.749874523897992,1000
zmu,0.8356547004861598,87.83565470048616,1000
ams,-82.67101883156376,74.32898116843624,1000
fgy,-38.729661956317315,17.27033804368268,1000
dfu,-84.89281987048984,72.10718012951016,1000
opw,-34.90055050403357,24.099449495966436,1000
rqq,-22.755986321425272,59.24401367857473,1000
hom,-19.586000137721665,53.41399986227834,1000
njc,-43.36629201414645,59.63370798585355,1000
iyc,-55.0070648283312,56.9929351716688,1000
gpu,-74.49432884001797,49.505671159982036,1000
rjd,-89.89177719583836,50.10822280416164,1000
xfa,0.6008401159775251,74.60084011597752,1000
ntf,-30.572983364391366,17.427016635608634,1000
yhw,-35.85769526575557,41.14230473424443,1000
qlo,-92.44296264585289,18.557037354147113,1000
eoa,-23.64262420437983,0.3573757956201733,1000
ppp,-22.33746121099545,88.66253878900454,1000
xzl,-34.264933348377696,44.735066651622304,1000
yzo,-53.980741142553995,21.019258857446005,1000
qgu,-40.63145215594803,51.36854784405197,1000
nwx,-48.392734392900294,11.607265607099706,1000
ygo,-64.57280544463664,2.4271945553633634,1000
gjs,-54.293498514284195,23.7065014857158,1000
emb,-12.46989984533378,21.53010015466622,1000
mob,-34.77059036305846,21.229409636941536,1000
bnq,-0.4597558956162239,45.540244104383774,1000
gue,-23.152526307794652,27.847473692205348,1000
vul,-89.66385531151458,62.33614468848542,1000
nlg,-2.8711996320633983,65.1288003679366,1000
lpa,-28.78060021986075,28.21939978013925,1000
zjm,-58.66934953119139,52.33065046880861,1000
vsb,-18.918022932633292,77.08197706736671,1000
xhk,-46.8084470719262,38.1915529280738,1000
rqv,-18.321013993969775,93.67898600603023,1000
qiq,-11.594198979305109,19.40580102069489,1000
gco,-38.86057142089246,92.13942857910754,1000
knk,-79.56477176872467,88.43522823127533,1000
vpa,-97.76512406782403,44.23487593217596,1000
gil,-93.62151449274614,12.378485507253854,1000
uea,-15.897149938507651,11.102850061492349,1000
uwu,-71.15419441809559,1.8458055819044095,1000
mjo,-9.88118822592875,79.11881177407125,1000
ujz,-14.022177127679562,92.97782287232043,1000
iua,-33.196884985547555,68.80311501445244,1000
cnk,-60.43854290691863,27.56145709308137,1000
yqu,-5.250184299013409,73.74981570098659,1000
dzk,0.48714974132585886,97.48714974132587,1000
dgi,-27.045327663576995,95.954672336423,1000
ldd,-86.19686595117906,91.80313404882094,1000
pzf,-67.40662348921332,17.593376510786687,1000
sht,-80.11229488351346,31.887705116486547,1000
rfg,-70.44297951602293,0.5570204839770629,1000
lui,-27.740826841140027,25.259173158859973,1000
cyl,-72.47401411817822,12.525985881821777,1000
hcw,-52.13312915586937,71.86687084413063,1000
qww,-68.97257560401758,30.027424395982425,1000
paw,-56.800485243604776,24.199514756395224,1000
xkt,-86.27326433126672,78.72673566873328,1000
bws,-50.840993107696775,60.159006892303225,1000
uum,-34.138271225589314,19.86172877441069,1000
dnf,-39.01465984695748,7.985340153042522,1000
mmc,-97.76646812846961,68.23353187153039,1000
tqk,-90.69953719844497,70.30046280155503,1000
jyd,-79.10993827866125,47.89006172133875,1000
jfj,0.35576146416073384,4.355761464160734,1000
nri,-81.66076470074674,65.33923529925326,1000
fcn,-78.15924721025492,30.840752789745085,1000
oki,-36.49658122194355,71.50341877805644,1000
gbo,-3.7906305588157876,69.20936944118421,1000
hfo,-93.50377060664862,1.4962293933513817,1000
teq,-44.82719493560638,30.17280506439362,1000
ygy,-40.18635350712308,57.81364649287692,1000
ynl,-83.77011498993377,55.229885010066226,1000
bim,-54.29668533272992,53.70331466727008,1000
npp,-91.17920304074477,69.82079695925523,1000
fjq,-90.68447289725114,52.31552710274886,1000
gby,-25.123430223552425,58.876569776447575,1000
rem,-8.252637896364563,20.747362103635435,1000
oef,-92.37766271768224,31.62233728231776,1000
tmk,-33.926582095937704,21.073417904062296,1000
gjr,-84.82477878663599,12.175221213364011,1000
qqu,-21.074914698817256,17.925085301182744,1000
lxp,-55.3564849563975,74.64351504360249,1000
bfz,-95.88207790593992,94.11792209406008,1000
idf,-42.33742272799527,82.66257727200474,1000
rmx,-1.7150934806549047,42.28490651934509,1000
kuy,-13.45375584539407,84.54624415460593,1000
dst,-65.97996816868641,79.02003183131359,1000
ufy,-74.37787301742921,9.622126982570785,1000
ftk,-77.4196355297181,70.5803644702819,1000
rvg,-42.909072591310306,32.090927408689694,1000
ieo,-55.95085865109045,61.04914134890955,1000
igm,-27.9770807129072,50.022919287092805,1000
uxp,-51.75619453954786,6.24380546045214,1000
cmd,-25.786083968103018,32.213916031896986,1000
sow,-41.389943951204216,93.61005604879578,1000
pmo,-61.90825510263344,88.09174489736655,1000
ngy,-61.65809835897337,42.34190164102663,1000
jwx,-63.84463892651251,82.15536107348748,1000
dzp,-51.674048881095906,2.325951118904094,1000
hit,-97.75805275493344,2.2419472450665574,1000
ryy,-10.199784184699032,4.800215815300968,1000
tmc,-59.0089209897427,62.9910790102573,1000
vkc,-77.11760688675244,65.88239311324756,1000
rld,-72.56866166460924,69.43133833539076,1000
ter,-82.1591149983462,51.8408850016538,1000
bha,-6.6813868449683484,62.31861315503165,1000
lfc,-65.28526602042518,38.71473397957482,1000
agd,-47.1010951675989,4.898904832401099,1000
xww,-37.15487333117029,41.84512666882971,1000
eev,-6.531869613918546,42.468130386081455,1000
krb,-25.94703680135085,38.052963198649145,1000
pbw,-12.883355367381201,66.1166446326188,1000
waj,-49.01349239073051,8.98650760926949,1000
ljn,-59.43432014422102,62.56567985577898,1000
rui,-70.41827541986127,88.58172458013873,1000
fvs,-64.64899694036424,92.35100305963576,1000
kuq,-8.791845904302741,64.20815409569725,1000
fjv,-1.4042809026143357,31.595719097385665,1000
mbk,-29.107301685828634,22.892698314171366,1000
idv,-72.1776374824775,4.822362517522512,1000
wme,-24.919166646206435,60.080833353793565,1000
ths,-61.92095750480167,46.07904249519833,1000
cyd,-80.0031088087437,22.996891191256296,1000
qih,-9.634954276222336,2.365045723777664,1000
iqc,-28.082920477480055,81.91707952251994,1000
idq,-44.71015200665876,21.28984799334124,1000
ned,-19.719164106965255,4.280835893034744,1000
zse,-24.850328058523083,24.149671941476917,1000
jus,-18.998737408514206,49.0012625914858,1000
kwf,-33.177331140218755,7.822668859781245,1000
ofq,-29.20036078215918,69.79963921784082,1000
cis,-43.80499890008151,31.195001099918493,1000
dty,-34.27300018720719,91.72699981279281,1000
won,-4.249897287274172,87.75010271272583,1000
aeq,-6.479122823813905,81.52087717618609,1000
cea,-41.6028886662997,72.39711133370031,1000
umr,-79.1190062598569,78.8809937401431,1000
qxz,-28.473016347944583,71.52698365205542,1000
rjl,-95.32680252214776,82.67319747785224,1000
isa,-11.115680628450432,18.884319371549566,1000
jsy,-10.91969073274445,37.08030926725555,1000
sws,-22.359035888477656,1.6409641115223446,1000
jsr,-75.93666093125813,3.0633390687418722,1000
xqk,-36.19521296246574,59.80478703753426,1000
sdd,-47.02545100390716,69.97454899609285,1000
jiq,-20.04333576258253,52.95666423741747,1000
ahm,-49.88783341232395,83.11216658767606,1000
zek,-67.76134403749901,82.23865596250099,1000
pcc,-87.4786411580858,72.5213588419142,1000
oel,-78.21666480041517,33.78333519958483,1000
zqn,-82.36514323332922,91.63485676667078,1000
tzk,-64.75517008833583,9.244829911664166,1000
jpw,-12.158654633428526,94.84134536657147,1000
qyd,-60.911561667383154,85.08843833261685,1000
piz,-25.025035377073493,19.974964622926507,1000
wuo,-89.62354833804524,68.37645166195476,1000
ybd,-93.75354846359511,91.24645153640489,1000
dln,0.07792824217469685,65.07792824217469,1000
egc,-8.399516662672939,79.60048333732706,1000
jdq,-64.64348073350324,85.35651926649676,1000
lcm,-59.981186288998664,75.01881371100134,1000
mlo,-88.97707102759297,35.02292897240703,1000
eoy,-22.578317894008695,50.42168210599131,1000
kzd,-41.567847596976804,68.4321524030232,1000
zmx,-79.37396999682335,73.62603000317665,1000
wee,-52.53219967035317,7.467800329646828,1000
xys,-74.39252550223594,30.607474497764056,1000
bdw,-88.45327949103694,9.546720508963068,1000
ewb,-83.76760999548776,30.23239000451224,1000
zds,-28.252472875443964,73.74752712455604,1000
tse,-82.19565401040374,72.80434598959626,1000
aay,-97.7792536070207,6.2207463929793,1000
hqg,-80.63689408785513,64.36310591214487,1000
avy,-69.71948661087205,88.28051338912795,1000
wfn,-7.933228151642982,38.06677184835702,1000
pen,-69.45645769917547,4.543542300824531,1000
vbr,-32.265760582062924,56.734239417937076,1000
dhl,-52.12175992350458,65.87824007649543,1000
hhs,-16.2647838511619,34.7352161488381,1000
lqo,-76.56289747764687,60.43710252235312,1000
qho,-43.91617474997915,59.08382525002085,1000
pzl,-58.793632485859526,36.206367514140474,1000
qhi,-72.54424420237902,33.45575579762099,1000
xqg,-51.006406066805496,2.993593933194502,1000
xbm,-49.09217373372684,76.90782626627316,1000
fqh,-22.751563722190003,47.248436277809994,1000
gdv,-87.21521640640097,94.78478359359903,1000
uaw,-76.69409508775672,39.30590491224328,1000
omz,-39.10640995744386,89.89359004255614,1000
uel,-60.03574775276328,32.96425224723672,1000
maj,-8.86077352752296,68.13922647247703,1000
ebo,-39.75508287399089,23.244917126009113,1000
uge,-96.05846563123691,48.94153436876309,1000
nvf,-91.64048397326427,77.35951602673573,1000
nza,-79.15640406692455,7.843595933075444,1000
irf,-17.529507157262028,17.470492842737972,1000
hep,-54.55950647988306,49.44049352011694,1000
egj,-37.94946294945261,84.05053705054739,1000
tjr,-9.355422443584619,11.644577556415381,1000
beu,-84.20271389401705,70.79728610598295,1000
rcg,-67.57690227964825,57.42309772035175,1000
gja,-88.5256414919448,15.474358508055207,1000
klv,-81.33131152781424,93.66868847218576,1000
ccl,-18.007403102619506,14.992596897380494,1000
gau,0.9610817467945706,65.96108174679458,1000
rvt,-74.95238134353967,8.047618656460326,1000
slg,-24.266989452119937,72.73301054788007,1000
rzg,-90.38255782054902,53.61744217945098,1000
exl,-65.5445695198689,60.455430480131106,1000
bvy,-12.175255751066835,57.824744248933165,1000
nmj,-48.954265855479946,36.045734144520054,1000
ymx,-47.854018580646525,80.14598141935348,1000
ftz,-44.173933417505474,34.826066582494526,1000
ona,-24.718878058703645,96.28112194129636,1000
lji,-34.61654005470166,75.38345994529834,1000
sfj,-58.175356136068956,5.824643863931042,1000
maq,-24.837837426312575,22.162162573687425,1000
lmt,-55.193496790368435,16.80650320963157,1000
ziw,-73.69800794762318,50.30199205237682,1000
nqb,-63.7383903946569,46.2616096053431,1000
mim,-35.71421474489731,52.28578525510269,1000
xcp,-93.98204345770021,94.01795654229979,1000
evg,-94.71624635389959,50.28375364610041,1000
edc,-30.48196390932876,58.518036090671245,1000
ruz,-49.044353680614805,1.955646319385199,1000
uaq,-3.3976611191997144,90.60233888080029,1000
daa,-4.308088721538053,45.691911278461944,1000
kvy,-66.90179281727745,20.09820718272254,1000
mgu,-58.33811949681566,22.661880503184346,1000
grc,-14.147328133153092,42.852671866846904,1000
kuo,-67.92633388022674,28.073666119773268,1000
csj,-54.13587533882658,79.86412466117342,1000
bif,-40.53013832716279,74.46986167283721,1000
spr,-50.38556767827981,45.61443232172019,1000
zww,-21.08490588807765,67.91509411192234,1000
dls,-49.737609797970116,55.262390202029884,1000
nmy,-76.82253948026747,83.17746051973253,1000
pjs,-55.71175714368465,91.28824285631535,1000
vif,-29.073234835201433,26.926765164798567,1000
psn,-14.544336523057051,70.45566347694295,1000
lwj,-79.57040916854669,6.429590831453305,1000
ktd,-45.13593964706058,76.86406035293942,1000
hfu,-53.58627185967422,1.413728140325782,1000
kuq,-94.6332532817547,40.3667467182453,1000
zau,-60.436951680650694,95.5630483193493,1000
olq,-9.325893851192136,57.674106148807866,1000
qvl,-42.368191769761786,91.63180823023822,1000
rht,-69.55516584541637,34.44483415458363,1000
sco,-31.06853220003083,6.931467799969171,1000
egv,-49.71688657066638,75.28311342933362,1000
lio,-48.24175608076525,15.758243919234747,1000
aci,-46.83867952945702,0.16132047054297916,1000
kmr,-3.799007635679514,5.200992364320486,1000
ita,-45.29427092030631,32.70572907969369,1000
qju,-76.99249195402227,68.00750804597773,1000
yin,-20.614578024040707,84.38542197595929,1000
qir,-43.7942882057556,42.2057117942444,1000
exj,-82.41881638999531,73.58118361000469,1000
ucf,-52.27692817461499,8.72307182538501,1000
uen,-72.36859453344408,9.631405466555922,1000
zbn,-45.95502192328415,28.044978076715847,1000
bcg,-93.92029119518658,38.079708804813414,1000
pzx,-50.01853401517994,73.98146598482006,1000
nrb,-62.331833579942945,13.668166420057057,1000
mec,-66.16199106088621,45.838008939113784,1000
knr,-94.19337449115343,92.80662550884657,1000
rso,-66.57162381159567,81.42837618840433,1000
grw,-17.521673837195664,94.47832616280434,1000
mhb,-88.03339796496984,10.966602035030169,1000
rpu,-11.902504436855821,60.09749556314418,1000
phd,-20.015097637997425,18.984902362002575,1000
esz,-71.98723223992172,38.01276776007828,1000
xos,-95.60250170043689,76.39749829956311,1000
glw,-6.04322683644388,45.95677316355612,1000
nny,-71.69911932821432,9.300880671785675,1000
pld,-43.542833465812265,80.45716653418773,1000
wjw,-71.33052906010718,37.669470939892825,1000
vjj,-28.14409091200207,16.85590908799793,1000
cdl,-10.638071592262442,7.361928407737558,1000
rqa,-29.468178819144775,88.53182118085522,1000
yuf,-27.268480465578786,20.731519534421214,1000
vjf,-22.141127534842457,16.858872465157543,1000
avu,-96.96914057644086,83.03085942355914,1000
cjy,-66.66295866302337,17.337041336976625,1000
vof,-73.41992687088984,79.58007312911016,1000
yae,-64.4699829486187,92.5300170513813,1000
jcy,0.4417094617285344,55.441709461728536,1000
bez,-12.202304090654138,23.79769590934586,1000
xdy,-54.37097224023039,57.62902775976961,1000
zlu,-72.99714822936238,21.002851770637623,1000
zrh,-66.79909698083776,32.20090301916224,1000
rce,-24.89828527465203,1.1017147253479709,1000
jyp,-7.498918478248158,53.50108152175184,1000
nyi,-79.71411556755436,19.285884432445638,1000
nif,-81.60651044652884,22.39348955347116,1000
woz,-79.99054141210702,32.009458587892986,1000
enf,-87.72609978028613,72.27390021971387,1000
xkl,-7.099229383894483,27.90077061610552,1000
xyd,-67.55382272077397,11.446177279226033,1000
kfg,-35.18139983894379,46.81860016105621,1000
mni,-36.38981468567913,88.61018531432087,1000
lfp,-42.031822496752824,85.96817750324718,1000
wtv,-65.71573551735715,77.28426448264285,1000
djh,-72.39986035836567,28.60013964163432,1000
cjw,-41.743278750514165,30.25672124948584,1000
vtq,-14.73868676038467,7.26131323961533,1000
esa,-63.1341744628689,86.8658255371311,1000
qra,-16.458349793810232,40.54165020618977,1000
fpy,-20.466770742910775,81.53322925708922,1000
ysm,-86.74422945565597,3.2557705443440286,1000
aek,-83.4225372973687,58.57746270263129,1000
zug,-76.2280755764203,50.7719244235797,1000
snx,-56.17657044452506,13.823429555474936,1000
mhj,-83.54060144222342,69.45939855777658,1000
qeq,-71.92510918292515,90.07489081707485,1000
skm,-53.35480436027485,4.645195639725152,1000
vaj,-56.79697398941424,60.20302601058576,1000
uwr,-36.40942153271113,49.59057846728887,1000
czb,-79.0113043655569,67.9886956344431,1000
wbf,-82.6199131797022,75.3800868202978,1000
zwo,0.03771874929222163,57.037718749292225,1000
xdt,-93.40319898603704,26.596801013962963,1000
nlg,-66.5801846250459,11.41981537495409,1000
mpl,-0.10846661029432925,15.891533389705671,1000
aea,-69.57407346751494,29.425926532485057,1000
zvz,-8.638718037876295,7.361281962123705,1000
gfe,-14.509564206252053,54.49043579374795,1000
anh,-6.433753650142589,43.56624634985741,1000
jzp,-65.39021143212634,48.609788567873665,1000
opp,-97.05213900776612,78.94786099223388,1000
fgo,-95.89978159588578,21.100218404114216,1000
pci,-82.34476456183961,48.65523543816039,1000
tky,-96.52185715556298,30.47814284443702,1000
qtd,-7.88951057280625,51.11048942719375,1000
eyl,-5.753784389493717,6.246215610506283,1000
ckg,-18.904107420953576,87.09589257904642,1000
pmp,-59.54232299877029,66.45767700122971,1000
anc,-45.871631923001985,28.128368076998015,1000
rvr,-79.02689915359728,51.973100846402716,1000
bhu,-67.77567234869458,93.22432765130542,1000
psj,-26.189794357011113,80.81020564298889,1000
hpp,-9.671088112781494,69.32891188721851,1000
qvc,-86.06731842561548,6.932681574384516,1000
rvm,-19.161913449771035,65.83808655022897,1000
gkb,-19.894256309327687,86.10574369067231,1000
yav,-13.197093563820069,0.8029064361799318,1000
dlj,-14.590849999195473,35.40915000080452,1000
vuv,-72.46082108166154,80.53917891833846,1000
hoh,-60.07778402406956,26.92221597593044,1000
lkm,-37.18614878762311,41.81385121237689,1000
ney,-66.3860054852316,71.6139945147684,1000
xxz,-49.574681553354075,47.425318446645925,1000
rqt,-10.050677539224859,86.94932246077514,1000
hrd,-82.03808921881335,38.961910781186646,1000
oai,-79.10081001041672,40.89918998958327,1000
aik,-53.50638279550123,21.49361720449877,1000
wsk,-54.65780266711029,97.34219733288971,1000
qhe,-42.123611369963236,20.87638863003676,1000
zyd,-5.147836448007988,20.85216355199201,1000
uob,-39.054081632419276,26.945918367580724,1000
udq,-6.791867195699586,27.208132804300412,1000
chx,-91.76944260098955,73.23055739901045,1000
dxq,-4.55256388042488,77.44743611957512,1000
lww,-27.214941067746373,56.78505893225363,1000
vuq,-39.28256633816603,7.717433661833975,1000
suw,-9.59041774188816,1.4095822581118398,1000
jfn,-90.50536701150259,36.49463298849742,1000
erb,-55.77345103224993,20.226548967750066,1000
uzd,-89.52543694550045,59.47456305449955,1000
kgx,-20.592706261491482,50.40729373850852,1000
bml,-84.42881708832563,78.57118291167437,1000
qkt,-86.77716418687844,57.22283581312156,1000
mix,-20.539455579573385,68.46054442042661,1000
ydt,-21.415409097257207,15.584590902742793,1000
ecj,-46.45522748705695,10.54477251294305,1000
gci,-67.00048317034704,54.99951682965296,1000
vht,-14.816949471608401,64.1830505283916,1000
dtg,-48.173862282562155,17.82613771743785,1000
qdk,-96.16269841540172,37.83730158459828,1000
pvg,-43.21229056504799,86.787709434952,1000
iuc,-75.87013338163874,79.12986661836126,1000
zgx,-52.556332139024654,87.44366786097534,1000
udj,-4.229206091759377,20.770793908240623,1000
mjf,-48.421821425577164,82.57817857442284,1000
xqv,-29.420020944798033,85.57997905520197,1000
qly,-33.37931253704402,66.62068746295598,1000
uhw,-34.90286023311677,32.09713976688323,1000
uqf,-3.931622276143945,26.068377723856056,1000
