lic,-21.582704878600737,65.41729512139926,1000
wwy,-41.32659701037065,85.67340298962935,1000
dei,-44.473255169005775,33.526744830994225,1000
arz,-22.840935981964428,46.15906401803557,1000
xej,-44.09473101295177,89.90526898704823,1000
chx,-97.73729656782318,8.26270343217682,1000
zlu,-58.629631344664226,69.37036865533578,1000
mmg,-0.5456838893450789,70.45431611065491,1000
dcd,-79.20842196877594,38.79157803122406,1000
cvc,0.33336239367709175,80.33336239367709,1000
igf,-7.891616734916279,24.10838326508372,1000
wqk,-42.35381375780413,62.64618624219587,1000
xud,-31.745796682715568,23.254203317284432,1000
jzk,-80.23465808835005,66.76534191164995,1000
vau,-85.00375069114723,19.996249308852768,1000
cvg,-5.6560257373250975,74.3439742626749,1000
rno,-76.74431285973468,33.25568714026533,1000
ggv,-65.7549302434495,63.2450697565505,1000
qej,-43.31073019627973,10.689269803720274,1000
aor,-92.48856092132623,69.51143907867377,1000
llq,-7.22741760627734,81.77258239372266,1000
mjw,-19.35739084471064,28.64260915528936,1000
mlg,-38.13300566605749,91.86699433394251,1000
ohi,-92.82136863321496,68.17863136678504,1000
syo,-38.22754621260092,41.77245378739908,1000
xfg,-29.164106464660605,59.835893535339395,1000
syc,-83.59298971985388,33.407010280146125,1000
dml,-9.978235533040413,62.02176446695959,1000
vcd,-20.442859109392845,90.55714089060716,1000
sng,-71.99968458116551,10.000315418834482,1000
rfj,-47.55742712312518,37.44257287687482,1000
ibj,-88.56320730899996,67.43679269100004,1000
rtz,-9.96057847796633,55.03942152203367,1000
qfp,-97.26943318721399,72.73056681278601,1000
owh,-0.09618131199037205,18.90381868800963,1000
axa,-10.245289728349134,68.75471027165086,1000
uyp,-67.08461368343539,79.91538631656461,1000
tka,-27.036876491375352,20.963123508624648,1000
gwe,-2.7490666848785406,31.250933315121458,1000
ayp,-27.977502508784525,22.022497491215475,1000
fmy,-28.911953166303462,35.08804683369654,1000
brc,-93.24813564458036,20.751864355419638,1000
wnl,-8.987510770577854,60.012489229422144,1000
xjp,-5.939305518450291,5.060694481549709,1000
kkb,-15.701065608462999,51.298934391537,1000
udk,-5.492047544304507,60.507952455695495,1000
aug,-44.548992553994566,45.451007446005434,1000
tza,-76.84892565759816,8.151074342401838,1000
gzw,-30.08238963872844,44.917610361271564,1000
khl,-42.997314651127304,77.0026853488727,1000
rwu,-52.38262471430376,74.61737528569624,1000
bdv,-82.20470877298902,89.79529122701098,1000
zqr,-2.5588389067320354,69.44116109326797,1000
lcm,-50.99615035943796,15.00384964056204,1000
lai,-49.61756683908047,29.382433160919536,1000
bcb,-76.51965071461808,12.480349285381916,1000
gks,-64.97894332380945,40.02105667619056,1000
fra,-29.611319455010506,68.3886805449895,1000
lxi,-66.22512517602543,10.774874823974564,1000
gbn,-28.838209437297404,39.16179056270259,1000
smx,-16.173250025873724,74.82674997412627,1000
oxf,-91.81021075723989,63.18978924276012,1000
mts,-21.228894225705538,55.77110577429446,1000
ala,-45.18960010909987,35.81039989090013,1000
pwa,-86.4891905585259,18.51080944147409,1000
lxw,-49.98804868280913,40.01195131719087,1000
wwd,0.6256109683846968,38.6256109683847,1000
iue,-37.95256756410347,1.0474324358965292,1000
tee,-46.71891768863686,44.28108231136314,1000
nuu,-39.10718553956721,19.89281446043279,1000
nqy,-29.12946192457441,37.87053807542559,1000
ugr,-97.66740830074059,86.33259169925941,1000
ufr,-14.63314509933524,21.36685490066476,1000
ypt,-78.99372902999639,29.006270970003616,1000
vbj,-33.65584823119776,10.344151768802243,1000
gio,-4.704710837361094,84.29528916263891,1000
pdt,-45.255247810324995,24.744752189675005,1000
qhx,-14.931691573409585,38.06830842659041,1000
cnj,-49.2521190784804,58.7478809215196,1000
gtc,-54.76853244410435,72.23146755589565,1000
teo,-23.381623374517023,67.61837662548298,1000
jny,-0.8612462351475678,52.13875376485243,1000
skn,-81.674857608857,14.325142391143002,1000
ndx,-44.64561021811077,49.35438978188923,1000
hla,-25.727946997914966,0.27205300208503547,1000
jqv,-89.62104449902047,73.37895550097953,1000
rca,-59.61055236963871,12.38944763036129,1000
meq,-36.277842366687715,81.72215763331228,1000
abz,-11.588070128886795,9.411929871113205,1000
haj,-15.01492542601598,93.98507457398402,1000
kgl,-61.67684329903567,69.32315670096433,1000
fwc,-30.62708909245991,46.37291090754009,1000
pqi,-88.7266699779665,8.273330022033507,1000
bfo,-77.89549822030723,77.10450177969277,1000
dgp,-21.027840099549888,18.972159900450112,1000
jbq,-46.23514812359958,22.764851876400417,1000
mvv,-12.622968067763468,33.377031932236534,1000
fej,-67.86671870772086,84.13328129227914,1000
dmx,-40.545317310234786,67.4546826897652,1000
swd,-14.14264662962002,46.85735337037998,1000
hvx,-64.01673987648338,20.983260123516615,1000
toe,-25.38334455973161,68.61665544026839,1000
hrc,-44.821609698207375,9.178390301792623,1000
dgp,-32.87774969956302,86.12225030043699,1000
jhh,-39.45763749068789,6.542362509312114,1000
oii,-44.940374010959744,62.059625989040256,1000
xjd,-96.59027886611773,10.409721133882265,1000
ibo,-47.692293198331214,72.30770680166879,1000
lnh,-42.70991168839719,66.29008831160282,1000
qdl,-47.72730721868498,8.27269278131502,1000
hqz,-69.27537637127485,33.724623628725155,1000
tmr,-42.85692354355301,77.14307645644699,1000
alz,-6.676184362246358,57.32381563775364,1000
rbo,-65.30944649016796,52.690553509832036,1000
zyi,-42.71886276544595,76.28113723455405,1000
qra,-40.9895205653722,36.0104794346278,1000
iet,-80.10857784417918,88.89142215582082,1000
ycg,-39.42180519329278,56.57819480670722,1000
zfa,-54.14833160584925,76.85166839415075,1000
jio,-74.12789611083146,82.87210388916854,1000
ypu,-4.35345137959837,5.64654862040163,1000
njg,-38.820319989613566,21.179680010386434,1000
fgy,-3.1574189893784936,0.8425810106215063,1000
alk,-45.8416160672433,93.15838393275669,1000
tit,-18.070520158857192,47.92947984114281,1000
kep,-97.28517490459042,35.71482509540959,1000
cfi,-4.598808131630597,40.4011918683694,1000
nks,-48.86990471428028,70.13009528571972,1000
woc,-2.0745574752506757,24.925442524749325,1000
zas,-88.26905511102493,29.730944888975078,1000
rtb,-86.8751414883178,81.1248585116822,1000
ief,-11.16762928388221,47.83237071611779,1000
ujd,-90.85274000496364,90.14725999503636,1000
vok,-50.045444704232395,21.954555295767605,1000
bcn,-50.75781593937053,73.24218406062947,1000
iqq,-75.97381496715201,38.026185032847984,1000
gji,-60.1075270542144,20.892472945785602,1000
zpm,-10.347404753497354,68.65259524650264,1000
dta,-76.10595288345408,48.89404711654591,1000
hbm,-1.4583333911476726,29.541666608852328,1000
eqh,-65.95961274644944,31.04038725355057,1000
aub,-60.92012644517397,28.07987355482603,1000
lrw,-0.9462180402468447,31.053781959753156,1000
kvx,-63.22322499331439,65.77677500668561,1000
xrc,-36.01028424256815,56.98971575743185,1000
lps,-48.95083222748925,50.04916777251075,1000
atu,-97.5190325702522,4.480967429747803,1000
idd,-5.153843052652117,44.846156947347886,1000
evk,-49.41092622354565,62.58907377645435,1000
gnv,-64.18524518613327,10.814754813866726,1000
ush,-77.69158068029168,32.30841931970832,1000
hso,-2.0111931545743813,35.98880684542562,1000
lpi,-52.497236312221304,3.5027636877786934,1000
agf,-91.18991903229212,98.81008096770788,1000
utd,-57.59178158463324,50.40821841536676,1000
orc,-95.82418811043547,75.17581188956453,1000
swo,-60.764750264997055,33.235249735002945,1000
lyq,-13.735730943800286,95.26426905619971,1000
buy,-14.717220145909742,19.282779854090258,1000
vzz,-48.776605711341446,73.22339428865855,1000
cjt,-5.3235723632161545,45.67642763678384,1000
jht,-63.24988921168164,21.750110788318356,1000
ykv,-15.216858215327429,65.78314178467257,1000
lij,-66.43839275580682,85.56160724419318,1000
dnj,-4.469867989352044,9.530132010647957,1000
mhz,-66.97033584370175,94.02966415629825,1000
amv,-58.16752299847165,73.83247700152836,1000
ugn,-87.68339848553116,16.31660151446884,1000
zxj,-20.833706235174716,56.166293764825284,1000
mds,-6.8672351647798315,62.13276483522017,1000
psm,-42.78249721280286,4.217502787197142,1000
nvi,-74.91385498420681,44.08614501579319,1000
bdf,-55.52638947841723,73.47361052158277,1000
aae,-11.624412983223221,61.37558701677678,1000
vbi,-14.588043998069319,89.41195600193068,1000
uxz,-21.02201164779148,65.97798835220851,1000
dmo,-41.1166966331344,8.883303366865599,1000
ngs,-17.792467118979204,71.2075328810208,1000
dvj,-65.12503806536513,69.87496193463487,1000
gve,-90.33156725518388,60.66843274481611,1000
isr,-30.753717687462288,10.246282312537712,1000
urr,-31.47031662560636,1.5296833743936409,1000
npt,-60.088928403728616,1.911071596271383,1000
mcv,-66.4684215913939,95.5315784086061,1000
vbu,-37.0632449206917,83.9367550793083,1000
uyu,-9.84754900800525,74.15245099199475,1000
nrf,-82.86427475732474,93.13572524267526,1000
mus,-6.747451733586665,58.252548266413335,1000
afv,-2.798115672834078,75.20188432716593,1000
xte,-44.37264441822038,6.627355581779614,1000
hru,-10.551235122887498,72.4487648771125,1000
tmi,-38.39308080629884,27.606919193701163,1000
yct,-71.73352214415507,64.26647785584493,1000
bop,-40.295837575025196,66.7041624249748,1000
smz,0.08389619690451389,94.08389619690452,1000
iyw,-46.082090655064746,19.917909344935257,1000
vzj,-91.82016562046653,21.179834379533467,1000
seh,-72.88955048382493,64.11044951617507,1000
sps,-79.1634086890871,46.8365913109129,1000
fdl,-87.9338472636186,58.06615273638139,1000
alj,-67.10061019468246,2.8993898053175444,1000
osv,-50.89010067824616,42.10989932175384,1000
myf,-93.48430323164006,76.51569676835994,1000
gso,-17.171062927442968,41.82893707255703,1000
hpy,-48.48697737620565,69.51302262379434,1000
bro,-69.4169351041801,45.5830648958199,1000
ezx,-16.44637422335621,36.55362577664379,1000
apl,-11.531838798073188,71.46816120192682,1000
xul,-26.538880580223925,86.46111941977607,1000
lzr,-75.02699645562116,24.973003544378848,1000
vtr,-3.560950237980313,17.43904976201969,1000
hnj,-95.55171301847984,67.44828698152016,1000
drx,-5.238541525674501,19.7614584743255,1000
ghg,-19.004688979489654,45.99531102051034,1000
epc,-14.541299226461614,51.45870077353839,1000
lze,-97.6373064893927,56.3626935106073,1000
buh,-76.04008311509766,59.95991688490235,1000
imw,-27.352686731044336,74.64731326895566,1000
nqu,-61.097613383004656,49.902386616995344,1000
yfh,-7.618477966104477,61.38152203389552,1000
nfl,-30.99910855590124,8.000891444098759,1000
fdq,-83.5456787047955,3.4543212952044895,1000
ptd,-23.736350419052833,48.26364958094717,1000
gap,-97.68307952398729,42.31692047601271,1000
ifd,-1.9837017931796948,56.0162982068203,1000
vch,-2.8190437032133806,18.18095629678662,1000
dll,-56.854929244504156,5.145070755495841,1000
rbr,-21.158894427242124,29.841105572757876,1000
gfu,-43.39958342274921,75.60041657725078,1000
igf,-71.93985681560895,90.06014318439105,1000
vsz,-94.6906534650883,3.309346534911696,1000
gle,-1.1600752516240305,88.83992474837596,1000
nfm,-18.14188161618739,22.85811838381261,1000
tww,-27.096109995233245,31.903890004766755,1000
jrk,0.1949905709004437,54.194990570900444,1000
fxz,-46.22781032354402,84.77218967645598,1000
yzh,-55.225794177736105,52.774205822263895,1000
wdu,-12.097376704718732,94.90262329528127,1000
qsz,-94.45794100852991,47.542058991470086,1000
rxb,-60.956891163390374,94.04310883660963,1000
bcq,-59.39660336675294,29.603396633247062,1000
nyx,-41.645851841328664,56.354148158671336,1000
nzi,-93.40801735513249,38.59198264486752,1000
ibh,-67.76211765185982,1.23788234814017,1000
zkl,-54.08855014103219,67.91144985896781,1000
ezb,-56.66893748824842,9.33106251175158,1000
kch,-86.02694187333567,32.973058126664334,1000
eoi,-63.55537832044494,88.44462167955506,1000
qsl,-7.160241763135312,4.839758236864688,1000
kzf,-8.9385599515906,75.0614400484094,1000
gtf,-28.405517210975205,20.594482789024795,1000
kfu,-53.56448076534764,83.43551923465236,1000
bfc,-67.75263601915339,50.24736398084662,1000
jqs,-87.28170742509614,60.71829257490386,1000
wnf,-36.48767437237422,24.512325627625774,1000
ijl,-41.26254014934833,30.737459850651668,1000
cjk,-76.69386376163233,94.30613623836767,1000
bra,-93.03149764707685,21.96850235292315,1000
gtk,-29.820678214980656,10.179321785019345,1000
rfk,-92.99814173274221,47.00185826725779,1000
csr,-3.085875562252679,24.914124437747322,1000
der,-14.950579078518274,14.049420921481726,1000
wmq,-30.36361067981219,50.63638932018781,1000
dtp,-10.690281138324165,3.309718861675835,1000
svk,-86.89319187588296,87.10680812411704,1000
gue,-13.730150584081287,72.26984941591871,1000
fpg,-41.59055743307469,17.409442566925307,1000
slz,-43.927729623419026,68.07227037658097,1000
cmo,-86.51861786267412,72.48138213732588,1000
jng,-23.820715834078634,87.17928416592136,1000
wow,-86.0175015128302,78.9824984871698,1000
moj,-83.42539733710107,65.57460266289893,1000
ahx,-20.858210082068183,39.14178991793182,1000
ray,-18.190268652035563,86.80973134796444,1000
olo,-54.71817608232905,74.28182391767095,1000
sjj,-2.15734352795457,72.84265647204543,1000
ozk,-46.355628816435875,38.644371183564125,1000
qqa,-83.23660714276433,98.76339285723567,1000
rhc,-84.04854311419841,7.951456885801586,1000
mej,-65.93372296355416,24.06627703644584,1000
fqj,-56.79373841186737,52.20626158813263,1000
xxa,-89.22326533904716,2.7767346609528367,1000
gma,-19.180082842893757,83.81991715710625,1000
vwg,-19.91187447770112,38.08812552229888,1000
enl,-89.44347594191137,84.55652405808863,1000
ynw,-96.81473364916815,64.18526635083185,1000
cjy,-33.388847047174465,11.611152952825538,1000
sfc,-22.96498538338838,36.03501461661162,1000
xpl,-55.667972696173955,23.332027303826045,1000
ecf,-74.68323704429635,87.31676295570365,1000
lkl,-3.4140310918116477,0.5859689081883521,1000
fev,-83.65116075682009,33.3488392431799,1000
yfq,-10.815162097661641,52.18483790233836,1000
sez,-79.29474579543056,80.70525420456944,1000
jif,-55.222390360965846,54.777609639034154,1000
jkd,-58.89130519522625,69.10869480477375,1000
kxb,-36.9988588405425,88.00114115945749,1000
htv,-54.185088187704906,67.8149118122951,1000
yhv,-79.33233142737217,41.667668572627825,1000
yzk,-0.538902221052102,54.461097778947895,1000
fkm,-18.085518141161394,41.914481858838606,1000
xrp,-56.03117267126894,33.96882732873106,1000
ftx,0.8849224632754044,68.8849224632754,1000
rru,-22.979500148777305,46.020499851222695,1000
nbb,-82.28673268486818,43.71326731513181,1000
xex,-37.417832254269484,6.582167745730514,1000
qjm,-6.080063030477344,72.91993696952265,1000
lbc,-54.611085539122016,0.38891446087798465,1000
umy,-52.109927764357735,56.890072235642265,1000
unt,-30.298815710398767,25.701184289601233,1000
esv,-48.611520924337896,12.388479075662103,1000
phn,-25.971376010731262,28.028623989268738,1000
lvo,-68.67028134637991,13.329718653620098,1000
opv,-88.30933266199624,57.69066733800377,1000
coc,-78.88931348831997,77.11068651168003,1000
zwg,-60.403673819390555,17.596326180609445,1000
dfw,-2.5847840903456,84.4152159096544,1000
oud,-85.33550849253557,82.66449150746443,1000
ure,-51.913514665360076,75.08648533463993,1000
wmm,-17.205451845908918,84.79454815409109,1000
ufi,-4.746361918385874,37.25363808161413,1000
don,-57.64296669366083,86.35703330633918,1000
uvx,-24.400136743595525,91.59986325640448,1000
ecy,-69.51451488433915,24.485485115660847,1000
rao,-70.44630241451185,82.55369758548815,1000
clh,-83.90702846368697,6.092971536313034,1000
tqf,-27.730567118941366,55.269432881058634,1000
zly,-31.974902502982324,81.02509749701768,1000
ypm,-56.511451136190665,42.488548863809335,1000
fjh,-11.685912805813093,46.314087194186904,1000
oys,-33.41968280019354,74.58031719980646,1000
fay,-21.80142869959969,92.1985713004003,1000
pfl,-79.82182014010468,73.17817985989532,1000
xhc,-12.741210729526486,0.2587892704735135,1000
bdk,-15.863810987340283,52.13618901265972,1000
csy,-81.45260852211393,52.547391477886066,1000
ryz,-60.131361506509194,25.868638493490806,1000
eux,-1.8071299882140952,94.1928700117859,1000
rzh,-16.197617039603603,95.8023829603964,1000
jrb,-55.17935838987947,43.82064161012053,1000
jvj,-76.94293721664232,75.05706278335768,1000
wui,-72.51563504394687,77.48436495605313,1000
ton,-5.741437940317056,69.25856205968294,1000
lvr,-92.38556490231389,3.6144350976861093,1000
hde,-42.948080038483106,34.051919961516894,1000
wyg,-42.36081316526586,74.63918683473413,1000
dtq,-47.77993448401718,62.22006551598282,1000
wbg,-32.45184946663314,82.54815053336685,1000
swy,-13.701826373655297,29.298173626344703,1000
qlz,-37.19543399207153,90.80456600792847,1000
iok,-92.94715585552,32.052844144480005,1000
rch,-5.028743783309876,26.971256216690122,1000
sjt,-73.6489991725619,36.3510008274381,1000
hpo,-89.66991520925822,56.33008479074178,1000
vpl,-75.62406207461102,77.37593792538898,1000
eol,-1.388704498084834,18.611295501915166,1000
lol,-47.27114589766566,98.72885410233434,1000
zds,-30.394168159596756,40.60583184040324,1000
xzk,-81.44581690772789,93.55418309227211,1000
xxc,-81.49153415356155,39.50846584643845,1000
fro,-83.890914092026,4.109085907974009,1000
tvk,-46.1063013267985,15.893698673201495,1000
tvv,-49.74655570508201,64.253444294918,1000
clg,-44.589804230249904,10.4101957697501,1000
ipp,-52.41628369203175,41.58371630796825,1000
kjp,-87.53543366479931,62.46456633520069,1000
adh,-27.255076894766205,80.7449231052338,1000
rqr,-23.269385547952794,69.7306144520472,1000
hpd,-37.221871693063456,31.778128306936548,1000
ooq,-69.56986960769308,94.43013039230692,1000
qmn,-53.51648563380946,64.48351436619053,1000
ppk,-71.63919197790324,32.360808022096755,1000
fel,-64.05970246135679,53.9402975386432,1000
sfd,-29.08770226024731,49.912297739752695,1000
onv,-17.74820395493529,78.25179604506471,1000
lxf,-95.65405573484891,42.3459442651511,1000
rpx,-69.25986496304017,39.740135036959835,1000
uec,-0.4992338678927629,79.50076613210723,1000
ezp,-22.988450604252556,74.01154939574745,1000
vqc,-40.16008578158952,76.83991421841048,1000
zrm,-83.07692175872285,21.923078241277153,1000
ofk,-73.67103580081582,59.328964199184185,1000
brm,-50.2644367678426,27.735563232157407,1000
dhd,-10.094644205219259,1.90535579478074,1000
zdu,-11.143277146407987,12.856722853592013,1000
eqk,-96.86616379335722,63.13383620664278,1000
qdb,-96.24809419759335,70.75190580240665,1000
oxn,-97.64861234113336,62.35138765886664,1000
vck,-36.39740147816369,3.6025985218363106,1000
huq,-61.241948511222,1.7580514887780008,1000
xyr,-56.50819003224139,44.49180996775861,1000
rnt,-11.298518760363619,82.70148123963638,1000
uqo,-93.75557181987088,36.24442818012912,1000
ner,-50.52412415078029,62.47587584921971,1000
tmq,-46.533834565116926,87.46616543488307,1000
mvj,-23.145510596071084,66.85448940392892,1000
iyf,-30.906135590731164,32.09386440926883,1000
odl,-68.74236142871857,27.25763857128143,1000
zjw,-37.51103536856345,3.488964631436554,1000
ofn,-18.792688914126213,88.20731108587378,1000
imf,-89.25642805666213,93.74357194333787,1000
jss,-22.46694355515608,1.533056444843917,1000
sof,-90.88628904674589,15.11371095325412,1000
kkk,-79.13074112272672,63.86925887727329,1000
cyy,-24.532218856052356,57.46778114394764,1000
vwf,-74.71224878206746,10.287751217932538,1000
col,-24.444180935412696,17.555819064587304,1000
ykv,-87.65495421858036,61.34504578141964,1000
aik,-19.48898044406815,57.51101955593185,1000
wtm,-39.23384258447946,3.766157415520537,1000
zam,-33.889409446328955,0.11059055367104231,1000
mbh,-68.64548246026261,8.354517539737387,1000
rbr,-37.20365062357741,78.79634937642258,1000
dtz,-23.71613835552009,78.28386164447991,1000
fov,-42.85597871594443,13.14402128405557,1000
obs,-61.9019906552938,18.098009344706195,1000
eka,-83.27911592670303,67.72088407329697,1000
yao,-16.666404446631944,32.333595553368056,1000
zbz,-43.147169102504385,81.85283089749562,1000
odo,-25.84774607807367,91.15225392192633,1000
phd,-87.70991247434698,50.29008752565303,1000
etv,-50.47777511576511,97.52222488423489,1000
trb,-42.20500808394886,18.79499191605114,1000
pra,-1.7355564133261123,93.26444358667389,1000
vab,-57.44616573587032,58.55383426412968,1000
hiv,-5.676658001729537,13.323341998270463,1000
jgr,-78.72678371680009,97.27321628319991,1000
fje,-45.43260067628065,91.56739932371936,1000
iqs,-51.64017421511933,92.35982578488067,1000
ocp,-92.14860093789639,38.85139906210361,1000
pxo,-45.74023002123898,27.25976997876102,1000
kaf,-93.64958848018232,30.35041151981768,1000
djc,-26.360231907294065,22.639768092705935,1000
uml,-27.637642823323098,38.3623571766769,1000
xud,-30.9182538697388,0.08174613026120336,1000
seg,-80.380704095152,1.619295904847998,1000
jkz,-33.02417885747237,71.97582114252762,1000
ygf,-59.18250387696778,31.81749612303222,1000
sfl,-57.77174345457713,62.22825654542287,1000
xnl,-67.37386310012016,76.62613689987984,1000
cli,-13.723808943625334,85.27619105637467,1000
qwn,-4.495616028882016,64.50438397111799,1000
pkj,-1.2149824214336684,35.78501757856633,1000
xbm,-24.984109258096424,7.015890741903575,1000
lhl,-47.22827227088094,52.77172772911906,1000
hfe,-33.63997551945833,49.36002448054167,1000
rvw,-80.975851720222,41.024148279778004,1000
ysr,-35.70422135677189,5.295778643228115,1000
wzk,-38.795725588463014,38.204274411536986,1000
yzn,-52.99916383887097,98.00083616112903,1000
qzx,-96.66470514160739,34.335294858392615,1000
exv,-61.58913310028983,92.41086689971017,1000
uwg,-50.13299878314501,49.86700121685499,1000
eoa,-28.98956461582243,91.01043538417757,1000
hhq,-33.10850235716034,29.89149764283966,1000
yzz,-3.3400885239628186,8.65991147603718,1000
jlh,-23.206922023070604,60.793077976929396,1000
stz,-14.865010692097858,67.13498930790215,1000
hts,-81.10306670217322,35.89693329782678,1000
dkb,-81.75606359449061,83.24393640550939,1000
owj,-89.1241762431534,59.87582375684661,1000
ugi,-21.342954017404722,76.65704598259528,1000
wdk,-38.08774383296453,25.91225616703547,1000
tyf,-82.75704865982756,2.2429513401724357,1000
zfo,-65.34908439401168,83.65091560598832,1000
nez,-16.052731381727412,9.947268618272588,1000
gdb,-74.87161034641183,57.128389653588165,1000
bnc,-93.42189345898052,93.57810654101948,1000
fru,-11.367534065242369,71.63246593475763,1000
mrk,-59.44652716030295,31.55347283969705,1000
cam,-89.8294075886409,18.170592411359088,1000
qvj,-18.868849188373897,93.1311508116261,1000
xiq,-28.361596702838607,1.6384032971613942,1000
cfu,-79.66666446995694,26.333335530043062,1000
rft,-64.89892828553234,52.101071714467665,1000
yhb,-27.957055976679584,49.042944023320416,1000
xch,-27.81082278825589,62.18917721174411,1000
ydl,-6.774662204594325,24.225337795405675,1000
vrp,-60.82926206224914,24.17073793775086,1000
bxg,-83.52705779696203,81.47294220303797,1000
fbi,-71.11376431586508,76.88623568413492,1000
eke,-79.51643957352422,3.4835604264757727,1000
tdk,-9.492188960278419,35.50781103972158,1000
yzd,-33.16278709761673,40.83721290238327,1000
hkx,0.359300986898743,41.359300986898745,1000
zmi,-33.175969230899526,9.824030769100473,1000
vqr,-81.51394489408996,95.48605510591004,1000
pzs,-90.5195022963621,65.4804977036379,1000
hca,-35.4556411537911,19.544358846208898,1000
vjg,-75.37446889272637,17.625531107273627,1000
klo,-12.113269170835474,68.88673082916452,1000
lqk,-94.31616098695787,74.68383901304213,1000
ubk,-68.62351037718688,14.376489622813118,1000
axs,-11.3106944975717,81.6893055024283,1000
ayj,-67.70698314019077,74.29301685980923,1000
fdx,-75.24113532250924,98.75886467749076,1000
tdy,-42.83028222464773,56.16971777535227,1000
gkj,-91.84183899801259,62.158161001987416,1000
pvy,-73.07147864940428,0.9285213505957113,1000
oqp,-1.6765116574589753,82.32348834254103,1000
bis,-62.31235750279312,16.687642497206877,1000
zmd,-8.298979215265392,80.70102078473461,1000
ggr,-88.58715682453304,33.41284317546697,1000
san,-24.006118449594428,30.993881550405572,1000
quy,-77.41237536054183,94.58762463945817,1000
cgv,-13.303225832678862,96.69677416732114,1000
gga,-67.0143481662792,56.985651833720794,1000
oru,-10.453506171737986,96.54649382826202,1000
vbf,-75.37872238462293,34.62127761537707,1000
wkz,-78.77125171905425,39.22874828094575,1000
lfj,-18.743101168851485,83.25689883114852,1000
ioq,-52.30567527822218,89.69432472177782,1000
ojc,-72.14448070895344,7.855519291046559,1000
agw,-40.071807379383706,62.928192620616294,1000
akj,-36.1907421212099,20.8092578787901,1000
qjs,-37.33581482262443,62.66418517737557,1000
lqt,-91.24895730163475,8.751042698365257,1000
hyg,-85.537348146227,48.462651853773,1000
zuo,-74.75752841391652,42.242471586083475,1000
gly,-66.6665248652176,0.33347513478240054,1000
enw,-30.81834026650363,29.18165973349637,1000
ofj,-74.43742726433818,9.562572735661814,1000
izl,-39.877541542421,13.122458457579002,1000
aaw,-83.83663670185939,20.163363298140613,1000
wzz,-84.37002358573733,59.629976414262664,1000
enm,-66.65447420749098,14.345525792509028,1000
zzs,-46.01149124035712,34.98850875964288,1000
woi,-88.48902695431731,58.51097304568269,1000
fji,-91.15473432724625,47.84526567275376,1000
vio,-78.86101715118758,66.13898284881242,1000
uum,-46.419978654399415,48.580021345600585,1000
wuj,-59.380297983828925,20.61970201617108,1000
dxf,-79.63287834016158,0.36712165983842127,1000
grb,-55.78683767184794,59.21316232815206,1000
mqe,-33.49077550160024,8.509224498399758,1000
wch,-33.57249405672319,45.42750594327681,1000
qvn,-46.551571852552,50.448428147448,1000
vyq,-66.47756628181544,92.52243371818456,1000
wre,-75.59580386290449,27.404196137095507,1000
jsz,-33.01509998493267,74.98490001506732,1000
snt,-9.890599274283755,77.10940072571624,1000
lfa,-86.6833889241832,52.31661107581679,1000
gfy,-56.31319310995075,2.686806890049251,1000
uxx,0.7161677712352265,74.71616777123522,1000
sbw,-42.082993035754754,28.917006964245246,1000
uvq,-91.65587745422766,31.34412254577234,1000
auc,-16.216500876823883,62.783499123176114,1000
htv,-20.83135772769196,9.168642272308041,1000
udj,-35.022369253319496,26.977630746680504,1000
voq,-32.32595333200482,4.674046667995176,1000
nbq,-87.12613057776127,12.87386942223873,1000
irf,-88.9674730043065,75.0325269956935,1000
tsf,-3.0154814235651752,46.98451857643482,1000
rle,-93.19341763093291,52.80658236906708,1000
eex,-4.656536811124114,60.34346318887589,1000
skv,-27.349435456704086,20.650564543295914,1000
xxp,-92.1112735993495,30.88872640065049,1000
msh,-65.11597923246671,3.884020767533283,1000
zyb,-94.31761104940485,10.682388950595156,1000
obe,-65.04136245156732,61.95863754843267,1000
lsw,-25.889778303385295,14.110221696614703,1000
uso,-11.76981027431704,31.23018972568296,1000
sno,-64.43270135211698,37.56729864788302,1000
ksh,-26.204242202733393,97.7957577972666,1000
zjk,-45.37878267854051,70.62121732145948,1000
ohp,-86.18454130720386,77.81545869279614,1000
iof,-89.5716162630791,13.428383736920903,1000
fua,-54.646563245280554,76.35343675471944,1000
nla,-49.85326187536004,74.14673812463995,1000
gon,-53.33926960891731,96.6607303910827,1000
yip,-69.2614401693886,79.7385598306114,1000
igr,-52.118125382212014,49.881874617787986,1000
njt,-48.64578158952352,52.35421841047648,1000
osg,-1.8496601708695142,79.15033982913049,1000
tvf,-65.41140169146806,84.58859830853194,1000
ydo,-91.78338539038216,53.21661460961783,1000
oew,-65.07420170630418,37.92579829369582,1000
mlf,-64.99961640802309,14.000383591976911,1000
pci,-90.9232235679427,92.0767764320573,1000
krq,-21.976093120224988,91.02390687977501,1000
mkq,-20.334016088252486,50.66598391174751,1000
zqh,-56.40408491700421,69.59591508299579,1000
cgx,-62.48304302887876,58.51695697112124,1000
huz,-96.45278501554155,43.547214984458456,1000
hea,-7.576386934190013,55.42361306580999,1000
wcn,-29.15364282534722,59.84635717465278,1000
jhr,-82.91105572226161,5.088944277738388,1000
onh,-26.67592276818807,13.324077231811929,1000
neq,-92.24153135383648,65.75846864616352,1000
wzs,-71.78821981541857,15.211780184581428,1000
bdf,-89.96875611081717,29.031243889182832,1000
pcp,-32.11376414926629,9.88623585073371,1000
byn,-80.43239610060222,24.56760389939779,1000
ovo,-32.18597200826774,67.81402799173226,1000
vho,-79.3531179062726,65.6468820937274,1000
vnw,-69.00513532923641,72.99486467076359,1000
jib,-36.292602175663944,11.707397824336057,1000
ick,-60.833303190316705,97.1666968096833,1000
dha,-38.15605735004706,22.843942649952943,1000
lrh,-15.547471075234444,19.452528924765556,1000
gdh,-96.0200404648624,38.979959535137596,1000
ckl,-55.353649946021754,81.64635005397825,1000
pzp,-71.02770849377929,36.97229150622072,1000
huy,-18.299103800130233,97.70089619986977,1000
kxr,-16.363838783714023,39.63616121628598,1000
reo,-80.7330777091539,39.2669222908461,1000
dpg,-43.813901635407085,24.18609836459292,1000
dqm,-68.04814216834062,52.95185783165938,1000
hjo,-84.91128402848217,34.08871597151783,1000
yfa,-73.17094849269229,12.82905150730771,1000
pup,-37.91642014102922,95.08357985897078,1000
omj,-1.9479868596875858,3.052013140312414,1000
ftj,-11.223202145103631,62.77679785489637,1000
rfj,-8.423008067655257,59.57699193234474,1000
wac,-49.23274634007205,20.767253659927952,1000
asa,-10.353352946389357,63.64664705361064,1000
vyb,-91.54164367330105,53.45835632669895,1000
ctn,-43.67705232132634,11.32294767867366,1000
ixj,-56.12007892791691,71.87992107208309,1000
hha,-27.649380506425643,88.35061949357436,1000
mpq,-3.6113898629197667,0.3886101370802335,1000
web,-47.2792262788925,55.7207737211075,1000
pnk,-21.6009265667397,13.399073433260298,1000
cko,-12.968472148856947,8.031527851143053,1000
qzk,-0.7363782096803627,43.26362179031964,1000
pga,-40.92654781880094,87.07345218119906,1000
oqq,-20.893830094215346,38.106169905784654,1000
hdt,-73.00602159975487,86.99397840024513,1000
muv,-79.63456056657381,41.36543943342618,1000
lyg,0.35104529147607144,52.35104529147607,1000
uvo,-13.038223993730767,4.961776006269233,1000
ivy,-68.5533635648427,78.4466364351573,1000
rvx,-62.710519094138114,68.2894809058619,1000
hwn,-42.434861595851274,91.56513840414873,1000
bxc,-18.172416929881763,28.827583070118237,1000
yox,-66.05286730200902,26.94713269799098,1000
lzg,-31.67354174296079,69.3264582570392,1000
mbj,-2.260579117442724,89.73942088255728,1000
zgy,-53.62938450804204,58.37061549195796,1000
xeo,-72.73771183154099,36.26228816845901,1000
kdg,-89.05950063406155,12.940499365938454,1000
xlc,-32.607084115077015,21.39291588492298,1000
pbk,-66.24081396854753,9.759186031452467,1000
igz,-87.33124986264816,80.66875013735184,1000
cae,-52.16357420681772,45.83642579318228,1000
nfi,-72.3700415093494,43.6299584906506,1000
ykv,-34.79837962144504,86.20162037855496,1000
fkn,-88.00073330052916,13.999266699470837,1000
gjl,-24.490002454946513,87.50999754505348,1000
gdh,-33.10364088319523,51.89635911680477,1000
ysb,-92.59417819430757,5.405821805692426,1000
aos,-96.5966299347505,58.40337006524951,1000
its,-27.157699466697654,85.84230053330235,1000
wqw,-28.90359071638648,55.096409283613525,1000
zxb,-21.671330442802837,24.328669557197163,1000
mou,-89.22538487575933,21.77461512424067,1000
kqw,-45.30959001682601,64.69040998317399,1000
hyt,-49.46679196497765,64.53320803502234,1000
soq,-43.331800424256606,93.6681995757434,1000
ttc,-70.28239238446372,83.71760761553628,1000
pgs,-24.295042500376066,25.704957499623934,1000
mpk,-36.804376589983555,10.195623410016442,1000
ubb,-94.93479353288512,92.06520646711488,1000
jol,-8.738550375672858,86.26144962432714,1000
rka,-32.36554809087262,61.63445190912738,1000
qqu,-97.92115097769916,95.07884902230084,1000
dbd,-84.99246575636796,94.00753424363204,1000
nib,-79.74714153258333,21.252858467416672,1000
yjb,-9.702001282710263,41.29799871728974,1000
pjb,-89.27201638140939,1.727983618590615,1000
bhe,-53.856521402381375,21.14347859761863,1000
kiv,-70.74936680497639,92.25063319502361,1000
hgq,-62.45921329907362,69.54078670092638,1000
yta,-60.89735817869435,36.10264182130565,1000
vyn,0.6275916835533054,54.627591683553305,1000
nlj,-56.12859374100708,90.87140625899292,1000
zts,-38.69590045211898,85.30409954788102,1000
wvn,-47.39008135624552,77.60991864375448,1000
gcs,-17.32158002285665,94.67841997714335,1000
bsg,-64.83007070859829,88.16992929140171,1000
uqj,-73.81718685255892,71.18281314744108,1000
vmk,-42.22802113405386,35.77197886594614,1000
dpa,-32.45040675508318,9.549593244916824,1000
xfw,0.4153777823513577,54.41537778235136,1000
guk,-55.32257454926442,43.67742545073558,1000
wdj,-22.439800007539038,79.56019999246097,1000
jpx,-80.21828883995707,26.781711160042928,1000
vur,-20.019702896407132,88.98029710359287,1000
bgt,-5.674548556841566,43.325451443158435,1000
hxp,-64.97504292876546,9.024957071234544,1000
zhb,-97.6008917920054,4.3991082079945985,1000
dkv,-37.69966387889184,28.300336121108156,1000
vyj,-86.44324661574933,34.55675338425067,1000
dyy,-11.780263074102013,65.21973692589799,1000
kab,-66.97871001404371,32.02128998595629,1000
bzl,-71.0309800082855,86.9690199917145,1000
xst,-12.577154987586592,83.4228450124134,1000
ddt,-26.885523272823463,47.11447672717654,1000
knf,-3.951073089806602,14.048926910193398,1000
hmb,-97.6938849247064,92.3061150752936,1000
viw,-33.8825820355999,42.1174179644001,1000
rxo,-81.54211615366195,74.45788384633805,1000
vrt,-76.08901397778719,52.9109860222128,1000
efn,-0.24833975453578006,72.75166024546422,1000
xcy,-39.45259477258492,18.547405227415073,1000
xaq,-22.607575511365013,50.39242448863499,1000
cvr,-55.59920215709226,17.400797842907743,1000
inx,-2.156003296171898,5.843996703828102,1000
veh,-36.34402250992275,54.65597749007725,1000
kbu,-61.31585874890934,62.68414125109066,1000
iky,-9.885413427995905,9.114586572004095,1000
fue,-30.557197162477006,77.44280283752299,1000
xhc,-60.031921020256995,90.968078979743,1000
ffu,-72.70559177848006,1.2944082215199457,1000
ofm,-57.577111762409224,72.42288823759077,1000
yqf,-4.743379848859915,14.256620151140085,1000
nbk,-70.14881810575643,92.85118189424357,1000
qwf,-21.606947032130417,62.39305296786958,1000
iwn,-39.90107539800704,27.098924601992966,1000
aeo,-72.65875342540171,26.341246574598284,1000
zcy,-16.741629133730115,1.258370866269885,1000
ush,-77.53782545541756,18.462174544582435,1000
orm,-74.73036393712766,87.26963606287234,1000
btt,-93.04260798746353,72.95739201253647,1000
oci,-44.96370860761663,24.03629139238337,1000
cho,-81.21538182587467,96.78461817412533,1000
wri,-48.90817609122531,60.09182390877469,1000
rkx,-14.84967228432791,87.15032771567209,1000
rgh,-7.649027573239194,79.3509724267608,1000
eyj,-86.31303116898708,57.68696883101291,1000
rmg,-78.88321782842009,71.11678217157991,1000
jlh,-62.616610443259454,18.383389556740546,1000
ywo,-46.667051702879895,65.33294829712011,1000
zti,-78.38864637454573,22.611353625454267,1000
orx,-68.45585280693045,73.54414719306955,1000
thj,-52.77351576807938,55.22648423192062,1000
akv,-21.20376661536526,17.79623338463474,1000
fpl,-76.0474911624248,44.95250883757519,1000
nmo,-60.301430130572406,86.6985698694276,1000
dod,-13.565748166200633,3.434251833799366,1000
sji,-67.81570950187053,46.18429049812947,1000
nwg,-54.83842742045039,50.16157257954961,1000
fnc,-74.09136932088944,90.90863067911056,1000
qsx,-8.641889670084542,9.358110329915458,1000
err,-31.218481561023538,36.78151843897646,1000
vtz,-5.034550961318615,19.965449038681385,1000
tmx,-37.53193711971512,15.468062880284885,1000
ueh,-84.14340470485841,10.856595295141592,1000
urt,-28.523863222825792,93.4761367771742,1000
wbj,-26.812525199278078,97.18747480072193,1000
tmh,-35.29810508219329,7.70189491780671,1000
yrf,-81.73340059592324,45.26659940407675,1000
jto,-90.60788891797718,30.392111082022822,1000
hvs,-61.164541676907,80.83545832309301,1000
rcy,-11.805835357359781,74.19416464264022,1000
sun,-26.171800127729853,92.82819987227015,1000
jcz,0.7528240586105647,79.75282405861057,1000
fxg,-29.543651533433557,13.456348466566443,1000
uoc,-21.775651423759296,39.22434857624071,1000
mik,-21.356971927114053,62.64302807288595,1000
eys,-69.1578664663938,88.8421335336062,1000
can,-82.38988044387732,13.610119556122678,1000
rdp,-31.45450815237315,95.54549184762685,1000
ufa,-1.4985677704603015,64.5014322295397,1000
lpe,-58.282837186643164,60.717162813356836,1000
pfm,-29.362233267624788,98.63776673237521,1000
cqx,-23.07971200944963,44.92028799055037,1000
zba,-45.990648480071265,35.009351519928735,1000
thx,-88.63078497501174,87.36921502498826,1000
izi,-50.23852140715399,78.761478592846,1000
ylt,-63.26978587444653,77.73021412555347,1000
nnf,-54.1137336603824,31.886266339617595,1000
uhz,-90.50931064563257,89.49068935436743,1000
bfd,-31.373980988715534,32.62601901128447,1000
fov,-76.63674523488906,56.36325476511093,1000
jxm,-4.819374070574975,57.18062592942503,1000
fla,-69.37491070301148,3.625089296988521,1000
ked,-77.9670816273306,77.0329183726694,1000
hlb,-76.37962648211288,0.6203735178871159,1000
vqt,-40.218014113849016,8.781985886150984,1000
lvb,-15.104653469696174,32.895346530303826,1000
gup,-17.40300808249119,41.59699191750881,1000
vsy,-87.17854068391652,7.821459316083483,1000
hwf,-85.18425000676164,70.81574999323836,1000
ffr,-34.35776458574454,48.64223541425546,1000
ohp,-97.82372699799818,22.176273002001818,1000
evi,-63.267453460822395,45.732546539177605,1000
tpu,-51.51618662524132,34.48381337475868,1000
uwy,-65.65507235034033,37.34492764965967,1000
myw,-38.39726596944573,94.60273403055426,1000
uow,-71.79666120628184,5.203338793718165,1000
usj,-81.74381672657897,97.25618327342103,1000
tgq,-82.26646225730485,83.73353774269515,1000
qjz,-66.1371231469262,37.86287685307379,1000
vig,-24.656862982303803,43.3431370176962,1000
eoa,-56.3455758624641,26.654424137535898,1000
hjn,-56.091948256593305,29.9080517434067,1000
bkk,-28.06320522073514,48.93679477926486,1000
cxj,-12.466358187218077,41.53364181278192,1000
xje,-54.950541579537145,22.04945842046285,1000
ljb,-84.75642600514618,34.24357399485381,1000
gdw,-48.728700215085034,20.271299784914962,1000
ulx,-59.668955941010346,4.331044058989658,1000
nzv,-15.441186863719286,56.55881313628071,1000
cpa,-36.52453798046357,2.475462019536426,1000
oji,-9.846574324353748,97.15342567564625,1000
bec,-12.547017883325818,79.45298211667418,1000
aqz,-90.92870794571897,69.07129205428103,1000
wmd,-56.341253818302,34.658746181698,1000
fls,-31.836495026210184,30.163504973789816,1000
zos,-45.377436471106925,65.62256352889308,1000
ifs,-53.506668072740915,56.493331927259085,1000
ocs,-94.61232961254663,59.38767038745337,1000
wef,-54.174398871771096,79.82560112822891,1000
uzd,-72.28568398122594,75.71431601877406,1000
ebr,-49.913592693203206,93.08640730679679,1000
ylu,-45.0199374677536,16.9800625322464,1000
nru,-78.810642165476,3.1893578345240026,1000
gfg,-20.037636885294454,51.962363114705546,1000
pwo,-12.914600835882512,4.085399164117488,1000
qup,-79.09299283177633,83.90700716822367,1000
qze,0.17186422304478755,14.171864223044787,1000
uyq,-55.66468757633563,31.33531242366437,1000
goq,-54.302314017019164,42.697685982980836,1000
sdv,-96.76099851192458,3.239001488075419,1000
ubl,-11.47319970195415,5.526800298045851,1000
kyj,-91.00678013703471,88.99321986296529,1000
rdu,-15.329036223718758,72.67096377628124,1000
usg,-18.833736970152717,63.166263029847286,1000
ddk,-88.36958228444978,84.63041771555022,1000
zhd,-27.933599495684824,73.06640050431518,1000
koo,-35.51284788320482,3.4871521167951824,1000
zsk,-85.25710929764907,37.742890702350934,1000
ucg,-91.642940791147,24.35705920885301,1000
hcc,-38.46879183121288,1.5312081687871197,1000
dwu,-38.12052329268467,22.879476707315327,1000
pqc,-76.71201054039963,67.28798945960037,1000
vcn,-76.50184810362988,53.49815189637012,1000
qhe,-93.66804931382826,73.33195068617174,1000
jzm,-86.85839344162007,73.14160655837993,1000
uqf,-96.1472634096605,32.85273659033951,1000
ovs,-29.617739415665472,74.38226058433453,1000
off,-17.0274611950027,25.9725388049973,1000
ysk,-29.79081698845466,32.20918301154534,1000
ocl,-41.211937555917636,1.788062444082363,1000
cow,-14.222367355954109,45.777632644045894,1000
ptt,-96.52192043482127,13.478079565178728,1000
gbt,-72.4384797647143,76.5615202352857,1000
cyo,-77.79768512736172,64.20231487263828,1000
dmg,-54.0132094948984,83.98679050510161,1000
mpz,-32.428679556429465,44.571320443570535,1000
vmf,-75.3508302634538,66.6491697365462,1000
odk,-66.40392519016552,10.596074809834471,1000
jyk,-26.326816917482248,26.673183082517752,1000
pzk,-11.696575939971897,13.303424060028103,1000
pya,-93.41586280896162,76.58413719103838,1000
fep,-45.91553197571766,64.08446802428234,1000
jup,-3.873535620709319,54.12646437929068,1000
pva,-47.893751663016,90.106248336984,1000
xol,-92.77118959859739,42.22881040140261,1000
swh,-9.057065130991429,0.9429348690085713,1000
hxh,-0.26175088920226786,38.73824911079773,1000
tbq,-27.03681340442843,77.96318659557157,1000
ohg,-5.947156121864859,42.05284387813514,1000
tjw,-79.78330288348647,56.21669711651354,1000
qyq,-64.75536134256103,43.244638657438976,1000
sti,-14.11843509223733,79.88156490776267,1000
ziq,-84.99994368980092,94.00005631019908,1000
nuu,-79.7847810293591,61.2152189706409,1000
xxw,-7.694898943169527,65.30510105683048,1000
pwl,-46.507591467060095,96.4924085329399,1000
hzx,-78.04374604669198,19.956253953308025,1000
kqc,-42.514953397983504,14.485046602016496,1000
rhq,-53.63335502790566,84.36664497209435,1000
xwt,-7.032149884004655,29.967850115995343,1000
yfw,-4.959807827040038,70.04019217295996,1000
zgm,-43.80488168421352,60.19511831578648,1000
lfd,-70.69416914698445,43.30583085301555,1000
qji,-38.50122020767585,81.49877979232414,1000
xyi,-41.811508236712385,26.188491763287615,1000
llf,-47.810131518985585,5.189868481014413,1000
sxs,-94.01530814360967,53.98469185639033,1000
nrh,-1.6216777907658106,26.378322209234188,1000
dwy,-42.107404467641366,83.89259553235864,1000
dkl,-60.1321428124011,24.867857187598897,1000
lrk,-2.4741435538751686,97.52585644612483,1000
usp,-79.05932090183971,65.94067909816029,1000
gjc,-97.29724251894625,56.70275748105375,1000
bbn,-93.22883550690024,46.77116449309976,1000
tws,-61.338774844192415,16.661225155807585,1000
pmq,-76.38197997851385,96.61802002148615,1000
bkz,-57.393307596317726,82.60669240368227,1000
zcc,-50.76404185468039,44.23595814531961,1000
mhz,-18.662048619156938,36.337951380843066,1000
jlr,-36.023926251827504,68.9760737481725,1000
kaw,-14.707915890959445,15.292084109040555,1000
rvs,-40.533098628500724,26.466901371499276,1000
yvt,-0.15058301623366566,70.84941698376633,1000
vqu,-78.04631317362215,75.95368682637785,1000
ojb,-66.48841477622797,54.51158522377204,1000
elj,-93.05714205341484,96.94285794658516,1000
tfu,-45.35014930517906,98.64985069482094,1000
pem,-1.29748786013686,41.70251213986314,1000
vwb,-77.20430802754538,24.795691972454627,1000
flx,-50.00389751822534,53.99610248177466,1000
mxl,-62.701652712676506,13.298347287323491,1000
chd,-80.0170643383719,50.982935661628105,1000
rqj,-97.65119943776801,88.34880056223199,1000
ugr,-25.122442037481072,47.87755796251893,1000
nfg,-52.74734381015176,2.252656189848242,1000
ifw,-63.03030803133349,60.96969196866651,1000
hqu,-45.77145987708761,2.228540122912395,1000
nhf,-53.08924700780898,35.91075299219102,1000
dxx,-39.62719642904224,73.37280357095776,1000
mmm,-7.841282060977745,73.15871793902225,1000
jfc,-62.77245092964775,79.22754907035224,1000
uzv,-62.400176030399756,43.599823969600244,1000
pgx,-21.780949804724013,5.219050195275985,1000
evp,-34.923223137898376,19.07677686210162,1000
fcy,-7.300856033555864,97.69914396644414,1000
fvt,-11.569510594099283,29.43048940590072,1000
iki,-85.59899948041985,41.40100051958015,1000
rss,-20.56086282037206,58.43913717962794,1000
nbd,-23.45397319978722,71.54602680021277,1000
mhu,-94.27921334650296,2.7207866534970386,1000
ruv,-64.53796218978886,60.46203781021114,1000
hbi,-69.56472671679896,69.43527328320104,1000
rwl,-22.79402391125524,89.20597608874476,1000
mrb,-40.82429622134747,83.17570377865253,1000
ahy,-76.7616099456059,60.2383900543941,1000
cer,-10.103454159529942,15.896545840470058,1000
qqp,0.07805749845681864,53.07805749845682,1000
fsn,-45.398387710296916,17.60161228970308,1000
hvp,-93.42352842173788,21.57647157826211,1000
ang,-15.024712656898062,85.97528734310194,1000
buw,-45.67456378863526,47.32543621136474,1000
qkj,-41.43857039834875,52.56142960165125,1000
qpb,-97.39398293016143,46.60601706983857,1000
oip,-49.12017176614234,53.87982823385766,1000
hfg,-63.47840957110349,54.52159042889651,1000
iyq,-41.43990489310546,55.56009510689454,1000
rah,-63.644548768347235,89.35545123165276,1000
qkh,-6.240890419043189,87.75910958095682,1000
cew,-92.94566394832525,87.05433605167475,1000
pwb,-47.13905884966828,9.860941150331717,1000
wsb,-36.56397932063997,71.43602067936003,1000
xlb,-64.81147919208799,9.188520807912019,1000
ooq,-70.53533411741022,35.464665882589784,1000
gzh,-57.09954125917771,29.900458740822287,1000
ite,-39.68953845974769,36.31046154025231,1000
gbn,-27.79557720523356,93.20442279476644,1000
ykj,-17.34968992880211,57.650310071197886,1000
yfz,-3.4431222853936077,76.55687771460639,1000
fei,-74.00157970735039,16.99842029264962,1000
eon,-48.85887954180369,50.14112045819631,1000
ued,-26.873920439018534,36.126079560981466,1000
ehq,-65.25365291028122,39.74634708971879,1000
ask,-16.991784200670168,88.00821579932983,1000
lfw,-4.178030327114765,82.82196967288523,1000
dpy,-18.049500298839458,21.950499701160542,1000
dnc,-39.32848308225753,19.671516917742473,1000
mzh,-19.689641026747918,84.31035897325208,1000
vdi,-71.50918271662952,53.490817283370475,1000
zqy,-90.41076030421522,29.589239695784787,1000
bpk,-51.07757344278302,29.92242655721698,1000
fxf,-4.0429506168231715,86.95704938317682,1000
ywi,-78.65645962898456,69.34354037101544,1000
eda,-82.35989191125942,0.6401080887405745,1000
hcj,-51.71762091596174,72.28237908403825,1000
vze,-40.370762530329024,1.6292374696709726,1000
llq,-32.59455094062016,30.40544905937984,1000
wnl,-69.87472572153119,0.125274278468813,1000
wwl,-83.1729844137257,44.8270155862743,1000
ukt,-4.72155664262738,3.27844335737262,1000
teg,-97.5192363205748,47.480763679425195,1000
cac,-83.41519710355601,86.58480289644399,1000
yvo,-78.43793154157768,37.56206845842232,1000
foh,-70.84831888862526,78.15168111137474,1000
xye,-58.53427352332549,4.465726476674509,1000
zii,-93.42554074650003,8.574459253499962,1000
etl,-11.540380892771996,63.45961910722801,1000
euy,-40.46964247516824,17.530357524831757,1000
tcu,-41.44519486800429,74.5548051319957,1000
czm,-40.223065761763806,40.776934238236194,1000
rvz,-11.7666092745155,93.2333907254845,1000
fyd,-93.28863714751282,54.71136285248718,1000
xap,-26.413043922160913,50.58695607783908,1000
wch,-2.6573315696821633,69.34266843031784,1000
pic,-85.87555950137589,3.1244404986241143,1000
nqs,-61.35332837280007,93.64667162719992,1000
jll,-23.14949459719166,40.85050540280834,1000
azi,-41.38859278175839,9.611407218241613,1000
oqf,-48.219164299218654,88.78083570078134,1000
rgf,-75.98544120372766,46.01455879627234,1000
bhn,-38.226272485252984,79.77372751474701,1000
bjo,-51.72516452145629,70.27483547854371,1000
dqn,-54.909031962539984,58.090968037460016,1000
lfd,-42.81499244197062,64.18500755802938,1000
xhv,-41.85638704331194,14.14361295668806,1000
jyo,-11.293697656565008,54.70630234343499,1000
bjn,-54.03597659928185,53.96402340071815,1000
