zmv,-87.5388997352853,7.461100264714696,500
hzl,-40.39259856220217,17.60740143779783,500
ksi,-44.10121994945753,83.89878005054247,500
cbj,-30.81638453232211,91.18361546767788,500
lxd,-59.152066090296664,21.847933909703336,500
uoo,-38.87887030238966,8.12112969761034,500
qie,-15.246129089291147,85.75387091070886,500
yzp,-70.6968878853854,88.3031121146146,500
ytb,-48.17580364914675,78.82419635085324,500
xvf,-57.10981483690649,38.89018516309351,500
qal,-48.202879041280056,71.79712095871994,500
yho,-18.138385951275108,91.86161404872489,500
mte,-84.94267114854281,92.05732885145719,500
bcz,-88.63438021312028,14.365619786879714,500
ndm,-83.95260337734372,14.047396622656278,500
txe,-74.34313090362659,6.656869096373412,500
vzg,-19.366221503831106,0.6337784961688929,500
ufb,-7.049727297876395,27.950272702123605,500
liz,-34.753389375926496,3.246610624073502,500
dvv,-63.045929638779285,52.954070361220715,500
dlm,-45.56033176552485,14.439668234475151,500
kit,-4.899292157911326,68.10070784208867,500
xco,-36.77308680920896,35.22691319079104,500
qcx,-33.08740222635509,40.91259777364491,500
ptn,-42.83698489576113,90.16301510423887,500
mnw,-84.96875046347772,60.03124953652228,500
qon,-34.64181212011936,51.35818787988064,500
igd,-67.50110535508517,38.49889464491483,500
tva,-30.734777993905286,1.265222006094715,500
pmo,-89.62294953108497,51.37705046891502,500
oue,-0.970004468662627,3.0299955313373728,500
hij,-37.06602079092403,82.93397920907597,500
bft,-59.88577291863318,87.11422708136682,500
ogx,-4.404994443338499,82.5950055566615,500
kek,-33.19910599446177,11.800894005538234,500
ova,-9.574125753248865,45.425874246751135,500
pah,-21.973609875662476,26.026390124337524,500
dfb,-63.979276996361186,64.02072300363882,500
qcd,-52.09951747226528,79.90048252773471,500
gew,-75.1052961625144,12.894703837485594,500
uyw,-23.0666779504345,87.9333220495655,500
ote,-31.89189324204622,25.10810675795378,500
axj,-70.29570090245929,18.70429909754071,500
vjz,-65.67682383381646,98.32317616618354,500
dtu,-82.16415611678308,38.835843883216924,500
qzy,-47.09050111337666,79.90949888662334,500
fdc,-43.86211606066486,65.13788393933514,500
pkh,-63.14811508285536,36.85188491714464,500
yrh,-74.04331958681747,28.956680413182525,500
mmd,-92.9247127093915,67.0752872906085,500
oge,-77.38532600533601,69.61467399466399,500
ifn,-36.81825254166932,97.18174745833069,500
axs,-15.739311963466065,17.260688036533935,500
oud,-78.41378412032321,16.58621587967679,500
tsx,-41.70360978792927,38.29639021207073,500
nkb,-15.789535940968278,59.21046405903172,500
whf,-80.58336374976481,82.41663625023519,500
pnx,-51.45380236356855,79.54619763643146,500
jhn,-47.134481230680905,89.8655187693191,500
uek,-22.878663090153232,55.12133690984677,500
deg,-7.1175621977089705,66.88243780229102,500
zph,-29.526751717232134,23.473248282767866,500
qot,-35.40344990426372,8.596550095736282,500
yog,-9.788054498978404,49.211945501021596,500
knh,-53.337825918837524,10.662174081162474,500
hmv,-18.536490188559814,15.463509811440188,500
oxc,-30.207287108573244,30.792712891426756,500
few,-80.51103824402514,6.488961755974861,500
iyn,-59.09320160403814,98.90679839596186,500
hns,-91.48254757555532,72.51745242444468,500
kae,-48.92149206377657,7.078507936223431,500
mxh,-8.447158950544708,16.552841049455292,500
nid,-78.17443810131282,87.82556189868718,500
onr,-42.039299372682365,77.96070062731764,500
bug,-81.28316985401375,47.71683014598624,500
nhv,-54.35477017727012,83.64522982272987,500
fet,-31.895985125690437,29.104014874309563,500
xmy,-62.68593753944919,56.31406246055081,500
frv,-23.562215646801395,84.43778435319861,500
qtb,-77.44067839712635,37.559321602873645,500
zqz,-48.53103638186725,45.46896361813275,500
vec,-29.93066095444873,96.06933904555127,500
utg,-51.99369442643232,63.00630557356768,500
wqa,-45.940193539547955,26.05980646045204,500
gpq,-30.780748143260016,35.21925185673998,500
ssb,-90.51669018839564,75.48330981160436,500
wpk,-14.26225825286436,18.73774174713564,500
vxa,-96.7336065747574,30.266393425242597,500
lmj,-3.6163885862238194,4.383611413776181,500
qhm,-94.01314002472044,56.98685997527956,500
ids,-41.57392752538844,4.426072474611558,500
qjf,-87.10852719099589,10.891472809004107,500
qfn,-38.735054896855296,23.264945103144704,500
lqn,-94.77290590113606,79.22709409886394,500
fgn,0.6040859222431264,53.60408592224313,500
nwo,-48.741031855089076,39.258968144910924,500
kic,-47.139188204143395,81.8608117958566,500
ger,-11.310954967807413,37.68904503219259,500
kbc,-1.2563183958619968,88.743681604138,500
zvr,-51.011527985424166,63.988472014575834,500
sya,-82.65932530836538,92.34067469163462,500
srj,-76.63119760484604,72.36880239515396,500
lyj,-37.84596821001624,55.15403178998376,500
tbl,-69.03057387163463,98.96942612836537,500
xbs,-10.7988621457383,76.2011378542617,500
fpe,-57.80692578678888,74.19307421321112,500
kfx,-33.485428645905934,64.51457135409406,500
loy,-8.87446208236168,57.12553791763832,500
plk,-32.823292484889194,36.176707515110806,500
hcp,-72.02507657225982,60.97492342774018,500
mny,-19.54830776780807,44.45169223219193,500
tgg,-65.0617149184547,67.9382850815453,500
xuf,-24.865382494898682,87.13461750510132,500
aol,-48.436010104095665,17.56398989590433,500
fen,-44.70970965329852,29.290290346701486,500
zma,-49.1690976419004,26.830902358099603,500
fdm,-28.525525958277736,83.47447404172226,500
qqq,-79.78280422293045,57.21719577706954,500
ejg,-51.14992990454795,46.85007009545205,500
zfk,-50.589407524177076,26.410592475822927,500
rkn,-93.83809615683978,35.16190384316021,500
bmb,-41.181828255413514,86.8181717445865,500
sft,-76.73631825796146,19.263681742038536,500
cig,-83.0245705661659,49.9754294338341,500
bdy,-28.9753212219513,55.0246787780487,500
psh,-42.859276148003296,42.140723851996704,500
kbn,-90.7257121446213,96.2742878553787,500
mzy,-60.45297824030124,0.5470217596987612,500
nxr,-21.876753475085618,5.123246524914383,500
zzx,-39.54986023959854,44.45013976040146,500
pto,-58.6616362444618,3.338363755538199,500
piz,-47.07361070686362,73.92638929313638,500
mxp,-79.22272486006754,69.77727513993246,500
isf,-26.770789272303134,26.229210727696866,500
baf,-26.227098416273183,95.77290158372682,500
doj,-51.950393056379724,34.049606943620276,500
ruj,-97.0100715910832,90.9899284089168,500
vhh,-75.6145596779131,70.3854403220869,500
cmj,-49.849837785705446,12.150162214294554,500
ecn,-13.653298740582997,41.346701259417,500
ibd,-81.72244888944071,40.27755111055929,500
zmu,-93.08936734816817,50.91063265183183,500
ilc,-55.06147939155658,34.93852060844342,500
wfv,-51.38068132355351,20.619318676446486,500
tpj,-54.002405225043326,0.9975947749566711,500
cuj,-10.147312628528272,0.8526873714717277,500
fwe,-3.213602666235781,75.78639733376421,500
cjh,-87.00390362414602,48.99609637585399,500
ahf,-51.53852738019033,52.46147261980967,500
lcd,-4.455793759788816,53.54420624021118,500
ugf,-81.51544564674899,76.48455435325101,500
tfm,-58.34264548592818,34.65735451407182,500
jzo,-16.66930721843656,54.330692781563435,500
qbq,-88.53216795631941,5.467832043680589,500
ckh,-28.204214507816598,21.795785492183402,500
pfx,-40.818977641218126,11.18102235878187,500
fum,-7.84759220774006,74.15240779225994,500
uec,-60.50931202750069,3.490687972499306,500
mxy,-31.50234916450394,6.497650835496062,500
gji,-62.751175030597786,22.248824969402218,500
yxk,-72.3432174707448,49.656782529255196,500
gxk,-31.414735523823573,56.58526447617643,500
jrl,-70.53026571320561,25.469734286794385,500
dpt,-69.06676711593434,77.93323288406566,500
irx,-11.886991066995272,56.11300893300473,500
vru,-25.41080207648155,31.58919792351845,500
gdm,-15.734969533641763,94.26503046635824,500
ydg,-17.44548744158129,55.554512558418715,500
wqh,-22.22163121802366,81.77836878197634,500
ylq,-3.8080781820387912,97.19192181796122,500
mwu,-37.71477719768825,78.28522280231175,500
dwx,-24.131166218615245,91.86883378138475,500
caf,-84.17446348492857,19.82553651507143,500
fgx,-80.32128952594074,13.678710474059258,500
fmg,-96.24553544053276,47.754464559467245,500
iqc,-88.57934617783647,24.420653822163537,500
wvr,-18.315601075442654,65.68439892455734,500
ijd,-56.65381207437556,77.34618792562443,500
plq,-88.55685574211165,46.44314425788834,500
czm,-52.63628129920588,41.36371870079412,500
kyc,-5.2613752368546525,33.738624763145346,500
wus,-44.14622448379538,36.85377551620462,500
bqu,-47.072887469068895,59.927112530931105,500
xzh,-19.045310137226878,38.95468986277312,500
qid,-46.36588828057948,46.63411171942052,500
euw,-70.42980763081707,1.5701923691829371,500
khx,-71.45948014747883,47.54051985252118,500
ehg,-73.85075089235947,34.149249107640536,500
fpk,-83.62525013052692,0.37474986947308264,500
mln,-12.153662208372506,71.84633779162749,500
sqs,-71.13111752975975,16.868882470240244,500
bxq,-5.8284331007417896,85.17156689925821,500
oes,-83.29334720993188,34.70665279006811,500
bhc,-25.02158155374027,25.97841844625973,500
zla,-5.125744416563336,85.87425558343666,500
flc,-15.247991316490658,33.75200868350934,500
tyx,-28.766272553368527,83.23372744663148,500
irx,-60.55104728118476,40.44895271881524,500
tzm,-65.60690645175569,81.39309354824431,500
hrf,-50.88327487407681,18.116725125923185,500
tpy,-25.377303888402082,88.62269611159792,500
uni,-30.989879634639237,74.01012036536076,500
mvn,-93.42925718249421,51.57074281750579,500
tsw,-50.944866280496164,77.05513371950384,500
tbz,-61.84873420405059,66.15126579594941,500
zod,-86.08991456309047,18.91008543690952,500
ziw,-3.442703306402705,15.557296693597294,500
qhc,-38.29309237533443,41.70690762466557,500
fzw,-7.675323696202517,34.32467630379748,500
jyf,-33.17522976451125,84.82477023548876,500
hio,-65.77124447408978,92.22875552591022,500
kom,-57.501431423293766,30.498568576706234,500
tsb,-71.14047397890035,97.85952602109965,500
ahk,-57.1183926973057,40.8816073026943,500
eyk,-12.69836141813413,32.30163858186587,500
fbm,-34.555348208265855,10.444651791734142,500
kja,-92.22573489387094,56.77426510612906,500
mjw,-28.82181961240382,47.17818038759618,500
jpi,-27.28565961481531,94.71434038518468,500
ynu,-89.03175437989232,53.96824562010768,500
eve,-3.719619455748748,39.28038054425125,500
eey,-64.22749432523081,68.77250567476919,500
zro,-18.642525747885276,97.35747425211473,500
lmz,-42.82986196745928,39.17013803254072,500
rld,-11.805939332200165,98.19406066779983,500
ohp,-65.79416441847282,81.20583558152718,500
xdb,-89.93860149163864,75.06139850836136,500
jdx,-54.35364593060935,43.64635406939065,500
sva,-40.547713996657244,73.45228600334276,500
quw,0.16884684420192153,55.16884684420192,500
coz,-31.5917749330804,76.4082250669196,500
din,-0.5313872016226555,89.46861279837735,500
yto,-13.623757642461221,45.37624235753878,500
pue,-7.367361709109437,53.63263829089056,500
jwt,-12.23197495416859,94.76802504583141,500
zwm,-69.17752178936824,23.82247821063175,500
vrv,-74.51878135789615,5.481218642103858,500
fbe,-94.17044318165955,91.82955681834045,500
jbv,-85.09125294194602,45.90874705805397,500
xna,-0.5090264894374033,69.4909735105626,500
svh,-64.94065737928399,80.05934262071601,500
uku,-7.670719787918925,63.32928021208107,500
ybl,-2.2426716559242124,75.75732834407579,500
sso,-57.342847716544746,33.657152283455254,500
ttb,-29.380087623176593,67.61991237682341,500
fjj,-2.4814460415944146,70.51855395840559,500
hcr,-41.557539775838876,21.442460224161124,500
qcx,-24.458612326385214,62.541387673614786,500
gch,-37.51238131547265,92.48761868452735,500
xhe,-38.98753519907402,30.012464800925983,500
mrp,-10.123741065713945,10.876258934286055,500
brk,-31.2164124078765,26.7835875921235,500
bas,-80.3755092802112,40.624490719788795,500
xah,-27.804207997314077,5.1957920026859234,500
dtc,-73.92930939684331,96.07069060315669,500
dlt,-57.02969429082577,45.97030570917423,500
idt,-28.513148710512912,22.486851289487088,500
hnl,-82.93639859557463,32.06360140442536,500
rrm,-70.33515560441087,53.664844395589135,500
bpi,-44.668822534588415,62.331177465411585,500
qbx,-62.65427437543787,47.34572562456213,500
isq,-41.34986231306418,68.65013768693582,500
woy,-84.88482619528597,73.11517380471403,500
cav,-49.10187054281504,51.89812945718496,500
wab,-95.681492565658,55.318507434341996,500
mbi,-63.64652179289894,59.35347820710106,500
wfn,-26.314622985283336,62.685377014716664,500
ctq,-5.352615042420159,55.64738495757984,500
htq,-29.281652565430406,54.718347434569594,500
miz,-56.34265035803319,93.6573496419668,500
mzi,-8.556392072429961,26.44360792757004,500
yyx,-67.00657396004166,54.99342603995834,500
htw,-8.580337010964794,38.41966298903521,500
jie,-73.16513268483698,58.834867315163024,500
qjc,-13.674422607958906,28.325577392041094,500
ona,-2.1603492130483737,31.839650786951626,500
hng,-59.80953673513752,63.19046326486248,500
zaz,-58.40041057437151,15.599589425628489,500
efz,-42.507307387112085,24.492692612887915,500
ert,-32.619625343056285,17.380374656943715,500
vrw,-41.432389947047675,65.56761005295232,500
lvv,-21.763296441678307,39.23670355832169,500
vxr,-97.27256153016751,86.72743846983249,500
jfo,-8.143030258428055,51.856969741571945,500
eud,-94.19117501098684,10.808824989013162,500
cwl,-52.05556991934471,52.94443008065529,500
nfw,-49.16295017559126,91.83704982440874,500
gqr,-12.1891492491075,85.8108507508925,500
lex,-47.778405717715465,34.221594282284535,500
ewt,-0.9641967027663726,92.03580329723363,500
tgn,-31.360306461687742,84.63969353831226,500
wgj,-73.18935242492488,85.81064757507512,500
ese,-9.991932638795804,41.0080673612042,500
pet,-57.92174379316798,69.07825620683202,500
rla,-67.05680015331541,98.94319984668459,500
soq,-68.0963524186694,96.9036475813306,500
kbw,-65.37101470028487,76.62898529971513,500
ibz,-59.40062748154341,20.59937251845659,500
rnz,-37.50503883167624,56.49496116832376,500
mic,-64.67453404493206,68.32546595506794,500
edm,-23.143030849867813,59.85696915013219,500
hhb,-16.939725698998604,24.060274301001396,500
epj,-19.782567241880468,85.21743275811953,500
tbe,-4.074459241661562,91.92554075833844,500
owv,-28.429738395930205,58.57026160406979,500
jpg,-20.04881365407487,68.95118634592514,500
rld,-22.43873510428962,53.56126489571038,500
kaf,-78.9190411556638,48.080958844336195,500
sct,-43.40461428895989,11.59538571104011,500
wws,-84.00222427592543,64.99777572407457,500
vqd,-37.428213747967945,33.571786252032055,500
taj,-47.95277449466452,94.04722550533549,500
pic,-87.0064693609623,46.9935306390377,500
rgx,-29.19928447183599,56.800715528164005,500
mat,-40.58105373725973,74.41894626274028,500
voi,-68.73863269498307,86.26136730501693,500
btd,-89.49648583048466,12.503514169515345,500
xwq,-89.14767463103694,88.85232536896306,500
mrc,-15.882933511363586,79.11706648863641,500
prx,-43.414794456282934,11.58520554371707,500
blm,-3.268047607843115,69.73195239215688,500
hgs,-12.412371091672414,81.58762890832759,500
rzf,-19.74537114678808,0.25462885321191975,500
yoc,-39.846721713300944,56.153278286699056,500
ocz,-25.65849680018945,72.34150319981055,500
zee,-14.861280254408708,80.13871974559129,500
oxh,-52.76114377573379,53.23885622426621,500
wzg,-40.20871797581516,67.79128202418484,500
hcp,-88.60058932520872,96.39941067479128,500
wzp,-44.80618989040978,45.19381010959022,500
ztr,-25.398822098343196,15.601177901656804,500
jmc,-26.848108403077404,87.1518915969226,500
smx,-56.6735466474396,33.3264533525604,500
wkf,-53.63446138050008,27.36553861949992,500
rdl,-9.347607339831404,58.652392660168594,500
bfi,-18.125312793751913,40.87468720624809,500
xlh,-5.856600522337368,68.14339947766263,500
zlj,-17.215380091928147,8.784619908071852,500
ugz,-39.221247587922335,54.778752412077665,500
oex,-23.7759203766837,69.2240796233163,500
xhy,-89.9863465691023,3.013653430897706,500
xop,-96.01160841628409,37.98839158371591,500
psn,-37.124735327214374,64.87526467278563,500
pjl,-85.43693091079713,14.563069089202873,500
zpx,-40.93043585704346,48.06956414295654,500
dxr,-28.038697395535447,58.96130260446456,500
ibt,0.9596284914122761,76.95962849141227,500
cyt,-1.9552820162048155,66.04471798379518,500
aba,-36.82219223864643,79.17780776135356,500
cts,-64.3163639467621,14.683636053237908,500
mcq,-74.00925613230784,43.99074386769216,500
cjk,-38.70745766532705,32.29254233467295,500
mhn,-55.920676695622,6.079323304377999,500
iwi,-61.728903624820106,56.271096375179894,500
zmy,-12.646581726604648,20.353418273395352,500
qqc,-52.619119899514786,3.3808801004852165,500
cwe,-55.37378766716861,91.6262123328314,500
ily,-10.79737446201392,2.202625537986079,500
xlt,-42.552391031538846,92.44760896846115,500
abf,-82.42913786363106,20.570862136368945,500
nma,-20.854253312735135,31.145746687264865,500
zuw,-72.11043587048559,30.889564129514408,500
qmu,-74.27386508024279,27.726134919757218,500
sxb,-27.962067511946024,37.037932488053976,500
gek,-21.325591910962842,25.674408089037158,500
miz,-29.2294965143461,14.770503485653899,500
lui,-11.3050758787109,39.6949241212891,500
hso,-29.503174658713522,37.49682534128648,500
rpl,-54.56839974511072,67.43160025488928,500
ied,-17.423647151933856,87.57635284806614,500
zts,-52.07347406256231,24.92652593743769,500
tdx,-28.324755128468794,97.6752448715312,500
quy,-26.04177721063093,38.95822278936907,500
mfp,-6.083882832694664,91.91611716730533,500
hqr,-55.20733177772577,7.792668222274228,500
ojj,-82.91772406380744,63.08227593619256,500
ant,-15.391074479646814,80.60892552035318,500
ruu,-90.60014805702575,50.39985194297425,500
add,-43.75049450502967,23.249505494970325,500
ocz,-93.68197384795674,87.31802615204326,500
wqq,-53.13410982835799,44.86589017164201,500
vpz,-60.08552141565711,80.91447858434289,500
vcd,-50.623271658260904,70.3767283417391,500
huk,-19.837923427814378,90.16207657218563,500
zpa,-93.06407369212837,46.935926307871625,500
tqo,-94.22815056177795,32.771849438222056,500
tmb,-85.23610177953255,32.763898220467446,500
kjs,-85.7241368347509,13.2758631652491,500
bco,-32.26889687307785,2.731103126922149,500
mjp,-36.07311791921275,40.92688208078725,500
mzj,-89.54376478037723,41.45623521962277,500
ipl,-15.29716968360155,66.70283031639845,500
oou,-77.49827931906488,68.50172068093512,500
dka,-77.74417391086055,4.255826089139449,500
mvi,-35.064292791061504,82.9357072089385,500
tau,-59.27380263593198,80.72619736406803,500
hnj,-83.11075749690649,71.88924250309351,500
nlk,-63.477782680166456,79.52221731983354,500
wsk,-21.458224699581304,62.54177530041869,500
ael,-36.474763609688466,48.525236390311534,500
tum,-17.51589161262664,93.48410838737335,500
rak,-52.27861183740532,41.72138816259468,500
dcv,-26.832845309069405,97.1671546909306,500
gdm,-97.59560115697676,96.40439884302324,500
fve,-64.91143995884708,1.0885600411529233,500
vnt,-96.2947615967725,24.705238403227504,500
qrc,-29.891596601838117,0.10840339816188382,500
ogc,-75.27775751924415,19.72224248075585,500
cip,-33.30158436748738,65.69841563251262,500
shg,-7.34595168480703,52.654048315192966,500
gjj,-75.64528136780572,47.35471863219428,500
snx,-95.2858890783968,30.7141109216032,500
xdu,-6.241612080033253,11.758387919966747,500
hea,-87.93714206173041,83.06285793826959,500
vzg,-11.790481026629074,98.20951897337093,500
nto,-52.6229860313989,12.377013968601094,500
ypn,-59.194663373019644,41.805336626980356,500
hit,-57.315636927867416,29.684363072132584,500
rlu,-2.568314752148656,23.431685247851345,500
irj,-7.2420811263121,6.7579188736879,500
swl,-47.67900957676781,20.32099042323219,500
rse,-70.39338394240166,21.606616057598337,500
puh,-60.910485442537755,58.089514557462245,500
vzg,-93.25928936429939,34.74071063570061,500
yta,-52.265185244545854,48.734814755454146,500
zwb,-15.432901564928217,21.567098435071784,500
llu,-62.77280091756609,35.22719908243391,500
zqg,-82.4173557488928,8.582644251107197,500
xxu,-83.35439785551216,33.64560214448783,500
ozm,-38.060237880888494,90.9397621191115,500
imf,-52.34446844221377,57.65553155778623,500
lnu,-72.08959601708253,1.9104039829174668,500
adg,-47.60947277727656,9.390527222723446,500
nej,-64.93878707591988,93.06121292408012,500
wyz,-4.726681658297282,59.27331834170272,500
qks,-46.67692199559148,93.32307800440853,500
vqv,-3.351146987842569,87.64885301215743,500
aat,-13.95550592441665,18.04449407558335,500
mwh,-67.33003597879895,51.66996402120106,500
fbu,-41.24377720642662,65.75622279357337,500
ilf,-55.61061366897586,46.38938633102414,500
pzh,-11.984830418152601,70.0151695818474,500
dcx,-80.11230645186046,37.88769354813954,500
esz,-6.881633711215647,61.11836628878435,500
iis,-48.8700517443449,71.1299482556551,500
xrf,-22.00223993175595,23.99776006824405,500
imm,-88.33520236109075,68.66479763890925,500
lcq,-44.71877002968092,72.28122997031907,500
ojw,-3.3074400371051844,51.69255996289482,500
pfo,-67.91502816383017,92.08497183616983,500
lrb,-24.93877274105614,63.06122725894386,500
yaf,-34.959436424743636,37.040563575256364,500
jzd,-44.20345573794147,47.79654426205853,500
idm,-27.822838158749022,29.177161841250978,500
mco,-8.9962973712204,1.0037026287796005,500
lom,-68.58719589769258,68.41280410230742,500
qdi,-58.15946248447159,34.84053751552841,500
gff,-66.75959418108785,58.24040581891216,500
psn,-16.739542024924315,90.26045797507568,500
wro,-13.113310658218666,13.886689341781334,500
xqa,-78.897839479388,19.102160520612006,500
suu,-89.32813985074185,7.671860149258152,500
mxu,-59.70746716101972,79.29253283898028,500
ziy,-68.3762432938911,90.6237567061089,500
cce,-36.19819373898383,97.80180626101617,500
ddo,-19.624823040340647,45.375176959659356,500
kky,-11.118003633547936,35.881996366452064,500
tgm,-55.17392435494615,18.826075645053848,500
imp,0.01230662523795989,19.01230662523796,500
jvk,-33.34640174218916,53.65359825781084,500
esr,-94.59954451446852,91.40045548553148,500
njj,-4.8652366540718655,36.134763345928135,500
bqr,-36.47994119137178,38.52005880862822,500
hbo,-80.6203277841428,59.3796722158572,500
eqo,-84.83751098609933,70.16248901390067,500
qxn,-1.648393594395143,31.35160640560486,500
qgd,-65.22795641826222,76.77204358173778,500
wiw,-28.868915991787684,39.13108400821232,500
lrg,-79.13297338252421,51.86702661747579,500
tjq,-47.566957370185,61.433042629815,500
sku,-41.81567907783079,91.18432092216922,500
tvy,-82.90020826170708,63.09979173829292,500
jyf,-75.96072858827223,65.03927141172777,500
thm,-67.92836506526088,34.07163493473912,500
opk,-14.472789751867312,34.52721024813269,500
esz,-18.83100587106915,36.168994128930855,500
kqa,-26.714004770433668,45.28599522956633,500
cfp,-68.92774038186079,55.07225961813921,500
dux,-84.50304989284561,40.4969501071544,500
mbm,-75.26529544800347,84.73470455199653,500
rnc,-65.32266622397478,84.67733377602522,500
ujj,-53.00877920250007,72.99122079749993,500
bro,-15.239271531648683,95.76072846835132,500
pgb,-44.56447591038998,39.43552408961002,500
uev,-91.76834626731485,39.231653732685146,500
hwz,-90.54386445151896,37.456135548481036,500
wqt,-86.39660750419846,89.60339249580154,500
tom,-31.58881883544801,31.41118116455199,500
iwm,-75.05596364384296,62.944036356157035,500
lcc,-3.082485623236903,38.917514376763094,500
ssr,-34.48934824883148,36.51065175116852,500
sml,-28.884193912306102,2.115806087693899,500
aoc,-20.9491465453432,59.0508534546568,500
mam,-50.3671751244674,7.632824875532599,500
yjo,-81.78200355138286,32.21799644861715,500
vtn,-55.56400574597686,59.43599425402314,500
xlb,-16.808662895398776,32.191337104601224,500
fyh,-63.175132560309,86.824867439691,500
hbn,-13.799884184011505,2.2001158159884944,500
dge,-30.721155097995,25.278844902005,500
avb,-93.93442606532506,12.06557393467494,500
kom,-53.658436511737634,69.34156348826237,500
upd,-27.717238658817486,85.2827613411825,500
eqw,-76.62066378961525,6.379336210384747,500
gxs,-78.57768154767017,43.422318452329826,500
gwf,-66.66799466323917,66.33200533676083,500
dgu,-77.06461018344872,82.93538981655128,500
wgh,-7.771739849004552,81.22826015099545,500
nkg,-48.848656181972544,1.1513438180274536,500
kvl,-18.725969519522224,33.27403048047778,500
wrp,-26.352646992862418,68.64735300713758,500
xze,-81.00882877927984,2.9911712207201653,500
cua,-75.49574987742488,93.50425012257512,500
saa,-35.33935189587525,58.66064810412475,500
deo,0.6202311220559994,25.620231122055998,500
hvu,-29.7590513178304,72.2409486821696,500
szc,-86.66876224370138,97.33123775629862,500
kzh,-82.43230396921022,80.56769603078978,500
bpy,-26.41642536325408,22.58357463674592,500
fpm,-94.7613051544662,52.2386948455338,500
kud,-81.89165907704965,4.108340922950351,500
pta,-32.74305908855368,20.256940911446325,500
opt,-58.047372992183504,57.952627007816496,500
arq,-33.35104702876726,16.648952971232738,500
vos,-92.01092741649131,1.9890725835086904,500
hqo,-3.155950869503908,67.84404913049609,500
mid,-46.593121161348265,87.40687883865174,500
yhm,-60.80369070662612,86.19630929337387,500
con,-76.84350568452136,98.15649431547864,500
zfy,-6.739872197670821,45.26012780232918,500
klv,-95.58304639615594,58.416953603844064,500
eyt,-67.61302097036068,3.386979029639324,500
eqy,-79.9607006986595,52.0392993013405,500
myg,-11.248148145146025,62.751851854853975,500
ldm,-72.52036529058604,98.47963470941396,500
nhx,-77.0860246906676,22.913975309332404,500
ydh,-51.64401796706362,1.3559820329363834,500
yxh,-20.571867564389677,65.42813243561032,500
nvp,-43.267729251757274,15.732270748242726,500
kce,-5.669603703583495,36.3303962964165,500
eht,-55.09143131484842,84.90856868515158,500
gdp,-7.9546718079137895,81.04532819208622,500
xqp,-41.27563965429128,89.72436034570872,500
swl,-87.01861896413632,19.981381035863677,500
srx,-33.38288554013655,82.61711445986344,500
dpn,-0.12568873432155647,95.87431126567844,500
wsj,-75.8136870625221,5.186312937477888,500
nhy,-69.43435446484536,2.565645535154644,500
qsp,-44.20586352308286,90.79413647691713,500
txu,-32.3605974960107,7.639402503989303,500
apv,-81.45883501314508,20.541164986854923,500
teh,-3.941393259244577,26.058606740755422,500
ncm,-46.81827970885124,15.181720291148757,500
lal,-88.42397373111264,50.57602626888736,500
zil,-40.280409995834304,28.7195900041657,500
wre,-46.148600782911906,63.851399217088094,500
bby,-9.298992296036424,9.701007703963576,500
okb,-41.383554412864996,10.616445587135008,500
lap,-73.56148867184315,63.43851132815684,500
rum,-95.92207235614886,78.07792764385114,500
dvt,-38.0975109379547,7.902489062045296,500
pqr,-40.10510434634327,79.89489565365673,500
ijr,-13.977360074453271,60.02263992554673,500
khd,-36.935590824811364,75.06440917518864,500
edi,-13.675019870047665,19.324980129952337,500
iar,-39.728193458003325,49.271806541996675,500
fyn,-58.28043075066623,75.71956924933377,500
gno,-70.3060815428311,93.6939184571689,500
bhs,-61.68006472447118,17.319935275528817,500
dhj,-6.532711491644321,0.4672885083556789,500
ujf,-97.1987264505354,86.8012735494646,500
qvw,-53.79709677016787,91.20290322983213,500
oiq,-96.80959961496137,10.190400385038627,500
wml,-56.77417240680147,1.225827593198529,500
orj,-5.4857324635784055,66.5142675364216,500
gqv,-95.74494152603994,75.25505847396006,500
evs,-95.97807327048366,84.02192672951634,500
lar,-49.46976036862266,20.53023963137734,500
kck,-50.25409632648061,56.74590367351939,500
zkn,-73.92801115170634,6.071988848293656,500
ohu,-62.16672349195388,90.83327650804611,500
wvp,-36.69556666997468,73.30443333002532,500
jkp,-68.03078892165034,36.96921107834966,500
gxn,-84.77909250839635,11.220907491603656,500
wxp,-72.3243237781446,89.6756762218554,500
kim,-5.407065679029821,75.59293432097017,500
ees,-46.438777917973155,12.561222082026841,500
kzq,-84.19346292104267,4.806537078957335,500
kju,-96.94292601985126,3.057073980148745,500
hmn,-88.9516454960765,64.0483545039235,500
mkh,-65.8980331845051,26.101966815494904,500
ccn,-91.59768959446038,75.40231040553962,500
ewb,-66.81464121664511,25.185358783354893,500
iug,-14.991040046162377,62.008959953837625,500
fvw,-24.355302357003833,77.64469764299616,500
fta,-73.56565906679295,4.434340933207053,500
ept,-40.138938967770386,12.861061032229617,500
vcn,-62.31483522862749,91.68516477137251,500
ges,-97.98598238608284,49.01401761391716,500
vyq,-50.63485051245998,47.36514948754002,500
mkd,-35.96691244292382,54.03308755707618,500
ymr,-65.93677546468327,81.06322453531673,500
xpa,-42.85543979406945,26.144560205930556,500
qdi,-73.72414593498496,37.27585406501503,500
pxd,-32.03483733844379,74.9651626615562,500
adr,-68.34863631008244,60.65136368991756,500
uuu,-30.27957378118171,58.72042621881829,500
mbq,-15.39905943751335,28.600940562486652,500
jir,-56.626964659158595,10.373035340841406,500
iwj,-44.19625552775886,9.803744472241142,500
odb,-60.892852832281676,40.107147167718324,500
iyi,-65.95670458763483,8.043295412365167,500
dro,-96.97271799593824,73.02728200406176,500
cuo,-60.636242607561506,75.3637573924385,500
wwo,-29.242243457477908,61.757756542522095,500
dar,-20.01405678796241,69.9859432120376,500
vds,-71.40134276117026,61.598657238829745,500
ttr,-78.07967483931492,62.92032516068509,500
rqc,-3.8473036649331123,90.15269633506689,500
khh,-80.25783467411831,31.74216532588169,500
ihw,-79.15733162601624,20.84266837398376,500
gsp,-33.25923365752806,80.74076634247194,500
nup,-67.35464994234984,58.64535005765016,500
dqr,-20.098223190380104,14.901776809619896,500
vkd,-30.783465965177484,63.216534034822516,500
yae,-58.57363202909712,84.42636797090287,500
sxa,-16.621546680956165,65.37845331904383,500
uza,-2.0722200999967173,7.927779900003283,500
jbq,-9.55061457980837,86.44938542019163,500
ted,-94.65835734097604,34.34164265902396,500
fvn,-30.25130490420234,67.74869509579766,500
wht,-47.917495467526386,2.0825045324736102,500
dpq,-33.050713724236175,93.94928627576382,500
sfe,-42.174880747481076,16.825119252518927,500
drj,-45.77841457877625,17.221585421223747,500
yoc,-2.010447936812595,72.9895520631874,500
gti,-26.491343817784536,93.50865618221546,500
imw,-3.167733462276041,34.83226653772396,500
zhw,-80.16016602007305,98.83983397992695,500
xaz,-3.0266068507023034,79.97339314929769,500
sox,-85.36512188289922,59.63487811710079,500
kec,-35.1507049235199,16.849295076480097,500
jjy,-52.60158335621464,0.39841664378536357,500
lhy,-72.65588528502757,92.34411471497243,500
rtr,-86.83201570203043,14.167984297969564,500
ozp,-14.182790060644715,50.81720993935529,500
ged,-35.89917915014624,58.10082084985376,500
vib,-84.51444959328776,12.485550406712237,500
ozx,-56.046887495888335,16.953112504111665,500
hst,-59.063171298066806,7.936828701933196,500
uio,-1.3755756833254766,34.62442431667452,500
qmo,-58.32241836320277,17.67758163679723,500
msj,-78.4865007162478,70.5134992837522,500
ilf,-88.64409382697168,94.35590617302832,500
qmb,-74.33372452467476,73.66627547532524,500
qmj,-81.46865069856833,89.53134930143167,500
zwf,-35.01338673040495,26.986613269595047,500
fmv,-70.92043116741664,17.079568832583366,500
jid,-46.091026548740096,89.90897345125991,500
xcb,-55.62228413383052,32.37771586616948,500
qkf,-78.76261660315686,97.23738339684314,500
qqq,-47.60095317693907,88.39904682306093,500
hdp,-77.71118844203222,3.2888115579677777,500
ztm,-19.108282724015837,17.891717275984163,500
cwk,-55.46791454464561,88.53208545535439,500
qal,-14.825493042668944,32.174506957331054,500
kht,-51.43062316181002,95.56937683818998,500
yoo,-48.33055940587388,37.66944059412612,500
jtz,-80.62818679962842,44.37181320037158,500
xxh,-37.96537972217393,26.034620277826072,500
qzb,-55.77399612138294,74.22600387861705,500
jns,-75.77033733948858,89.22966266051142,500
csq,-55.498111745250405,23.5018882547496,500
wny,-25.647508041988974,31.352491958011026,500
wvn,-2.053991232605094,12.946008767394906,500
wmd,-67.48331149866138,2.516688501338625,500
ezw,-8.11911835390934,25.88088164609066,500
jtn,-8.522624521786916,90.47737547821309,500
enu,-34.30167065293805,59.69832934706195,500
bvx,-21.780348225505943,53.219651774494054,500
iva,-91.98546682245248,23.014533177547516,500
lwg,-8.43276347107357,4.567236528926429,500
pyl,-93.49702593629277,49.50297406370723,500
mpj,-91.91571926024308,65.08428073975692,500
key,-4.3633770151539535,11.636622984846046,500
qhf,-95.9067877688616,23.0932122311384,500
xna,-51.00908423701855,92.99091576298146,500
gvu,-0.721829723806736,85.27817027619326,500
tjp,-67.71958283440718,47.28041716559283,500
akr,-40.219455113936874,56.780544886063126,500
moj,-31.005375883788826,89.99462411621117,500
qqi,-12.237262642510087,42.76273735748991,500
xsc,-67.01704680134537,78.98295319865463,500
zvw,-89.21679635691987,92.78320364308013,500
axc,-57.44453624811046,69.55546375188955,500
txk,-69.20441737116391,17.795582628836083,500
acz,-57.051715917169545,5.948284082830453,500
dbp,-54.80591896909305,41.19408103090695,500
mlf,-25.590348074253235,84.40965192574677,500
cwc,-87.91993862908026,16.08006137091974,500
itj,-91.67885937880463,75.32114062119537,500
gvu,-76.43637304991852,20.563626950081478,500
dcj,-54.63783550586424,35.36216449413576,500
tws,-8.254705981445422,15.745294018554578,500
xvr,-77.50742902229089,27.492570977709107,500
vnf,-86.38586454620865,14.61413545379135,500
qdm,-85.28025544161345,18.71974455838655,500
kvl,-24.454371425846603,61.5456285741534,500
wxh,-47.501010014427045,25.498989985572955,500
dox,-22.74426214440477,24.25573785559523,500
mvm,-96.72802918715243,29.271970812847567,500
ehf,-43.849940394933995,25.150059605066,500
yjv,-19.17295495404873,91.82704504595127,500
edy,-62.8381418608794,14.161858139120602,500
lqp,-80.41596315884311,25.58403684115689,500
stu,-95.57924457561596,70.42075542438404,500
trq,-10.692367985249456,73.30763201475054,500
atz,-28.044690925095146,31.955309074904854,500
aru,-87.79017590294292,39.20982409705709,500
zgu,-13.365613627226464,5.634386372773535,500
qmx,-70.61247360780825,63.387526392191745,500
dja,-6.085376320257874,74.91462367974212,500
eff,-89.12101556100433,74.87898443899567,500
old,-25.21200145044106,3.787998549558937,500
rmn,-84.73889464386748,97.26110535613252,500
vbe,-87.58439605470906,45.41560394529095,500
rfz,-66.95637499813081,1.0436250018691864,500
eov,-33.22880061053463,15.771199389465377,500
kpt,-64.18964322737807,75.81035677262193,500
owl,-24.82601913300731,86.1739808669927,500
ing,-48.03018027721323,48.96981972278677,500
whs,-31.704222649288273,78.29577735071173,500
fgy,-25.07210761001706,71.92789238998294,500
wkv,-93.3530468754388,40.64695312456119,500
xdb,-32.19585765722878,64.80414234277121,500
gou,-69.39383994842419,90.60616005157581,500
ici,-16.574146666778784,38.42585333322121,500
oci,-54.201473824562115,57.798526175437885,500
rhq,-21.165730716967012,1.8342692830329894,500
ybz,-1.4832564720166757,30.516743527983323,500
fvt,-53.84834468222496,40.15165531777504,500
xme,-56.36401659519838,48.63598340480162,500
hax,-45.14916424492536,74.85083575507464,500
kid,-13.064752885612519,13.935247114387481,500
ppz,0.7840958548708092,80.78409585487081,500
aoc,-13.441119077188745,18.558880922811255,500
psz,-3.052770690333338,51.94722930966666,500
ofi,-49.92053825073251,0.0794617492674845,500
wlt,-32.958126329970085,98.04187367002991,500
zaa,-60.65733582652524,72.34266417347476,500
zjf,-97.85996837057246,64.14003162942754,500
xyc,-73.47317807479786,90.52682192520214,500
cyd,-49.70862829029873,53.29137170970127,500
nnb,-13.780801133039331,98.21919886696067,500
cjj,-71.6195497297288,41.3804502702712,500
zqr,-6.60501347757269,2.3949865224273097,500
pzv,-77.64933776463468,70.35066223536532,500
evt,-92.70192951796919,86.29807048203081,500
nro,-74.63329157887304,4.366708421126955,500
wco,-85.22514939718606,91.77485060281394,500
xwa,-4.827146111664647,37.172853888335354,500
hip,-73.15509367093178,13.844906329068229,500
xkp,-40.766934517760525,0.23306548223947632,500
tep,-28.441415574677862,27.558584425322138,500
nhy,-46.39168935207912,64.60831064792089,500
hmh,-33.8810028865065,15.1189971134935,500
pog,-34.965355357432635,94.03464464256737,500
pot,-89.29149514436068,55.708504855639326,500
fnm,-17.252482398031837,2.7475176019681617,500
oym,-68.53013042970083,19.469869570299167,500
kzi,-23.612139158841245,12.387860841158757,500
uav,-89.75246649185807,44.24753350814193,500
xqg,-10.643604724905213,50.35639527509478,500
kur,-29.54541535824121,67.45458464175879,500
abw,-12.48709965541604,38.51290034458396,500
gvm,-27.563108390359186,55.43689160964082,500
eld,-78.1736072217169,41.82639277828309,500
qhi,-64.38928813533599,75.61071186466401,500
hhg,-58.98310211305612,65.01689788694388,500
hcw,-38.58554513519778,66.41445486480222,500
dya,-82.47794358190771,33.52205641809229,500
kdu,-15.120961546634884,21.879038453365116,500
zon,-91.09437494461984,44.905625055380156,500
rpw,-7.688701756299331,82.31129824370066,500
ugb,-41.93050331104457,73.06949668895543,500
jgu,-73.45081092313131,34.54918907686868,500
bjh,-67.35144754380623,41.64855245619377,500
sdn,-76.51003167078105,55.489968329218954,500
yht,-84.35580481673907,50.64419518326093,500
lan,-24.185001598356333,18.814998401643667,500
cfw,-40.19506567868919,20.804934321310814,500
jtd,-90.35718080987118,7.642819190128823,500
jbk,-53.426935136920264,76.57306486307974,500
pfz,-95.90526577391411,63.09473422608588,500
zqe,-46.99521702489215,60.00478297510785,500
afp,-64.65731122266735,84.34268877733265,500
oqs,-71.44501399906588,70.55498600093412,500
lrl,-28.685096735637934,47.314903264362066,500
cnu,-70.25893996629527,71.74106003370473,500
isg,-42.793730359902106,36.206269640097894,500
lhc,-49.065387763604974,9.934612236395026,500
xsw,-17.675806210880875,47.32419378911912,500
tox,-5.2849724874511566,36.71502751254884,500
dxy,-13.005059864529647,2.9949401354703533,500
igu,-69.3868179500199,61.61318204998009,500
epk,-0.221207765833202,26.778792234166797,500
gqg,-0.8020442368707845,22.197955763129215,500
dfw,-33.70531418140892,97.29468581859108,500
slw,-6.506504799574758,41.493495200425244,500
rok,-57.8502920006488,14.1497079993512,500
csv,-25.6769933949145,29.3230066050855,500
oki,-17.75949801839863,43.24050198160137,500
yre,-19.570955374522608,97.42904462547739,500
msy,-0.3453356369126701,17.65466436308733,500
gcp,-89.5045393594268,89.4954606405732,500
das,-24.169768477511525,18.830231522488475,500
dxd,-70.35162238431792,1.648377615682086,500
fhm,-9.633557274707806,64.36644272529219,500
qww,-47.71721416277046,92.28278583722954,500
pbz,-62.63034641271617,18.36965358728383,500
sxu,-52.8887556529323,34.1112443470677,500
omd,-87.6767169889247,91.3232830110753,500
las,-89.89783432862812,37.10216567137187,500
ryg,-91.97971280847749,53.02028719152251,500
tfc,-6.217468850108497,21.782531149891504,500
vfa,-55.63661797307602,20.36338202692398,500
xuc,-19.934693558963623,64.06530644103638,500
bcg,-6.2196734996478815,37.78032650035212,500
juo,-45.49400575522848,40.50599424477152,500
yfs,-91.71065027101758,8.289349728982412,500
jzm,-43.39243478815893,66.60756521184108,500
teo,-6.992253448407994,5.007746551592006,500
jra,-81.59829164221645,91.40170835778355,500
aur,-85.67381592990758,94.32618407009242,500
jfq,-49.85622088057229,18.143779119427712,500
yok,-25.627136156135606,16.372863843864394,500
dnx,-75.01298533135578,71.98701466864422,500
sqg,-51.99265095044107,80.00734904955893,500
amo,-63.22612782264361,59.77387217735639,500
noz,-91.6974091456616,18.30259085433841,500
ipk,-33.41300191914948,93.58699808085052,500
ixe,-67.35582363208427,97.64417636791573,500
idb,-58.19314638528973,25.806853614710274,500
vis,-94.50785726610113,25.492142733898874,500
lpz,-45.04709498853464,11.95290501146536,500
fuc,-66.98729896290789,59.012701037092114,500
gpe,-48.91331613672084,57.08668386327916,500
lqv,-34.28355677606152,85.71644322393847,500
xnm,-16.11091391520094,40.88908608479906,500
irl,-39.581318983555896,8.418681016444106,500
klc,-21.666168879539004,43.33383112046099,500
idr,-72.31399438357577,36.68600561642423,500
ryd,-21.365639858369015,12.634360141630985,500
wnl,-89.18091474121158,81.81908525878842,500
aua,-54.285085638767676,21.714914361232324,500
xbe,-67.02887795179213,61.971122048207874,500
ams,-97.79329455671241,59.20670544328759,500
jtf,-22.169886493586255,72.83011350641374,500
wcm,-67.13530162208008,50.86469837791993,500
xas,-47.6194673946149,94.3805326053851,500
sdg,-81.11492434276026,9.88507565723974,500
gmn,-55.59758504044656,76.40241495955344,500
swq,-58.77111569847369,58.22888430152631,500
bai,-24.42245304659942,9.57754695340058,500
tkn,-30.82407473887115,25.17592526112885,500
kil,-63.65098185472928,91.34901814527072,500
hpn,-20.036563888609006,48.963436111391,500
ssz,-29.247040195192305,78.7529598048077,500
tpi,0.4911769790025171,34.49117697900252,500
zkp,-89.65122332318096,50.34877667681904,500
ujp,-44.4398599461084,72.5601400538916,500
bjm,-25.95915311381163,37.04084688618837,500
myb,-10.771729175088245,53.22827082491175,500
vxa,-19.13010347054201,38.86989652945799,500
reg,-91.60005762818368,33.39994237181632,500
xmf,-2.8420977678147854,75.15790223218521,500
bez,-97.43752759388602,45.562472406113976,500
wbd,-5.826320695255498,46.1736793047445,500
sfk,0.24159304148748462,43.241593041487484,500
lut,-56.3441463987851,49.6558536012149,500
gqk,-17.66499204201037,18.33500795798963,500
suq,-63.952437893283495,60.047562106716505,500
htr,-12.094242036209224,2.9057579637907773,500
igo,-86.57207135777779,78.42792864222221,500
vez,-20.10262466665827,4.897375333341731,500
wnj,-64.33364820947911,61.66635179052089,500
nrg,-57.431490699353276,45.568509300646724,500
inx,-61.90860848596756,33.09139151403244,500
yyx,-59.09009836133077,0.9099016386692312,500
keg,-62.407362460219844,31.59263753978016,500
wkn,-86.71140632130856,60.28859367869144,500
uhv,-40.013595437156575,2.9864045628434273,500
smh,-71.90004629587534,48.09995370412465,500
gmv,-15.49875177602404,19.50124822397596,500
tyx,-94.94556778258156,28.054432217418434,500
zgt,-20.861581301618337,75.13841869838167,500
kjo,-31.07369234266555,16.92630765733445,500
jac,-68.21814505751108,45.78185494248891,500
pvn,-42.87627299122827,52.12372700877173,500
wwk,-35.15238283111813,20.84761716888187,500
ciy,-65.22370457731475,74.77629542268525,500
cvh,-62.289960944591634,19.710039055408366,500
mzd,-31.447302021683434,97.55269797831657,500
htg,-38.50717908977098,49.49282091022902,500
xuf,-24.51274440315769,84.4872555968423,500
hmn,-88.55717638299441,74.44282361700559,500
vxy,-53.47041543779918,80.52958456220082,500
tqf,-26.97448586507175,35.02551413492825,500
wli,-19.99983855857282,93.00016144142718,500
rdq,-42.95107901890756,67.04892098109244,500
rfr,-43.91480699998137,91.08519300001863,500
gmv,-23.001869511952336,18.998130488047664,500
yiu,-47.50323837899049,39.49676162100951,500
gwv,-71.41698852505161,87.58301147494839,500
tbc,-63.85132719692813,25.148672803071864,500
wap,-63.93640616292948,27.063593837070517,500
okv,-33.01529607736183,24.98470392263817,500
lyt,-60.33006036057848,9.66993963942152,500
jme,-17.6190111498112,26.3809888501888,500
okm,-20.99741613020035,40.00258386979965,500
yhd,-15.375678476349105,4.624321523650896,500
wgk,-21.103930842196903,53.8960691578031,500
zak,-18.839627728586855,46.160372271413145,500
rgv,-19.581040314958887,23.418959685041113,500
qey,-90.38153519644146,85.61846480355854,500
fgr,-87.57710634818211,39.42289365181788,500
asn,-94.42645821230549,41.57354178769451,500
zmh,-18.132912236697702,16.867087763302298,500
htq,-33.488522818394486,70.51147718160551,500
tsz,-49.10633493552791,55.89366506447209,500
qhz,-75.01588935394201,83.98411064605799,500
vdc,-88.1171159710784,10.882884028921595,500
zdi,-40.419398736270665,65.58060126372933,500
wmm,-15.776755589229516,79.22324441077049,500
tzi,-69.42626319507667,60.573736804923335,500
uqb,-14.462056922895329,60.53794307710467,500
vsn,-7.741499796146599,84.2585002038534,500
qvk,-82.83682621256197,5.163173787438026,500
qwz,-75.91344851189257,43.08655148810744,500
ppj,-16.852562400991104,98.1474375990089,500
cel,-64.48685041954269,24.513149580457302,500
yju,-39.46146286793,49.53853713207,500
imm,-5.631078519193194,12.368921480806806,500
lgu,-75.20562085220817,30.794379147791833,500
jsp,-21.680108422882462,83.31989157711755,500
rlo,-82.82096325279176,16.179036747208237,500
ykn,-76.15753885565545,67.84246114434455,500
jnf,-41.76856892060797,76.23143107939202,500
aao,-32.695019212702064,69.30498078729794,500
ppg,-29.52749865434449,28.47250134565551,500
xtl,-20.956477835832374,16.043522164167626,500
tky,-63.503084549116785,85.49691545088321,500
uuc,-46.60065259695475,61.39934740304525,500
reo,-94.02948868626657,26.970511313733432,500
xzi,-34.91233029667208,41.08766970332792,500
liv,-88.77177773659434,44.22822226340565,500
xie,-85.3047510675057,14.695248932494302,500
unc,-35.94694020783476,62.05305979216524,500
jdb,-47.378773581345534,16.621226418654466,500
ctw,-35.721720601245345,16.278279398754652,500
kga,-55.4063483127133,9.5936516872867,500
qap,-40.269901102627934,59.730098897372066,500
nwy,-50.138691376152345,98.86130862384766,500
rbe,-70.02655203160316,17.97344796839684,500
uyg,-90.70097270202656,35.29902729797343,500
kyv,-82.95054381899092,65.04945618100908,500
scx,-1.9078976738633542,44.09210232613665,500
kqe,-48.704732922961504,52.295267077038496,500
bcn,-33.5529897482426,7.447010251757401,500
sag,-91.84287706021426,55.157122939785744,500
dlx,-87.61238043001532,91.38761956998468,500
fvb,-17.19842539773049,64.80157460226951,500
eua,-83.44048332679125,92.55951667320875,500
eft,-57.60278638364455,14.39721361635545,500
hii,-68.79079431768965,91.20920568231035,500
crt,-94.11934234731395,26.880657652686047,500
uin,-34.212266019149034,61.787733980850966,500
sjd,-55.21014225368248,28.789857746317526,500
qbx,-94.42475359340078,73.57524640659922,500
fxy,-20.907026525529417,16.092973474470583,500
jpi,-45.78887034078168,26.21112965921832,500
kcy,-94.62631317642294,4.37368682357706,500
xri,-72.07271714426099,9.927282855739016,500
lpz,-67.1274364886517,28.87256351134831,500
ikw,-34.254990331935076,54.745009668064924,500
vcx,-94.1649898370324,71.8350101629676,500
uew,-13.10420365346394,77.89579634653606,500
swb,-94.07913471986888,12.920865280131117,500
lps,-72.42486426474422,59.575135735255785,500
zyb,-67.06745351407552,56.932546485924476,500
ycv,-59.657230271304115,14.342769728695881,500
