nmd,-91.25538120570116,71.74461879429884,1000
nte,-72.34226987780566,30.65773012219434,1000
qey,-7.320580862500752,95.67941913749925,1000
fmi,-42.50263063486205,40.49736936513795,1000
gyv,-69.11317724278263,25.88682275721738,1000
gna,-62.863392362620424,47.136607637379576,1000
ias,-2.1708218112214723,72.82917818877853,1000
mfn,-72.43895612631273,72.56104387368727,1000
vbt,-89.34609612873751,12.653903871262491,1000
zos,-28.315811931957807,3.6841880680421935,1000
ske,-79.18524650964018,44.81475349035982,1000
gsq,-30.95913185839425,21.04086814160575,1000
lzj,-21.28779641896268,38.71220358103732,1000
zxl,-6.080672814739917,38.91932718526008,1000
qiq,-90.42240885613295,73.57759114386705,1000
ioz,-5.1475372740121905,57.852462725987806,1000
wbr,-31.403980843977923,53.59601915602208,1000
icv,-35.483167243243656,86.51683275675634,1000
xrw,-0.7148244412152756,1.2851755587847244,1000
cms,-30.018253610348058,25.981746389651942,1000
iru,-68.05349355481934,30.946506445180656,1000
ehj,-61.46909159832777,16.53090840167223,1000
toy,-79.94612167529607,89.05387832470393,1000
qvl,-66.11790394468483,16.882096055315174,1000
enl,-76.98504966999322,75.01495033000678,1000
zgb,-49.52333535183385,56.47666464816615,1000
mgh,-46.767638116071446,36.232361883928554,1000
bgg,-25.897107598187468,25.102892401812532,1000
hzr,-11.690781895707861,58.309218104292135,1000
sea,-54.830840645015364,92.16915935498464,1000
pdc,-55.6120757225312,38.3879242774688,1000
fos,-53.79045457266618,35.20954542733382,1000
xdg,-39.04601467018788,49.95398532981212,1000
mnv,-72.01779535496759,33.982204645032404,1000
tvd,-92.06157585223629,48.93842414776372,1000
hnp,-27.53875939539594,94.46124060460406,1000
tkl,-33.3346542901737,70.6653457098263,1000
yad,-4.684831968261585,91.31516803173841,1000
bdi,-94.43346878146767,77.56653121853233,1000
kja,-62.95512737533598,69.04487262466402,1000
wlg,-64.27532855061989,23.724671449380107,1000
alh,-27.164947012088668,4.835052987911331,1000
nme,-18.644937175536977,69.35506282446302,1000
wve,-27.247063704045214,3.752936295954786,1000
zng,-28.36989561841636,44.630104381583635,1000
dsc,-46.87592541478726,34.12407458521274,1000
tym,-78.86850429031912,91.13149570968088,1000
eef,-67.39902061507465,2.6009793849253517,1000
bqw,-97.04525140989573,83.95474859010427,1000
gxt,-7.521308278666742,59.478691721333256,1000
qfj,-11.85003641544395,1.149963584556049,1000
yoy,-52.22541577579035,43.77458422420965,1000
oft,-74.78144685828472,68.21855314171528,1000
uva,-18.328083502261265,65.67191649773874,1000
xea,-72.08528368172806,46.91471631827194,1000
udo,-46.425952192914366,72.57404780708563,1000
ral,-25.486107881642017,29.513892118357983,1000
tgq,-45.9984539335178,72.00154606648219,1000
qvg,-20.47467882953371,10.52532117046629,1000
xlt,-83.67617714958679,83.32382285041321,1000
kej,-89.68885861568675,46.311141384313245,1000
kki,-0.23951768878623325,33.760482311213764,1000
jrg,-58.28169275009559,17.718307249904413,1000
mrk,-57.25111158921594,88.74888841078406,1000
zai,-93.72085708034801,9.279142919651987,1000
ixs,-35.72457133681047,23.27542866318953,1000
uix,-22.099526670571244,96.90047332942876,1000
fsn,-42.991282161358555,46.008717838641445,1000
ufj,-42.65437942058773,14.34562057941227,1000
vnz,-36.29486183387975,87.70513816612025,1000
bgg,-92.13293220482961,56.86706779517038,1000
eow,-88.16787254128673,39.83212745871327,1000
yvd,-38.204565962557645,59.795434037442355,1000
yfn,-31.84443256601465,39.15556743398535,1000
fba,-38.82482655715204,3.1751734428479548,1000
fpk,-18.79983169857591,5.200168301424088,1000
mup,-94.3877639345822,54.6122360654178,1000
iod,-13.079901307774344,88.92009869222565,1000
sjy,-38.35072787257506,87.64927212742495,1000
vuk,-53.9327240373853,70.0672759626147,1000
mne,-93.42995945438587,80.57004054561413,1000
hnn,-59.359278115531296,97.6407218844687,1000
vnn,-96.98596783994269,41.01403216005731,1000
byj,-10.509128758390528,14.490871241609472,1000
qzx,-5.246223235463626,96.75377676453637,1000
mpe,-40.22748523191456,64.77251476808544,1000
vsj,-16.894820021464078,22.105179978535922,1000
prt,-48.42136578745459,28.57863421254541,1000
zge,-72.64803917991917,62.35196082008083,1000
cfk,-42.06805109815167,87.93194890184833,1000
axq,-58.299190122274695,27.700809877725305,1000
qxf,-93.20027303023153,45.799726969768464,1000
aih,-79.57952632374055,41.420473676259455,1000
qyw,-5.085223685964248,97.91477631403575,1000
gqw,0.6779629420416704,71.67796294204167,1000
tfz,-13.850286598452563,5.149713401547437,1000
mwn,-44.26752952278262,86.73247047721738,1000
ezm,-37.66371000978628,35.33628999021372,1000
uqn,-4.497227166639077,72.50277283336092,1000
idp,-26.436210799467517,32.56378920053248,1000
zki,-41.03921863760184,42.96078136239816,1000
epp,-65.87470930688835,15.125290693111655,1000
oui,-19.234683029360042,84.76531697063996,1000
iji,-41.73126309667335,43.26873690332665,1000
biy,-43.281146511811436,13.718853488188568,1000
vhc,-44.83166271739236,2.168337282607638,1000
wjs,-58.425228174178265,69.57477182582174,1000
nkb,-72.36573441827677,16.63426558172323,1000
xjg,-24.542991448646664,72.45700855135334,1000
kht,-81.8411086243416,78.1588913756584,1000
lsj,-41.672861022933255,82.32713897706674,1000
bdk,-36.719080489587505,96.28091951041249,1000
fsm,-57.73755742991403,32.26244257008597,1000
jad,-73.25529235738523,83.74470764261477,1000
bhx,-3.143991446114442,35.85600855388556,1000
zpi,-65.75373887516984,92.24626112483016,1000
ikx,-66.90330529201348,61.096694707986515,1000
mob,-6.880211248283238,54.11978875171676,1000
slr,-6.242312724257804,11.757687275742196,1000
gjf,-54.498392945250515,54.501607054749485,1000
afn,0.011756394299297979,89.0117563942993,1000
osg,-70.8628406299987,68.1371593700013,1000
det,-70.70713971908673,46.292860280913274,1000
qli,-54.81273438376066,14.187265616239339,1000
gkp,-54.05732053752082,80.94267946247918,1000
fsu,-65.16342807656957,26.83657192343042,1000
txh,-10.452394967520862,39.54760503247914,1000
tln,-24.392708751419022,98.60729124858098,1000
gco,-10.87831172009372,51.12168827990628,1000
ljl,-21.928336460707015,68.07166353929298,1000
rrl,-19.005155102919293,13.994844897080707,1000
uej,-1.315882125828566,39.684117874171434,1000
mkr,-72.82751711534087,92.17248288465913,1000
tze,-87.79046635934593,7.209533640654068,1000
yah,-66.61039323480686,37.38960676519313,1000
zze,-49.44725439850474,8.552745601495264,1000
ltw,-96.46878763369334,73.53121236630666,1000
trw,-77.09435751932162,22.905642480678377,1000
key,-1.7262902831121536,53.27370971688784,1000
aww,-54.933296609878376,96.06670339012163,1000
cci,-39.25099821747962,84.74900178252038,1000
aln,-82.15486669143836,6.845133308561643,1000
lgd,-45.0621489452954,48.9378510547046,1000
ljo,-63.396092315163756,15.603907684836242,1000
nqt,-3.2667903683885,86.7332096316115,1000
ddm,-81.30484869199944,56.69515130800056,1000
lbi,-23.763253265740158,41.236746734259846,1000
tkl,-31.905131136552146,11.094868863447854,1000
hkn,-76.21554144246367,58.78445855753633,1000
dfp,-68.47122370429571,88.52877629570429,1000
ezg,-2.6114822663434314,9.388517733656569,1000
vvt,-18.611714442470728,94.38828555752927,1000
djf,-25.37512992310828,48.62487007689172,1000
cud,-88.8541668537747,38.1458331462253,1000
wtq,0.2882408833472523,67.28824088334726,1000
axb,-86.6357097197052,38.36429028029479,1000
qup,-84.64869628101476,79.35130371898524,1000
srh,-69.47032905331068,33.52967094668932,1000
jya,-49.98143128534012,61.01856871465988,1000
jfw,-58.877844379424246,44.122155620575754,1000
orf,-27.729848315949578,21.270151684050422,1000
cat,-87.30512677660715,96.69487322339285,1000
rmf,-49.923236058666674,35.076763941333326,1000
fjo,-90.7851477020124,71.2148522979876,1000
fmi,-92.46956920072819,57.53043079927181,1000
prv,-57.510501885838856,77.48949811416114,1000
vge,-22.336530962195003,87.663469037805,1000
evl,-37.08355923616037,94.91644076383963,1000
mif,-55.23197687597772,66.76802312402228,1000
rhj,-12.145597618699952,83.85440238130005,1000
jqb,-60.739769429391686,53.260230570608314,1000
rne,-35.983442890453134,4.016557109546865,1000
fkb,-47.36664244969108,0.6333575503089252,1000
hau,-60.63820087451935,33.36179912548065,1000
ddc,-9.036516213034302,84.9634837869657,1000
trf,-49.65179585587491,41.34820414412509,1000
dzv,-31.764953850989745,60.23504614901026,1000
pqh,-81.26866040799592,13.731339592004083,1000
wyz,-6.63314144659336,49.36685855340664,1000
jsv,-28.814565370820382,8.185434629179616,1000
vuv,-7.553201051621729,94.44679894837827,1000
esg,-74.00442315241978,36.99557684758023,1000
lhb,-47.45429985558681,38.54570014441319,1000
vjj,-30.31881090625085,22.68118909374915,1000
rpr,-36.86092323216402,48.13907676783598,1000
qze,-89.80806546262673,4.191934537373271,1000
psv,-29.847711747628974,1.1522882523710252,1000
idd,-76.03393059919414,64.96606940080586,1000
xdr,-38.881714343025685,6.1182856569743125,1000
qdp,-27.299295024829863,71.70070497517014,1000
jqw,-42.76257769576856,15.237422304231435,1000
kug,-22.162862671849737,63.83713732815026,1000
bhd,-46.63373152340648,66.36626847659352,1000
xis,-32.97688723263786,6.023112767362141,1000
kwe,-81.87902678177842,56.120973218221586,1000
mfz,-64.9821104530939,65.0178895469061,1000
ljq,-38.58210920060577,42.41789079939423,1000
bhc,-54.04196442011404,77.95803557988596,1000
mkc,-60.16569589577734,93.83430410422267,1000
wkp,-59.13314999040122,61.86685000959878,1000
ryd,-2.141312311964228,55.85868768803577,1000
sfv,-13.138578248291171,18.86142175170883,1000
pnc,-39.444302021355966,6.555697978644032,1000
zcw,-8.976076015642299,43.0239239843577,1000
yzj,-67.32381193821897,45.676188061781026,1000
pby,-66.75758537485582,1.2424146251441797,1000
nsa,-0.7361021247127042,7.263897875287296,1000
zfi,-32.7982990179517,20.201700982048298,1000
iku,-84.23697635137349,58.76302364862651,1000
axo,-50.033817425246575,88.96618257475342,1000
ejx,-92.43129413972831,67.56870586027169,1000
yhh,-78.50824833512502,44.491751664874975,1000
qew,-57.16610319667501,82.83389680332499,1000
tyd,-29.407557622698015,66.59244237730198,1000
umd,-4.693621837084284,36.30637816291571,1000
qkf,-14.43196648478207,21.56803351521793,1000
egc,-50.131526383803035,74.86847361619697,1000
vjz,-87.86153100716068,27.13846899283932,1000
qnc,-56.237894763269225,26.762105236730772,1000
pxc,-26.194056633962557,72.80594336603744,1000
zab,-79.49286797651585,19.50713202348414,1000
idy,-64.92354413011098,23.076455869889017,1000
apo,-34.39651951456982,51.60348048543018,1000
ith,-36.435923069884765,50.564076930115235,1000
chu,-49.9712852911352,88.0287147088648,1000
mht,-43.35954968750751,11.64045031249249,1000
twu,-3.239489542433854,57.76051045756615,1000
fus,-14.972480298583198,49.0275197014168,1000
drx,-28.379764823986743,60.62023517601326,1000
acg,-61.80243149688674,76.19756850311326,1000
skp,-76.37753318984562,23.622466810154386,1000
cjj,-4.052022175645229,5.947977824354771,1000
cav,-88.31299552228415,97.68700447771585,1000
zkv,-32.6982892868803,43.3017107131197,1000
hfn,-62.62429722783453,28.375702772165468,1000
fwk,-38.71558898074188,45.28441101925812,1000
sls,-95.99903902653053,5.000960973469474,1000
wfa,-43.95753445702718,30.042465542972824,1000
dky,-87.65032945792711,28.349670542072882,1000
vgf,-56.29712112040861,4.702878879591392,1000
vjq,0.24989826176118302,95.24989826176119,1000
xca,-25.998151547481815,96.00184845251819,1000
gps,-14.967299248330397,45.0327007516696,1000
hbr,-32.53937779815869,45.46062220184131,1000
wuf,-42.65417706670612,72.34582293329389,1000
hbl,-87.31154386343493,98.68845613656507,1000
han,0.3669920255684751,26.366992025568475,1000
muz,-6.9579871547899526,52.042012845210046,1000
bxf,-91.32318790389822,48.676812096101784,1000
nqg,-42.50695922181657,95.49304077818343,1000
kjv,-73.3897632437247,1.6102367562753006,1000
orz,-25.701655571740385,80.29834442825961,1000
quk,-33.17267443996337,73.82732556003663,1000
diw,-13.32407462400911,37.675925375990886,1000
hbb,-77.04362380254678,25.95637619745322,1000
fgt,-59.0865926682764,32.9134073317236,1000
vfm,-11.03275199899323,98.96724800100677,1000
fvf,-54.49210899431507,24.507891005684932,1000
pfx,-88.86171030588179,57.138289694118214,1000
gmi,-74.53078491150148,28.46921508849851,1000
njl,-62.41926125787968,97.58073874212032,1000
nsv,-76.63907653683968,17.36092346316032,1000
wdv,-7.486312839266603,60.5136871607334,1000
gne,-53.661454546560684,41.338545453439316,1000
oxz,-44.71130493322986,6.288695066770139,1000
ict,-89.8745204086157,76.1254795913843,1000
pxd,-1.2112582202966795,46.78874177970332,1000
lrb,-9.391870670049423,5.608129329950577,1000
vdy,-5.393452082139409,17.606547917860592,1000
dhe,-2.1394839331579067,18.860516066842095,1000
omm,-43.72976887197458,41.27023112802542,1000
fjj,-0.3740259738270886,97.62597402617291,1000
pqg,-40.85414914984081,81.14585085015919,1000
gnb,-72.10916864789004,6.890831352109951,1000
hjd,-41.82621078926086,19.173789210739137,1000
cio,-82.99600838892695,81.00399161107305,1000
hdl,-17.44365824246949,11.55634175753051,1000
cuy,-84.8720200790732,45.127979920926805,1000
sum,-37.74158119379764,61.25841880620236,1000
ktc,-11.061402829106237,31.93859717089376,1000
ijh,-43.275836940496546,62.724163059503454,1000
vsw,-32.42031188210274,26.579688117897266,1000
mnq,-47.79358578833555,15.20641421166445,1000
jrg,-51.46070010614763,64.53929989385237,1000
wyz,-54.50367281703852,87.49632718296148,1000
eok,-90.34273118763915,69.65726881236085,1000
whv,-8.092504038884996,73.907495961115,1000
axf,-12.789289659098966,20.210710340901034,1000
yji,-41.62743992985555,20.372560070144452,1000
oui,-11.400609601910086,54.599390398089916,1000
hgf,-90.24860678428556,37.75139321571445,1000
jwi,-23.37509166608275,51.624908333917254,1000
nmr,-97.81751583827399,16.18248416172601,1000
fwd,-23.89199075525173,89.10800924474827,1000
hft,-23.008603117595037,29.991396882404963,1000
qwi,-87.96985414665839,70.03014585334161,1000
hdz,-48.46988244473536,64.53011755526464,1000
bzy,-79.73833416398745,61.261665836012554,1000
mdy,-45.94975190384509,93.05024809615492,1000
rpr,-69.74096414303891,60.25903585696109,1000
bml,-10.288348417048716,48.71165158295128,1000
xak,-30.62061637355857,59.37938362644143,1000
uov,-54.89842618693483,7.1015738130651735,1000
qlg,-38.37732404270325,9.622675957296753,1000
iph,-8.618222207209019,0.38177779279098045,1000
mdg,-45.7744464968577,89.22555350314231,1000
zqm,-68.39344708945583,44.60655291054416,1000
iht,-80.76683353033583,81.23316646966417,1000
lbb,-0.3530961225285544,81.64690387747144,1000
gmg,-48.95076628818314,65.04923371181685,1000
axu,-87.9311763321929,29.068823667807102,1000
jse,-92.65826589808579,16.341734101914216,1000
kjh,-40.08453915580558,87.91546084419443,1000
lbq,-68.94069409961318,96.05930590038682,1000
vqr,-45.731825242925105,33.268174757074895,1000
pqk,-43.05200281491113,4.947997185088877,1000
lcv,-54.824931635412106,90.17506836458789,1000
hne,-85.35648270442275,54.643517295577254,1000
ame,-70.95254850294282,98.04745149705718,1000
vfq,-67.01534453473423,77.98465546526577,1000
jrm,-79.67590395963222,42.32409604036778,1000
uhy,-49.469036603725016,59.530963396274984,1000
uuh,-66.41903183546616,6.580968164533841,1000
spr,-27.72020681930754,41.279793180692465,1000
hgc,-56.162307281022265,0.8376927189777332,1000
yud,-1.958672959114659,89.04132704088534,1000
rkr,-55.98792292013523,38.01207707986477,1000
uak,-26.521738979446674,72.47826102055333,1000
eix,-69.71728263013041,54.28271736986959,1000
ztn,-65.40318005682448,94.59681994317552,1000
slj,-94.4447697950975,9.555230204902498,1000
qat,-19.728150887434765,93.27184911256523,1000
peu,-86.5316433254519,53.468356674548104,1000
jjr,-5.960120259881038,19.039879740118963,1000
pcx,-7.256759582731146,38.74324041726885,1000
zkd,-11.532265118793152,37.46773488120685,1000
sqv,-77.31760949641317,15.682390503586836,1000
ulc,-50.10012371778155,17.89987628221845,1000
sba,-75.12120278182232,35.878797218177674,1000
pum,-75.55480542581658,57.44519457418342,1000
cbz,-25.061665704686657,48.93833429531334,1000
ocu,-96.67510226557305,24.32489773442695,1000
ukk,-37.335868472681334,91.66413152731866,1000
yeh,-27.449176871283452,23.550823128716548,1000
cmj,-85.91095152773985,36.089048472260146,1000
fax,-93.66402507586943,20.335974924130575,1000
eud,-80.10154687572317,81.89845312427683,1000
ozt,-63.686538521366955,35.313461478633045,1000
htx,-23.420009288776303,31.579990711223697,1000
nqj,-70.26773252334047,17.732267476659523,1000
kyf,-18.138879651813376,70.86112034818662,1000
tae,-97.50169178929394,14.49830821070605,1000
uwm,-15.598300367543864,89.40169963245614,1000
fgo,-7.956934172770592,0.04306582722940788,1000
kid,-13.196333002753232,91.80366699724676,1000
ixx,-26.424299084791084,90.57570091520891,1000
ouh,-89.59340484909328,86.40659515090672,1000
mrk,-27.347263759271787,77.65273624072822,1000
nzs,0.17516346125638982,98.17516346125639,1000
sqd,-97.19880164692766,62.801198353072344,1000
ezj,-95.3290504345897,17.6709495654103,1000
agh,-45.08934245255029,6.910657547449709,1000
onb,-57.8928678868584,58.1071321131416,1000
zoc,-82.3014463062884,24.698553693711606,1000
izg,-93.97182715929587,90.02817284070413,1000
iqm,-33.23925384070345,98.76074615929656,1000
xcl,-25.20600011601573,66.79399988398427,1000
lyw,-0.25274312780226016,21.747256872197738,1000
hhb,-29.587416840756294,61.4125831592437,1000
pzz,-61.697890643894645,8.302109356105353,1000
hpd,0.6265154223816877,64.62651542238169,1000
zsw,-30.87762428766067,72.12237571233933,1000
qte,-59.86235886529139,72.1376411347086,1000
isu,-25.568906150332136,39.43109384966786,1000
vlz,-88.76615950548046,51.23384049451954,1000
jqz,-8.946403287447136,73.05359671255286,1000
ovh,-33.12148988858832,28.87851011141168,1000
upz,-57.443055696412955,85.55694430358704,1000
kok,-75.97280326268739,20.027196737312607,1000
wwl,-49.8798529611777,17.120147038822303,1000
ujp,-72.99321893689924,20.006781063100757,1000
naq,-39.0688830659035,95.93111693409651,1000
tzh,-89.64510184281812,84.35489815718188,1000
ckq,-33.534048773533144,77.46595122646686,1000
nad,-30.129499405797198,29.870500594202802,1000
nec,-97.45921414428375,98.54078585571625,1000
qis,-76.12835761288156,37.87164238711845,1000
sum,-56.52228395601952,7.477716043980481,1000
uxm,-90.38699463323185,65.61300536676815,1000
qyj,-0.37699380123752735,66.62300619876247,1000
vph,-49.02104876399442,59.97895123600558,1000
pkp,-57.60859334187171,8.39140665812829,1000
ykn,-64.38329314871118,41.616706851288825,1000
sex,-20.633324340777772,67.36667565922222,1000
jdo,-1.709047116539113,49.29095288346089,1000
znv,-80.24683718966457,84.75316281033543,1000
skj,-68.27814143765038,79.72185856234962,1000
yki,-82.36694928145774,73.63305071854226,1000
avz,-27.2342102739557,29.7657897260443,1000
rkm,-35.261073824084384,58.738926175915616,1000
qbw,-92.69594117095885,52.30405882904116,1000
nhg,-21.564895615052592,16.435104384947408,1000
vib,-66.19087573006158,57.80912426993843,1000
ykw,-86.83068590893882,18.169314091061178,1000
bzh,-91.31908231298982,10.680917687010176,1000
zgq,-81.52202327403471,22.477976725965288,1000
kuy,-43.38356131786387,69.61643868213613,1000
goe,-69.98892662478089,54.01107337521912,1000
hsb,-14.902216489138791,89.0977835108612,1000
xgt,-48.37834037189784,65.62165962810215,1000
yla,-13.862900815681279,67.13709918431871,1000
ftn,-48.755869142420224,2.2441308575797754,1000
qfi,-86.67503869810444,38.324961301895556,1000
kyw,-10.518380249001542,44.481619750998455,1000
fob,-40.48996807378275,96.51003192621725,1000
jmk,-75.6759670000418,49.32403299995821,1000
igm,-29.179148298875585,68.82085170112441,1000
txp,-49.436310782679804,67.56368921732019,1000
sxw,-10.714430826432892,10.285569173567108,1000
qgg,-51.37826383055201,36.62173616944799,1000
dzi,-43.67078055330562,26.329219446694385,1000
cao,-7.171450606244327,61.82854939375567,1000
tmu,-94.45306875581832,63.54693124418167,1000
ccj,-82.40432709785198,90.59567290214802,1000
wva,-12.675130099415886,36.32486990058411,1000
brv,-97.92842494528038,46.07157505471962,1000
tai,-78.64740077665483,71.35259922334517,1000
hvj,-58.559722624416665,86.44027737558334,1000
twy,-57.0802854271565,7.919714572843504,1000
jyg,-55.93726853994825,40.06273146005175,1000
vkp,-84.09478407264534,53.905215927354654,1000
kwb,-54.811202317064364,1.1887976829356384,1000
ycp,-94.46314810696364,69.53685189303636,1000
ioo,-95.53677069550106,25.46322930449893,1000
yjk,-0.6999531230353198,16.30004687696468,1000
yyi,-21.932522657594333,53.06747734240567,1000
xni,-79.13250114687752,28.867498853122484,1000
hun,-22.64113714981581,73.3588628501842,1000
azc,-67.88707186920281,34.11292813079719,1000
fxo,-76.68971386824711,87.31028613175289,1000
tpz,-44.75129105218535,21.248708947814652,1000
pww,-0.9005104164098313,84.09948958359017,1000
ynn,-52.59224541028595,86.40775458971406,1000
btj,-43.20036241491664,8.79963758508336,1000
vqd,-55.082050456990956,0.9179495430090471,1000
kji,-11.35808280373346,78.64191719626653,1000
exe,-23.582955450477716,86.41704454952229,1000
wlc,-23.10307544119285,84.89692455880716,1000
zkw,-36.25694716689262,26.743052833107374,1000
els,-65.36813713071284,74.63186286928716,1000
ecj,-9.058858968929666,54.94114103107033,1000
ipr,-4.658869787011431,17.34113021298857,1000
kxz,-9.501805660318265,90.49819433968173,1000
pbt,-33.984802615362675,71.01519738463733,1000
ymx,-20.602719158482994,60.39728084151701,1000
bga,-38.6268445337043,39.3731554662957,1000
wio,-44.493032422207975,60.506967577792025,1000
scj,-66.08360201889616,35.91639798110384,1000
eyt,-92.6693540191325,66.3306459808675,1000
wde,-79.69220247312772,42.307797526872285,1000
mfj,-90.98424934785243,32.015750652147574,1000
gjp,-44.86134243944067,78.13865756055934,1000
mih,-78.08972300440692,74.91027699559308,1000
ddf,-78.77179312095042,89.22820687904958,1000
uce,-39.70360799857477,2.296392001425231,1000
sxl,-87.40461925256872,65.59538074743128,1000
pos,-63.924674554620736,45.075325445379264,1000
pzh,-41.79860861873575,97.20139138126426,1000
nwd,-22.05914788697011,79.94085211302989,1000
bfy,-80.59848323077871,14.401516769221292,1000
hyh,-25.51745494570791,48.48254505429209,1000
qne,-64.4066095116495,49.593390488350494,1000
wjd,-65.57122335339844,27.428776646601563,1000
zjr,-69.33715397643104,75.66284602356896,1000
mlf,-34.526553614351585,71.47344638564842,1000
gfq,-91.14637763149517,13.853622368504826,1000
ayt,-38.43626697346114,59.56373302653886,1000
rgy,-58.146136288960584,7.853863711039418,1000
vtp,-11.20711125142025,39.79288874857975,1000
ttk,-66.97720245419413,61.02279754580587,1000
iwc,-86.10990393973556,55.89009606026445,1000
sig,-34.8091923615193,76.1908076384807,1000
gdf,-10.301305980213268,96.69869401978673,1000
slk,-5.71506762288797,21.28493237711203,1000
hpi,-64.56331504543759,48.436684954562416,1000
yzh,-69.40942061911916,10.590579380880833,1000
otp,-39.128344112346376,47.871655887653624,1000
eli,-92.98570515706975,10.014294842930248,1000
cxg,-79.87392423727678,56.12607576272322,1000
qxb,-83.04128684314757,22.958713156852422,1000
jlw,-77.49379555007945,15.506204449920553,1000
tls,-15.424880322482487,86.57511967751752,1000
wwr,-85.38258913947654,49.61741086052346,1000
gmw,-93.99017199056573,29.009828009434276,1000
umj,-81.13950923514606,66.86049076485394,1000
het,-81.07989855718483,46.92010144281516,1000
xzv,-34.1554888227576,82.8445111772424,1000
xpo,-47.40156274935352,11.598437250646475,1000
hcm,-20.461036489599028,62.53896351040097,1000
eia,-60.108595858467226,50.891404141532774,1000
lch,-35.37140893016598,71.62859106983402,1000
lfb,-48.723599665915415,19.276400334084585,1000
ovl,-2.383191310264287,88.61680868973572,1000
udj,-25.982225158099418,19.017774841900582,1000
ecx,-86.72650193715072,8.273498062849287,1000
rss,-68.13888919772354,41.86111080227646,1000
ave,-17.392301562318025,37.607698437681975,1000
ryh,-28.124559320073377,89.87544067992663,1000
wqi,-89.96965925220981,87.03034074779019,1000
luu,-41.22007197869984,23.779928021300158,1000
eao,-58.08160002167596,71.91839997832405,1000
ssp,-62.385947613141234,68.61405238685876,1000
qfo,-96.03651299114962,71.96348700885038,1000
hbs,-80.48330763397112,49.516692366028884,1000
zbd,-91.91374181608624,60.08625818391375,1000
lyv,-83.61772766247563,58.38227233752437,1000
dlo,-86.5120857741475,38.487914225852506,1000
dib,-95.8086346951928,82.1913653048072,1000
nka,-64.90968678189708,43.09031321810292,1000
cxq,-48.54069944357021,13.459300556429788,1000
cnz,-53.966072352931754,61.033927647068246,1000
gch,-14.601722971529703,26.398277028470297,1000
hoz,-29.450362526199005,67.549637473801,1000
oqd,-39.99812370743957,82.00187629256044,1000
dvd,-10.90127679831577,18.09872320168423,1000
yek,-34.30283535960243,96.69716464039757,1000
nuh,-15.608601858997114,34.39139814100289,1000
pfc,0.33468453195469317,48.33468453195469,1000
dci,-11.297841651286552,27.70215834871345,1000
wtp,-44.892851889041864,67.10714811095814,1000
oiy,-5.067246590773058,83.93275340922695,1000
lrs,-11.010980282775295,30.989019717224703,1000
uyz,-64.06334283623714,18.936657163762863,1000
rfn,-67.85264096147255,4.147359038527454,1000
gsq,-8.740058757196655,54.25994124280334,1000
vhp,-65.07334112427557,84.92665887572443,1000
gkj,-29.059093150774288,47.94090684922571,1000
vqz,-11.705262615466271,10.294737384533729,1000
hzw,-35.49814403914409,66.50185596085592,1000
mnl,-70.50107570101258,60.498924298987426,1000
kml,-50.89070790542637,35.10929209457363,1000
wwo,-52.79726074182532,84.20273925817467,1000
wgl,-75.24566388611781,42.75433611388219,1000
txv,-69.06421465991328,82.93578534008672,1000
ddb,-9.788962610454826,3.211037389545174,1000
eyu,-33.034400984098546,63.965599015901454,1000
ccw,-96.02852317494612,82.97147682505388,1000
oav,-15.284355328116089,92.71564467188391,1000
xla,-23.95080441011811,46.04919558988189,1000
pev,-64.21363017136109,51.786369828638904,1000
wle,-93.91869052489399,79.08130947510601,1000
xhm,-95.86956941727354,65.13043058272646,1000
vyc,-58.066972553836045,61.933027446163955,1000
yag,-29.860893233685754,38.13910676631425,1000
jds,-58.760345543385704,65.2396544566143,1000
iqd,-97.9754140358403,21.024585964159705,1000
ptj,-55.916564414791516,88.08343558520848,1000
cdi,-54.550871983403106,31.44912801659689,1000
cro,-16.193371078531968,69.80662892146803,1000
nny,-77.12150881026929,72.87849118973071,1000
fjn,-45.999931036317356,63.000068963682644,1000
ayl,-97.42133604402383,72.57866395597617,1000
gdk,-38.992891966266384,83.00710803373362,1000
wds,-58.29549153328964,52.70450846671036,1000
aod,-41.86567897184218,50.13432102815782,1000
vvr,-23.61689877468287,51.38310122531713,1000
nsf,-27.100242745812658,92.89975725418735,1000
sfp,-30.636088834493727,78.36391116550628,1000
wqa,-35.67318343467936,24.326816565320637,1000
gsh,-94.8750932073954,84.1249067926046,1000
sjd,-6.561762585715842,44.43823741428416,1000
gdq,-21.822834301338016,8.177165698661982,1000
ewe,-79.16421781471335,17.835782185286643,1000
onk,-92.2270249517116,4.772975048288398,1000
erz,-17.022016153936907,50.97798384606309,1000
bxs,-37.23184530815465,88.76815469184535,1000
qhc,-86.40946958350132,11.590530416498682,1000
kxw,-80.54544400315426,37.45455599684574,1000
xyc,-15.415794637514354,81.58420536248565,1000
lap,-10.91305100270537,18.08694899729463,1000
rng,-82.61885219277369,64.38114780722631,1000
nra,-87.95814867708789,43.04185132291211,1000
cyl,-71.30456763828482,29.69543236171518,1000
raw,-60.890983859708896,62.109016140291104,1000
bgt,-58.93728792240262,85.06271207759738,1000
unv,-47.080879795324506,15.91912020467549,1000
guq,-90.06925830810827,97.93074169189173,1000
xww,-41.94794490123128,88.05205509876872,1000
gfe,-2.6861613898583334,14.313838610141666,1000
lyq,-15.965077559136818,86.03492244086318,1000
wuo,-62.184761868827344,22.81523813117266,1000
yis,-61.78166487078902,57.21833512921098,1000
dzk,-85.51035960667521,85.48964039332479,1000
qyh,-63.02144721170733,62.97855278829267,1000
mgs,-36.130715541235375,43.869284458764625,1000
hpm,-34.15015976736613,9.849840232633875,1000
cxz,-67.42535605518357,48.57464394481643,1000
owv,-59.5845696307374,16.415430369262605,1000
dlk,-58.59824437610976,50.40175562389024,1000
prh,-21.24719803755757,66.75280196244243,1000
rcr,-30.259843531213274,70.74015646878672,1000
rsv,-50.75102431897891,27.24897568102109,1000
isq,-56.492727421891395,75.50727257810861,1000
okk,-24.012363972052025,76.98763602794797,1000
zzk,-42.79103766863256,86.20896233136743,1000
gwy,-25.034886386779256,6.965113613220742,1000
ojt,-74.22455943561566,67.77544056438434,1000
kff,-29.83459609820191,12.16540390179809,1000
roo,-40.273709133806555,7.726290866193445,1000
ajz,-56.19392240509549,77.80607759490451,1000
qnp,-15.297574035046384,45.70242596495361,1000
pev,-23.949828963334504,87.05017103666549,1000
twl,-76.72589146901937,84.27410853098063,1000
ban,-75.53250236671666,87.46749763328334,1000
gws,-51.694800231077934,82.30519976892207,1000
gwt,-9.45847500028765,93.54152499971235,1000
kny,-95.28176505953658,22.718234940463418,1000
bia,-41.32723068700953,37.67276931299047,1000
mnv,-1.9259691293366257,26.074030870663375,1000
vbt,-52.317438485696805,75.68256151430319,1000
rki,-55.75765638874151,69.24234361125849,1000
hgd,-41.263346213378796,35.736653786621204,1000
wxu,-0.7380382290578886,13.261961770942111,1000
tqn,-63.323590049029285,26.67640995097071,1000
hkh,-55.49885672294855,82.50114327705145,1000
gff,-69.71945023502543,33.28054976497456,1000
feq,-9.787573020182332,28.212426979817668,1000
oen,-77.215464189203,24.784535810796996,1000
cis,-44.462459117623716,53.537540882376284,1000
wfo,-87.10041006676082,14.89958993323918,1000
kbl,-50.88987101804844,72.11012898195156,1000
kwh,-49.05592899707843,17.944071002921568,1000
fgc,-50.70344968095486,50.29655031904514,1000
klr,-68.38769151700755,35.61230848299244,1000
dys,-34.58159870648015,14.418401293519851,1000
zzn,-90.06376848232436,97.93623151767564,1000
ayi,-46.69067110094347,21.30932889905653,1000
pri,-2.2753145752190433,79.72468542478096,1000
jyq,-64.93574056623713,42.06425943376287,1000
lua,-60.36379409305053,10.63620590694947,1000
sap,-45.51117966599099,41.48882033400901,1000
bkh,-68.0574402177098,14.9425597822902,1000
dyr,-82.16304894768773,15.836951052312278,1000
mfc,-35.45478027842395,49.54521972157605,1000
pom,-54.405055894343676,53.594944105656324,1000
fhc,-80.84077221559096,29.159227784409037,1000
leq,-34.676156611988254,13.323843388011746,1000
gpp,-3.241332353984949,26.758667646015052,1000
doc,-54.059409903795704,35.940590096204296,1000
fjs,-74.31310041710265,9.686899582897352,1000
uvc,-55.216759029437746,37.783240970562254,1000
rwy,-67.81545704703512,87.18454295296488,1000
ous,-0.9751029636662718,85.02489703633373,1000
wuy,-14.321673642759464,48.678326357240536,1000
bqa,-20.00819873041499,83.99180126958501,1000
eoo,-73.95599253408432,54.044007465915676,1000
zcw,-94.9949747837251,68.0050252162749,1000
hrd,-24.143715599453007,41.856284400547,1000
ycs,-15.748885518516692,76.25111448148331,1000
zyn,-53.15464948137991,6.8453505186200845,1000
vfa,-14.600412384973156,37.399587615026846,1000
ztx,-86.46483621008468,21.535163789915313,1000
hwt,-23.166324009165244,0.8336759908347561,1000
zea,-58.17043612595525,16.829563874044748,1000
uey,-73.49092750477685,60.50907249522315,1000
hhp,-44.650020264954634,69.34997973504537,1000
gdv,-34.31579924839661,37.68420075160339,1000
mnn,-73.75988062092622,5.240119379073779,1000
mwc,-32.82332721617351,13.17667278382649,1000
itr,-86.26494012228429,85.73505987771571,1000
ply,-81.66299343470344,48.33700656529657,1000
lqo,-80.17499340382079,54.825006596179215,1000
cnl,-6.18115658304436,6.81884341695564,1000
dhi,-82.0877704488958,40.91222955110421,1000
kge,-60.71482557453904,61.28517442546096,1000
cvf,-71.57205172913864,12.427948270861364,1000
ftn,-33.83151538108955,3.168484618910448,1000
msm,-20.884509637841838,43.11549036215816,1000
ivv,-67.56163335757134,5.438366642428659,1000
qsg,-37.74760100840507,67.25239899159493,1000
zfe,-65.28979122764648,25.710208772353525,1000
obb,-1.4104632633487382,18.58953673665126,1000
sol,-93.39254598114161,72.60745401885839,1000
zkh,-39.95970314722974,53.04029685277026,1000
pbu,-50.925929675190886,61.074070324809114,1000
nwl,-89.33800571541533,87.66199428458467,1000
eqb,-96.4466403154373,39.55335968456269,1000
akc,0.04195667605497766,65.04195667605498,1000
foe,-7.7954060020694405,70.20459399793056,1000
vzq,-94.18060524706186,64.81939475293814,1000
jzc,-64.92435820103422,44.07564179896578,1000
lte,-37.140084175969406,75.8599158240306,1000
ckp,-76.80792594003499,78.19207405996501,1000
pzk,-75.81863971440225,80.18136028559775,1000
zlm,-70.33316862232044,2.6668313776795554,1000
hyt,-7.253018433294057,19.746981566705944,1000
whx,-76.68757636562228,30.312423634377723,1000
dbg,-27.670841651082032,83.32915834891797,1000
kgo,-67.42469369802922,28.575306301970787,1000
osm,-72.27022558886395,41.72977441113605,1000
zqr,-80.63331212667462,27.36668787332538,1000
vjg,-70.06007002759843,4.9399299724015755,1000
hch,-97.55837505350966,3.4416249464903315,1000
owo,-54.6029791818937,58.3970208181063,1000
jvr,-46.18880671744353,68.81119328255646,1000
zta,-20.93820800929563,11.06179199070437,1000
fkv,-55.00420395334514,38.99579604665486,1000
zrp,-80.17186904925937,32.82813095074063,1000
pfv,-95.99705413055294,8.002945869447057,1000
cbx,-19.7229724635566,7.277027536443399,1000
xkx,-74.59979062633737,54.40020937366264,1000
tjh,-85.42282449931096,58.57717550068903,1000
pgo,-65.54232849064971,2.457671509350298,1000
hzl,-34.39978774180975,44.60021225819025,1000
jdw,-15.457151192126092,31.542848807873906,1000
ziu,-76.17158713895239,93.82841286104761,1000
koj,-21.20005541386094,7.799944586139057,1000
pvp,-83.49580508809818,14.504194911901815,1000
kwb,-33.066055417677426,10.933944582322576,1000
ozq,-17.18054200938568,10.81945799061432,1000
mov,-97.00309031361736,66.99690968638264,1000
cbv,-68.71783690198343,85.28216309801657,1000
ebv,-64.98494529409406,36.015054705905946,1000
pvt,-35.85790501717241,38.14209498282759,1000
sda,-37.52009726073581,54.47990273926419,1000
dxu,-88.04952643759043,33.95047356240957,1000
ikl,-85.46382623917667,47.53617376082334,1000
slw,-45.680418311058745,9.319581688941257,1000
npk,-48.27706342678917,46.72293657321083,1000
lej,-74.33316828763863,20.666831712361372,1000
egr,-43.50727481389545,61.49272518610455,1000
hot,-50.86592825553529,6.134071744464715,1000
hup,-32.957266209039794,48.042733790960206,1000
dtt,-20.545900343024034,9.454099656975968,1000
aij,-33.69857736569481,30.301422634305187,1000
jwl,-94.79660100495602,87.20339899504398,1000
ifz,-68.570443413721,58.429556586279006,1000
mxt,-52.47601619589744,47.52398380410256,1000
gge,-11.860734912179767,4.139265087820234,1000
zvt,-95.38499127537465,74.61500872462535,1000
twq,-9.935823902871187,90.06417609712881,1000
hti,-22.001458595713416,75.99854140428658,1000
ejv,-61.56928963138785,46.43071036861215,1000
bed,-88.00281045963986,28.997189540360143,1000
hly,-4.100845848630277,45.89915415136972,1000
tyq,-54.76416755402976,96.23583244597023,1000
pqu,-21.148414979687182,68.85158502031283,1000
zid,-35.910278853978895,75.0897211460211,1000
xoh,-73.81790034339357,14.182099656606423,1000
edq,-87.58324391477748,46.41675608522252,1000
ebi,-28.322545490140516,91.67745450985949,1000
piu,-42.826395739156816,73.17360426084318,1000
ovx,-1.9283727355645202,12.07162726443548,1000
qfp,-90.36362473986652,23.636375260133484,1000
wlh,-62.64702547705325,76.35297452294675,1000
fpr,-60.107938247252456,60.892061752747544,1000
gka,-97.58121032734363,64.41878967265637,1000
uya,-52.134565811712555,97.86543418828745,1000
leq,-46.94791002412715,12.052089975872855,1000
qhw,-17.28051877731793,79.71948122268208,1000
zjx,-57.649234268457946,68.35076573154205,1000
yxg,-6.639529939330914,27.360470060669087,1000
ylu,-50.94493181581482,69.05506818418519,1000
bnv,-66.94440697277751,23.055593027222482,1000
dlq,-67.53500664767442,38.46499335232558,1000
doc,-68.38162255865636,89.61837744134364,1000
qzj,-29.560752785840265,13.439247214159737,1000
war,-59.7484000218808,16.2515999781192,1000
vxr,-11.647400429575478,80.35259957042452,1000
eef,-81.34198817152485,86.65801182847515,1000
gvm,-12.235353985919154,46.764646014080846,1000
omt,-31.35171462188764,49.64828537811236,1000
knt,-63.09279709968012,21.907202900319884,1000
wmm,-60.338216272975,78.66178372702501,1000
pbm,-90.94046469876048,59.05953530123953,1000
jxg,-10.818054849174962,82.18194515082504,1000
lny,-90.88164185709338,51.11835814290661,1000
hpl,-16.95219769746631,95.04780230253368,1000
dcv,-68.08971246075653,35.91028753924347,1000
vbz,-90.1363792491075,66.8636207508925,1000
smj,-13.819752591520565,61.18024740847944,1000
lrm,-87.33345767229758,38.66654232770241,1000
dto,-84.86813378215236,12.131866217847648,1000
kzg,-71.14238292143118,35.85761707856882,1000
hbm,-86.29498577578693,21.70501422421307,1000
ror,-57.226805217565484,33.773194782434516,1000
kbj,-34.043809583380536,13.956190416619464,1000
evh,-42.38963316738638,92.61036683261362,1000
dsa,-6.0325867630121675,98.96741323698784,1000
qdv,-73.19105808085236,61.80894191914764,1000
ulf,-81.89044865754194,57.10955134245806,1000
azk,-94.32874885887126,3.6712511411287387,1000
cks,-88.5657021454764,69.4342978545236,1000
adv,-53.61683790273981,29.38316209726019,1000
cpt,-44.469744397884575,66.53025560211542,1000
let,-28.30524078814488,45.69475921185512,1000
ude,0.04443506041316181,88.04443506041316,1000
uav,-11.276671369526115,6.723328630473884,1000
dit,-12.307366487129613,41.69263351287039,1000
oll,-54.291269534445725,25.708730465554275,1000
whd,-84.12349199656131,97.87650800343869,1000
lwy,-64.71736646636356,53.28263353363645,1000
dvb,-84.9547927802968,78.0452072197032,1000
nry,-68.22302972485302,86.77697027514698,1000
zmz,-29.49185035326616,20.50814964673384,1000
nkt,-17.098897190584815,78.90110280941518,1000
xia,-65.43702965847622,50.56297034152377,1000
wiv,-72.93853715549281,46.0614628445072,1000
gjp,-55.302291448840144,30.697708551159856,1000
byw,-52.81560856978058,30.18439143021942,1000
zww,-29.4797520799343,26.5202479200657,1000
gwg,-30.933272076155653,97.06672792384434,1000
umm,-52.87703292124506,93.12296707875494,1000
nnf,-15.642496115170227,39.357503884829775,1000
dvq,-11.084550518962807,15.915449481037193,1000
pmx,-8.397814191910008,92.60218580809,1000
rpm,-74.56943409967599,76.43056590032401,1000
drq,-57.543150436170194,1.4568495638298076,1000
rhz,-4.160525015859685,90.83947498414031,1000
ggi,-91.07487221407865,16.92512778592134,1000
dzh,-62.14876926010093,27.851230739899073,1000
yzd,-16.039889972435898,13.960110027564102,1000
agp,-25.446394063027267,18.553605936972733,1000
khm,-8.516314307322792,9.483685692677208,1000
ynr,-23.667163953396493,31.332836046603507,1000
wee,-42.05722672056355,72.94277327943645,1000
iyd,-72.31513192820677,39.68486807179323,1000
pdd,-90.95060291426806,91.04939708573194,1000
zlg,-8.780285332295271,25.21971466770473,1000
vly,-89.10195337839764,89.89804662160236,1000
vbf,-49.326241071747646,45.673758928252354,1000
heu,-20.143464822778988,7.856535177221013,1000
tsc,-12.853599437203982,67.14640056279602,1000
drd,-4.4931223415597685,90.50687765844023,1000
guk,-47.959758154723566,92.04024184527643,1000
jwd,-71.79563743315508,41.20436256684493,1000
sck,-5.588333191326662,97.41166680867335,1000
gud,-78.32652485584457,77.67347514415543,1000
lcv,-50.58709234074983,56.41290765925017,1000
bky,-89.62304619062081,96.37695380937919,1000
flu,-15.746475861708154,97.25352413829185,1000
hut,-80.07948286740712,57.92051713259288,1000
pvr,-58.62253678252067,34.37746321747933,1000
mkh,-97.81036424633591,24.189635753664092,1000
wpr,-17.96193609505398,62.03806390494602,1000
iae,-13.449353217846676,7.550646782153324,1000
zgk,-21.522997003040043,90.47700299695995,1000
vxy,-0.19947474047331837,41.80052525952668,1000
vpq,-95.80953645530715,19.190463544692847,1000
wha,-31.299848458642852,45.70015154135715,1000
ueh,-22.55908818039316,44.44091181960684,1000
usa,-54.31590586651184,63.68409413348816,1000
dls,-83.54083892697719,43.45916107302282,1000
yob,-63.646656626670264,94.35334337332974,1000
liz,-69.9887685891311,76.0112314108689,1000
vmq,-88.52607937969448,17.473920620305524,1000
glt,-49.844095179425445,45.155904820574555,1000
its,-38.004646991925625,22.995353008074378,1000
xrk,-87.38572036214745,7.614279637852548,1000
npy,-49.447196764257924,10.552803235742074,1000
gws,-58.191175778585816,2.8088242214141856,1000
maj,-3.15305062780644,23.84694937219356,1000
sac,-21.71175087480258,95.28824912519742,1000
rei,-64.05353482823288,33.94646517176712,1000
uce,-11.346109168534554,25.653890831465446,1000
btb,-72.30277827704352,17.69722172295648,1000
wdc,-42.62715995007821,66.37284004992179,1000
sca,-47.99549006172255,46.00450993827745,1000
xnf,-23.758554053173373,89.24144594682663,1000
wdm,0.9967535441809623,22.99675354418096,1000
zqs,-69.45195972782801,55.54804027217199,1000
ogw,-36.55950639273321,63.44049360726679,1000
ccl,-59.300839463509845,29.69916053649015,1000
frq,-1.2620619859409004,35.7379380140591,1000
tvh,-39.198121043187626,27.801878956812374,1000
feh,-78.66177125796771,41.33822874203228,1000
pox,-16.452292560041577,66.54770743995843,1000
wiz,-94.23550653387927,48.76449346612073,1000
vwf,-25.50346151927786,44.49653848072214,1000
kzy,-61.19250077874682,90.80749922125318,1000
zlc,-44.5403464523121,17.4596535476879,1000
rlh,-2.843543970001129,15.156456029998871,1000
efc,-87.54704064968554,14.452959350314462,1000
ejf,-31.756534242500948,90.24346575749905,1000
nna,-38.959870408889564,5.040129591110434,1000
vqg,-75.96493007447394,7.035069925526065,1000
ysd,-26.188461520489817,8.811538479510185,1000
etq,-78.86022088105271,37.13977911894729,1000
jum,-55.879630666822656,39.120369333177344,1000
isv,-73.69099795462091,34.30900204537909,1000
gzy,-23.277225293549012,54.72277470645099,1000
cau,-4.885807372491413,22.114192627508586,1000
xvk,-8.22566885966361,70.77433114033639,1000
wvt,-75.16261036300858,47.83738963699142,1000
qiq,-22.679655434672007,36.32034456532799,1000
ifr,-89.0406953402747,96.9593046597253,1000
rwc,-0.7772859831288483,53.22271401687115,1000
zue,-15.810428851827377,38.189571148172625,1000
kew,-31.230249991442022,6.769750008557977,1000
nlq,-15.389271367662062,34.61072863233794,1000
sjo,-2.0546938118244142,17.945306188175586,1000
mbh,-8.15082833292009,98.84917166707991,1000
rdl,-57.617866565966196,9.382133434033804,1000
ueg,-19.810070113481476,67.18992988651853,1000
wsc,-27.004394360690583,19.995605639309417,1000
rph,-66.0329582890539,91.9670417109461,1000
pfg,-57.873519755201706,74.12648024479829,1000
avz,-49.80109337307065,2.1989066269293485,1000
uvm,-82.12449359675738,73.87550640324262,1000
neb,-35.42687352944555,4.573126470554452,1000
dme,-34.29805549588787,50.70194450411213,1000
lxc,-3.1864956152579333,76.81350438474206,1000
jpj,-16.91513568730615,48.08486431269385,1000
zvg,-12.053142294799946,12.946857705200054,1000
aan,-60.94590987375556,6.05409012624444,1000
cly,-54.169213026028785,22.830786973971215,1000
hyf,-3.1324025860986917,83.86759741390131,1000
gik,-56.804954652971055,49.195045347028945,1000
sze,-72.48215802782661,95.51784197217339,1000
zxk,-64.90216419622466,33.09783580377535,1000
hvq,-8.686225598178595,79.3137744018214,1000
zxf,-3.956938254779989,68.04306174522002,1000
obv,-75.78093930731474,15.21906069268526,1000
uvj,-81.80585946656004,93.19414053343996,1000
zte,-14.173242756136569,86.82675724386343,1000
afu,-28.72317202367845,84.27682797632154,1000
ddm,-1.7016602448908813,69.29833975510911,1000
vlx,-54.92981554641587,32.07018445358413,1000
jun,-40.66194003183408,64.33805996816592,1000
lng,-19.43308776062172,49.566912239378276,1000
nfl,-62.192330431098085,73.80766956890191,1000
zvl,-33.808448749704205,9.191551250295795,1000
ozd,-69.66044143579515,72.33955856420485,1000
jqo,-20.5934397895678,19.4065602104322,1000
isu,-46.82572900259683,5.1742709974031715,1000
qad,-81.74525864335453,77.25474135664547,1000
elu,-51.62317243083509,35.37682756916491,1000
nvf,-3.8705262665626448,74.12947373343735,1000
pdy,-43.821823479941834,18.178176520058166,1000
yhd,-77.21451362977787,65.78548637022213,1000
ugo,-69.80114721814391,53.19885278185609,1000
qjm,-26.139524689864643,54.86047531013536,1000
web,-16.042161981406878,98.95783801859312,1000
xyh,-4.569586160793294,43.43041383920671,1000
cxw,-75.1976622324371,31.802337767562904,1000
hkk,-3.295433430462597,33.704566569537405,1000
gkt,-70.64110587114696,90.35889412885304,1000
pyl,-72.3814269827705,42.61857301722949,1000
whr,-9.522868613061542,57.47713138693846,1000
jsa,-2.134039547393704,27.865960452606295,1000
tcz,-29.956020856766752,23.043979143233248,1000
jzi,-65.51248277980534,89.48751722019466,1000
ykn,-41.63424520496033,19.365754795039667,1000
jkm,-93.1273410268889,1.8726589731111067,1000
ukj,-44.49436178072158,66.50563821927842,1000
gsn,-16.8523353145043,18.1476646854957,1000
rgs,-40.43503119551204,69.56496880448796,1000
teu,-62.35943267742361,32.64056732257639,1000
hyz,-33.6063811833866,81.3936188166134,1000
lsa,-50.66476666446807,66.33523333553194,1000
vnk,-39.760164140702116,7.239835859297887,1000
blh,-0.13479662206002718,47.86520337793997,1000
cpa,-89.44256028873522,69.55743971126478,1000
peu,-89.70999578347201,46.290004216528,1000
sbz,-87.36980588806166,40.63019411193833,1000
avo,-93.6057660379749,60.3942339620251,1000
uxw,-61.340746691048935,64.65925330895107,1000
qyc,-30.819106502793304,66.1808934972067,1000
whf,-31.337066067319338,33.662933932680666,1000
jud,-20.964008731973585,29.035991268026415,1000
ari,-84.65997925722853,24.340020742771472,1000
zzk,0.16270545530722513,50.162705455307226,1000
qre,-49.49182382148686,41.50817617851314,1000
frq,-47.29921446645136,31.700785533548643,1000
czv,-54.27838679974379,96.72161320025621,1000
iez,-86.60830138801975,53.39169861198024,1000
fir,-19.747424236693856,70.25257576330614,1000
sko,-88.11651094285403,94.88348905714597,1000
vqh,-20.572189622397357,0.4278103776026435,1000
wxm,-53.94958376389376,61.05041623610624,1000
ufp,-0.9693746680598401,81.03062533194016,1000
gqp,-6.4587776294481944,49.54122237055181,1000
lly,-13.748959901216251,51.25104009878375,1000
gjr,-49.792046822556955,82.20795317744304,1000
kge,-69.5584759848933,35.441524015106694,1000
ftj,-62.50758025639577,47.49241974360423,1000
mwx,-71.96305387732774,80.03694612267226,1000
tpz,-94.35791937644616,44.64208062355384,1000
rzm,-46.28675574523826,3.713244254761743,1000
znd,-47.41588442456277,7.58411557543723,1000
bpi,-91.10853747438048,29.89146252561952,1000
dht,-87.42241591343948,95.57758408656052,1000
knu,-20.261237017301095,81.7387629826989,1000
qxr,-67.3631020858802,69.6368979141198,1000
zqx,-46.60384671204409,50.39615328795591,1000
igv,-95.12559145153492,83.87440854846508,1000
lwv,-33.72731493127911,84.27268506872089,1000
rpt,-6.812048028016761,35.18795197198324,1000
fsj,-7.566630660261712,11.433369339738288,1000
gvr,-50.5470463221122,48.4529536778878,1000
fce,-93.90609817742325,6.093901822576756,1000
