ipu,-31.353227759510794,31.646772240489206,1000
osk,-12.156179016434226,30.843820983565774,1000
rfy,-51.94681438270033,70.05318561729966,1000
rts,-72.91487922323181,1.0851207767681887,1000
vvb,-68.71316613265935,40.286833867340654,1000
wll,-26.992987873109524,69.00701212689047,1000
clh,-86.9826721545119,92.0173278454881,1000
tvj,-48.04131435768909,85.95868564231091,1000
uey,-28.761816993287248,39.23818300671275,1000
bww,-20.522738952058603,2.477261047941396,1000
tvh,-17.088486000612104,39.9115139993879,1000
cwu,-57.86186218306611,1.138137816933889,1000
dao,-64.27828539391344,69.72171460608656,1000
ipi,-69.87681878494998,6.1231812150500184,1000
pgu,-73.38938549110377,60.610614508896234,1000
rtg,-92.35938585203769,76.64061414796231,1000
cdo,-77.72096204862969,13.279037951370317,1000
tyl,-59.15539195399908,81.84460804600091,1000
cbt,-77.80154917898675,47.19845082101325,1000
uvt,-67.63423194515644,40.365768054843564,1000
ykj,-18.321890835313546,79.67810916468646,1000
ufr,-25.97259982084845,98.02740017915156,1000
fpr,-89.06458944435457,67.93541055564543,1000
yds,-88.24527068466148,96.75472931533852,1000
yus,-19.227861219771714,21.772138780228286,1000
tiu,-63.73870088334918,27.26129911665082,1000
pdt,-47.67757488339588,36.32242511660412,1000
wmt,-42.36446317484271,13.63553682515729,1000
zpz,-8.242068321604167,82.75793167839583,1000
czd,-2.199927512909759,14.800072487090242,1000
gqr,-61.013755635897375,64.98624436410263,1000
cns,-26.63311398567318,42.36688601432682,1000
kvg,-93.48020614969558,72.51979385030442,1000
bye,-1.638801533282473,68.36119846671752,1000
iyn,-69.70474955153037,51.29525044846963,1000
myc,-82.35021957641342,87.64978042358658,1000
avo,-68.10605803018038,94.89394196981962,1000
saj,-49.34625884072228,34.65374115927772,1000
ieu,-93.06554324128396,35.934456758716045,1000
lvk,-28.867996006375265,44.132003993624735,1000
adj,-45.25592723772842,57.74407276227158,1000
jnz,-95.0968552606457,76.9031447393543,1000
hyd,-82.92487026268657,6.075129737313431,1000
xct,-95.08590977985529,48.914090220144715,1000
xeo,-24.450654831959984,30.549345168040016,1000
tzi,-47.498453000805156,9.50154699919484,1000
xgw,-27.89760242867577,8.10239757132423,1000
gwg,-16.3733208423291,55.6266791576709,1000
lqe,-74.79125623671291,9.208743763287087,1000
nav,-54.30049224799744,37.69950775200256,1000
uav,-36.148071696760354,25.851928303239642,1000
dga,-38.86106432217367,31.138935677826332,1000
abs,-70.1148602895815,17.885139710418496,1000
qju,-71.29269883823548,64.70730116176452,1000
nde,-76.24651510429051,29.753484895709487,1000
knx,-22.33089442101068,56.66910557898932,1000
fgc,-10.197926283447547,42.80207371655246,1000
jmq,-11.581357015754742,68.41864298424525,1000
vmz,-58.37203352506206,83.62796647493795,1000
vwb,-4.2129198283701506,7.7870801716298494,1000
qqu,-30.89335539360631,46.10664460639369,1000
puj,-35.76625558596858,29.233744414031417,1000
fja,-41.28264055814846,61.71735944185154,1000
mzx,-51.27672792142482,46.72327207857518,1000
aon,-85.7404802208434,46.25951977915661,1000
jej,-33.23648555523321,26.76351444476679,1000
cbk,-3.988088215595557,9.011911784404443,1000
bao,-89.95137531766734,74.04862468233266,1000
yvn,-88.92704536938774,22.072954630612266,1000
yrm,-58.04740169495236,4.952598305047638,1000
pmw,-6.822855694546658,27.177144305453343,1000
qdz,-64.42025749337344,65.57974250662656,1000
ltp,-88.91632527355722,78.08367472644278,1000
sxn,-17.700976470670877,18.299023529329123,1000
stl,-48.20721386727241,39.79278613272759,1000
yce,-16.569088555343583,75.43091144465642,1000
jet,-82.42598312497347,49.57401687502654,1000
ibt,-51.27109650386308,53.72890349613692,1000
qof,-72.59051348767248,16.40948651232751,1000
gpu,-46.44075724774042,49.55924275225958,1000
bkt,-20.717028775619067,2.282971224380932,1000
cml,-2.5821555102732585,53.41784448972674,1000
mnn,-33.70862708211008,36.29137291788992,1000
jvf,-59.873700092350596,68.1262999076494,1000
iot,-39.629507473027836,96.37049252697217,1000
vfe,-52.16307571128855,40.83692428871145,1000
ful,-11.141699321521894,23.858300678478106,1000
gng,-38.411390795183586,54.588609204816414,1000
wzd,-92.4558317796915,47.5441682203085,1000
ras,-21.454170105211457,25.545829894788543,1000
ind,-15.378207347528715,95.62179265247129,1000
pvk,-7.813153367176963,23.186846632823038,1000
rhw,-69.86824577165734,68.13175422834266,1000
zud,-48.1373484787974,97.8626515212026,1000
sao,-9.906682111365186,44.093317888634814,1000
gou,-94.7738938721244,82.2261061278756,1000
zle,-41.634767158632876,34.365232841367124,1000
xhv,-63.45071419093042,72.54928580906959,1000
ont,-22.77012518113031,79.22987481886969,1000
zla,-48.56645476932133,70.43354523067867,1000
ngt,-72.46276858704603,35.53723141295397,1000
ule,-69.07744017088227,93.92255982911773,1000
wba,0.1811657992651745,3.1811657992651745,1000
mio,-73.03607792288703,39.96392207711296,1000
aln,-87.63685352072484,30.36314647927516,1000
icc,-83.08885858941908,83.91114141058092,1000
nuq,-2.733434896410783,82.26656510358922,1000
mmb,-6.552310750820194,29.447689249179806,1000
alj,-75.37293814809824,2.6270618519017583,1000
ums,-67.19464954710115,33.80535045289885,1000
eil,-7.189883495357602,75.8101165046424,1000
vmi,-21.835290107303347,9.164709892696653,1000
pzv,0.6377463182512689,81.63774631825127,1000
mkr,-24.103162132319707,67.89683786768029,1000
yxe,-20.045503241207438,78.95449675879256,1000
bir,-50.28865387735835,77.71134612264166,1000
qgu,-64.03462018293726,40.96537981706273,1000
ucd,-13.447440983789852,30.55255901621015,1000
ssf,-63.268622042127376,92.73137795787262,1000
kai,-56.04512895741971,29.954871042580287,1000
ald,-76.59175607535549,6.408243924644516,1000
elm,-10.98382105034465,86.01617894965536,1000
oga,-93.17259507126668,16.82740492873332,1000
mqa,-64.22524938207204,57.77475061792797,1000
vls,-5.409675690661874,97.59032430933813,1000
yup,-71.02033647481714,49.97966352518286,1000
gjk,-55.5904978171818,49.4095021828182,1000
vxz,-0.24561622290655283,62.754383777093445,1000
otn,-88.49502656856515,23.504973431434856,1000
afi,-59.93302532714675,30.06697467285325,1000
abt,-47.050819799941586,1.9491802000584113,1000
zkz,-66.88408440259009,62.115915597409916,1000
why,-62.84675177598809,74.15324822401192,1000
ggl,-3.0706146079154344,46.92938539208457,1000
bzw,-65.80602698039118,81.19397301960882,1000
pdw,-83.69565820307953,71.30434179692047,1000
vwk,-49.90226701301392,33.09773298698608,1000
wzv,-34.315793582795635,64.68420641720436,1000
fsa,-76.71345328558974,61.28654671441027,1000
sbr,0.7361949941920028,90.736194994192,1000
dfn,-3.7966752368653642,6.203324763134636,1000
wwe,-10.690670510317645,94.30932948968236,1000
uen,-16.173365478009664,53.826634521990336,1000
vjm,-2.0833648875276247,37.91663511247238,1000
seb,-61.04460560512593,46.95539439487407,1000
vzt,-40.07198665258675,58.92801334741325,1000
icc,0.5685999234119581,0.5685999234119581,1000
knk,-1.806154085977985,76.19384591402202,1000
dhg,-11.867237390129793,73.13276260987021,1000
nkf,-83.45642122370197,63.543578776298034,1000
cgh,-69.59607764001167,78.40392235998833,1000
wsd,-34.06034236252592,19.939657637474077,1000
ucq,-92.9686951527543,6.031304847245702,1000
crw,-1.625966755629749,61.37403324437025,1000
znf,-20.609618612947376,81.39038138705263,1000
gyt,-77.98407948504094,95.01592051495906,1000
qdn,-15.515710671785195,78.4842893282148,1000
hdk,-66.45932000642736,19.54067999357264,1000
wky,-12.363405690294993,94.636594309705,1000
hkc,-63.96372656048866,78.03627343951135,1000
jwn,-12.757149426661815,41.24285057333819,1000
yow,-48.825047323936516,4.174952676063483,1000
cqx,-44.596528387451045,20.40347161254895,1000
zyx,-89.6864347238957,59.313565276104306,1000
sji,-68.26129470395244,64.73870529604756,1000
hpm,-36.9160910806686,18.0839089193314,1000
njg,-26.019886024508086,52.98011397549191,1000
hve,-97.45812266417457,51.54187733582543,1000
gkw,0.7318432008877055,88.73184320088771,1000
ubj,-96.93919685348675,56.06080314651326,1000
ipz,-61.05098104257969,26.949018957420304,1000
unf,-3.3035844025934953,91.6964155974065,1000
olu,-55.964687206159944,66.03531279384005,1000
zqh,-97.3836638666585,41.61633613334151,1000
ogi,-39.83538696644529,82.1646130335547,1000
yje,-77.60193209751701,43.39806790248299,1000
kwz,-34.855972299602385,78.14402770039761,1000
kba,-57.86273989010349,21.137260109896506,1000
aad,-70.61792459120466,82.38207540879534,1000
zky,-48.35796227440944,14.642037725590566,1000
wlz,-54.335414956167206,91.66458504383279,1000
ceo,-39.88036242325831,16.119637576741685,1000
avb,-40.59350696522326,33.40649303477674,1000
lfn,-63.28193890178298,82.71806109821702,1000
efv,-0.8979747482205997,37.1020252517794,1000
zch,-79.9527768636685,97.0472231363315,1000
hoq,-26.70617809085524,87.29382190914477,1000
bab,-17.923494702966345,33.076505297033655,1000
laq,-75.6217278750115,14.378272124988495,1000
lfw,-78.77651743522765,65.22348256477235,1000
bla,-41.062267766410564,75.93773223358943,1000
seg,-81.40261881154102,32.597381188458975,1000
bcm,-77.74044016792394,82.25955983207606,1000
mqm,-72.7041391730764,49.29586082692361,1000
suz,-21.560939171904067,15.439060828095934,1000
she,-86.36469254408671,41.63530745591329,1000
psw,-74.53009113872973,27.46990886127027,1000
nqs,-12.509305946155681,29.49069405384432,1000
aqj,-50.29035589914068,28.709644100859325,1000
iny,-77.73656928765942,71.26343071234058,1000
dsz,-46.05269944022762,33.94730055977238,1000
kth,0.06093645163059347,11.060936451630594,1000
gwa,-91.83610544878488,53.16389455121512,1000
vjk,-81.23319347440602,66.76680652559398,1000
wrk,-90.68511025029397,83.31488974970603,1000
yfq,-82.66601270061655,48.33398729938345,1000
tqs,-74.51060970668779,59.48939029331221,1000
slq,-79.64905804581427,34.35094195418573,1000
qcx,-49.23172550833237,70.76827449166764,1000
mgq,-93.16963836030708,93.83036163969292,1000
naj,-50.87379601929235,13.12620398070765,1000
ira,-47.61146615383839,33.38853384616161,1000
szq,-60.104510951209456,47.895489048790544,1000
hko,-10.987996679980903,95.0120033200191,1000
acv,-50.05305138885594,24.946948611144055,1000
pvv,-93.21135758932257,65.78864241067743,1000
irj,-72.73627401695471,19.263725983045294,1000
qjd,-30.938352013814423,4.0616479861855765,1000
ihk,-66.5271794018055,63.4728205981945,1000
aut,-57.40148756470237,19.598512435297625,1000
gon,-60.11807469858547,45.88192530141453,1000
ymu,-6.493774784314819,81.50622521568518,1000
ufx,-91.47140334650291,93.52859665349709,1000
eqj,-12.70951236041176,84.29048763958824,1000
qax,-93.3523963390924,72.6476036609076,1000
xiz,-64.14320089646412,46.85679910353588,1000
dub,-91.8805198784861,65.1194801215139,1000
mfl,-62.00655665335526,33.99344334664474,1000
mln,-78.99393548958327,95.00606451041673,1000
coa,-5.957778714968869,31.042221285031133,1000
axq,-1.4033233539979366,38.59667664600207,1000
fzm,-29.049841993940003,13.950158006059999,1000
dhq,-8.993891712558666,11.006108287441334,1000
nlh,-70.2590984689766,62.7409015310234,1000
evl,-66.558587708296,22.441412291704005,1000
utk,-71.56419732524238,33.43580267475762,1000
rmf,-12.84583428002481,92.15416571997518,1000
npv,-48.01458334257816,9.985416657421837,1000
nyn,-85.15729412778914,80.84270587221086,1000
jyi,-51.50810350670895,31.49189649329105,1000
jdq,-18.643593922076953,64.35640607792305,1000
tvm,-38.91342658786608,26.086573412133927,1000
cyj,-95.24371634634889,6.756283653651116,1000
snz,-47.88363442580407,63.11636557419593,1000
hqi,-91.00492941070873,20.99507058929127,1000
bld,-28.28185521810492,28.71814478189508,1000
itg,-12.694207948612133,74.30579205138787,1000
iiy,-53.82682890163599,20.17317109836401,1000
aul,-20.51660395188905,18.48339604811095,1000
kbt,-16.78608044120344,91.21391955879656,1000
ass,-85.80824706897927,24.191752931020734,1000
vqc,-65.16561382895128,35.83438617104871,1000
her,-86.52248697818892,4.477513021811077,1000
utf,-71.90744383342346,75.09255616657654,1000
ucm,-57.591093238092434,30.408906761907566,1000
jni,-90.39362688196623,29.606373118033765,1000
dnd,-37.8351114036868,2.164888596313198,1000
lad,-54.01187807334708,52.98812192665292,1000
nzl,-61.88594090423812,25.114059095761878,1000
mok,-34.60080547160803,42.39919452839197,1000
yhk,-14.289402855948374,55.710597144051626,1000
nhv,-25.687314698881536,95.31268530111846,1000
scu,-73.31182334657018,93.68817665342982,1000
wrz,-95.64740627512579,43.35259372487421,1000
xxk,-75.9271009069871,36.07289909301289,1000
nkx,-62.158211593037244,80.84178840696275,1000
okx,-19.914235466772578,51.085764533227426,1000
lif,-70.40180624614294,47.59819375385706,1000
dkt,-31.770626038042202,38.2293739619578,1000
cpg,-86.84369719348811,95.15630280651189,1000
jmf,-4.6073252387020425,51.39267476129796,1000
ohp,-76.96684259290909,90.03315740709091,1000
aoo,-93.34630352036164,60.65369647963835,1000
ysy,-93.23602979019859,85.76397020980141,1000
ljk,-58.32668733809673,76.67331266190327,1000
xgg,-64.48923765080092,4.51076234919909,1000
mwx,-58.603369227574916,89.39663077242508,1000
sjn,-22.437816079103865,64.56218392089613,1000
gex,-12.478608230461488,6.5213917695385115,1000
goc,-22.45679948603304,20.54320051396696,1000
mqa,-26.407477993631325,21.592522006368675,1000
pkk,-4.594135554562219,12.40586444543778,1000
led,-48.25048181511301,2.7495181848869863,1000
xhf,-53.004067483845134,24.99593251615487,1000
vhm,-13.24946502573709,43.75053497426291,1000
jng,-58.010651618153396,24.989348381846604,1000
rhf,-84.58683983790931,11.413160162090694,1000
hah,-49.98999191678201,92.010008083218,1000
zsi,-52.666100959492596,51.333899040507404,1000
ddd,-72.84685670927442,48.15314329072558,1000
oov,-41.75946075423424,42.24053924576576,1000
ixb,-68.38613585998043,22.613864140019572,1000
uif,-6.23158192629289,28.76841807370711,1000
iai,-78.14064435621137,59.859355643788625,1000
uxi,-73.58245593045291,14.41754406954709,1000
ytw,-15.399381107221222,47.600618892778776,1000
spc,-47.4004170601395,20.599582939860497,1000
jse,-29.611373778094563,96.38862622190544,1000
tse,-79.73310157038581,1.2668984296141907,1000
adn,-31.62107518530943,19.37892481469057,1000
wjv,-95.9061931925786,45.09380680742141,1000
jxq,-41.01671930014665,60.98328069985335,1000
eur,-2.6228691214862896,54.37713087851371,1000
nny,-69.22387856976891,77.77612143023109,1000
ask,-29.50630964841214,43.49369035158786,1000
wpm,-35.13797099063061,83.8620290093694,1000
mrv,-39.1229556859634,54.8770443140366,1000
hlc,-54.980488083028106,26.019511916971897,1000
xap,-55.593888985235516,85.40611101476448,1000
gup,-88.33090392052,9.669096079480001,1000
iem,-82.89849744317557,10.101502556824423,1000
dtr,-90.6530212716237,85.3469787283763,1000
tvr,-4.438644157889149,49.56135584211085,1000
sas,-28.47552427961086,23.52447572038914,1000
zdh,-55.495545143611444,59.504454856388556,1000
ckq,-96.02940508425728,44.970594915742716,1000
cjw,-57.92318380170456,36.07681619829544,1000
xqs,-90.42242464202448,48.577575357975526,1000
isw,-85.88632560350852,51.11367439649148,1000
jkm,-18.265866681676993,26.734133318323007,1000
aia,-36.44027864871406,77.55972135128593,1000
lky,-52.444645169489974,34.555354830510026,1000
zwi,-32.20268293592569,66.7973170640743,1000
ehy,-87.00443238168741,75.99556761831259,1000
glu,-37.160277162237705,11.839722837762295,1000
qif,-9.300507387254347,62.69949261274565,1000
jak,-52.92532761713718,42.07467238286282,1000
ses,-38.06140720870471,87.93859279129529,1000
zrs,-24.355710000769974,9.644289999230027,1000
mxh,-29.13597808118877,78.86402191881123,1000
lnh,-37.78975800828666,19.21024199171334,1000
lhq,-78.10193901962298,85.89806098037702,1000
pod,-69.83261439250313,51.16738560749687,1000
ztg,-45.65572037219225,39.34427962780775,1000
yuv,-25.987871276599808,42.01212872340019,1000
gna,-28.04852814905277,12.951471850947227,1000
bzb,-33.417959623605,70.582040376395,1000
det,-2.3019934883626627,84.69800651163733,1000
epq,-49.958737353992646,47.041262646007354,1000
ybs,-26.902533907229845,98.09746609277015,1000
fre,-26.189113280403028,52.81088671959697,1000
urr,-60.808573924978106,40.191426075021894,1000
lht,-13.23010843867481,28.76989156132519,1000
yhz,-77.04461511222998,53.955384887770016,1000
uet,-44.03641499561866,41.96358500438134,1000
jdg,-60.24948962723485,38.75051037276515,1000
nnr,-96.2777650406443,91.7222349593557,1000
zpk,-73.65840896469065,92.34159103530935,1000
jyt,-64.74894278927393,28.251057210726078,1000
pxj,-6.646705073197926,65.35329492680208,1000
ili,-72.47165068671205,52.52834931328794,1000
ohz,-76.70019352718349,85.29980647281651,1000
lhr,-54.25174655409746,35.74825344590254,1000
mbx,-5.642555029780494,60.357444970219504,1000
eyd,-53.071782364213,87.928217635787,1000
mln,-30.18996374093119,76.81003625906881,1000
jtb,-7.459440433422977,93.54055956657702,1000
iym,-39.424500283523756,53.575499716476244,1000
xca,-20.165394630865087,77.83460536913492,1000
fvh,-84.22467558608821,30.775324413911783,1000
jpz,-87.98466890844958,46.01533109155042,1000
evz,-23.001795967085336,38.998204032914664,1000
ojt,-19.001472730493624,37.998527269506376,1000
stl,-42.53298589779498,96.46701410220503,1000
cua,-10.769900231236985,7.230099768763015,1000
jcv,-25.624989818901135,73.37501018109886,1000
qrc,-71.50240345452063,80.49759654547937,1000
bvj,-56.964855184185495,27.035144815814505,1000
udx,-80.31679248524414,42.68320751475587,1000
icu,-39.88712383865315,36.11287616134685,1000
qiu,-37.7791300653674,29.220869934632606,1000
dlw,-33.63443238733603,26.365567612663973,1000
iwq,-8.512011593861642,87.48798840613836,1000
zqj,-72.46021702067257,70.53978297932743,1000
kmi,-36.26125492168137,58.73874507831863,1000
hau,-22.32151153974749,12.678488460252511,1000
iuf,-16.52857666375137,32.47142333624863,1000
zqr,-6.769411535003384,5.230588464996616,1000
tqd,-28.154654440594307,55.84534555940569,1000
xgl,-35.714165365229405,4.285834634770591,1000
ijn,-31.92252750178119,2.077472498218812,1000
wbj,-64.91660750233332,65.08339249766668,1000
iof,-21.1915670040195,71.8084329959805,1000
rxx,-58.10190953900015,96.89809046099985,1000
fhs,-35.71764535543677,62.28235464456323,1000
tqa,-43.680722051607866,43.319277948392134,1000
ccf,-25.063061178058298,94.93693882194171,1000
seu,-57.26348630285921,27.73651369714079,1000
ukc,-35.906813857960294,22.093186142039706,1000
hra,-96.99883923861181,1.0011607613881885,1000
mhx,-73.76012102961407,45.23987897038594,1000
eae,-93.9024044535655,91.0975955464345,1000
idb,-82.01754951894326,96.98245048105674,1000
yej,-20.283131442824487,11.716868557175513,1000
umt,-75.54044444202763,24.45955555797236,1000
erw,-85.90758996887826,13.092410031121743,1000
qjv,-42.281483483543575,67.71851651645643,1000
qlv,-54.86722755690779,32.13277244309221,1000
rhk,-56.11384086430238,32.88615913569762,1000
lsg,-35.30252548709954,53.69747451290046,1000
xfv,-88.29659107744392,68.70340892255608,1000
aap,-44.38929732559677,86.61070267440323,1000
djr,-26.696913147762473,59.30308685223753,1000
xqj,-51.82896044446539,79.1710395555346,1000
lld,-61.427987375101225,50.572012624898775,1000
jpg,-37.075722368860355,69.92427763113965,1000
sem,-5.641391115139257,78.35860888486074,1000
dxu,-91.35431843494001,81.64568156505999,1000
grv,-47.54390052468736,80.45609947531264,1000
wwm,-5.9675452892998075,60.03245471070019,1000
wlg,-35.53430789183268,24.465692108167314,1000
tyk,-62.87570061760517,79.12429938239484,1000
gvm,-91.7714790302157,92.2285209697843,1000
qos,-67.86725397827057,27.13274602172943,1000
cnc,-8.823082482136,47.176917517864,1000
qtg,-77.00187751423684,92.99812248576316,1000
bcu,-43.45186912195616,52.54813087804384,1000
ysz,-34.16816042426691,18.831839575733092,1000
ehc,-88.75324814394257,11.246751856057434,1000
aru,-7.444503344247914,8.555496655752085,1000
swz,-83.63669547764145,67.36330452235855,1000
vlz,-60.18649061630846,8.813509383691537,1000
plh,-65.9242772357411,18.075722764258895,1000
adl,-78.16595562340332,92.83404437659668,1000
nhi,-57.5030896725845,41.4969103274155,1000
odg,-66.72707996028254,19.27292003971747,1000
nzj,-74.8567703995869,28.143229600413086,1000
owx,-0.44022708660252596,49.559772913397474,1000
mja,-65.84160770922584,90.15839229077416,1000
nsc,-40.25252486929125,3.7474751307087466,1000
nnk,-51.844474501109985,3.1555254988900163,1000
bga,-56.218269199302156,6.7817308006978445,1000
vpi,-39.30643477674257,58.69356522325743,1000
qds,-31.190495533048736,85.80950446695127,1000
tye,-78.72572806288873,93.27427193711127,1000
djn,-7.195103671848666,73.80489632815133,1000
jrq,-8.293540625909865,87.70645937409013,1000
iql,-93.89979016320274,92.10020983679726,1000
lyy,-14.116194503733519,78.88380549626648,1000
ein,-0.6766972396001979,39.323302760399805,1000
nie,-57.63580875469246,47.36419124530754,1000
zyg,-7.3543251135045224,35.64567488649548,1000
yma,-25.65923791181499,44.34076208818501,1000
czb,-6.741028591608533,11.258971408391467,1000
fvi,-90.48260808877338,50.517391911226625,1000
hop,-17.867684840057834,90.13231515994217,1000
dim,-90.7562211634708,58.2437788365292,1000
krw,-12.324543445828278,61.675456554171724,1000
vhc,-69.01613920903877,70.98386079096123,1000
lxo,-90.85213011375191,43.14786988624809,1000
njt,-39.663103828538816,19.336896171461184,1000
lpr,-6.952014752259415,73.04798524774058,1000
kwp,-2.319546888033663,1.680453111966337,1000
nro,-28.255708850358623,43.74429114964138,1000
lwb,-91.37148562702845,50.62851437297156,1000
lsu,-14.815279682973417,85.18472031702659,1000
pdv,-10.587444809521616,90.41255519047839,1000
zpg,-21.46723871834084,60.53276128165916,1000
xhv,-13.646288902603313,9.353711097396687,1000
qto,-82.11930244986418,80.88069755013582,1000
xtc,-2.5181638696691597,38.48183613033084,1000
anh,-52.35509211497465,45.64490788502535,1000
psw,-46.124254476845024,14.875745523154976,1000
efa,-5.690022932436424,12.309977067563576,1000
kss,-47.38906819768723,78.61093180231278,1000
ius,-46.77558936487316,0.224410635126834,1000
zuj,-13.585776693393361,13.414223306606639,1000
hqs,-11.153270294543535,26.846729705456465,1000
vzc,-33.85902182275778,23.140978177242214,1000
pkw,-74.92954128110634,4.070458718893661,1000
gnd,-67.06580600000778,91.93419399999222,1000
hfw,-90.22983226116925,16.770167738830754,1000
nwt,-27.427844089546486,75.57215591045352,1000
mud,-85.81148719423956,56.188512805760446,1000
xux,-16.263332963002668,98.73666703699733,1000
ojf,-89.50132068388135,7.498679316118653,1000
nib,-84.54841742866837,90.45158257133163,1000
quz,-5.847426339450647,98.15257366054935,1000
nyf,-90.56116201986268,39.438837980137315,1000
ocv,-20.548755028402137,49.45124497159786,1000
qgx,-4.227406665937721,82.77259333406228,1000
luv,-36.52454405040524,62.47545594959476,1000
zhy,-38.51387572378108,45.48612427621892,1000
vew,-48.543715622591726,25.456284377408274,1000
thi,-6.824068850132187,72.17593114986781,1000
xku,-67.87387940034466,68.12612059965534,1000
pxc,-28.742479121979258,33.25752087802074,1000
bfb,-62.68576652174154,91.31423347825846,1000
hhq,-73.44290818079692,40.55709181920308,1000
vek,-35.71761327533885,23.28238672466115,1000
rjo,-57.83424342964348,52.16575657035652,1000
pri,-57.04378252929883,89.95621747070116,1000
rmf,-6.795157427265383,6.204842572734617,1000
jyk,-77.10042925446147,79.89957074553853,1000
wdo,-40.56543844043775,93.43456155956224,1000
rdb,-97.54699210471239,48.45300789528761,1000
evj,-91.80833284796296,71.19166715203704,1000
upf,-73.43197266767349,12.568027332326514,1000
xeq,-28.581376737885552,39.41862326211445,1000
tpk,-44.45033066532983,16.549669334670174,1000
rgl,-47.49192822992871,52.50807177007129,1000
lpu,-75.12492024095133,57.87507975904867,1000
zqq,-78.32087140501434,30.679128594985652,1000
ewh,-71.88869079896067,95.11130920103933,1000
agj,-92.29671292637852,17.703287073621485,1000
fzk,-71.16414233760379,34.83585766239621,1000
uul,-61.975669714878926,48.024330285121074,1000
nfj,-16.496649057922276,14.503350942077724,1000
wgv,-13.563209847186696,13.436790152813304,1000
bqh,-6.306338862843918,96.69366113715608,1000
pce,-55.83678789986499,21.163212100135013,1000
fsa,-89.58343625205488,64.41656374794512,1000
ubm,-59.71183933615572,16.288160663844284,1000
zei,-62.400735668324415,27.599264331675585,1000
gwu,-29.97201819246022,61.02798180753978,1000
vhm,-38.88742731621988,38.11257268378012,1000
spd,-83.0698646746975,35.930135325302494,1000
pla,-73.92745177721167,0.0725482227883244,1000
zoq,-3.9178996971420808,74.08210030285792,1000
hkb,-60.721654363954336,83.27834563604567,1000
dpd,-85.03893278304825,26.961067216951744,1000
hsf,-34.28979765804036,26.710202341959643,1000
pju,-38.15221463885883,12.847785361141172,1000
dae,-91.5096431773047,88.4903568226953,1000
him,-47.94328101545318,31.056718984546816,1000
ess,-22.72907018926954,9.270929810730461,1000
gve,-36.85755974201417,78.14244025798583,1000
yvy,-68.17496100250567,83.82503899749433,1000
jfu,-54.14900827370454,53.85099172629546,1000
nvf,-58.861539562066056,55.138460437933944,1000
aoq,-44.56860316738479,19.431396832615206,1000
dyc,-21.65539363637323,15.344606363626768,1000
uii,-2.2803879645805867,79.71961203541942,1000
xip,-58.444689656647924,6.555310343352076,1000
ocv,-25.88773201916123,95.11226798083877,1000
hrf,-33.058045756240084,41.941954243759916,1000
bkj,-79.38199075435524,4.618009245644753,1000
yxo,-87.11740154341432,92.88259845658568,1000
gkg,-30.59631555540894,36.403684444591065,1000
kqb,-63.12098984468743,61.87901015531257,1000
clo,-2.9627037963739773,60.03729620362602,1000
hvk,-2.8139228157635316,96.18607718423647,1000
fof,-23.29347891621642,72.70652108378358,1000
jte,-50.182484812501535,13.817515187498461,1000
lan,-95.01638124694442,59.98361875305558,1000
rvg,-21.0523385852729,27.9476614147271,1000
qdq,-16.848306584872883,28.151693415127117,1000
awk,-71.49528303534615,63.50471696465385,1000
jtm,-69.85776384916511,39.14223615083489,1000
nzc,-8.279897677843566,49.720102322156436,1000
brf,-13.208833735371307,88.7911662646287,1000
iad,-23.25820844856989,30.74179155143011,1000
csj,-18.831855630413273,49.16814436958673,1000
rdp,-85.33599852745066,64.66400147254934,1000
ghf,-91.43002425542694,93.56997574457306,1000
jfr,-53.63188273809,96.36811726191,1000
baz,-48.408162571128415,85.59183742887159,1000
mnk,-36.18327082146094,52.81672917853906,1000
fag,-69.312951220203,1.6870487797969909,1000
paz,-82.78682568000544,20.213174319994557,1000
cwy,-49.91979913406483,59.08020086593517,1000
wcd,-2.100699952953655,17.899300047046346,1000
keh,-3.174966389346589,66.8250336106534,1000
egn,-77.58389412353499,58.416105876465004,1000
gql,-3.4198768072724217,80.58012319272758,1000
xad,-11.866213840646143,76.13378615935386,1000
une,-41.207939986311885,91.79206001368811,1000
vba,-58.371198884736444,98.62880111526356,1000
eqt,-66.03620009827677,70.96379990172323,1000
ieo,-61.3502412016465,49.6497587983535,1000
vce,-41.7651720550002,52.2348279449998,1000
sjp,-46.98942072331962,79.01057927668037,1000
pyo,-84.28526935479096,13.714730645209041,1000
zxp,-36.37308091901175,73.62691908098824,1000
djv,-25.678502012373876,28.321497987626124,1000
ybr,-31.710663965041032,25.289336034958968,1000
ddl,-93.56855243677387,1.4314475632261248,1000
loq,-14.056333225387213,70.94366677461278,1000
gko,-61.83508353973251,18.164916460267495,1000
hoz,0.30566585728299145,47.30566585728299,1000
uwd,-13.424394273449522,54.57560572655048,1000
uox,-94.02612023110447,81.97387976889553,1000
szt,-94.22744745115553,61.77255254884447,1000
oaj,-68.9330885981065,57.066911401893506,1000
qlt,-58.28201417677452,19.717985823225487,1000
iwu,-85.83620758678639,58.16379241321362,1000
evc,-31.04743937781878,15.952560622181222,1000
mfl,-19.92248728519289,65.07751271480711,1000
ror,-8.27618621903902,22.723813780960977,1000
dvn,-97.65549986139155,63.34450013860846,1000
prw,-20.269543893270367,66.73045610672963,1000
cux,-22.964523049710543,48.03547695028946,1000
dop,-9.229596739098097,16.770403260901904,1000
ddz,-52.19266287088439,29.80733712911561,1000
pdm,-45.463653834181095,80.5363461658189,1000
mox,-12.640730833296443,55.359269166703555,1000
guw,-37.465103607942794,94.5348963920572,1000
mmp,-96.33863305437363,85.66136694562637,1000
rik,-45.69919236991761,32.30080763008239,1000
zdd,-41.18849127181954,15.811508728180463,1000
ahu,-82.23706040164633,73.76293959835367,1000
paz,-31.816633583076946,18.183366416923054,1000
dyz,-36.669304158303746,39.330695841696254,1000
bng,-25.28214590987193,86.71785409012807,1000
xyk,-14.980835753438278,8.019164246561722,1000
mid,-84.26372298243695,80.73627701756305,1000
rre,-12.912977698731932,42.087022301268064,1000
lgr,-94.85477100805332,56.14522899194669,1000
ygk,-7.215665281272308,6.784334718727692,1000
czj,-87.20907528514387,48.79092471485613,1000
vsn,-58.50570579941201,67.49429420058799,1000
fdo,-74.7147578700303,89.2852421299697,1000
uth,-47.85072663575,85.14927336424999,1000
dfc,-0.4487005746876571,49.551299425312344,1000
pub,-35.581384368232804,33.418615631767196,1000
fsm,-43.70975046754289,70.29024953245711,1000
cep,-34.216055921703386,46.783944078296614,1000
ksw,-7.90931941318979,9.09068058681021,1000
dko,-70.81769795855563,72.18230204144437,1000
kcn,-13.56810762097014,38.43189237902986,1000
hzl,-35.89860738760676,61.10139261239324,1000
lcx,-54.74008423649815,25.25991576350185,1000
cvf,-2.448407651869365,82.55159234813064,1000
fcs,-12.386487993861133,94.61351200613886,1000
oyc,-5.096798664946986,87.90320133505301,1000
tyc,-89.08957965552634,22.91042034447366,1000
oti,-56.89145288125813,32.10854711874187,1000
yoq,-71.39919318647843,6.6008068135215705,1000
bji,-73.46027234964686,56.53972765035315,1000
bbo,-29.936437151776882,91.06356284822311,1000
ndg,-83.61770853011377,34.382291469886226,1000
afc,-57.07203231327478,59.92796768672522,1000
rrl,-22.613664998342532,41.386335001657464,1000
ove,-59.952038912433146,95.04796108756685,1000
ykh,-67.54431598359501,18.45568401640498,1000
coe,-69.94488739927368,31.055112600726325,1000
jfy,-6.62682186245589,34.37317813754411,1000
kqk,-39.840926247959686,75.15907375204031,1000
ybq,-88.00510948323456,42.99489051676543,1000
fln,-47.303521174923276,66.69647882507672,1000
qrk,-33.803417669100554,38.196582330899446,1000
nwl,-51.17115037676899,72.82884962323101,1000
gih,-85.49920745598736,63.50079254401264,1000
tbt,-96.48870759689406,93.51129240310594,1000
rtp,-87.06222929339039,0.9377707066096113,1000
irv,-61.121460514917416,58.878539485082584,1000
zug,-19.47489645236999,77.52510354763001,1000
ozr,-36.11175320126022,58.88824679873978,1000
bdp,-11.055769465268035,66.94423053473196,1000
gtl,-66.34518450699018,7.654815493009817,1000
qur,-38.803720899052784,43.196279100947216,1000
bzw,-93.4234204642653,40.576579535734695,1000
vic,-5.81892690780375,18.18107309219625,1000
ajv,-65.2724438133937,98.7275561866063,1000
vkx,-8.72795410915996,32.27204589084004,1000
pvq,-68.82331487375606,98.17668512624394,1000
wui,-71.52735364170135,27.47264635829865,1000
htb,-87.82927364114718,70.17072635885282,1000
ruq,-22.40454211179439,98.59545788820562,1000
bsr,-25.975952753470462,40.024047246529534,1000
ulq,-22.035207699815263,22.964792300184737,1000
ygz,-45.34721039397808,65.65278960602193,1000
qdr,-93.79708310260466,63.20291689739533,1000
kdd,-60.86473497460194,78.13526502539807,1000
ewt,-12.058615521490255,98.94138447850975,1000
qlv,-45.23531045431215,16.764689545687855,1000
jjx,-58.79772107545477,15.202278924545235,1000
nyn,-40.574737553912904,69.42526244608709,1000
pet,-65.3364357643394,65.6635642356606,1000
awk,-42.964466433960375,58.035533566039625,1000
eby,-63.103595116788085,70.89640488321191,1000
alg,-14.892385546476888,44.10761445352311,1000
aru,-52.99851765121934,62.00148234878066,1000
nku,-62.12941063569444,45.87058936430556,1000
ioy,-75.33939134631787,55.66060865368214,1000
bxg,-15.869133763608223,66.13086623639178,1000
gci,-84.52260153840939,43.47739846159062,1000
bgv,-56.177268061399026,94.82273193860098,1000
idf,-77.44968737762775,64.55031262237225,1000
kxh,-64.85191630092338,38.14808369907662,1000
qvy,-35.16131946780962,17.838680532190377,1000
leo,-51.32823369736802,60.67176630263198,1000
ymf,-71.89311946191678,46.106880538083225,1000
zul,-96.56597761172098,18.43402238827902,1000
mal,-97.87400047190494,55.125999528095065,1000
jsn,-97.45300341629913,0.5469965837008796,1000
jkv,-74.97864339827427,53.02135660172573,1000
okf,-13.489999355290903,91.5100006447091,1000
fam,-72.48079843287562,54.51920156712438,1000
oom,-38.71392146288759,60.28607853711241,1000
lvy,-56.92945853820953,35.07054146179047,1000
xwd,-53.63612395525826,36.36387604474174,1000
qwy,-84.5783034569871,41.4216965430129,1000
iqf,-60.42344111424408,81.57655888575592,1000
jri,-34.8351367206191,69.1648632793809,1000
ina,-86.86224018413306,47.13775981586694,1000
wiz,-11.798444378236052,40.201555621763944,1000
yir,-71.84049767544643,39.15950232455358,1000
rok,-46.42841342823107,31.571586571768933,1000
vhh,-92.04285316025612,11.957146839743887,1000
jxz,-4.412138857329629,83.58786114267038,1000
hgf,-84.6015505629585,18.398449437041513,1000
sci,-12.887791945051646,41.112208054948354,1000
zpf,-40.0088238536181,65.9911761463819,1000
obx,-65.09197404397011,84.90802595602989,1000
msa,-33.56969982558595,61.43030017441405,1000
djb,-83.07738924222197,72.92261075777803,1000
wvt,-80.0993568844504,73.9006431155496,1000
bhs,-78.73111746687206,14.268882533127936,1000
lja,-86.72366900545668,1.2763309945433106,1000
ana,-12.0500503724014,71.9499496275986,1000
jaj,-16.38707532336717,54.61292467663283,1000
qba,-70.12376882820928,19.876231171790714,1000
qjt,-69.92026835771853,28.079731642281473,1000
bcz,-10.290734429644512,10.709265570355488,1000
mgs,-54.51483559255797,88.48516440744203,1000
xcf,-74.17990759928917,24.820092400710827,1000
lsn,-35.789231063442614,29.210768936557383,1000
jgw,-2.1673323995093257,50.83266760049067,1000
arc,-27.668365620668567,5.331634379331431,1000
jkd,-11.280076449509606,68.71992355049039,1000
wyy,-74.94766690444033,42.052333095559675,1000
myi,-24.025508974817026,62.97449102518298,1000
pik,-59.162799349892225,64.83720065010777,1000
wmd,-3.483601203002646,4.516398796997354,1000
dtp,-57.5299344774073,25.470065522592698,1000
grr,-32.27631464494663,85.72368535505338,1000
gek,-30.649218187800006,89.3507818122,1000
drs,-52.879367954658875,51.120632045341125,1000
oyv,-84.59356932235256,69.40643067764744,1000
ofl,-25.575834774546227,19.424165225453773,1000
pak,-89.03982811676589,54.96017188323411,1000
dmd,-61.32178969842591,15.67821030157409,1000
umk,-66.39815012677634,78.60184987322366,1000
sbt,-30.922125219182174,67.07787478081782,1000
wdk,-20.53049322673241,82.46950677326758,1000
hxu,-48.62218120755626,83.37781879244375,1000
ixx,0.36312065701817753,9.363120657018177,1000
bgt,-58.28826807482489,58.71173192517511,1000
dln,-35.67807464991647,14.321925350083534,1000
voc,-36.12680929918354,90.87319070081647,1000
hgt,-28.479405213883982,57.520594786116014,1000
ovk,-61.225354796157745,20.774645203842255,1000
dwc,-32.96306148169508,91.03693851830492,1000
pba,-52.99280378790172,31.00719621209828,1000
czx,-5.587070397241727,21.412929602758272,1000
ybz,-83.02028620266441,73.97971379733559,1000
pcn,-30.873390332907235,47.126609667092765,1000
dct,-49.165640247382974,93.83435975261702,1000
uzr,-34.09389031830539,17.906109681694605,1000
zrb,-25.306894051465363,50.69310594853464,1000
ltj,-56.086606313741726,43.913393686258274,1000
nkm,-30.998054982979824,41.00194501702018,1000
wrp,-88.37708459032828,78.62291540967172,1000
waq,-58.27620947126596,1.723790528734044,1000
skg,-60.5698995614701,43.4301004385299,1000
prs,-56.888967588609965,25.111032411390035,1000
enr,-38.26348018022196,92.73651981977804,1000
bxq,-80.5709255949275,6.429074405072502,1000
mvv,-32.61602498827686,73.38397501172314,1000
toe,-53.11750774683871,9.882492253161288,1000
xhp,-55.42062922583215,76.57937077416784,1000
mun,-89.97799971392331,31.022000286076693,1000
fcm,-60.08660747245944,68.91339252754057,1000
tec,0.26721800113462535,77.26721800113462,1000
tqs,-18.144289021886046,54.855710978113954,1000
bst,0.8134846363147078,51.813484636314705,1000
sdt,-16.01414770080804,36.98585229919196,1000
rwe,-59.79232428636004,76.20767571363996,1000
rxv,-72.92872329281849,64.07127670718151,1000
aid,-88.44893131435468,93.55106868564532,1000
zfd,-87.75286365941008,11.247136340589922,1000
bqt,0.789039978720343,96.78903997872034,1000
vwh,-43.345769697082375,40.654230302917625,1000
asq,-14.994276142156954,5.005723857843046,1000
zpa,-7.463367432501243,78.53663256749876,1000
svc,-81.03176199509709,38.968238004902915,1000
shb,-43.87770065277497,1.1222993472250302,1000
jnu,-59.70445133012921,90.29554866987078,1000
zux,-96.40711115768357,12.592888842316425,1000
qqu,-23.91449152458656,97.08550847541345,1000
eir,-83.35042013683412,59.649579863165876,1000
bpr,-36.470005099394236,66.52999490060577,1000
pss,-88.79232306923393,60.20767693076606,1000
npf,-60.371578777014584,90.62842122298542,1000
qal,-20.59195714134863,71.40804285865137,1000
hok,-87.41356712922446,78.58643287077554,1000
lqs,-26.12456532754094,89.87543467245906,1000
mgt,-72.32256634932186,75.67743365067814,1000
vze,-63.18876601072164,44.81123398927836,1000
idi,-2.8511820837636837,66.14881791623631,1000
ohs,0.46830798073298585,97.46830798073299,1000
ehi,-53.278230430761695,61.721769569238305,1000
siq,-23.65346825648192,80.34653174351809,1000
bmm,-70.12181489867619,65.87818510132381,1000
ttv,-59.425656532521685,43.574343467478315,1000
ans,-15.137487700552999,44.862512299447005,1000
nhc,-16.13255439880329,87.8674456011967,1000
lyt,-86.11465469746929,62.88534530253071,1000
buk,-68.78777353443475,31.212226465565248,1000
tdp,-54.744798266479556,56.255201733520444,1000
cmy,-94.07834655395457,20.92165344604543,1000
fsz,-29.442162690151427,14.557837309848571,1000
izd,-91.5711718960497,78.4288281039503,1000
npl,-13.930959348191784,35.069040651808216,1000
mwm,-76.72539443014989,52.27460556985011,1000
bhd,-5.300660065372342,57.69933993462766,1000
jya,-54.1023472057149,49.8976527942851,1000
jnl,-12.020925240657121,89.97907475934288,1000
oix,-19.74590384939938,71.25409615060062,1000
tnr,-27.37330879697311,29.62669120302689,1000
gid,-62.282313023130094,95.71768697686991,1000
lzt,-63.16301553256487,15.83698446743513,1000
jko,-19.02028384036054,93.97971615963945,1000
hxk,-31.33482827263817,34.66517172736183,1000
rez,-75.17812624639963,80.82187375360037,1000
bgz,-53.52249663455569,26.477503365444317,1000
one,-94.70447477865244,60.29552522134756,1000
peb,-65.35138592373119,64.64861407626881,1000
mrp,-69.7297726220731,60.270227377926894,1000
cgj,-92.26401678111284,65.73598321888716,1000
lge,-56.43718723974438,62.56281276025562,1000
djz,-79.90397713359157,83.09602286640843,1000
roo,-18.0717708174922,42.9282291825078,1000
tia,-18.658753414534086,69.34124658546591,1000
ydo,-11.450102571440542,12.549897428559458,1000
hck,-62.013641003596156,89.98635899640384,1000
vam,-82.07712219720594,50.92287780279406,1000
ecx,-66.75070644509148,72.24929355490852,1000
ehx,-42.50325806143496,72.49674193856504,1000
luh,-78.6649325795074,19.335067420492607,1000
tof,-57.98636445919954,52.01363554080046,1000
tzz,-65.18272486645176,36.81727513354824,1000
qmk,-69.45649598731696,93.54350401268304,1000
lma,-28.854684290396506,57.145315709603494,1000
rjd,-45.40284779494012,83.59715220505987,1000
tkh,-30.084219156433463,57.91578084356654,1000
cuy,-75.42796566962588,85.57203433037412,1000
dio,-0.7912057309531615,84.20879426904683,1000
lem,-47.34848504884658,50.65151495115342,1000
zzb,-83.67794551706912,7.322054482930885,1000
mna,-96.18971584435208,95.81028415564792,1000
sus,-53.632181054809784,14.367818945190216,1000
wsy,-9.361337896701876,35.638662103298124,1000
cqh,-11.960152578654881,23.03984742134512,1000
cnk,-15.689042284397589,57.31095771560241,1000
jkd,-2.5932915299535373,66.40670847004647,1000
jeb,-62.8586003866201,38.1413996133799,1000
rjm,-59.14295284233186,5.8570471576681395,1000
nzc,-97.21317359798903,33.78682640201097,1000
rvz,-70.89123830859174,81.10876169140826,1000
eye,-60.857473294330255,78.14252670566974,1000
jrk,-89.1080585963774,12.891941403622596,1000
sfc,-84.99956146266626,42.00043853733374,1000
juv,-24.15839087397555,48.84160912602445,1000
wcy,-28.935275159603574,13.064724840396426,1000
qxu,-79.43424966651153,63.565750333488474,1000
qvo,-58.67824141807745,76.32175858192255,1000
ert,-52.945076982656204,31.054923017343796,1000
lvm,-49.17985778315675,25.82014221684325,1000
uds,-83.0177606244386,80.9822393755614,1000
yrz,-75.80051660214689,50.199483397853115,1000
ywx,-87.13081757070869,43.86918242929132,1000
uzs,-63.593848028867775,4.4061519711322275,1000
ysk,-85.05856871110008,44.94143128889992,1000
rsc,-19.927777324750707,95.0722226752493,1000
hzw,-88.92644201946325,4.073557980536749,1000
abp,-1.168159229783337,71.83184077021666,1000
cwx,-4.865304058865996,86.134695941134,1000
ebl,-86.36118695851401,88.63881304148599,1000
rhe,-33.36864116087726,61.63135883912274,1000
llg,-64.50554997439976,94.49445002560024,1000
nid,-86.16936056867466,89.83063943132534,1000
zgk,-50.67755953600809,53.32244046399191,1000
smz,-74.84984244151913,48.15015755848088,1000
hrn,-73.40693451432047,85.59306548567953,1000
ocr,-17.163047230474316,50.83695276952569,1000
tko,-35.06029727905763,63.93970272094237,1000
qdj,-64.50181258507678,10.498187414923217,1000
bhw,-40.56409625162557,39.43590374837443,1000
kok,-27.332234298325627,47.66776570167437,1000
siu,-76.63909117332857,55.360908826671434,1000
mim,-34.94440993241383,46.05559006758617,1000
bwp,-66.50990338723727,47.49009661276272,1000
dzz,-73.01215417138472,77.98784582861528,1000
kiw,-83.97619759021785,67.02380240978215,1000
yix,-43.50875375909443,25.49124624090557,1000
rvg,-29.706119277493578,1.2938807225064237,1000
usg,-82.45445672984415,73.54554327015585,1000
vxk,-10.570932919386246,27.429067080613756,1000
zqk,-95.88175492486846,75.11824507513154,1000
ewa,0.7566540538326819,53.75665405383268,1000
tei,-8.90222155677662,65.09777844322338,1000
aeb,-17.16785695698035,69.83214304301964,1000
eup,-63.8531003875643,63.1468996124357,1000
ucb,-22.210711207865454,91.78928879213454,1000
bwk,-21.555594642726668,85.44440535727334,1000
tpp,-45.37731961473669,58.62268038526331,1000
bgt,-56.99833344025978,74.00166655974022,1000
ufy,0.7402200402068471,54.74022004020685,1000
cla,-17.468328092903818,45.53167190709618,1000
hjj,-6.712175260926973,9.287824739073027,1000
lrz,-73.17372029106,96.82627970894,1000
yvk,-30.167958394900193,16.832041605099807,1000
txf,-85.10551800442109,29.894481995578907,1000
blu,-58.669601338156205,21.33039866184379,1000
crb,-38.921066672449875,63.078933327550125,1000
sav,-29.835893530793523,2.1641064692064766,1000
gsa,-63.31933405425338,65.68066594574663,1000
ase,-21.149999892560988,66.85000010743902,1000
pob,-39.647358565721824,43.352641434278176,1000
frr,-70.53035167854257,17.469648321457424,1000
pwe,-56.6522357548433,12.347764245156696,1000
cbc,-88.05268437137964,19.94731562862036,1000
jdz,-35.444014887858884,58.555985112141116,1000
ssr,-19.55732215328923,97.44267784671077,1000
sof,-12.524922830391606,22.475077169608394,1000
aqz,-97.24571216645082,9.75428783354918,1000
hlb,-7.0181291695225525,31.981870830477447,1000
qvq,-64.54555304296179,82.45444695703821,1000
gcq,-84.96062307847946,59.03937692152055,1000
bcu,-10.966463220516838,8.033536779483162,1000
xos,-19.20697067789339,51.793029322106605,1000
vsd,-60.99716885735891,51.00283114264109,1000
dnx,-79.56838224914388,51.43161775085612,1000
jpn,-52.050132223932366,1.949867776067631,1000
arz,-14.871592615156361,42.12840738484364,1000
zme,-19.674076779527077,78.32592322047293,1000
ugm,-84.13881939582309,42.861180604176916,1000
ipl,-32.75499330539665,13.245006694603346,1000
ifw,-43.818706024887845,27.181293975112155,1000
wof,-73.46252287657147,93.53747712342853,1000
eww,-79.71788090241779,80.28211909758221,1000
abd,-78.17803240213566,78.82196759786434,1000
vou,-10.484559908242302,71.5154400917577,1000
fqf,-22.521450275606213,68.47854972439379,1000
hgu,-36.43846735663489,18.561532643365112,1000
xsb,-42.285328784219224,58.714671215780776,1000
ygt,-79.49313973220167,84.50686026779833,1000
owi,-28.79118020708189,21.20881979291811,1000
nry,-79.48497844717251,22.515021552827495,1000
omj,-19.64134958479954,42.35865041520046,1000
qvu,-33.60890422763552,44.39109577236448,1000
uew,-42.92236034174388,41.07763965825612,1000
ygs,-50.69566083321296,1.3043391667870368,1000
xfo,-21.318374880136588,23.681625119863412,1000
kcz,-80.37798332584049,44.62201667415951,1000
mlx,-39.9168545058662,30.083145494133806,1000
hgt,-7.57777552593568,44.42222447406432,1000
ksf,-51.21430569178471,31.78569430821529,1000
uim,-15.526655006707717,69.47334499329229,1000
nek,-81.31376364232621,83.68623635767379,1000
vhc,-67.14225835947629,83.85774164052371,1000
kwu,-24.717003886185157,10.282996113814841,1000
heb,-45.12778055747685,19.872219442523157,1000
lmx,-24.61825711305304,70.38174288694695,1000
uzf,-65.6754481314349,68.3245518685651,1000
mou,-41.218286779545544,21.781713220454453,1000
zca,-70.18136503546903,28.81863496453098,1000
cex,-68.61247561180615,80.38752438819385,1000
pgp,-35.60337059236413,98.39662940763587,1000
tju,-42.54802337775016,27.451976622249838,1000
azy,-18.61797212988403,64.38202787011598,1000
qwh,-58.20268645561015,60.79731354438985,1000
lui,-94.02963329120877,94.97036670879123,1000
vjx,-52.92228540357858,18.077714596421423,1000
new,-73.55833206057879,12.441667939421208,1000
tnw,-12.94403725514721,72.05596274485279,1000
sie,-40.471766168342896,89.5282338316571,1000
aob,-60.19896307695876,45.80103692304124,1000
hgq,-52.84229214616719,93.15770785383282,1000
cln,-88.40696240485383,66.59303759514617,1000
elk,-57.26126717887575,19.738732821124252,1000
kqv,-58.62444532636223,3.3755546736377755,1000
opf,-41.7453489861954,60.2546510138046,1000
ehf,-78.03018847423314,80.96981152576686,1000
ecb,-54.776883311083864,15.22311668891614,1000
kyt,-61.15349498040721,59.84650501959279,1000
umy,-70.87577481665822,74.12422518334178,1000
imr,-76.77000141795796,38.22999858204205,1000
jch,-87.15357293608444,72.84642706391556,1000
kou,-80.03808368519886,35.96191631480115,1000
vjy,-64.93852193417477,2.0614780658252325,1000
nae,-53.930704314033974,11.06929568596603,1000
ttc,-42.6701200493188,91.3298799506812,1000
zmj,-60.164168319261876,39.835831680738124,1000
yav,-27.713196682863213,71.28680331713679,1000
niw,-72.54362802401448,30.456371975985522,1000
lox,-2.7807979777273006,93.2192020222727,1000
ghk,-32.43971159915469,81.56028840084531,1000
inm,-73.96502914561248,30.03497085438753,1000
ygj,-17.56307945841177,95.43692054158822,1000
rfq,-93.3517058134342,48.6482941865658,1000
fgf,-8.878401212441256,32.121598787558746,1000
hbo,-90.38564337732564,43.61435662267437,1000
bpm,-74.22427414017187,27.77572585982813,1000
hib,-43.84698153613739,55.15301846386261,1000
wdn,-42.41541808188798,95.58458191811202,1000
bjh,-94.40428090812041,29.59571909187959,1000
hyc,-88.68534897351411,47.31465102648588,1000
eel,-58.80104402208108,39.19895597791892,1000
