sdy,-51.88312400015151,59.11687599984849,1000
keu,-50.505504793241954,89.49449520675805,1000
ehy,-29.44993700949803,13.550062990501969,1000
nac,-64.37111619994283,82.62888380005717,1000
jfm,-26.71749230549091,72.28250769450909,1000
leo,-17.100504675453344,91.89949532454665,1000
fmv,-55.38637345880157,22.613626541198432,1000
esg,-88.07425914767484,34.92574085232516,1000
sre,-35.217045180654324,19.782954819345676,1000
fny,-4.4230034753990655,23.576996524600933,1000
xdq,-90.80611722775733,73.19388277224267,1000
cfw,-38.70790219644464,79.29209780355536,1000
kas,-59.64810024759061,54.35189975240939,1000
knp,-28.509151960134123,36.49084803986588,1000
qwt,-7.941764924570657,4.058235075429343,1000
mxb,-15.607886616506374,28.392113383493626,1000
sce,-1.9856413064883425,1.0143586935116575,1000
vmz,-88.9071021558854,51.092897844114596,1000
tfe,-84.30072177604491,53.69927822395509,1000
vod,-15.625804869677928,55.37419513032207,1000
rau,-64.96117779458976,61.038822205410234,1000
qie,-31.555272256220714,32.44472774377929,1000
jfi,-59.86718939878438,71.13281060121562,1000
bek,-96.99409699009182,50.00590300990819,1000
wnn,-48.83288067953579,84.16711932046421,1000
gmu,-35.525561113112694,56.474438886887306,1000
hxs,-53.62666682957892,34.37333317042108,1000
xoc,-93.23167884649156,22.76832115350844,1000
dtb,-85.45759039062851,82.54240960937149,1000
mjh,-87.00961958347301,65.99038041652699,1000
glp,-4.884271990843658,38.11572800915634,1000
ktz,-53.77530661688432,29.224693383115678,1000
yhp,-47.65702608682052,38.34297391317948,1000
hms,-80.13076140761348,81.86923859238652,1000
ycn,-59.677055756377115,27.322944243622885,1000
wkh,-39.7137324103028,25.2862675896972,1000
eqw,-45.200107015708106,43.799892984291894,1000
tbd,-74.24416012276554,74.75583987723446,1000
lda,-7.018599266468529,81.98140073353147,1000
vps,-10.569226073744252,35.430773926255746,1000
abl,-46.98037607857638,16.019623921423626,1000
kar,-6.711379371225499,40.2886206287745,1000
qzl,-58.38798755900628,8.612012440993722,1000
bbq,-87.07798954392196,96.92201045607804,1000
rbv,-70.29764786328325,47.702352136716755,1000
sfb,-97.14135244295713,10.858647557042868,1000
rnz,-47.014738260782394,62.985261739217606,1000
vrr,-97.37818617374728,84.62181382625272,1000
vts,0.7588882204118044,84.7588882204118,1000
jgz,-59.473361426372726,63.526638573627274,1000
kkc,-53.46784735145165,12.53215264854835,1000
qtv,-65.62158269441234,36.37841730558766,1000
clw,-70.90632776999715,71.09367223000285,1000
lbs,-11.758094451078303,22.241905548921697,1000
eyv,-53.308138401287266,36.691861598712734,1000
vsa,-62.223396996505706,83.7766030034943,1000
qlj,0.5440391872377117,20.54403918723771,1000
tqq,-72.06484699328288,70.93515300671712,1000
wjj,-90.04287384021173,31.957126159788274,1000
ljm,-28.212306644195433,34.78769335580457,1000
yyk,-8.518463709339636,43.481536290660365,1000
tgw,-40.23894317677053,3.761056823229466,1000
mzv,-94.4678812954415,25.532118704558503,1000
kiu,-63.989640401979216,13.01035959802078,1000
gga,-73.8782114381116,85.1217885618884,1000
pup,-42.993198905394856,87.00680109460515,1000
rcw,-23.243898990253097,47.75610100974691,1000
ykg,-35.36084960851102,3.639150391488983,1000
awe,-71.90425008457603,1.09574991542397,1000
mzb,-26.84604656461924,26.15395343538076,1000
udq,-72.0496294516445,56.9503705483555,1000
vnl,-33.24012529766825,29.75987470233175,1000
muv,-18.374078479265606,93.6259215207344,1000
vfw,-71.3172575573808,58.682742442619194,1000
zjo,-51.1792857241998,44.8207142758002,1000
tod,-74.49826653803785,42.50173346196215,1000
dbp,-93.72156024287713,92.27843975712287,1000
zbv,-0.88811740742126,5.11188259257874,1000
fpl,-96.75241085013106,43.24758914986894,1000
gcz,-15.459371049511486,82.54062895048851,1000
scn,-75.00087444545156,24.999125554548446,1000
kzs,-90.5091764646472,54.490823535352796,1000
uxd,-97.08300793091956,22.91699206908044,1000
ydv,-49.894587235571784,4.105412764428214,1000
ajq,-15.515782226623498,88.4842177733765,1000
nus,-21.531969466397694,97.4680305336023,1000
nab,-54.56448250564238,10.43551749435762,1000
zbk,-73.20287436999003,5.797125630009967,1000
xsy,-9.598149413731957,72.40185058626804,1000
vqk,-96.79914446905921,84.20085553094079,1000
fch,-22.06282569955606,96.93717430044394,1000
mof,-86.46690987568458,38.533090124315414,1000
ico,-21.50392539018033,58.496074609819665,1000
hmd,-88.6052548259426,40.394745174057405,1000
arr,-79.87105816166049,58.12894183833952,1000
mvi,-50.84844655919176,7.151553440808245,1000
een,-79.85770159406846,33.14229840593155,1000
bkz,-58.08323723230074,93.91676276769927,1000
nlg,-15.912800193581287,38.08719980641872,1000
dpw,-54.52311449124208,78.47688550875792,1000
cdj,-21.43900471085142,20.56099528914858,1000
vwd,-92.03114371133755,46.968856288662444,1000
vuu,-20.83905556994239,95.16094443005761,1000
agf,-17.098456253935215,30.901543746064785,1000
jic,-96.96820540181155,3.031794598188461,1000
skz,-50.477890556187816,27.52210944381218,1000
yni,-10.070164659276239,63.92983534072376,1000
ouk,-30.38861155618925,10.61138844381075,1000
vvn,-73.15486936359049,50.845130636409515,1000
zqv,-55.46418104131566,39.53581895868434,1000
ljy,-36.108593402094634,35.891406597905366,1000
yys,-72.21957418339521,33.7804258166048,1000
ovt,-15.343342995293034,17.656657004706965,1000
beh,-60.78445995374502,26.21554004625498,1000
csk,-87.03639172072363,31.963608279276368,1000
nbo,-3.210771149006717,4.7892288509932825,1000
yji,-32.96253093902561,49.03746906097439,1000
skd,-87.38384102865538,29.616158971344618,1000
ytz,-15.34394457699245,49.65605542300755,1000
pjp,-12.143763992376327,93.85623600762368,1000
xcn,-33.02648171622655,55.97351828377345,1000
ajk,-26.696483283692203,26.303516716307797,1000
zyp,-38.070353949249856,56.929646050750144,1000
fld,-54.633143249187306,63.366856750812694,1000
oui,-59.36732482265155,87.63267517734845,1000
bht,-53.91747308669278,12.082526913307218,1000
uoq,-64.40925498382995,5.590745016170049,1000
joy,-69.28917986564586,72.71082013435414,1000
cvr,-53.236461092095986,60.763538907904014,1000
hzw,-46.14781400462475,59.85218599537525,1000
bpc,-86.13093999556749,20.86906000443251,1000
kqz,-83.84858314343329,50.15141685656672,1000
ktw,-49.00247637935307,57.99752362064693,1000
nun,-3.5827690858610235,57.417230914138976,1000
hep,-44.880478372258224,36.119521627741776,1000
klr,-92.84922559373815,11.150774406261842,1000
wdv,-94.59173225841681,78.40826774158319,1000
azg,-41.20185973477639,96.79814026522361,1000
jme,-90.51925443144859,75.48074556855141,1000
mgg,-85.6784880773884,82.3215119226116,1000
yuj,-58.40421258379544,66.59578741620456,1000
zky,-58.369393866656445,52.630606133343555,1000
cgz,-52.45370316857662,53.54629683142338,1000
ohw,-3.242478734440428,65.75752126555957,1000
zid,-19.669543387363518,74.33045661263648,1000
kgv,-50.50620203422635,54.49379796577365,1000
okp,-41.2641965223992,33.7358034776008,1000
mtg,-96.08905468665104,86.91094531334896,1000
ttl,-46.75860753469495,71.24139246530505,1000
zeh,-25.739357250898166,16.260642749101834,1000
cvd,-49.65261421359465,47.34738578640535,1000
sog,-73.21092897144624,66.78907102855376,1000
nis,-61.2436200404669,53.7563799595331,1000
apy,-36.20972619165123,58.79027380834877,1000
rlf,-15.394051904341651,80.60594809565835,1000
fgp,-95.36931405511723,40.63068594488277,1000
kze,-73.75075377876178,39.24924622123822,1000
zma,-92.19063893299479,38.80936106700522,1000
kur,-90.88893380745684,56.11106619254316,1000
gse,-24.39178598734793,69.60821401265207,1000
lsb,-43.32387246294178,66.67612753705822,1000
qgb,-70.46466183762436,27.535338162375638,1000
zun,-76.48009197680192,37.51990802319809,1000
klp,-21.868144026060616,32.13185597393938,1000
ufg,-76.66949570138462,43.33050429861538,1000
mms,-43.17919901217917,61.82080098782083,1000
skq,-65.35463721828064,63.64536278171935,1000
hou,-14.80839592255438,78.19160407744562,1000
trs,-80.7607429760156,70.2392570239844,1000
olp,-26.255808922109246,69.74419107789075,1000
hke,0.7138393612067319,81.71383936120674,1000
rlr,-62.50147764934306,21.498522350656945,1000
umb,-53.646446356662246,72.35355364333775,1000
xvk,-10.739211988863062,63.26078801113694,1000
uov,-57.709414768382004,57.290585231617996,1000
bfu,-47.403276498928356,52.596723501071644,1000
dqk,-56.20154107865634,58.79845892134366,1000
ivh,-28.057919443517488,39.942080556482516,1000
bhs,-24.933798781076742,66.06620121892325,1000
kgs,-63.1793563176623,51.8206436823377,1000
kil,-87.10906847461138,86.89093152538862,1000
qac,-55.32454899793329,25.675451002066705,1000
hid,-18.926711312757277,89.07328868724272,1000
ora,-41.211806560131926,31.788193439868074,1000
sbd,-78.74397599287785,26.256024007122143,1000
pxx,-10.02461105134397,19.975388948656033,1000
leq,-9.113319175941218,82.88668082405879,1000
nkh,-75.37743564546669,38.62256435453331,1000
adg,-80.68841785131323,26.31158214868676,1000
mmp,-78.8880316117016,69.1119683882984,1000
guf,-81.69690726631406,38.30309273368595,1000
akx,-4.207092321214336,27.792907678785664,1000
cuz,-47.02341767225531,54.97658232774469,1000
ssh,-16.14626737139627,98.85373262860372,1000
xfk,-10.529187170499634,25.470812829500364,1000
rub,-73.88987328705218,4.110126712947821,1000
skf,-95.29034535525093,21.70965464474907,1000
yqh,-83.31851964943746,2.681480350562544,1000
ofw,-92.53319899153469,49.4668010084653,1000
kfa,-87.65778615052653,22.342213849473467,1000
xmn,-68.50683238598516,3.4931676140148396,1000
mul,-52.5466793299256,46.4533206700744,1000
xpu,-90.01737060435474,50.98262939564526,1000
uwq,-38.244995317192206,50.755004682807794,1000
obs,-41.61436538977977,38.38563461022023,1000
rfk,-44.54595393324213,63.45404606675787,1000
sjj,-52.472722564509304,26.527277435490692,1000
vab,-51.018309293702224,30.981690706297773,1000
mfq,-39.41257061158563,55.58742938841437,1000
rew,-57.520324090211105,36.479675909788895,1000
jax,-64.64699225777287,16.35300774222714,1000
pqv,-13.131783501143884,46.868216498856114,1000
wzk,-87.26318950505123,8.736810494948763,1000
ksy,-46.08049618052699,48.91950381947301,1000
sha,-24.935330569497125,84.06466943050287,1000
bav,-84.51071556262897,57.489284437371026,1000
pzg,-46.597668057413436,63.402331942586564,1000
egd,-35.64920102010619,91.35079897989381,1000
rdk,-23.84885428526989,26.15114571473011,1000
twb,-40.60871189415209,97.39128810584792,1000
ynf,-34.46411126847598,19.535888731524015,1000
dzm,-14.44558048621968,93.55441951378032,1000
gpu,-11.356037802109945,80.64396219789006,1000
rkq,-75.68394432331282,67.31605567668718,1000
gzm,-68.28425778439858,49.715742215601416,1000
xgf,-35.65318219832319,88.34681780167682,1000
ytr,-75.54137149101048,63.45862850898951,1000
lgt,-21.503062090443436,49.496937909556564,1000
jzv,-2.6406021380579157,84.35939786194209,1000
wha,-7.737988460895848,65.26201153910415,1000
pkx,-86.91110965031395,14.08889034968605,1000
vdv,-69.12019351504475,10.879806484955248,1000
sfh,-31.62074308477382,80.37925691522618,1000
zut,-45.83873186337359,63.16126813662641,1000
dgh,-56.99928271650302,37.00071728349698,1000
ykg,-75.8921111890374,11.107888810962605,1000
bcn,-59.445249683770236,82.55475031622977,1000
fge,-29.584731198887603,51.4152688011124,1000
zzv,-53.02876021703988,49.97123978296012,1000
odd,-68.933415801324,8.06658419867599,1000
prt,-11.814460952151038,98.18553904784896,1000
jxh,-30.25609549487141,85.74390450512858,1000
ote,-5.205378600257701,26.794621399742297,1000
zaq,-81.11097575521518,73.88902424478482,1000
soz,-20.963439958500402,27.036560041499598,1000
zdp,-72.66926075951139,98.33073924048861,1000
zlj,-15.415704797935154,72.58429520206485,1000
xrt,-12.044312791661602,27.9556872083384,1000
ycv,-22.19147593004699,24.80852406995301,1000
bis,-4.836228328870007,98.16377167113,1000
xwk,0.9536164723071672,78.95361647230716,1000
olb,-36.10254646646508,72.89745353353491,1000
efr,-73.10477030795943,31.89522969204057,1000
jad,-10.402923273397734,37.59707672660227,1000
uaz,-78.1252474801642,20.87475251983579,1000
wqi,-22.972405779491027,43.02759422050897,1000
emo,-39.1703247520925,7.8296752479075025,1000
vbq,-51.90058532173875,26.09941467826125,1000
quw,-82.48456486026107,74.51543513973893,1000
rea,-18.99555920251869,85.00444079748131,1000
qpz,-68.42521699459542,63.57478300540459,1000
nom,-32.283278424780974,79.71672157521903,1000
pvw,-20.277212842104174,21.722787157895826,1000
rfc,-71.32519132718973,83.67480867281027,1000
jzr,-4.991872438316207,5.008127561683793,1000
dux,-81.95152080678072,40.04847919321928,1000
lya,-48.50663590990754,38.49336409009246,1000
szi,-74.09532680100446,35.90467319899554,1000
lav,-95.93754690306582,52.06245309693418,1000
cvp,0.7581549902727762,98.75815499027277,1000
toc,-83.497855438611,78.502144561389,1000
zir,-20.153283550605774,35.84671644939422,1000
qbf,-2.80368456626369,2.19631543373631,1000
lit,-11.442794607656092,96.5572053923439,1000
lpi,-57.13941947384421,91.8605805261558,1000
tua,-19.16489449938967,29.83510550061033,1000
wke,-89.20226998682365,31.79773001317635,1000
wdh,-58.99014857631641,65.00985142368359,1000
cby,-47.58991372623433,38.41008627376567,1000
nlc,-33.13702761349881,21.86297238650119,1000
uao,-9.553061315241631,75.44693868475836,1000
pdm,-29.972877965120354,12.027122034879646,1000
hyd,-53.766794084716246,1.2332059152837578,1000
sii,-29.30342126762773,59.696578732372274,1000
gpc,-45.873867087559354,11.126132912440646,1000
ghp,-97.55378763781208,30.446212362187925,1000
fza,-11.456874259181701,72.5431257408183,1000
foj,-81.39748252939792,62.60251747060208,1000
dbb,-38.58919943210503,50.41080056789497,1000
tbj,-94.47066376178505,40.52933623821495,1000
oet,-74.69222057801413,65.30777942198587,1000
tto,-2.471428544270572,16.528571455729427,1000
kfv,-79.38097887782541,82.61902112217459,1000
xrv,-1.703769508968573,74.29623049103142,1000
lpx,-9.666392304458457,3.3336076955415437,1000
udl,-4.706206083247833,91.29379391675216,1000
kyz,-55.103752656599156,53.896247343400844,1000
lli,-46.43104064014717,55.56895935985283,1000
cuh,-8.13989842216297,57.86010157783703,1000
poi,-80.11144795795465,54.888552042045355,1000
rqc,-72.47513735793618,13.52486264206383,1000
kta,-91.88482446430325,12.115175535696745,1000
fxw,-64.6261298310883,4.37387016891169,1000
nmc,-81.59996033749165,67.40003966250835,1000
unw,-43.62219042155114,30.37780957844886,1000
xbi,-58.19634165733531,88.80365834266469,1000
yhq,-48.74924389830056,41.25075610169944,1000
yxh,-55.71484228170113,38.28515771829887,1000
muu,-32.50482661841041,10.495173381589588,1000
dvs,-40.858865642980724,66.14113435701927,1000
sre,-54.50481956498687,9.49518043501313,1000
djs,-79.59888465205135,28.40111534794865,1000
bgl,-4.690469078496893,28.309530921503107,1000
ype,-39.515179006065765,58.484820993934235,1000
rjv,-20.385851692121648,68.61414830787835,1000
vfc,-47.88829716292049,92.11170283707952,1000
frv,-71.79440075503783,39.20559924496218,1000
cth,-14.396879217594172,95.60312078240582,1000
rai,-72.00605446819253,89.99394553180747,1000
dkc,-71.29888367343752,12.701116326562484,1000
drz,-53.92416094635085,97.07583905364915,1000
vtc,-43.07485247858656,32.92514752141344,1000
hdn,-25.89655118043216,7.103448819567842,1000
qzv,-44.50453265011857,30.49546734988143,1000
sox,-26.771494355772163,97.22850564422784,1000
uth,-96.73255153050884,95.26744846949116,1000
hus,-77.27796680116641,59.722033198833586,1000
kre,-0.5692425192782551,21.430757480721745,1000
ynm,-41.36402488658306,61.63597511341694,1000
iep,-47.66806268708704,50.33193731291296,1000
gct,-63.21752645098184,50.78247354901816,1000
gem,-93.10820498264363,23.89179501735637,1000
awv,-37.54918015891205,65.45081984108795,1000
gcz,-41.94080500787149,62.05919499212851,1000
sij,-23.070344848778763,96.92965515122124,1000
ath,-0.11805406842722632,8.881945931572774,1000
cmi,-83.64365873298021,41.356341267019786,1000
pgo,-56.0302058585091,49.9697941414909,1000
efe,-10.83266094371803,18.167339056281968,1000
fsb,-72.58103594050385,28.418964059496144,1000
ciw,-88.2052890588632,51.7947109411368,1000
ihg,-38.32958377657833,15.67041622342167,1000
ehe,-19.016919497484874,77.98308050251512,1000
azy,-73.86666365603047,41.13333634396953,1000
ioo,-4.119115015546536,83.88088498445346,1000
fow,-45.20807267899995,57.79192732100005,1000
pjo,-5.9316769955816655,32.06832300441833,1000
oqw,-68.09130785845893,60.90869214154107,1000
nhx,-54.34993445854013,58.65006554145987,1000
yue,-55.82353961741908,81.17646038258091,1000
ccq,-32.10206124349046,15.897938756509538,1000
eml,-2.027604016150679,44.972395983849324,1000
yhr,-68.60345855663913,73.39654144336087,1000
xxq,-61.10652453038205,2.893475469617943,1000
cyu,-51.087929688906506,30.912070311093494,1000
dtx,-39.88522772832962,47.11477227167038,1000
urx,-8.177918423203113,63.82208157679689,1000
eea,-80.29386485820397,24.706135141796025,1000
fyz,-46.00324944997719,96.99675055002281,1000
fvi,-7.0624665456377915,50.93753345436221,1000
ich,-34.1696144846161,2.830385515383904,1000
hac,-24.973228046585618,71.02677195341438,1000
aoy,-37.390275402823306,28.609724597176694,1000
szv,-24.758415285063297,7.241584714936704,1000
hwt,-76.502382889838,70.497617110162,1000
zyk,-22.22655301975617,57.773446980243826,1000
kkg,-30.284244359734995,17.715755640265005,1000
fmp,-1.2304075573391011,75.7695924426609,1000
hcl,-45.40233390355768,83.59766609644231,1000
duz,-17.150353395555687,69.84964660444432,1000
qrd,-38.320151185358014,89.67984881464199,1000
nvg,-96.96096415892781,97.03903584107219,1000
not,-89.31639210209131,11.683607897908683,1000
ddw,-15.253685443878883,22.746314556121117,1000
nhc,-13.514287609913811,74.48571239008619,1000
kog,-40.52225493876487,34.47774506123513,1000
avy,-57.532160052713834,32.467839947286166,1000
kjz,-50.85507844856684,18.14492155143316,1000
ymg,-17.37488966645752,22.62511033354248,1000
tal,-13.903668442592828,72.09633155740717,1000
qmw,-30.251714549767502,63.7482854502325,1000
yzt,-92.19589328214886,72.80410671785114,1000
emz,-19.002852271657904,63.9971477283421,1000
xja,-78.61855019222858,97.38144980777142,1000
mgs,-72.45177577190594,77.54822422809406,1000
gfx,-24.040788288429397,92.9592117115706,1000
wfv,-25.120484715647134,82.87951528435286,1000
hhd,-95.36117324542595,71.63882675457405,1000
hsh,-11.690496064654972,64.30950393534502,1000
gtq,-88.58999111607324,21.410008883926757,1000
eja,-51.37209331256993,13.62790668743007,1000
wav,-86.53635969075587,50.46364030924412,1000
yla,-74.68987972200308,72.31012027799692,1000
khp,-0.34191381573422686,68.65808618426577,1000
rae,-52.10653719211578,19.89346280788422,1000
dte,-53.21594123974481,92.78405876025519,1000
ecc,-18.31675053806993,98.68324946193007,1000
dzu,-80.10031607807994,43.89968392192006,1000
gkv,-97.71169274132589,20.28830725867411,1000
gdq,-64.43250389414102,7.567496105858979,1000
dvh,-91.51066136219421,5.489338637805785,1000
cmg,-11.407789961256372,12.592210038743628,1000
wyu,-91.53218675148688,14.46781324851312,1000
qlc,-41.420278203764795,27.579721796235205,1000
koo,-18.27697901620075,86.72302098379924,1000
rja,-22.301967312272502,63.6980326877275,1000
uds,-79.18122209771859,25.818777902281415,1000
map,-48.72384499558134,39.27615500441866,1000
elz,-25.98445842905112,2.0155415709488804,1000
zms,-23.695815413595447,96.30418458640456,1000
ymr,-68.35244983889648,20.647550161103517,1000
ugq,-78.04523867056218,6.9547613294378205,1000
tpc,-69.96427649861816,31.035723501381835,1000
hwb,-0.09875779375107396,12.901242206248925,1000
gmo,-93.38794645443608,49.612053545563924,1000
lle,-6.866781522743709,30.133218477256293,1000
azj,-41.564348343765005,53.435651656234995,1000
aos,-8.480946775526625,37.519053224473375,1000
xfz,-72.42969662247107,42.57030337752892,1000
jxe,-94.58383092853255,62.41616907146745,1000
tku,-24.103086922865298,65.8969130771347,1000
kal,-67.05765862115017,58.94234137884984,1000
bqs,-32.938804149984016,0.06119585001598549,1000
ahx,-34.69670335601704,23.303296643982957,1000
zjs,-79.97555186348029,32.02444813651971,1000
qsl,-96.33150256539761,77.66849743460239,1000
mgn,-83.55961598754351,50.4403840124565,1000
mhm,-71.59887162893686,56.401128371063145,1000
iew,-35.66764397998051,27.33235602001949,1000
fel,-72.15324995412821,77.84675004587179,1000
nui,-93.61286934737208,75.38713065262792,1000
tsg,-26.599704722454018,41.400295277545986,1000
xwu,-37.74560221504547,39.25439778495453,1000
xqr,-90.06233963964715,6.937660360352849,1000
kvt,-28.870099095468163,42.12990090453184,1000
slt,-85.03045729379289,0.9695427062071144,1000
peo,-15.822992952646134,82.17700704735387,1000
bpt,-37.45044555684212,71.54955444315787,1000
upe,-61.875059060636374,52.124940939363626,1000
idv,-29.89088316971661,57.10911683028339,1000
bzf,-66.97103790544355,11.028962094556444,1000
nlx,-53.31639775163147,55.68360224836853,1000
fdy,-85.2339393867037,3.766060613296297,1000
teq,-80.76373381718672,21.236266182813285,1000
qtk,-22.662634348261285,77.33736565173871,1000
kny,-0.7252920010485979,56.2747079989514,1000
kin,-45.1170303867808,77.8829696132192,1000
txv,-11.415323367183099,33.5846766328169,1000
wui,-38.267741564255005,88.732258435745,1000
hsy,-35.99133586198209,87.0086641380179,1000
azq,-87.76748404455385,40.23251595544614,1000
gid,-47.060672187996246,73.93932781200375,1000
gpn,-77.41644920706167,64.58355079293833,1000
krn,-61.0045760753684,67.99542392463161,1000
por,-19.62272953820323,68.37727046179677,1000
ytb,-42.443706097679645,88.55629390232036,1000
lpr,-81.79609769400687,49.20390230599313,1000
jng,-53.946053587795994,91.05394641220401,1000
fcb,0.3320522129097143,61.332052212909716,1000
tnt,-89.13004951384873,35.86995048615127,1000
dwp,-50.103198616218265,24.89680138378173,1000
pte,-54.356392315769114,62.643607684230886,1000
msi,-35.03324300421452,32.96675699578548,1000
axh,-65.75840062728508,44.24159937271491,1000
aha,-74.93476459346014,68.06523540653986,1000
bsw,-95.94083939557365,79.05916060442635,1000
lnf,-26.926639333404395,39.073360666595605,1000
kkc,-8.937932126883007,81.06206787311699,1000
kup,-70.21487726972317,30.78512273027683,1000
wzx,-93.56205302806686,72.43794697193314,1000
tnx,-26.691472532796183,65.30852746720382,1000
yik,-28.994330853580884,84.00566914641912,1000
sqy,-90.74535004321403,82.25464995678597,1000
fdc,-46.548174677692494,39.451825322307506,1000
sxr,-24.01939418087692,47.98060581912308,1000
fgz,-34.610466615948404,32.389533384051596,1000
fue,-53.018225041725124,98.98177495827487,1000
czf,-30.52485523244537,60.47514476755463,1000
ptx,-6.090547128469408,32.90945287153059,1000
sfm,-2.5747691555118757,89.42523084448813,1000
guy,-25.613710605746682,5.386289394253319,1000
qwx,-87.56405231713156,50.435947682868445,1000
bmg,-64.08698519142517,50.91301480857483,1000
pdx,-51.82976430495211,8.170235695047895,1000
xnr,-22.668828685321348,62.331171314678656,1000
lhf,-77.99302501363807,66.00697498636193,1000
bdw,-44.881372659393016,52.118627340606984,1000
fna,-95.23415824860858,2.7658417513914215,1000
lko,-34.85313084397174,78.14686915602826,1000
pbk,-30.174055175203176,15.825944824796824,1000
xlt,-40.30802663968499,65.691973360315,1000
nej,-20.521544966411728,62.478455033588276,1000
dxp,-14.143317310803058,57.856682689196944,1000
kvn,-54.50300798193489,51.49699201806511,1000
zam,-11.728816220918295,13.271183779081705,1000
dzr,-10.844391697572934,50.15560830242706,1000
fwu,-88.91172362848924,24.088276371510766,1000
rwg,-73.79882638843074,11.20117361156926,1000
ysj,-70.42249706735099,69.57750293264901,1000
sin,-19.86830249970902,67.13169750029098,1000
lig,-25.62021877421189,20.37978122578811,1000
kqs,-57.715056287388315,41.284943712611685,1000
mbf,-40.2073408274102,98.7926591725898,1000
oml,-78.270829364805,56.72917063519501,1000
bve,-20.450285990610592,46.549714009389405,1000
dat,-96.97341710947813,67.02658289052187,1000
wmd,-46.18838832319293,57.81161167680707,1000
tbh,-36.72994536965378,40.27005463034622,1000
ork,-97.20188430931124,97.79811569068876,1000
bvi,-55.29790317082267,67.70209682917732,1000
bzh,-6.222030667311071,45.777969332688926,1000
kxw,-17.369298822392622,10.63070117760738,1000
vde,-37.67632280961599,68.32367719038402,1000
fgl,-61.294347056133226,76.70565294386678,1000
zoe,-7.485306273973339,13.51469372602666,1000
weq,-68.24079043632962,56.75920956367038,1000
sph,-59.31837041432229,92.68162958567771,1000
qqz,-64.53147917063052,42.46852082936948,1000
fex,-60.54279049490086,16.457209505099136,1000
cvb,-79.11703275829561,48.88296724170439,1000
wnc,-46.30317898486022,70.69682101513978,1000
xxa,-66.3676012279778,45.6323987720222,1000
yuv,-35.838638313160786,54.161361686839214,1000
knp,-32.90667209173514,74.09332790826485,1000
qdh,-57.19450332406975,22.80549667593025,1000
cqm,-23.233406577830397,59.766593422169606,1000
bfm,-73.92306218219241,18.076937817807593,1000
gmz,-14.793983846414093,26.206016153585907,1000
gzo,-50.52329831441158,75.47670168558842,1000
lth,-63.955993999348,4.044006000652001,1000
unv,-24.91337643377477,57.086623566225235,1000
yff,-67.28024635785889,64.71975364214111,1000
axs,-27.150326125784243,78.84967387421575,1000
iio,-84.69921275000712,17.300787249992887,1000
ymt,-8.626605582771713,62.37339441722828,1000
onv,-83.55187484390602,66.44812515609398,1000
slr,-68.92666935797168,23.073330642028324,1000
xrz,-43.15702335895224,25.842976641047763,1000
ajq,-5.889003073117256,94.11099692688275,1000
bsj,-34.87183234856042,8.128167651439584,1000
fvv,-57.8450291498303,96.15497085016969,1000
rzb,-97.66524417164884,73.33475582835116,1000
tcd,-27.49300131947474,66.50699868052526,1000
zeb,-72.49993932084716,78.50006067915284,1000
nfm,-75.24493727832797,31.75506272167204,1000
fiw,-73.25357763864669,95.74642236135331,1000
gwb,-97.11691511323889,38.883084886761104,1000
uls,-6.41557259030409,65.5844274096959,1000
ane,-35.28110339234147,13.71889660765853,1000
qid,-69.31169219818513,7.688307801814875,1000
uni,-85.7566190197581,78.2433809802419,1000
lqd,-22.88704055769487,3.1129594423051308,1000
nay,-39.274080783386495,88.7259192166135,1000
ueg,-21.402431161735755,81.59756883826424,1000
asj,-18.308978965309368,57.691021034690635,1000
dpb,-49.32086205780212,39.67913794219788,1000
gpm,-62.119924165627864,88.88007583437214,1000
ydi,-43.00886523256715,79.99113476743284,1000
pqr,-57.21179870159667,26.78820129840333,1000
tqb,-35.3969946012817,84.6030053987183,1000
qxr,-56.28811993377215,32.71188006622785,1000
orl,-37.68865939482097,58.31134060517903,1000
pwf,-8.604513846592571,51.395486153407425,1000
vmv,-43.42394619929939,40.57605380070061,1000
cto,-82.52744669044989,28.4725533095501,1000
vgb,-76.09537198660297,52.90462801339704,1000
spc,-3.0517967769738363,81.94820322302617,1000
bhn,-10.00339208827135,29.99660791172865,1000
nin,-12.711745313039398,72.2882546869606,1000
yje,-34.29354967760441,38.70645032239559,1000
yaf,-40.01496295909749,27.985037040902515,1000
gis,-4.487459594685249,75.51254040531475,1000
soc,-86.71013684038887,7.289863159611127,1000
wse,-49.02717911717186,2.9728208828281386,1000
ooi,-96.14024244568593,92.85975755431407,1000
zzr,-55.917684884100105,75.0823151158999,1000
atp,-65.31792853448573,97.68207146551427,1000
yoh,-49.50531448851971,34.49468551148029,1000
czd,-23.0699990860055,76.9300009139945,1000
fuu,-92.83814446061099,54.161855539389,1000
rcs,-27.157852204118583,35.84214779588142,1000
eha,-55.03151532780386,39.96848467219614,1000
tnk,-79.4721837992018,36.527816200798206,1000
zdu,-10.77346565706489,91.22653434293511,1000
sgu,-64.91441471948535,32.08558528051464,1000
klb,-36.05134405554073,55.94865594445927,1000
dzk,-21.868765173089677,33.13123482691032,1000
kez,-38.67920783243542,97.32079216756458,1000
wee,-50.63152529037235,0.36847470962764506,1000
kpk,-5.638189247714969,59.36181075228503,1000
sjh,-60.08969165405671,35.91030834594329,1000
vca,-1.66029859735582,80.33970140264418,1000
ehm,-66.0760679611858,86.9239320388142,1000
ydz,-79.68272744045663,45.31727255954337,1000
hct,-71.26746007689601,31.732539923103992,1000
dos,-14.045549178127423,67.95445082187258,1000
zok,-84.43523480543604,67.56476519456396,1000
vxh,-24.797612288564764,93.20238771143524,1000
iwz,-21.59050680658736,78.40949319341264,1000
auh,-21.96134948512371,89.0386505148763,1000
ktz,-34.93737631634618,55.06262368365382,1000
xpj,-58.62668305135909,66.37331694864092,1000
xdc,-68.7445854689955,62.255414531004504,1000
lpo,-83.0358737514319,81.9641262485681,1000
ksm,-5.362443865879455,28.637556134120544,1000
yhh,-31.31660446073086,51.68339553926914,1000
rzv,-4.93557836945161,9.06442163054839,1000
soi,-51.87509640061661,81.12490359938339,1000
xed,-61.4340034610687,17.565996538931298,1000
qpx,-44.640402902679824,26.359597097320176,1000
bxe,-65.47906782533671,79.52093217466329,1000
ydb,-20.54470205869251,41.455297941307485,1000
hyt,-87.91851090894227,22.08148909105773,1000
qha,-45.13551397464096,22.864486025359042,1000
goa,-16.608580706550324,10.391419293449678,1000
mst,-73.21326741261944,6.786732587380551,1000
dno,-62.284180101296485,43.715819898703515,1000
cxn,-8.764164152128158,54.23583584787184,1000
jhi,-73.72577924273729,13.274220757262704,1000
pgp,-77.66370871823393,83.33629128176607,1000
jhf,-49.35453732903061,86.6454626709694,1000
zpd,-72.42964524322174,32.57035475677826,1000
gxu,-1.5550408931860091,55.44495910681399,1000
qmg,-30.230541069772883,51.76945893022712,1000
mvi,-77.17045383965342,38.82954616034658,1000
vqg,-95.93965340719258,90.06034659280742,1000
els,-4.7365148285031635,57.26348517149684,1000
cbe,-52.78292948996419,98.21707051003581,1000
oie,-73.13809639371473,1.8619036062852743,1000
ghm,-78.29032901636144,37.70967098363855,1000
xej,-75.36096751635432,88.63903248364568,1000
gpn,-31.959415972400052,74.04058402759995,1000
lfi,-52.85777961944895,63.14222038055105,1000
rbu,-91.98846792092799,41.011532079072005,1000
gzt,-61.93935388031525,13.06064611968475,1000
wes,-41.10703834539041,17.892961654609593,1000
vnq,-27.905372654635535,3.0946273453644637,1000
nnz,-97.77499294555668,60.225007054443324,1000
zer,-53.54339484676205,60.45660515323795,1000
ivn,-97.68488591235072,87.31511408764928,1000
vxg,-92.1360738446489,98.8639261553511,1000
agv,-87.63085849613006,25.36914150386994,1000
itb,-11.618764830873111,41.38123516912689,1000
cpg,-51.2597958688349,60.7402041311651,1000
wfh,-97.69370912159145,82.30629087840855,1000
dog,-52.730157832428326,33.269842167571674,1000
jto,-34.9017281700716,49.0982718299284,1000
nxm,-3.808569923250116,96.19143007674988,1000
atl,-93.81051049959797,45.189489500402026,1000
etu,-46.72641003097336,67.27358996902665,1000
hau,-14.348991718866998,29.651008281133002,1000
nog,-16.827680909254113,42.17231909074589,1000
tac,-30.686993872669497,71.3130061273305,1000
zfi,-88.14248686228723,71.85751313771277,1000
mco,-25.041090209599652,73.95890979040034,1000
pli,-8.47667128364403,38.52332871635597,1000
qui,0.025065100803062013,1.025065100803062,1000
hkp,-73.85260987811681,69.14739012188319,1000
aax,-37.10952729718131,12.89047270281869,1000
zdo,0.7965244894609933,17.796524489460992,1000
rve,-49.62153490607587,67.37846509392413,1000
deb,-75.42170899771614,59.57829100228387,1000
ncw,-69.54435211973339,0.45564788026660785,1000
ywm,-22.634785984937547,43.365214015062456,1000
fgi,-89.80499758480883,36.19500241519116,1000
cls,-29.473589550519172,22.526410449480828,1000
mud,-75.34491558851198,86.65508441148802,1000
ank,-21.401894773605513,23.598105226394487,1000
paa,-75.22566153488557,8.774338465114425,1000
ieu,-37.220531489345284,98.77946851065471,1000
nnj,-12.048400971748183,73.95159902825182,1000
vzl,-31.805114171506254,73.19488582849375,1000
zqs,-13.146768324747027,77.85323167525297,1000
jfq,-38.653829117858166,36.346170882141834,1000
gim,-44.12923723216552,62.87076276783448,1000
vdg,-51.87161992016222,17.12838007983778,1000
ryy,-86.38758889528751,78.61241110471249,1000
pxf,-59.506586495022034,47.493413504977966,1000
jaq,-57.92064569900871,97.07935430099128,1000
kdi,-82.6940047429792,2.305995257020801,1000
lsj,-25.829708127258225,26.170291872741775,1000
yoi,-18.798963682359563,0.20103631764043683,1000
jda,-61.234099004594334,8.765900995405667,1000
lnd,-7.811423362870039,44.18857663712996,1000
waw,-61.11954337688504,78.88045662311497,1000
rln,-61.046021471887016,10.953978528112982,1000
owl,-20.918935860480488,59.08106413951951,1000
swa,-35.18567755391886,94.81432244608115,1000
xqi,-8.07704309767466,11.92295690232534,1000
xdh,-62.01296013701764,2.987039862982358,1000
okn,-17.28824062324809,85.71175937675191,1000
cdu,-30.125764129344162,69.87423587065584,1000
raj,-69.0617346435005,17.938265356499503,1000
yxl,-12.634689370402858,48.36531062959714,1000
mpf,-35.392337119258805,51.607662880741195,1000
tes,-20.702094451577786,60.297905548422214,1000
luq,-15.6602096380158,4.3397903619842,1000
jbp,-23.933569473153167,29.066430526846833,1000
oom,-59.793321197755766,15.206678802244234,1000
onl,-21.217734282979446,6.782265717020554,1000
rtk,-26.89397253974836,54.10602746025164,1000
ght,-81.09764672047798,33.90235327952202,1000
hqu,-68.21491034651365,78.78508965348635,1000
ykf,-89.23183626585649,11.768163734143508,1000
vbx,-96.86045819229355,56.13954180770646,1000
gsh,-52.98946188032328,66.01053811967672,1000
rbg,-5.540718016301485,8.459281983698515,1000
fhg,-70.2494848330267,13.750515166973306,1000
lbp,-80.89326778664928,91.10673221335072,1000
nvo,-0.9880048292523689,30.011995170747632,1000
jux,-72.83631866393259,82.16368133606741,1000
zxr,-66.43041817439617,94.56958182560383,1000
iwl,-71.31257336019493,98.68742663980507,1000
ecq,-92.49715345560914,45.50284654439086,1000
qiz,-85.53736465405382,87.46263534594618,1000
kjo,-45.97250453594168,61.02749546405832,1000
vog,-77.68486273785156,24.315137262148443,1000
blg,-25.13167839766117,29.86832160233883,1000
azb,-83.45040751045701,49.54959248954299,1000
skq,-19.34601180424474,32.65398819575526,1000
fjx,-35.12452075950383,78.87547924049616,1000
kqh,-30.982959237590325,33.01704076240967,1000
xgu,-31.978391825340825,73.02160817465918,1000
hnz,-4.061640781189346,98.93835921881066,1000
jwc,-18.175545293802948,6.824454706197054,1000
fja,-13.898766031388975,43.10123396861103,1000
qsg,-26.14567600467661,46.85432399532339,1000
gol,-18.694446420480702,48.3055535795193,1000
mgd,-32.58739214930271,86.41260785069728,1000
hsn,-42.172324803334746,64.82767519666525,1000
pyo,-6.5121676340076835,56.48783236599232,1000
sbe,-75.00443985428414,60.99556014571586,1000
wwp,-83.96857703751166,81.03142296248834,1000
zkv,-47.91924956883371,87.08075043116628,1000
qiq,-78.22491586394001,11.77508413605999,1000
rnc,-52.818414895838785,94.18158510416121,1000
peb,-28.431234852929528,0.5687651470704725,1000
hjx,-81.65503426523527,3.344965734764732,1000
kqy,-37.57504915452551,55.42495084547449,1000
ppq,-84.71596586393814,43.28403413606186,1000
mfm,-72.9500645626598,4.049935437340191,1000
ssw,-90.4904719691748,72.5095280308252,1000
lnb,-19.05847354673407,12.94152645326593,1000
uzw,-68.0295447256282,60.9704552743718,1000
soa,-50.40344827682021,12.596551723179797,1000
scz,-42.783273112390184,9.216726887609813,1000
jnh,-47.81492660498137,60.18507339501863,1000
tvs,-66.39000124457921,62.60999875542079,1000
coa,-85.11302710220164,81.88697289779836,1000
tys,-3.746835153821764,0.25316484617823587,1000
phe,-0.44348370736966725,98.55651629263033,1000
epk,-70.52623839653866,10.473761603461348,1000
vro,-64.50601470087258,0.4939852991274136,1000
nns,-32.902334621050684,34.097665378949316,1000
mst,-59.0523824746584,47.9476175253416,1000
xxj,-32.96245418367511,50.03754581632489,1000
upr,-11.767207194955617,9.232792805044383,1000
lks,-69.85690977520136,25.143090224798645,1000
fpq,-28.67405077243782,89.32594922756218,1000
cdr,-46.452706933400044,77.54729306659996,1000
zym,-48.813756075048275,72.18624392495173,1000
cie,-61.33853076832538,71.66146923167463,1000
cug,-11.960741002188787,69.03925899781122,1000
vye,-57.24506632788484,76.75493367211516,1000
slw,-5.521704833933143,68.47829516606686,1000
qme,-65.46522841577945,5.534771584220547,1000
jkz,-28.051167880138006,38.948832119862,1000
vne,-44.55807734516162,20.44192265483838,1000
squ,-83.38551557860828,60.61448442139172,1000
qwi,-16.232347319736103,67.7676526802639,1000
tbg,-85.59699075959055,57.40300924040945,1000
jht,-80.963663213025,88.036336786975,1000
gyf,-78.8848929135602,77.1151070864398,1000
ltr,-72.54870195425008,47.45129804574993,1000
gnr,-97.03658892135202,68.96341107864798,1000
vau,-18.3088626133031,18.6911373866969,1000
qjy,-30.98855046007818,13.011449539921822,1000
nig,-93.99868468014536,81.00131531985464,1000
mdn,-31.946880552404526,16.053119447595474,1000
zyk,-33.2831165483374,77.7168834516626,1000
ogo,-44.8996037069224,91.1003962930776,1000
cen,-45.29972806173744,52.70027193826256,1000
irc,-35.85108136800999,8.148918631990009,1000
yqe,-70.94956561496029,28.050434385039704,1000
uxs,-34.68839931769073,38.31160068230927,1000
ome,-91.26327622459695,28.736723775403043,1000
xpv,-56.138650238922054,47.861349761077946,1000
wze,-86.63579892175481,61.36420107824519,1000
mzx,-27.427855508603518,70.57214449139649,1000
qaj,-13.572837467665885,58.427162532334115,1000
nyz,-63.394388733784574,91.60561126621542,1000
rpk,-14.350054921983338,1.6499450780166625,1000
mqj,-58.56759795788196,62.43240204211804,1000
dyt,-69.05896127772805,52.94103872227196,1000
yvr,-25.155051753494014,58.844948246505986,1000
wap,-97.89625409075876,30.10374590924124,1000
uxf,-79.7971665747033,62.20283342529671,1000
tfy,-14.82982495715874,71.17017504284127,1000
ocu,-11.78747622025843,29.21252377974157,1000
wdj,-82.15996642474583,97.84003357525417,1000
vvp,-14.434073607344615,53.565926392655385,1000
koc,-80.97698958204461,28.023010417955394,1000
fhy,-28.163314032329513,73.83668596767049,1000
vqi,-38.09123278890793,8.908767211092071,1000
wqu,-92.90967164857113,48.09032835142887,1000
mku,-2.4239744307289564,92.57602556927104,1000
ews,-56.69580023277138,76.30419976722861,1000
tmh,-73.88899413673059,46.11100586326942,1000
gqn,-92.01309639118456,40.98690360881543,1000
ttw,-89.36873531453777,62.63126468546222,1000
eab,-6.762994612336515,82.23700538766349,1000
flf,-33.29140924507189,81.70859075492811,1000
ztv,-48.09473309129226,84.90526690870774,1000
upn,-20.011014191603095,20.988985808396905,1000
omv,-68.45139091877097,74.54860908122903,1000
ays,-89.74933690362253,64.25066309637747,1000
ond,-74.5164862011326,88.4835137988674,1000
dgj,-76.06735448720957,86.93264551279043,1000
xmq,-7.568374554791316,35.43162544520868,1000
fgo,-55.164009541221624,2.8359904587783786,1000
zef,-94.42714697627322,9.572853023726779,1000
ymy,-62.383965457271024,95.61603454272898,1000
esl,-10.62734105857556,5.372658941424441,1000
dvm,-29.460693339155785,2.5393066608442143,1000
ewb,-45.61601078868319,20.38398921131681,1000
umy,-22.950626146579566,77.04937385342043,1000
bzw,-74.87669222280051,20.12330777719948,1000
pam,-89.28689481760719,9.713105182392809,1000
iht,-90.7878174465656,16.2121825534344,1000
ndd,-84.44336296742749,53.5566370325725,1000
daz,-25.70422466653026,17.29577533346974,1000
eqr,-36.867852919195904,24.132147080804096,1000
gvk,-34.28825216887101,32.71174783112899,1000
gmy,-73.79060941341504,89.20939058658496,1000
emf,-65.55806260792576,83.44193739207424,1000
xel,-49.3589431580979,39.6410568419021,1000
gdr,-9.617735319073608,83.3822646809264,1000
qsk,-15.01423091826946,79.98576908173054,1000
xrg,-79.8628321978334,25.137167802166594,1000
xzz,-14.354064584528816,1.6459354154711847,1000
zcb,-47.2564433483842,27.743556651615798,1000
toy,-87.50441394809555,36.49558605190445,1000
mxl,-33.5216888725304,89.47831112746961,1000
afj,-61.00457895671351,37.99542104328649,1000
jcp,-35.885481592876275,93.11451840712373,1000
iki,-91.32070570223104,64.67929429776896,1000
ocs,-44.92235503945435,70.07764496054564,1000
qjz,-9.624020338336482,79.37597966166352,1000
cyj,-52.56182335115624,39.43817664884376,1000
wzb,-93.95131934969895,85.04868065030105,1000
oqj,-62.288744843950035,63.711255156049965,1000
obv,-25.74128777086862,33.25871222913138,1000
bmc,-60.741373985656764,62.258626014343236,1000
fww,-51.57672634028739,12.423273659712617,1000
iyd,-70.1894292688377,56.81057073116231,1000
wht,-20.283490618801395,56.716509381198605,1000
ktn,-68.68736698095401,53.31263301904598,1000
wkw,-47.68544961241277,2.314550387587234,1000
sgk,-68.86320795003941,24.136792049960587,1000
kia,-31.35038926199531,2.649610738004691,1000
uat,-44.12454790721705,56.87545209278295,1000
yyh,-5.756098952800199,93.2439010471998,1000
tbn,-69.63710322041092,42.36289677958907,1000
ofg,-86.61212231209403,0.3878776879059712,1000
zgp,-27.185934805699475,58.814065194300525,1000
jsy,-1.7815225689648981,55.218477431035105,1000
gag,-44.81774710811165,10.182252891888357,1000
cqe,-94.15052497497354,36.84947502502646,1000
mjj,-9.201345559941384,55.79865444005862,1000
sxh,-36.564510850837095,46.435489149162905,1000
kqs,-18.20146846457422,86.79853153542578,1000
gld,-54.022163677827464,58.977836322172536,1000
kqh,-80.10831012786358,73.89168987213642,1000
pyn,-76.77689697057265,45.22310302942734,1000
ttn,-18.313205822049436,73.68679417795056,1000
oca,-52.92720969023995,96.07279030976005,1000
muz,-91.41969207988933,1.580307920110676,1000
zls,-78.26474120487417,82.73525879512583,1000
jsj,-22.226127089605693,45.7738729103943,1000
ata,0.5274739766525457,9.527473976652546,1000
qgd,-44.907596416289266,64.09240358371073,1000
fxg,-9.096033122786565,98.90396687721343,1000
mus,-90.86188561225553,67.13811438774447,1000
ojj,-13.962597843782108,18.037402156217894,1000
hqi,-59.4629898448767,38.5370101551233,1000
dzc,-22.645050366393637,20.354949633606363,1000
ufp,-75.51348530600481,19.486514693995186,1000
zaf,-95.4112046308713,9.588795369128709,1000
omg,-76.13397547423676,87.86602452576324,1000
vxi,-59.036739005550544,41.963260994449456,1000
wcb,-14.972870893521172,90.02712910647882,1000
iuw,0.9900969797267811,41.99009697972678,1000
pqq,-87.70041383144327,68.29958616855673,1000
wzw,-50.99783442167234,6.0021655783276655,1000
vpc,0.2832375492729422,64.28323754927294,1000
pvy,-30.211879317817765,79.78812068218224,1000
bre,-83.03667480496416,57.963325195035836,1000
daa,-19.201857224924716,86.79814277507528,1000
jbh,-5.779983292802834,49.22001670719717,1000
uen,-60.40165851699324,1.5983414830067644,1000
pdn,-95.38063821175588,48.61936178824412,1000
wxa,-26.986891328573343,98.01310867142666,1000
qdz,-61.71107872067586,23.288921279324143,1000
zbh,-54.332689925611724,24.667310074388272,1000
pum,-87.76907677036144,79.23092322963856,1000
soe,-97.04278330597018,90.95721669402982,1000
fhq,-64.06971709109148,84.93028290890852,1000
udv,-24.222781629083457,91.77721837091654,1000
rbn,-45.26161958582854,89.73838041417146,1000
hcb,-72.96279734751248,51.03720265248752,1000
voi,-56.3782076681004,88.6217923318996,1000
yam,-54.182413605529305,65.8175863944707,1000
ubx,-42.217391203661954,13.782608796338042,1000
bmu,-6.252861971309699,9.747138028690301,1000
wku,-3.722787189717975,8.277212810282025,1000
zee,-43.67660013452969,31.323399865470304,1000
otl,-55.17838169492234,61.82161830507766,1000
drk,-73.48898197515638,70.51101802484362,1000
apt,-14.177369308758971,50.82263069124103,1000
xwt,0.9788539964112619,27.97885399641126,1000
aeg,-40.98401605827238,76.01598394172761,1000
qij,-5.861279919163258,47.13872008083674,1000
lxt,-94.08577409828376,38.914225901716236,1000
phl,-32.66866877853037,89.33133122146964,1000
ump,-66.79807578987717,73.20192421012283,1000
uyu,-69.549654187433,20.450345812566994,1000
uls,-69.25180909432517,28.74819090567483,1000
bfa,-62.017925340986636,91.98207465901336,1000
wdo,-88.86780110461093,59.13219889538907,1000
kss,-49.350542332674706,60.649457667325294,1000
pzq,-85.24289956195499,81.75710043804501,1000
yar,-16.071349645488286,54.92865035451172,1000
yrx,-24.813073212808117,73.18692678719188,1000
cnl,-12.584692651000116,94.41530734899989,1000
tzq,-35.54660528066152,13.45339471933848,1000
ske,-61.02739625108546,70.97260374891454,1000
ger,-9.498015043111877,72.50198495688812,1000
vyc,0.051969917924397424,66.0519699179244,1000
xce,-27.150442444041488,26.849557555958512,1000
hxp,-10.879947053537286,67.12005294646272,1000
lwr,-92.58824016585943,21.41175983414057,1000
aje,-3.0101800898125037,48.9898199101875,1000
hpv,-17.18243612232452,15.817563877675479,1000
sbd,-78.2847535078479,73.7152464921521,1000
jhu,-69.76922614050889,7.230773859491104,1000
qeb,-14.022502354479077,69.97749764552093,1000
asg,-28.621879804497542,96.37812019550246,1000
nux,-5.296825282483406,83.70317471751659,1000
pur,-43.10685983179047,8.893140168209525,1000
vdg,-52.943048941431094,80.05695105856891,1000
blo,-71.5745774802728,52.425422519727206,1000
hzo,-15.21872738632183,34.78127261367817,1000
jzv,-13.100209543446262,17.89979045655374,1000
sxx,-38.315610802763665,52.684389197236335,1000
wea,-84.64727298578268,16.352727014217326,1000
tke,-71.93890107941378,28.061098920586222,1000
uof,-38.776999084520604,90.2230009154794,1000
weu,-73.0286355381771,18.971364461822898,1000
viw,-61.02686279105173,12.973137208948271,1000
yqd,-67.41016695879071,65.58983304120929,1000
iud,-61.643526625701945,24.356473374298055,1000
twj,-33.950068434526386,94.04993156547361,1000
fna,-69.73425907939357,63.265740920606426,1000
nwz,-51.35798635167356,15.64201364832644,1000
jzf,-28.10900474354077,97.89099525645923,1000
fot,-20.10060371612473,87.89939628387528,1000
sdr,-11.797643965511588,62.20235603448841,1000
jxr,-25.6104909784533,7.3895090215467025,1000
grm,-29.9169488623749,10.0830511376251,1000
eml,-66.82656750074842,16.17343249925157,1000
chr,-63.495881582127645,77.50411841787236,1000
ttt,-93.69438292693698,2.3056170730630203,1000
fgw,-80.3711634160289,47.62883658397109,1000
qzb,-68.75029818696589,21.249701813034115,1000
qat,-39.52366830831754,67.47633169168246,1000
oib,-34.060717184544664,87.93928281545533,1000
vku,-83.9616511310657,29.038348868934303,1000
dut,-83.8393634252816,51.160636574718396,1000
vel,-68.44767089264045,29.55232910735956,1000
tro,-59.48306722955522,11.51693277044478,1000
pqh,-72.44920235950693,90.55079764049307,1000
cne,-2.759363126736192,8.240636873263808,1000
yzh,-46.726492712043466,68.27350728795653,1000
pzb,-6.9717325120265645,10.028267487973435,1000
mxn,-76.3340203316806,29.66597966831939,1000
byc,-61.35230084328306,88.64769915671694,1000
vle,-97.5166960042965,90.4833039957035,1000
qik,-25.795191429023056,14.204808570976944,1000
xuu,-12.944073833281767,80.05592616671824,1000
zzz,-34.629094779234705,45.370905220765295,1000
dma,-35.30743721409443,28.692562785905576,1000
zss,-59.61502753997888,8.384972460021116,1000
qry,-38.84293307285211,70.15706692714788,1000
wvo,-88.28174489162603,84.71825510837397,1000
otd,-92.41543383948863,3.58456616051137,1000
svw,-51.37619219604997,42.62380780395003,1000
nbm,-3.1952935084376897,4.80470649156231,1000
jzt,-44.524602946742114,70.4753970532579,1000
qvv,-52.42671901584725,63.57328098415275,1000
ora,-81.35037655477315,16.64962344522685,1000
vnq,-56.977770073358386,78.02222992664161,1000
