lvv,-62.28536425425408,34.71463574574592,1000
lwb,-17.705280199363692,3.2947198006363068,1000
fng,-14.011002854286863,11.988997145713137,1000
lsk,-88.7576246529292,65.2423753470708,1000
zkm,-31.708264758873778,69.29173524112622,1000
ivs,-28.851133162174282,77.14886683782572,1000
qel,-26.704943917577875,33.29505608242213,1000
eyr,-71.74776618463399,54.25223381536601,1000
yvq,-89.11596785858167,68.88403214141833,1000
cyv,-49.53527981682601,28.46472018317399,1000
xmm,-39.52851996052761,35.47148003947239,1000
jgw,-10.217089116074503,83.7829108839255,1000
uhn,-35.78008540296516,10.219914597034835,1000
gpy,-97.18510810563157,78.81489189436843,1000
rsm,-12.706539096869259,38.29346090313074,1000
pub,-91.08521856892304,88.91478143107696,1000
kxc,-31.05804454571201,17.94195545428799,1000
isp,-82.06438123566491,1.9356187643350917,1000
bwq,-2.8232984665681022,98.1767015334319,1000
usj,-63.626616484811244,76.37338351518876,1000
oyt,-33.23461795673106,52.76538204326894,1000
jih,-27.90810629437834,85.09189370562166,1000
qoc,-50.15886893519238,72.84113106480763,1000
ltg,-19.63265005257885,41.36734994742115,1000
wuo,-27.23200453249899,12.76799546750101,1000
for,-71.4401407768772,91.5598592231228,1000
mbb,-45.22321800189151,20.776781998108493,1000
yfs,-70.1430184724236,38.856981527576394,1000
lrv,-93.75723755600984,60.24276244399016,1000
lqf,-17.19569403124514,83.80430596875486,1000
zmj,-42.41042403362866,6.589575966371339,1000
ejt,-82.10469733159958,64.89530266840042,1000
jsq,-97.95035990896359,94.04964009103641,1000
bnt,-45.1901424949482,46.8098575050518,1000
nqt,-52.10902672361476,16.89097327638524,1000
shi,-83.78491832076917,3.215081679230839,1000
xsq,-73.329489653865,19.670510346135003,1000
awk,-81.4636374104969,39.536362589503106,1000
itv,-16.427690267192794,26.572309732807206,1000
cgq,-49.209258415629996,24.79074158437,1000
odc,-7.120594070446769,67.87940592955323,1000
pxf,-36.929635963627845,59.070364036372155,1000
hkl,-56.44600267125827,18.55399732874173,1000
bir,-16.376126263031008,1.6238737369689904,1000
pgd,-44.833478007314355,62.166521992685645,1000
jim,-21.468531522528593,25.531468477471407,1000
mhb,-54.64458248707604,28.355417512923953,1000
qte,-68.83073009864381,4.1692699013561825,1000
ivy,-10.632271775749143,74.36772822425085,1000
sta,-53.0501316770628,13.9498683229372,1000
cty,-72.35172027125988,46.64827972874012,1000
byv,-75.2329433959972,96.7670566040028,1000
xjk,-60.99368664231436,32.00631335768564,1000
rvl,-80.04981940913859,66.95018059086141,1000
ynr,-1.7985438595011325,5.201456140498868,1000
row,-92.60008338477358,29.39991661522642,1000
bnf,-46.98085223013976,48.01914776986024,1000
cxq,-27.973989345461,12.026010654539002,1000
tit,-11.057874870094064,5.942125129905936,1000
yqb,-95.68303543517862,28.316964564821383,1000
sut,-37.25062689851276,61.74937310148724,1000
zsl,-21.395988061108085,78.60401193889192,1000
chv,-97.60016542722758,96.39983457277242,1000
qfe,-25.700415579748455,0.29958442025154475,1000
gjy,-44.871841350604576,41.128158649395424,1000
lzc,-93.37259087604289,94.62740912395711,1000
iee,-10.730608381077564,42.269391618922434,1000
nsm,-90.87218658508051,5.127813414919484,1000
gsj,-63.99393415423576,76.00606584576424,1000
oeo,-73.27349633093202,61.72650366906798,1000
wxt,-48.52744610861804,41.47255389138196,1000
xdc,-80.06511205603923,36.934887943960774,1000
dqr,-71.15654820576914,58.84345179423086,1000
rhc,-19.457459934757054,52.542540065242946,1000
xfj,-36.38539957111259,54.61460042888741,1000
eyd,-38.26926052099405,67.73073947900595,1000
cyh,-66.96634914222278,97.03365085777722,1000
ejv,-6.2691118471114144,73.73088815288858,1000
fxq,-8.773998441677904,0.22600155832209567,1000
wei,-18.9070321328171,55.0929678671829,1000
imi,-31.88570502695567,44.11429497304433,1000
fpl,-61.164552400852614,64.83544759914739,1000
vju,-9.046538877082467,57.95346112291753,1000
srw,-53.36227514919356,44.63772485080644,1000
lyl,-96.36719337102407,68.63280662897593,1000
qji,-87.44720292553025,8.552797074469751,1000
old,-3.2633951163689527,83.73660488363105,1000
apw,-26.483694073134874,92.51630592686513,1000
wtr,-24.766010928714127,41.23398907128587,1000
wjl,-51.63695479973392,73.36304520026607,1000
ywe,-50.47078466485324,57.52921533514676,1000
ger,-64.73727922348387,47.26272077651614,1000
wxy,-31.08701195027218,86.91298804972782,1000
unk,-71.15726956935929,73.84273043064071,1000
ylm,-18.186884231157332,80.81311576884266,1000
awk,-28.038098484732167,71.96190151526784,1000
fwe,-95.00823492665192,69.99176507334808,1000
cko,-19.50871335601615,7.491286643983851,1000
dov,-29.666729545257436,79.33327045474256,1000
dmx,-32.067489667502045,60.932510332497955,1000
dsh,-60.89763642990646,15.102363570093537,1000
ttq,-81.27272803343044,60.72727196656955,1000
kbg,-20.04917398795371,65.95082601204629,1000
dmb,-8.889348165966858,34.11065183403314,1000
lar,0.9284436947286598,44.92844369472866,1000
fxq,-14.272241770737676,36.72775822926232,1000
wda,-16.425747992150193,98.57425200784981,1000
gvf,-21.880300888693267,34.11969911130673,1000
wqd,-84.54989903597992,84.45010096402008,1000
lbj,-88.96483393459371,48.035166065406294,1000
btv,-59.145386329917024,84.85461367008297,1000
oge,-31.729889567193247,51.27011043280675,1000
vwr,-58.423914442463285,45.576085557536715,1000
jnl,-69.17962500210166,35.82037499789835,1000
jfv,-36.42115167509198,11.578848324908021,1000
bon,-78.46593701517497,43.53406298482503,1000
bxa,-32.485186508339815,9.514813491660185,1000
ume,-73.74242308219853,3.2575769178014684,1000
poa,-66.4959639174357,78.5040360825643,1000
cop,-4.466308430941854,55.53369156905815,1000
opj,-24.256432860681254,92.74356713931874,1000
dfu,-41.21437895375508,62.78562104624492,1000
jec,-53.605441944934256,74.39455805506574,1000
qir,-3.2636969692909332,73.73630303070907,1000
aun,-61.93063371202272,82.06936628797727,1000
ids,-5.59301688204665,79.40698311795335,1000
svh,-5.543819013331491,64.45618098666851,1000
lgm,-7.4471803172530215,80.55281968274699,1000
gmx,-55.085772633373914,38.914227366626086,1000
vbq,-57.38714945007589,61.61285054992411,1000
vbx,-43.29366580398017,56.70633419601983,1000
xjz,-19.7749407750467,15.225059224953299,1000
ccc,-34.703105258450805,57.296894741549195,1000
tcw,-33.963488060111146,72.03651193988885,1000
nlx,-31.021615584116812,44.978384415883184,1000
uig,-60.74584783825359,31.254152161746408,1000
xxe,-77.754153059482,97.245846940518,1000
yvq,-16.84334412661006,55.15665587338994,1000
qqb,-31.008336229648958,35.991663770351046,1000
ojd,-28.641697603474924,64.35830239652508,1000
whf,0.9618036980767303,40.96180369807673,1000
lpg,-20.933695055712032,69.06630494428796,1000
rgs,-58.038216515673554,62.961783484326446,1000
pdt,-84.04854019904919,28.95145980095082,1000
iwa,-2.134516139961338,55.86548386003866,1000
rvb,-15.416550059508065,35.58344994049193,1000
skr,-14.079785691349226,38.92021430865077,1000
lnj,-16.194020307472115,61.805979692527885,1000
okl,-51.045734814036564,32.954265185963436,1000
fab,-14.939505082951655,63.060494917048345,1000
pqk,-83.04069524695531,39.9593047530447,1000
kpx,-37.05186761371878,33.94813238628122,1000
drq,-16.116078961576704,44.883921038423296,1000
ojl,-77.18341674764598,18.81658325235403,1000
bbi,-29.578474155208298,59.4215258447917,1000
ymv,-0.44712124908224327,52.552878750917756,1000
gip,-34.64484610534909,9.355153894650913,1000
lng,-1.3473685411232545,61.65263145887675,1000
yjb,-31.469992445371755,96.53000755462824,1000
srq,-22.1677592459328,31.8322407540672,1000
kgj,-83.6299941044626,0.3700058955374014,1000
jjg,-34.047681424314995,90.95231857568501,1000
ofh,-8.987711233446195,35.01228876655381,1000
saf,-82.76280657458645,55.23719342541356,1000
bzi,-74.58872126721957,14.411278732780437,1000
ubo,-93.31391939598223,73.68608060401777,1000
hfn,-19.574865582616678,84.42513441738332,1000
sxc,-5.050756887097742,79.94924311290225,1000
qbr,-24.32954691153086,43.670453088469145,1000
jmw,-58.7775662140224,93.2224337859776,1000
jon,-51.38051747836429,48.61948252163571,1000
ayj,-24.987556785951956,10.012443214048044,1000
tbf,-48.01089242956709,80.9891075704329,1000
ypp,-95.8186020400394,87.1813979599606,1000
boi,-93.20419904625038,25.795800953749616,1000
dkh,-16.91063319209904,83.08936680790096,1000
gbt,-89.54270037814217,27.457299621857835,1000
urs,-44.834636288904264,59.165363711095736,1000
nap,-91.63439631141944,67.36560368858056,1000
qvz,-47.234495498947155,34.765504501052845,1000
pho,-46.1509136064951,12.849086393504896,1000
hzv,-58.988047723442136,2.0119522765578615,1000
jbx,-0.02468469890007996,83.97531530109993,1000
btw,-47.00508641645121,82.9949135835488,1000
awm,-19.426254910687266,60.57374508931274,1000
kan,-62.83207168601429,14.167928313985716,1000
cmk,-89.44600486825831,41.55399513174168,1000
zhf,-46.116895603132065,46.883104396867935,1000
mvm,-25.43257110943903,53.56742889056097,1000
bie,-58.108738573333426,36.891261426666574,1000
xzp,-18.678363137799696,95.32163686220031,1000
egf,-66.19852348501338,66.80147651498662,1000
jrr,-79.59194466904461,15.408055330955394,1000
phl,-14.635611727985525,69.36438827201448,1000
gbx,-80.52253852811097,40.47746147188902,1000
ykn,-44.88830896961165,88.11169103038834,1000
zkh,-56.46884569172967,35.53115430827033,1000
ktn,-33.3778940232137,40.6221059767863,1000
yum,-58.660454073683916,3.3395459263160827,1000
ewi,-12.501711372173942,77.49828862782606,1000
qps,-2.310863522263037,19.689136477736962,1000
luz,-71.54826774852405,28.451732251475946,1000
cmk,-50.124931290062236,94.87506870993776,1000
wpu,-57.71727153317247,19.28272846682753,1000
wep,-93.13810849007861,52.8618915099214,1000
uca,-77.41115601908295,75.58884398091705,1000
zbi,-34.5633253217764,44.4366746782236,1000
ifs,-75.94140623721508,76.05859376278492,1000
rpv,-6.360632765465697,27.639367234534305,1000
vzi,-44.61153684090135,23.388463159098645,1000
ybx,-90.1906411260988,10.8093588739012,1000
kck,-4.176768812633059,39.82323118736694,1000
cbf,-55.321061205358646,88.67893879464135,1000
jkp,-88.06066718301659,76.93933281698341,1000
kaj,-59.58609134975648,31.41390865024352,1000
tof,-54.638844379834545,45.361155620165455,1000
tdz,-86.58237071873587,36.41762928126413,1000
unt,-93.92663172084393,97.07336827915607,1000
zqn,-8.394829790214798,81.6051702097852,1000
fhi,-89.49376131848894,74.50623868151106,1000
fnj,-54.76988276177218,87.23011723822782,1000
imx,-72.43165132042192,33.56834867957808,1000
wnh,-3.521002808902537,69.47899719109746,1000
ksf,-45.26298049781166,69.73701950218835,1000
urq,-6.9584046702800935,98.04159532971991,1000
qru,-88.97200782501434,93.02799217498566,1000
gbj,-17.370712514750476,6.629287485249522,1000
tyi,-5.000218731979205,29.999781268020794,1000
zcl,-63.38400744909423,8.615992550905771,1000
ewq,-3.8881091013760747,21.111890898623926,1000
vkq,-93.10486364838651,61.895136351613495,1000
oyp,-87.14118060575221,27.858819394247785,1000
mkh,-4.156568577415484,40.843431422584516,1000
lop,-8.439756364152386,69.56024363584761,1000
liz,-59.75184885556474,9.248151144435262,1000
lis,-7.372742703680937,51.627257296319065,1000
hoj,-40.963908132869356,45.036091867130644,1000
zvf,-32.065505185627465,89.93449481437253,1000
mxj,-96.61423938372118,93.38576061627882,1000
fxv,-95.01549628133986,62.98450371866013,1000
jsu,-32.855957583878805,87.1440424161212,1000
ffz,-83.01240735196673,35.98759264803328,1000
xga,-75.07782994394972,58.92217005605028,1000
rma,-64.24013128983653,21.759868710163474,1000
ezc,-8.87474939403116,32.125250605968844,1000
egm,-63.528882645846764,20.471117354153236,1000
wqj,-50.36426932745142,7.635730672548585,1000
uvr,-63.497931725157436,71.50206827484256,1000
oxm,-22.082205050294178,23.917794949705822,1000
qvp,-90.8216857305363,47.17831426946369,1000
kow,-42.1060434736961,70.89395652630391,1000
rlm,-89.84181594271517,32.158184057284835,1000
ske,-29.52507428765828,13.474925712341717,1000
pfd,-63.64911845771014,75.35088154228987,1000
twc,-54.22056658829005,22.779433411709952,1000
bcv,-29.10976078432036,46.890239215679635,1000
gaw,-50.15410525442388,73.84589474557612,1000
ihc,-15.813777125095458,78.18622287490454,1000
zxz,-38.510924052173195,14.489075947826809,1000
dbz,-18.305280643605347,46.69471935639466,1000
xgk,-67.01887018561409,73.98112981438591,1000
ewr,-35.71809015973851,35.28190984026149,1000
hrn,-34.63990108909243,95.36009891090757,1000
pjp,-58.88799771353282,84.11200228646717,1000
vuu,-97.85132846744173,72.14867153255827,1000
gsz,-47.00839852345779,85.99160147654221,1000
bdn,-84.88413235196226,79.11586764803774,1000
ifi,-90.03446721736407,69.96553278263593,1000
hud,-52.54128479411461,82.4587152058854,1000
yeb,-50.07086855523494,44.92913144476506,1000
kpc,-45.838511136386664,25.161488863613336,1000
rcc,-57.50731581754597,17.492684182454028,1000
upa,-86.73221382226156,15.267786177738442,1000
swq,-13.559397313395934,93.44060268660407,1000
djp,-18.810871636735563,80.18912836326444,1000
yrm,-73.97412602621,6.025873973790002,1000
izq,-74.68044954249613,44.319550457503865,1000
gef,-3.920882046174287,97.07911795382572,1000
lnf,-40.28575577169998,96.71424422830002,1000
wuu,-95.99144467250902,59.00855532749099,1000
nvh,-91.53670722361372,5.463292776386279,1000
yxo,-27.86178048537179,29.13821951462821,1000
hmr,-71.00209899347442,75.99790100652558,1000
ggu,-67.85226987165969,80.14773012834031,1000
fxl,-34.68187860509326,97.31812139490674,1000
ghy,-81.05179695037327,32.94820304962673,1000
vfb,-78.42636626681882,64.57363373318118,1000
sxy,-0.35292145756061366,93.64707854243939,1000
exu,-3.4501449737501737,95.54985502624983,1000
zsn,-47.69945310035598,59.30054689964402,1000
ivw,-94.20803868883294,11.791961311167057,1000
kjt,-88.59195638415508,35.40804361584492,1000
svl,-56.652704039217454,70.34729596078255,1000
phg,-45.03704005693993,50.96295994306007,1000
crj,-4.1399148948234,3.8600851051765996,1000
dab,-34.21500391915137,41.78499608084863,1000
ghz,-34.29095935402314,95.70904064597687,1000
qsh,-0.3923343776737017,56.6076656223263,1000
mhm,-30.791364442777272,40.20863555722273,1000
yct,-20.655442923460306,78.3445570765397,1000
fkp,-30.605188393691932,30.394811606308068,1000
rmu,-48.69623298002553,87.30376701997447,1000
sel,-66.43959253812362,21.56040746187638,1000
nts,-17.698641945904498,71.3013580540955,1000
gek,-12.629901555789377,97.37009844421063,1000
nwa,-56.120571440605005,61.879428559394995,1000
puw,-19.090131767826634,70.90986823217337,1000
zba,-3.7072098356240897,94.29279016437592,1000
ofn,-42.80862873344443,25.191371266555574,1000
mdp,-24.274703026508153,19.725296973491847,1000
gcj,-29.24490589397793,51.75509410602207,1000
ewq,-77.46722265624491,16.532777343755082,1000
jay,-61.23577483444972,74.76422516555027,1000
ffq,-6.685307058853814,45.314692941146184,1000
bvd,-34.57489334652137,58.42510665347863,1000
yfz,-94.1536837582164,18.8463162417836,1000
oth,-39.31469815049775,42.68530184950225,1000
vtw,-53.29836949370531,63.70163050629469,1000
wjs,-4.444447458486408,71.55555254151359,1000
omx,-14.76804075056556,3.2319592494344382,1000
gfn,-19.78826818257775,44.21173181742225,1000
jig,-8.416710768262478,51.583289231737524,1000
mrl,-65.15246969318709,85.84753030681291,1000
vvb,-35.21238004500585,58.78761995499415,1000
qin,-21.124518624182475,96.87548137581753,1000
tqh,-86.84832379069447,17.15167620930554,1000
zbe,-7.1965771692870515,34.80342283071295,1000
qgq,-1.0636947896712754,29.936305210328726,1000
cor,-22.349785536968355,68.65021446303165,1000
bbj,-30.487136592726884,57.512863407273116,1000
wwi,-80.10719429003812,27.892805709961873,1000
tii,-24.566309583532387,97.43369041646761,1000
ldc,-96.15251829255489,11.847481707445109,1000
qbx,-63.54412142584709,64.45587857415292,1000
cru,-54.29815021914603,96.70184978085396,1000
dpt,-76.57956668626989,81.42043331373011,1000
oko,-60.59705416494108,80.40294583505893,1000
sur,-11.28519985516944,33.71480014483056,1000
vqg,-34.23616921373881,8.763830786261186,1000
siy,-19.682884414048026,55.317115585951974,1000
qyf,-95.6391585071548,49.36084149284519,1000
rfo,-27.362777104631967,36.63722289536803,1000
vyp,-13.579852808967168,29.420147191032832,1000
bmk,-88.03958373887905,28.960416261120955,1000
wqh,-11.363626351547548,87.63637364845245,1000
xyh,-91.90118172918132,87.09881827081868,1000
qlq,-52.011252876273225,30.988747123726775,1000
oae,-71.00426070224181,54.99573929775819,1000
luw,-61.81281742040345,14.187182579596548,1000
fqn,-10.264243961317288,64.73575603868271,1000
nls,-5.506372782537825,18.493627217462176,1000
gmc,-70.64179199253152,58.35820800746848,1000
yas,-51.57712555923781,96.4228744407622,1000
kcr,-46.876349990513674,60.123650009486326,1000
ils,-90.70871070279514,97.29128929720486,1000
nsn,-68.94441131715861,60.05558868284139,1000
adl,-89.08571334074509,66.91428665925491,1000
zms,-68.14715433852312,69.85284566147688,1000
gum,0.7578092380895907,84.75780923808959,1000
goq,-23.235310198420812,34.76468980157919,1000
lok,-72.37932771666505,42.620672283334954,1000
yen,-79.58608370202127,62.41391629797873,1000
rnh,-69.6101701782406,81.3898298217594,1000
ldu,-5.5211463787890205,85.47885362121097,1000
hkv,-9.205183394234188,63.79481660576581,1000
pfx,-12.925588336474918,55.07441166352508,1000
oeo,-2.130279214709481,84.86972078529053,1000
kvx,-71.03323727141992,43.96676272858007,1000
bur,-74.07372446573962,66.92627553426038,1000
gli,-22.17256323315851,46.827436766841494,1000
ahc,-81.29620662295301,23.703793377046996,1000
fhw,-72.4307892452707,46.56921075472929,1000
gqd,-43.55424555677195,30.445754443228047,1000
nle,-39.38876982598202,48.61123017401798,1000
jzb,-66.18943964625275,29.810560353747253,1000
rpu,-2.1875017703660986,43.8124982296339,1000
oix,-1.6083100580230698,21.39168994197693,1000
lrd,-36.78206286613988,34.21793713386012,1000
bvx,-93.48393765957846,75.51606234042154,1000
ldu,-26.86149718705888,55.13850281294112,1000
zqe,-49.98647276266533,84.01352723733467,1000
urn,-94.31566274158318,39.684337258416825,1000
rvd,-19.37556030816347,6.62443969183653,1000
mpn,-16.651844754265145,37.34815524573486,1000
khl,-34.87461700126588,6.125382998734118,1000
nzq,-92.67536940668703,5.3246305933129765,1000
tij,-40.699716802878655,86.30028319712135,1000
kbh,-3.340737315627698,69.65926268437231,1000
cgy,-14.01504887741107,41.98495112258893,1000
ttk,-68.65334187981351,96.34665812018649,1000
cmd,-45.27568010877912,41.72431989122088,1000
jxj,-22.13135990980362,3.868640090196379,1000
yrf,-89.4488528085851,48.551147191414906,1000
mqs,-48.921146993525454,59.078853006474546,1000
ljp,-87.14659415148721,37.85340584851279,1000
pys,-35.75223854594061,50.24776145405939,1000
yjg,0.6558497789197212,94.65584977891972,1000
niw,-75.22733083529168,25.77266916470831,1000
qiy,-62.99246038099202,61.00753961900798,1000
vjd,-48.61356473363672,64.38643526636328,1000
zqw,-24.352160308562937,33.64783969143706,1000
uvw,-96.36003184380786,5.639968156192142,1000
oim,-5.276368106345931,31.72363189365407,1000
edc,-80.97627284727744,29.023727152722554,1000
gnt,-45.645494333700526,36.354505666299474,1000
ukq,-89.53038602079866,57.46961397920134,1000
vwo,-75.8824129560034,76.1175870439966,1000
xes,-12.92255378126875,39.07744621873125,1000
ynq,-78.93364440197412,39.06635559802587,1000
rox,-84.99167448692955,68.00832551307045,1000
agu,-35.33836691471806,45.66163308528194,1000
ybd,-23.985282954036297,9.014717045963705,1000
buw,-73.25193955238991,79.74806044761009,1000
pkl,-90.7799534694877,92.2200465305123,1000
irn,-95.45716555331059,44.54283444668941,1000
kzf,-92.5277629407131,26.472237059286893,1000
bfe,-37.90738613451166,7.092613865488338,1000
ncb,-32.9841475897915,5.015852410208503,1000
lhp,-44.845595689304815,39.154404310695185,1000
bjl,-2.054450736349386,86.94554926365062,1000
gcr,-70.0699428897822,17.9300571102178,1000
hyk,-30.942496495325948,18.057503504674052,1000
fae,-15.055058058716199,58.9449419412838,1000
ckh,-41.78846243585788,37.21153756414212,1000
ftq,-53.288845451322985,87.71115454867702,1000
vph,-76.24417744235575,11.755822557644246,1000
uqu,-57.42251431086945,7.57748568913055,1000
lyg,-64.21322906822925,25.786770931770743,1000
sub,-38.500821944797565,4.499178055202437,1000
vsa,-23.359443555135933,9.640556444864067,1000
rbl,-96.75733181795536,43.24266818204463,1000
jyl,-14.025189990288055,16.974810009711945,1000
oym,-25.18011922678253,21.81988077321747,1000
wtc,-83.6665686827859,81.3334313172141,1000
pdo,-71.14197343958475,34.85802656041526,1000
yfl,-88.94765232380787,48.052347676192134,1000
aem,-94.15249148748725,84.84750851251275,1000
hch,-16.499151558019012,38.50084844198099,1000
aay,-67.23832713704986,25.761672862950142,1000
emx,-13.870097370275197,11.129902629724803,1000
dzm,-95.81765517085485,12.182344829145153,1000
vsy,-70.96178044961292,96.03821955038708,1000
gev,-75.67304439680314,66.32695560319686,1000
fzw,-49.52964935270035,67.47035064729964,1000
exn,-68.41311728122291,79.58688271877709,1000
luh,-49.2726322949059,14.727367705094105,1000
rmk,-23.469907179209613,25.530092820790387,1000
gnb,-92.52066227789268,43.479337722107324,1000
vgb,-49.479261664427085,57.520738335572915,1000
vuu,-22.148484847854533,29.851515152145467,1000
efo,-54.054123810490296,27.9458761895097,1000
luk,-15.882266448330618,16.11773355166938,1000
sxj,-37.290342007063316,81.70965799293668,1000
old,-58.210006069605825,49.789993930394175,1000
lct,-56.99026812712352,34.00973187287648,1000
jdn,-47.04351714934049,62.95648285065951,1000
ifx,-26.98102924377251,62.01897075622749,1000
iii,-97.25652758899773,44.743472411002266,1000
xnt,-6.3431757665248405,92.65682423347516,1000
urj,-27.642072942789518,96.35792705721047,1000
bbm,-87.59782097615282,5.4021790238471805,1000
rgs,-39.58077886779726,13.419221132202743,1000
yuk,-88.16019220381425,9.83980779618575,1000
lms,-28.79244627260859,57.20755372739141,1000
xjd,-91.39470454404133,24.605295455958675,1000
wbf,-52.53355342127191,73.4664465787281,1000
mty,-41.439598604590515,77.56040139540949,1000
geo,-13.817590647432125,91.18240935256787,1000
vty,-7.04839566240508,15.951604337594919,1000
zzd,-97.13304470617487,32.86695529382513,1000
nns,-96.52467877112099,80.47532122887901,1000
aak,-27.795556449830194,40.204443550169806,1000
rsg,-57.48852357149464,76.51147642850536,1000
wla,-49.53981265372347,66.46018734627653,1000
zfv,-5.285596552051548,45.71440344794845,1000
irs,-3.3183442376852508,70.68165576231475,1000
qxy,-42.380585052090375,64.61941494790963,1000
ecx,-37.40135504239177,38.59864495760823,1000
tqo,-0.9711110722544687,42.028888927745534,1000
iou,-7.707717943355298,65.29228205664471,1000
blk,-72.21987539880985,92.78012460119015,1000
mfj,-87.18878356383142,35.81121643616858,1000
ozm,-48.67252565423454,83.32747434576547,1000
plc,-39.13486179540887,3.865138204591133,1000
yrg,-75.34308913758458,84.65691086241542,1000
msp,-1.2237676848747194,51.77623231512528,1000
uod,-43.075702846675654,24.92429715332435,1000
oob,-59.59075498335721,60.40924501664279,1000
eaz,-11.252018261181517,21.74798173881848,1000
xgy,-93.30382099579131,82.69617900420869,1000
pbt,-12.224841893468597,22.775158106531403,1000
wwy,-94.85443513936978,93.14556486063022,1000
fhc,-81.18549535319299,35.814504646807016,1000
uav,-33.804629293381495,67.1953707066185,1000
kvv,-60.89401839756808,83.10598160243191,1000
duf,-20.18755337450506,40.812446625494935,1000
cuw,-51.04101055502418,37.95898944497582,1000
lwr,-25.82867751623532,38.171322483764676,1000
csp,-32.520206679801994,46.479793320198006,1000
vxt,-8.496230751311579,18.50376924868842,1000
oag,-97.96589580719764,17.034104192802364,1000
sqb,-81.70688903066285,80.29311096933715,1000
pha,-28.235953712164125,3.7640462878358742,1000
gfl,-62.58477900662439,14.41522099337561,1000
bqy,-36.786616869713654,62.213383130286346,1000
jzp,-34.550323301165776,2.4496766988342213,1000
pdk,-75.85634453517295,9.143655464827049,1000
utt,-20.350999629675737,51.649000370324266,1000
puu,-41.059932724603456,83.94006727539654,1000
xdd,-89.12581480554172,20.87418519445828,1000
won,-48.752211951280366,36.247788048719634,1000
oxk,-95.209379904054,30.790620095946004,1000
pwm,-48.1151490968398,96.8848509031602,1000
xmz,-58.94164143641415,97.05835856358586,1000
gsi,-46.12452644787819,49.87547355212181,1000
dyh,-66.15570718152094,86.84429281847906,1000
wpm,-5.880380647285239,37.119619352714764,1000
fop,-8.112150248069796,3.887849751930204,1000
nll,-85.47839270987421,29.521607290125786,1000
qbr,-93.14586134067687,83.85413865932313,1000
pab,-49.48078902241036,92.51921097758964,1000
mcf,-58.95914534607887,21.04085465392113,1000
nhh,-68.7618981013598,32.238101898640195,1000
qou,-47.580706489438626,97.41929351056137,1000
ift,-38.56493832699496,9.435061673005041,1000
vtc,-76.87902494659772,97.12097505340228,1000
xlc,-44.284396108171386,30.71560389182861,1000
neu,-61.97698472371062,76.02301527628937,1000
ycd,-18.106756509848847,51.89324349015115,1000
ayk,-91.2895709047906,19.7104290952094,1000
cnz,-43.041277251851604,78.95872274814839,1000
nan,-37.54456873852017,70.45543126147983,1000
xsl,-49.84654493022848,95.15345506977152,1000
wfw,-31.676179639697427,10.323820360302573,1000
hwd,-35.731997304369536,22.268002695630468,1000
lvz,-55.28001607392321,15.719983926076791,1000
bur,-19.630455235389505,1.3695447646104952,1000
ylk,-96.52927146130898,61.47072853869102,1000
dmg,-58.81911453880266,24.180885461197345,1000
jpf,-95.98861594874158,0.011384051258421679,1000
kci,-28.830678352767567,51.16932164723243,1000
elf,-42.213534307004544,25.78646569299546,1000
toq,-44.40817395119932,54.59182604880068,1000
feu,-36.794669108193396,2.205330891806603,1000
dxv,-58.19700792239107,61.80299207760893,1000
kyc,-33.98133580459001,4.018664195409988,1000
stb,-95.00626962680347,92.99373037319653,1000
imm,-89.03844321829848,44.96155678170152,1000
juy,-45.830683720063774,76.16931627993623,1000
qgi,-27.66204871371619,22.33795128628381,1000
nnd,-59.44176153600647,95.55823846399353,1000
njv,-82.47292548734335,42.527074512656654,1000
cyw,-43.60830577398943,70.39169422601057,1000
pyt,-11.77541406960415,19.22458593039585,1000
mkr,-22.86503028328365,42.13496971671635,1000
ekr,-68.13186254912992,41.86813745087009,1000
tss,-10.37859838906345,46.62140161093655,1000
tsx,-94.02717034949666,7.972829650503348,1000
trd,-89.75458588741967,48.24541411258033,1000
fsi,-56.882382060037585,55.117617939962415,1000
fiw,-67.45490399272485,79.54509600727515,1000
zmr,-36.11296210227568,3.8870378977243187,1000
kts,-49.462434091969214,35.537565908030786,1000
njn,-15.127195415439186,21.872804584560814,1000
nbn,-31.95151756683923,60.04848243316077,1000
nqv,-38.49280649753823,80.50719350246177,1000
wsl,-4.5267892163688614,16.47321078363114,1000
tbb,-91.60001119189873,11.399988808101272,1000
mfg,-24.825462107603087,30.174537892396913,1000
zxy,-17.438816703018272,74.56118329698172,1000
ukk,-67.2901114884581,16.7098885115419,1000
osl,-77.4957523876448,26.504247612355208,1000
vni,-59.701493029299215,29.298506970700785,1000
vmk,-64.35209576012498,86.64790423987502,1000
njl,-41.44012981912208,31.55987018087792,1000
baj,-23.473578808206437,93.52642119179356,1000
vub,-33.59392700917852,19.406072990821478,1000
qkf,-28.91532117609044,24.08467882390956,1000
tpe,-62.620217681246366,9.379782318753636,1000
dna,-80.91829488092628,51.08170511907372,1000
srh,-7.2608061818943845,1.7391938181056155,1000
mpl,-24.215758285104116,19.784241714895884,1000
iax,-40.033526509496504,59.966473490503496,1000
dpq,-64.50991048178516,82.49008951821484,1000
dzc,-38.975690179981484,22.02430982001852,1000
ckc,-4.261964674109658,3.7380353258903427,1000
rzt,0.5607551605299853,54.560755160529986,1000
whu,-26.963442205331727,0.03655779466827336,1000
oxo,-15.043894304224686,84.95610569577532,1000
hqf,-74.77893074423915,61.22106925576086,1000
lmp,-88.32174656206381,27.678253437936196,1000
rbq,-21.285962833186964,14.714037166813034,1000
nih,-60.70892726745233,61.29107273254767,1000
obk,-71.22539720881457,39.77460279118544,1000
cks,-40.68039341440292,53.31960658559708,1000
iwi,-60.85940891970808,7.140591080291919,1000
qfh,-43.91000974191438,45.08999025808562,1000
nzd,-12.52233616348912,83.47766383651089,1000
ygw,-69.63699594089586,78.36300405910414,1000
rwo,-94.6785016343443,57.3214983656557,1000
wyz,-18.990721039615387,75.0092789603846,1000
cxm,-19.608525790996303,67.39147420900369,1000
qrt,-80.33905899303852,41.66094100696148,1000
hqg,-30.76861439550548,85.23138560449452,1000
vtr,-11.649940925037582,21.35005907496242,1000
dih,-13.395101923116629,11.604898076883371,1000
woj,-31.920122110658017,24.079877889341983,1000
jly,-70.33036283654504,37.669637163454965,1000
cik,-42.170615726232796,1.829384273767203,1000
rwg,-50.8396466398495,91.1603533601505,1000
nhd,-4.5194868774356,30.4805131225644,1000
dtp,-75.2316967845897,68.7683032154103,1000
guv,-51.939566021192974,4.060433978807025,1000
isp,-88.40841361458908,28.59158638541092,1000
gih,-26.31735249278194,64.68264750721806,1000
hdj,-52.58028817600881,69.4197118239912,1000
kvi,-17.12884911579376,22.87115088420624,1000
ozo,-55.22572349643921,9.774276503560793,1000
dtt,-36.29278762989343,57.70721237010657,1000
bxy,-87.20218338580861,57.79781661419139,1000
bqb,-57.04708856622582,30.952911433774183,1000
bqi,-75.04227853403624,22.957721465963758,1000
top,-2.9902598621719,64.0097401378281,1000
gil,-23.27511599723552,73.72488400276448,1000
obv,-50.52434161191613,40.47565838808387,1000
nhy,-95.19278351145408,17.807216488545922,1000
cgy,-44.083626769763626,19.916373230236378,1000
tqu,-36.66357111070787,23.336428889292133,1000
hik,-9.948657114861707,88.0513428851383,1000
bgu,-87.01070274976121,8.989297250238785,1000
pqn,-13.571033051352611,15.428966948647389,1000
qpp,-87.16395290703217,75.83604709296783,1000
xam,-81.74571783545157,95.25428216454843,1000
oku,-18.843466897162163,64.15653310283784,1000
jyy,-64.42707150906462,56.572928490935375,1000
omp,-34.23665572553947,77.76334427446054,1000
zbz,-41.57480268793691,49.42519731206309,1000
mcc,-93.5403107557905,76.4596892442095,1000
ieo,-65.99781064892908,41.00218935107092,1000
iom,0.39810713886882154,29.39810713886882,1000
oql,-15.73187911496628,65.26812088503372,1000
wyn,-40.74749013913003,11.252509860869973,1000
xnl,-75.30013602693393,60.69986397306607,1000
rlz,-66.84037096436546,12.15962903563453,1000
uxv,-53.85583227622309,63.14416772377691,1000
jqf,-23.454771550965372,77.54522844903462,1000
xcr,-51.42522255773205,86.57477744226794,1000
gwn,-50.84569285623949,45.15430714376051,1000
jrs,-23.832544704383093,15.167455295616906,1000
plz,-68.11837053345327,76.88162946654673,1000
lzo,-52.92376929040759,26.07623070959241,1000
hqg,-80.51027301622872,88.48972698377128,1000
iie,-27.439503439365946,47.56049656063406,1000
ids,-42.6567735930545,21.343226406945497,1000
mka,-23.608733594044676,14.391266405955323,1000
xkg,-82.13309059368143,42.86690940631856,1000
ifp,-38.86917923934263,53.13082076065737,1000
iua,-15.581903299292229,37.41809670070777,1000
ipk,-89.97392487817105,71.02607512182895,1000
cci,-81.02942325298984,2.970576747010159,1000
bon,-4.1574000410577,95.8425999589423,1000
god,-54.552508910966566,20.447491089033438,1000
slc,-27.56292170941093,52.43707829058907,1000
lav,-61.05716084923059,3.942839150769406,1000
jnt,-96.0539806202071,51.94601937979291,1000
vjn,-3.7834536588343726,35.216546341165625,1000
qvk,-61.502590585156184,84.49740941484382,1000
olx,-77.1427920085903,91.8572079914097,1000
awo,-25.82794106808994,17.17205893191006,1000
dir,-17.811024972533925,81.18897502746607,1000
rlz,-56.34038234564194,25.659617654358062,1000
ett,-30.57585567844553,53.424144321554465,1000
dux,-73.86311955516291,26.136880444837097,1000
rlw,-18.70315340067168,0.29684659932832014,1000
orn,-14.002596428984363,46.99740357101564,1000
vmi,-19.515817545805437,47.48418245419456,1000
kal,-10.477454289531764,46.522545710468236,1000
zzy,-66.26347931668754,97.73652068331246,1000
qhs,-71.94864522023296,81.05135477976704,1000
bgk,-32.43973699673318,67.56026300326681,1000
sxi,-88.30088482288863,27.699115177111373,1000
qxt,-56.189839583207515,55.810160416792485,1000
cig,-68.00097946403652,22.999020535963485,1000
pcr,-17.725645261495963,9.274354738504037,1000
ive,-69.06317741339798,9.936822586602021,1000
vyd,-93.99484654203067,63.00515345796933,1000
psd,-48.246335319364206,10.753664680635797,1000
rdj,-81.56480700623187,55.43519299376812,1000
ivl,-5.706582835119963,19.293417164880037,1000
wzi,-59.73436118403482,61.26563881596518,1000
ubo,-75.3927099053731,56.60729009462691,1000
pwo,-94.6969904362309,60.303009563769095,1000
wrz,-19.067581128213284,87.93241887178671,1000
vll,-20.32110026288377,50.678899737116225,1000
ygj,-74.8778936305889,75.1221063694111,1000
qwr,-60.85146017894528,0.14853982105472185,1000
wgp,-38.53100182254443,14.468998177455568,1000
mgr,-18.55648978022908,48.44351021977092,1000
dsy,-36.45882454435038,21.541175455649622,1000
iex,-39.58916290731267,35.41083709268733,1000
bbf,-49.54374598297499,92.456254017025,1000
cxa,-83.06163783215848,35.93836216784152,1000
xyu,-37.037756284560814,92.96224371543919,1000
var,-86.53629881023834,86.46370118976166,1000
ufo,-28.849216469453662,63.150783530546335,1000
pdl,-3.656549499426633,66.34345050057337,1000
clc,-5.395848038082361,35.60415196191764,1000
eoo,-96.30844309430715,95.69155690569285,1000
wxd,-36.243813908164356,92.75618609183564,1000
gsz,-2.1710283836557736,90.82897161634423,1000
hwa,-94.32998976064032,0.6700102393596772,1000
ieg,-72.80706615668254,62.192933843317455,1000
koq,-92.98046389077851,15.019536109221496,1000
hnh,-12.10806764315582,39.89193235684418,1000
klk,-48.53725485661188,56.46274514338812,1000
wyt,-53.267033782234805,67.7329662177652,1000
jva,-97.38009161365926,11.619908386340734,1000
dkk,-39.72433604519944,97.27566395480056,1000
mlw,-88.18352267845799,25.816477321542006,1000
tvw,-78.57162865838285,97.42837134161715,1000
pwr,-70.0241487670873,33.97585123291271,1000
uwo,-7.693442232473,12.306557767527,1000
awg,-22.141017667645887,22.858982332354113,1000
rcc,-61.73402001265537,32.26597998734463,1000
ikb,-51.44288901753371,18.55711098246629,1000
hgh,-9.440264954255419,54.55973504574458,1000
hmk,-31.31026667027501,10.68973332972499,1000
yln,-21.55104668179625,0.4489533182037482,1000
xfc,-27.169024644484313,85.83097535551569,1000
qnj,-94.99447997057722,23.005520029422787,1000
zff,-7.2878113358224725,89.71218866417753,1000
bwo,-46.402153024207195,97.5978469757928,1000
smx,-29.22716238498845,79.77283761501155,1000
bet,-21.727393656574424,57.27260634342557,1000
qbq,-67.90048464814481,44.099515351855196,1000
mer,-91.85855002860568,86.14144997139432,1000
yvi,-34.6320433023379,88.36795669766211,1000
iou,-30.106886162497613,59.89311383750238,1000
nge,-8.015781918328374,11.984218081671626,1000
uws,-63.17703319674014,73.82296680325986,1000
thu,-14.716921003063858,5.283078996936142,1000
fkt,-20.39615060784331,59.60384939215669,1000
kgo,-40.47585446760675,0.5241455323932488,1000
afe,-55.64480450533088,54.35519549466912,1000
xsg,-92.50574815869804,31.494251841301953,1000
ufq,-76.18778922350084,32.81221077649916,1000
jtv,-96.07312623158725,11.92687376841274,1000
ifb,-7.991584163083638,2.0084158369163623,1000
tmz,-61.289726261333506,40.710273738666494,1000
zic,-69.22947858421263,9.770521415787368,1000
qau,-92.97883816861166,35.02116183138833,1000
vge,-78.67813598897621,9.321864011023795,1000
ehq,-15.06345751688892,43.936542483111076,1000
qlj,-29.84706547097149,96.15293452902851,1000
zbs,-90.39133936775684,34.608660632243165,1000
ewk,-0.2143377861140342,85.78566221388597,1000
ysi,-85.25795318048655,45.74204681951345,1000
bao,-62.26185811327654,14.738141886723463,1000
sir,-45.96398151278916,64.03601848721084,1000
hti,-12.160197019419305,20.839802980580693,1000
vrz,-43.972390291684675,16.027609708315325,1000
uvf,-16.1219203964356,13.878079603564402,1000
byk,-55.95737999804148,9.04262000195852,1000
dww,-90.73630762899931,68.26369237100069,1000
quw,-7.852661314266889,67.14733868573312,1000
fge,-86.52441819798642,73.47558180201358,1000
rsl,-52.15442834073636,17.845571659263637,1000
wuj,-6.986789953068693,83.0132100469313,1000
pml,-6.594166270054343,11.405833729945657,1000
enr,-55.653445397712304,72.3465546022877,1000
sjq,-21.117372712175747,79.88262728782425,1000
wxs,-95.09254447724244,92.90745552275756,1000
xij,-73.22302605149511,45.77697394850489,1000
lak,-78.56302869873514,95.43697130126486,1000
axo,-36.714404489850004,16.285595510149996,1000
mzi,-60.49166092714834,71.50833907285165,1000
gkx,-15.412476514714877,13.587523485285123,1000
vum,-96.96077952070593,7.03922047929408,1000
kjb,-42.501128036466945,94.49887196353306,1000
exe,-36.974140326570286,31.025859673429714,1000
jlb,-12.956317330451204,74.0436826695488,1000
xpu,-58.05824909007758,64.94175090992242,1000
vzj,-30.66265128878882,63.33734871121118,1000
bxv,-16.717920372744445,32.282079627255555,1000
gih,-85.37033107015434,0.6296689298456705,1000
jsh,-12.54202589683537,61.45797410316463,1000
akk,-40.84261167146252,4.1573883285374755,1000
rvy,-84.05428018105347,10.945719818946532,1000
ted,-0.7324898397374915,91.2675101602625,1000
obc,-95.30227472939306,50.69772527060693,1000
sbg,-14.343596883173266,55.65640311682674,1000
xjn,-35.1974051592118,5.802594840788203,1000
ftd,-64.42769498323557,82.57230501676443,1000
fwb,-12.153121988086633,21.84687801191337,1000
iny,-17.704886467850727,55.29511353214927,1000
vmv,-22.0567796174159,83.9432203825841,1000
eea,-21.181277052517824,3.818722947482176,1000
syp,-35.14596022360109,32.85403977639891,1000
wbt,-40.05564231297339,55.94435768702661,1000
byl,-66.436931236469,27.563068763531003,1000
meu,-56.023537037975885,71.97646296202412,1000
rji,-17.090017967365583,86.90998203263442,1000
zoq,-5.241302397303801,26.7586976026962,1000
tut,-34.02227322546291,34.97772677453709,1000
cfl,-49.99411758400139,52.00588241599861,1000
rhw,-58.1337287339385,28.866271266061503,1000
pcd,-36.19389620951354,73.80610379048646,1000
obm,-75.1224106367959,66.8775893632041,1000
jeh,-78.72631108629118,75.27368891370882,1000
upx,-32.10995520195925,37.89004479804075,1000
ppa,-26.386524555223314,49.61347544477669,1000
tix,-52.09435276982629,66.90564723017371,1000
jec,-31.70511361330758,90.29488638669243,1000
uqq,-85.75084352450048,8.249156475499518,1000
rvz,-74.3025508755959,21.69744912440411,1000
hqh,-48.526249625316034,58.473750374683966,1000
plw,-43.03395034046516,63.96604965953484,1000
yhd,-50.519549081621314,93.48045091837868,1000
uol,-37.17325150084271,41.82674849915729,1000
hlg,-82.89713297138267,7.1028670286173226,1000
lbb,-27.05695538482857,15.943044615171429,1000
yyo,-49.99630850003785,74.00369149996214,1000
yxn,-87.40686073247839,59.59313926752161,1000
oel,-76.05777926362259,88.94222073637741,1000
czp,-60.35592476778896,71.64407523221104,1000
pdu,-41.21551136270595,94.78448863729405,1000
tqb,-87.43558540545881,11.56441459454119,1000
hxw,-79.18552109815779,66.81447890184221,1000
xfv,0.09784926296558305,52.09784926296558,1000
bwy,-79.58002163960195,67.41997836039805,1000
awy,-13.810804785853328,46.18919521414667,1000
xwc,-68.62288385033003,53.377116149669966,1000
mkz,-88.80375730799895,87.19624269200105,1000
way,-12.094643818364604,66.9053561816354,1000
hxk,-37.673644497579375,16.326355502420625,1000
pbf,-11.147495751705979,40.85250424829402,1000
njw,-91.25501321706744,14.744986782932557,1000
dun,-33.92840230357169,90.07159769642831,1000
nlb,-91.0060501393326,94.9939498606674,1000
fus,-83.60117848286508,6.398821517134923,1000
xgf,-9.787157231540936,39.21284276845906,1000
bbf,-70.02327007797929,93.97672992202071,1000
ody,-86.78735537892793,3.212644621072078,1000
nxw,-69.68126160356678,16.318738396433222,1000
abd,-83.85078722313246,11.14921277686754,1000
grp,-80.28146899818873,27.71853100181127,1000
sbu,-78.62419821283676,33.37580178716324,1000
vum,-32.88281299722025,6.1171870027797475,1000
yxw,-76.08400833375882,6.915991666241177,1000
frb,-94.7187973030438,4.281202696956205,1000
awj,-5.163058383478207,86.8369416165218,1000
mia,-66.87122161448201,85.12877838551799,1000
kbb,-0.41405411791918656,49.585945882080814,1000
svb,-50.69141670400677,74.30858329599323,1000
zzl,-54.986670294268784,22.013329705731216,1000
wua,-67.41423376326999,58.58576623673001,1000
uzf,-22.991761389254336,0.008238610745662678,1000
cfo,-8.638248283548025,21.361751716451977,1000
oiu,-70.28160899661833,56.718391003381676,1000
rea,-60.498146301432214,78.50185369856779,1000
hvr,-61.42601185932206,52.57398814067794,1000
vua,-4.800636829940311,38.19936317005969,1000
eto,-34.33913194598933,36.66086805401067,1000
yrf,-87.11705151965467,53.882948480345334,1000
dok,-74.79106785915337,28.208932140846624,1000
xjo,-85.00445594399741,50.995544056002586,1000
zvz,-87.81822079912602,84.18177920087398,1000
eto,-17.909293276839882,32.09070672316012,1000
hcj,-18.600946598379842,76.39905340162017,1000
ndw,-35.041949555113376,44.958050444886624,1000
lpi,-5.634169115076596,42.365830884923405,1000
lws,-2.3487183444081308,1.6512816555918692,1000
ntv,-38.72560912870848,83.27439087129153,1000
ipw,-56.01455013885031,71.98544986114969,1000
nkh,-68.79696555391098,87.20303444608902,1000
bph,-24.614308965161964,46.38569103483803,1000
lau,-3.165378746800398,40.8346212531996,1000
ecx,-21.85564178463941,37.14435821536059,1000
vjb,-70.44777318091974,32.55222681908025,1000
xjz,-97.53779194293516,82.46220805706484,1000
zzl,-80.76157763016138,41.23842236983861,1000
ndo,-0.05187293584366526,9.948127064156335,1000
zfy,-86.51301958575625,57.486980414243746,1000
cuk,-59.55395772261929,62.44604227738071,1000
nxi,-78.79757559656694,71.20242440343306,1000
ajn,-0.12120232253334362,15.878797677466656,1000
ldy,-87.82770611944245,43.17229388055755,1000
wdc,-53.86792470231345,60.13207529768655,1000
ilk,-31.005625563283914,17.994374436716086,1000
ode,-34.35870093672231,25.641299063277692,1000
jxi,-40.33470019451634,70.66529980548367,1000
bwd,-46.07978552485671,95.92021447514328,1000
cub,-46.706533789660526,11.293466210339474,1000
khs,-33.03566640194202,77.96433359805798,1000
igu,-87.23776605448904,39.76223394551096,1000
ssz,-6.514788058769867,98.48521194123013,1000
ppc,-17.452522137937496,30.547477862062504,1000
qlx,-32.066137594937004,87.933862405063,1000
ggc,-38.30176376231542,70.69823623768458,1000
hnx,-1.4963119793221389,1.5036880206778611,1000
npf,-89.31010823704783,10.689891762952177,1000
lsm,-15.543507054559615,84.45649294544039,1000
vfc,-69.04126749794514,94.95873250205486,1000
zdt,-39.67794496358922,50.32205503641078,1000
dmk,-90.11575689698951,68.88424310301049,1000
vgd,-49.857767304704666,14.142232695295336,1000
ivh,-31.824203939288484,62.17579606071151,1000
bkn,-80.89401113177033,20.105988868229677,1000
rxh,-27.203133982694897,88.7968660173051,1000
eml,-41.737262476471024,22.262737523528973,1000
gft,-84.876414629205,61.123585370795,1000
zah,-72.59539003843305,3.4046099615669516,1000
edx,-53.00704892519549,84.99295107480451,1000
xcc,-47.05057838682491,28.949421613175087,1000
jmp,-46.26155303701601,97.73844696298399,1000
ryg,-92.1926920488917,2.807307951108301,1000
vlr,0.6877112796390076,90.687711279639,1000
egb,-91.05910785839029,80.94089214160971,1000
czo,-58.27113706381748,53.72886293618252,1000
qrt,-2.534578586956539,14.465421413043462,1000
iai,-68.81589240843248,40.184107591567525,1000
hqd,-75.55453002970397,74.44546997029603,1000
hpg,-68.4722073301939,1.5277926698061024,1000
qvt,-36.25075089499732,26.74924910500268,1000
ljo,-96.97635984106971,58.02364015893029,1000
eei,-94.57167808591748,48.42832191408251,1000
xcu,-35.84073973363033,92.15926026636967,1000
bvi,-96.19575682636881,54.804243173631185,1000
ufo,-78.29367462728901,92.70632537271099,1000
wrb,-55.86599917577631,84.13400082422369,1000
erp,-17.389960045985184,35.610039954014816,1000
enn,-53.589466707788674,67.41053329221133,1000
wvn,-77.07070246011307,51.929297539886925,1000
xli,-21.98523931474817,12.01476068525183,1000
lqn,-24.242932390508233,56.75706760949177,1000
svj,-89.90927044314192,31.090729556858083,1000
opx,-40.27849340653943,41.72150659346057,1000
iye,-19.69385607712265,43.306143922877354,1000
zlq,-18.233735593782804,7.766264406217195,1000
vlw,-2.858582428643596,18.141417571356403,1000
kuk,-2.7621699860410827,95.23783001395891,1000
fqg,-8.046613496797352,3.953386503202647,1000
pku,-47.42710665232033,85.57289334767967,1000
vcj,-15.967724609740685,58.032275390259315,1000
bpp,-95.16962282650802,94.83037717349198,1000
okf,-89.47647354247904,45.52352645752096,1000
kfl,-52.22826584458918,59.77173415541082,1000
lww,-2.8552779398749553,44.14472206012505,1000
qqe,-61.114083037857945,48.885916962142055,1000
mms,-50.25579665011693,88.74420334988307,1000
mng,-38.176293064851016,6.823706935148985,1000
gkw,-22.865904302517674,58.13409569748232,1000
pcb,-31.83057909959041,67.16942090040959,1000
ehd,-65.0853749874032,37.914625012596794,1000
hqx,-25.978283759421352,28.021716240578648,1000
wge,-48.78244890498891,0.21755109501108894,1000
zzc,-94.82636846470574,81.17363153529426,1000
hfj,-22.67637890925829,76.32362109074171,1000
nji,-71.37915168752984,46.62084831247016,1000
vwk,-85.45661878958195,81.54338121041805,1000
rmr,-0.9324615306506595,36.06753846934934,1000
cnk,-78.21938657151765,41.780613428482354,1000
dkl,0.47421034803024054,50.47421034803024,1000
nav,-54.267741471334475,48.732258528665525,1000
qnr,-70.57697209727176,83.42302790272824,1000
btn,-48.86134704362638,86.13865295637362,1000
iqv,-96.12220828039248,18.877791719607508,1000
gck,-52.43052392237483,67.56947607762517,1000
dbm,-63.69979176180825,25.30020823819175,1000
aui,-46.90285075117077,76.09714924882924,1000
zjx,-10.230525620163228,88.76947437983678,1000
ria,-17.182716852803736,93.81728314719626,1000
ofx,-10.98556021356211,32.01443978643789,1000
nyj,-23.8527727082011,16.1472272917989,1000
vwh,-52.12405798149989,93.87594201850011,1000
hrq,-23.729165558099847,60.27083444190015,1000
ziv,-25.88656940955606,44.11343059044394,1000
adh,-21.459977352147742,50.540022647852254,1000
evn,-17.697769840097873,57.30223015990212,1000
xuv,-71.04179733558165,68.95820266441835,1000
ukg,-22.212258058638543,20.787741941361457,1000
pjn,-18.92161467490898,97.07838532509102,1000
xkj,-56.443198832733096,26.556801167266908,1000
usy,-1.5742219131084256,75.42577808689157,1000
dgq,-35.67267382533033,45.32732617466967,1000
nyq,-80.40301005874191,65.59698994125809,1000
ubb,-57.133960662308304,84.86603933769169,1000
vrf,-2.761669827447487,77.23833017255251,1000
gre,-56.46916227361129,60.53083772638871,1000
ntn,-81.05759277011838,80.94240722988162,1000
lhq,-97.76963538602979,79.23036461397021,1000
ohs,-86.11448614499758,44.885513855002415,1000
pln,-15.671542090454777,33.32845790954522,1000
hys,-12.715792952025458,46.28420704797454,1000
ylf,-72.41651921521299,10.58348078478701,1000
fmo,-4.26730249361587,27.73269750638413,1000
lkb,-64.05274249433158,50.94725750566842,1000
yuf,-31.08714348035364,31.91285651964636,1000
jnt,-83.45921587492131,57.54078412507868,1000
qzf,-43.4140436379989,82.5859563620011,1000
kwb,-12.246424521338609,68.75357547866139,1000
