j,-88.38009496132233,41.619905038677665,1000
p,-50.26773747620883,53.73226252379117,1000
p,-88.47276840321915,47.52723159678085,1000
m,-12.788562702928951,24.21143729707105,1000
s,-86.11204368830538,16.88795631169462,1000
o,-49.63185911030605,77.36814088969395,1000
c,-95.65595245631525,20.34404754368476,1000
y,-85.15208262137568,8.847917378624315,1000
z,-18.934263426606755,70.06573657339324,1000
u,-36.61303719534828,20.386962804651724,1000
e,-82.96854815711484,56.031451842885154,1000
f,-88.971724859868,70.028275140132,1000
i,-48.27584372401316,91.72415627598684,1000
t,-96.28425719053124,92.71574280946876,1000
y,-31.102665796421785,19.897334203578215,1000
n,-46.41883757442331,75.5811624255767,1000
r,-22.975033423993878,5.024966576006122,1000
s,-50.535540930812,3.4644590691880044,1000
s,-13.521096760744289,15.478903239255711,1000
s,-72.49295883391902,61.50704116608098,1000
k,-6.054388614397008,21.94561138560299,1000
s,-68.1074957380137,33.8925042619863,1000
k,-93.92842932645787,25.07157067354212,1000
x,-41.13482861181446,20.865171388185537,1000
r,-24.765342991488723,83.23465700851128,1000
c,-62.45638714513852,79.54361285486148,1000
d,-74.95347786267956,80.04652213732044,1000
p,-45.89632943233774,38.10367056766226,1000
k,-13.874266466503975,62.125733533496025,1000
d,-9.97441032403645,64.02558967596354,1000
c,-9.661346081306224,6.338653918693776,1000
i,-88.34354770492212,12.656452295077882,1000
v,-83.49555749224511,81.50444250775489,1000
d,-97.49077951808924,63.50922048191076,1000
x,-97.63351517811665,91.36648482188335,1000
l,-92.71332577914406,95.28667422085594,1000
x,-44.36920113235176,75.63079886764824,1000
u,-78.10202674679552,26.897973253204484,1000
t,-60.63738771257661,48.36261228742339,1000
w,-32.767312188333115,43.232687811666885,1000
h,-60.90579675590508,40.09420324409492,1000
w,-86.43854817297854,63.561451827021465,1000
o,-75.83908920205799,75.16091079794201,1000
w,-77.2756045223504,49.7243954776496,1000
r,-41.21685619765705,75.78314380234295,1000
b,-78.80282208221784,80.19717791778216,1000
n,-54.84799679323992,60.15200320676008,1000
b,-51.41040654144201,10.589593458557994,1000
j,-61.01228944834195,88.98771055165804,1000
l,-53.79100206483129,44.20899793516871,1000
f,-88.2440752842442,66.7559247157558,1000
r,-65.9708946304966,10.029105369503396,1000
s,-57.40724972593058,43.59275027406942,1000
h,-33.862222296523214,76.13777770347679,1000
j,-66.53173383885334,41.46826616114666,1000
v,-61.60194806654992,24.398051933450077,1000
e,-27.40067744802968,77.59932255197032,1000
m,-40.0955870997059,14.9044129002941,1000
y,-92.24203006312227,1.7579699368777324,1000
u,-53.465769671214126,0.5342303287858706,1000
y,-95.64175112741835,49.35824887258165,1000
f,-44.305150443078915,90.69484955692108,1000
o,-44.425814720706526,50.574185279293474,1000
s,-84.71750232591954,31.282497674080457,1000
p,-90.41631056854342,10.583689431456573,1000
s,-64.52733436287227,43.47266563712773,1000
h,-94.48711312027692,30.512886879723077,1000
z,-38.48022909157906,13.519770908420941,1000
r,-0.6939358771194571,1.3060641228805427,1000
b,-6.454672972317975,78.54532702768202,1000
s,-36.550461022087354,57.449538977912646,1000
q,-73.58417386434274,45.41582613565725,1000
k,-41.48292631977171,30.517073680228293,1000
p,-3.605431080264632,80.39456891973536,1000
v,-6.833234788245827,98.16676521175417,1000
k,-74.0173835791613,32.982616420838696,1000
y,-6.619776731860667,20.380223268139332,1000
f,-28.198197442603615,98.80180255739639,1000
z,-90.27735248882296,6.722647511177045,1000
u,-36.15442319521552,47.84557680478448,1000
p,-0.9410878522322018,26.0589121477678,1000
l,0.8070336290670851,96.80703362906708,1000
r,-36.50226279802237,5.4977372019776265,1000
p,-13.574727436576987,66.42527256342301,1000
h,-2.302427626435667,41.697572373564334,1000
q,-96.24483599206152,2.7551640079384745,1000
z,-35.706083948382584,20.29391605161742,1000
t,-37.36000498336049,47.63999501663951,1000
g,-55.444349960595495,21.555650039404505,1000
v,-74.38353586488236,77.61646413511764,1000
g,-73.38352318807735,22.61647681192265,1000
l,-22.644604886124696,60.3553951138753,1000
h,-15.309466285116176,80.69053371488383,1000
a,-84.28692089632177,72.71307910367823,1000
p,-88.53394867164958,97.46605132835042,1000
g,-28.145733812253443,30.854266187746557,1000
y,-19.134341097394973,39.86565890260503,1000
r,-25.70880142231678,20.29119857768322,1000
f,-75.49660983342157,54.50339016657843,1000
k,-61.82855822716574,28.171441772834253,1000
l,-64.42956682264294,95.57043317735706,1000
w,-81.48997161083581,36.510028389164184,1000
v,-63.27341735281321,55.72658264718679,1000
j,-2.24218798408223,25.75781201591777,1000
q,-64.51122272080836,96.48877727919164,1000
e,-75.93382180878264,91.06617819121736,1000
p,-77.36498171148469,98.63501828851531,1000
q,-7.568970476031725,95.43102952396828,1000
b,-77.21614147165666,5.783858528343347,1000
r,-16.53764254189902,58.462357458100975,1000
o,-50.9116305963712,84.0883694036288,1000
f,-42.89778463734847,62.10221536265153,1000
n,-88.62056995808847,77.37943004191153,1000
x,-90.91699792839353,75.08300207160647,1000
r,-56.73212489851777,51.26787510148223,1000
y,-8.015952151757153,55.984047848242845,1000
i,-35.70177308347693,43.29822691652307,1000
z,-47.56172917417173,52.43827082582827,1000
u,-69.75070820526894,24.24929179473106,1000
a,-63.10392433945586,1.89607566054414,1000
x,-38.87724310274629,0.12275689725370731,1000
g,-97.93302912216103,98.06697087783897,1000
i,-80.87885477046603,78.12114522953397,1000
g,-59.45683670309295,15.543163296907057,1000
o,-12.991932659408457,76.00806734059154,1000
v,-44.02069012617637,32.97930987382363,1000
f,-23.490012993728367,59.509987006271636,1000
k,-2.8077761344022263,42.192223865597775,1000
o,-20.531069458243852,54.468930541756144,1000
d,-24.190882385396353,85.80911761460365,1000
p,-33.30177765829773,19.69822234170227,1000
r,-34.75733554109883,34.24266445890117,1000
e,-89.91390002969065,69.08609997030935,1000
x,-83.51571750714311,11.484282492856888,1000
y,-26.924459586598314,11.075540413401686,1000
h,-7.641592260803842,75.35840773919615,1000
s,-43.67400832991059,30.32599167008941,1000
w,-96.6848155610218,52.31518443897821,1000
f,-97.61161042043226,52.38838957956774,1000
m,-19.6397549318978,96.3602450681022,1000
f,-22.650651529644904,74.3493484703551,1000
m,-66.5278664845801,21.4721335154199,1000
h,-95.39979384568032,81.60020615431968,1000
b,-71.31573372034464,65.68426627965536,1000
w,-64.69991834560838,9.300081654391613,1000
z,-5.372690532648324,55.62730946735168,1000
b,-79.19863766456031,45.80136233543969,1000
y,-83.10846437974284,94.89153562025716,1000
l,-72.28150378144844,47.71849621855156,1000
j,-44.218922113304096,57.781077886695904,1000
a,-51.09570890926167,30.904291090738337,1000
w,-87.46467622176671,32.53532377823329,1000
t,-59.77743907130945,76.22256092869054,1000
y,-87.96202566488182,38.037974335118186,1000
w,-9.708936373150618,59.29106362684938,1000
f,0.4415578529592493,50.44155785295925,1000
p,-62.414170781134004,98.585829218866,1000
b,-49.59038573267252,59.40961426732748,1000
o,-31.221854699350573,61.77814530064943,1000
q,-65.11157592867839,24.888424071321612,1000
y,-72.20953295076224,38.79046704923776,1000
a,-3.4059125895313724,4.594087410468627,1000
i,-40.33123665851011,89.66876334148989,1000
g,-92.65794617866864,4.342053821331367,1000
q,-44.30830077357524,44.69169922642476,1000
q,-76.35265820785996,71.64734179214004,1000
l,-60.24539261748708,54.75460738251292,1000
a,-58.10073683896577,64.89926316103423,1000
p,-65.33822477178053,82.66177522821947,1000
k,-29.389010774642585,34.610989225357415,1000
c,-22.063291850469913,43.93670814953009,1000
n,-32.915870360622904,69.0841296393771,1000
w,-75.74412272233164,23.255877277668358,1000
i,-19.548452779126077,59.45154722087392,1000
x,-47.27716058303294,72.72283941696706,1000
w,-72.73337028913657,72.26662971086343,1000
d,-20.931827226705035,2.0681727732949664,1000
p,-55.78952661430912,55.21047338569088,1000
e,-88.6539387011295,36.34606129887049,1000
e,-55.09303819173484,80.90696180826515,1000
r,-36.3420706336199,9.657929366380104,1000
a,-13.136316417074276,56.863683582925724,1000
w,-25.08045135783248,69.91954864216751,1000
e,-84.5026332504792,50.4973667495208,1000
a,-29.806920631334624,96.19307936866538,1000
o,-20.489352215223402,60.5106477847766,1000
r,-77.32266273909248,48.67733726090753,1000
b,-31.46190030223004,12.53809969776996,1000
m,-67.33888325622391,7.661116743776084,1000
g,-50.17450091811666,73.82549908188334,1000
p,-83.82376803336594,62.17623196663407,1000
p,-90.41540093391976,95.58459906608024,1000
v,-85.4005690926929,68.5994309073071,1000
o,-26.725382942221945,18.274617057778055,1000
w,-35.10440976423523,78.89559023576477,1000
d,-74.43644140198906,58.56355859801094,1000
n,-41.36463852832596,75.63536147167403,1000
f,-23.515990048058967,90.48400995194103,1000
u,-2.9905004525231864,69.0094995474768,1000
k,-93.70191955837358,1.298080441626427,1000
q,-70.83972991498817,7.160270085011828,1000
m,-13.394455220950267,64.60554477904974,1000
k,-28.148411764502487,39.851588235497516,1000
o,-19.088664841231978,58.911335158768026,1000
k,-38.84441744812729,80.15558255187271,1000
c,-17.533615596773185,0.4663844032268136,1000
p,-35.71096861323577,18.28903138676423,1000
o,-86.13983911126361,38.86016088873639,1000
h,-44.7293347335519,61.2706652664481,1000
s,-7.006213381198757,71.99378661880124,1000
g,-0.5193533657721985,68.4806466342278,1000
g,-57.366745426924176,14.633254573075826,1000
e,-41.94074742127234,3.059252578727656,1000
b,-26.76475003744673,65.23524996255327,1000
h,-50.13856125501767,93.86143874498234,1000
e,-3.8800652568631406,71.11993474313687,1000
v,-34.38878320072733,90.61121679927267,1000
n,-14.195947265669567,14.804052734330433,1000
h,-58.93038977524411,54.06961022475589,1000
g,-72.19090646057765,20.809093539422342,1000
u,-18.89869376923397,32.10130623076603,1000
k,-37.03499270869261,49.96500729130739,1000
c,-11.03716592591571,52.96283407408429,1000
h,0.7782505678333359,83.77825056783334,1000
p,-74.84431089400651,33.15568910599349,1000
m,-55.43774562003863,72.56225437996136,1000
b,-74.76543206574242,5.234567934257591,1000
j,-28.665358517958094,81.3346414820419,1000
v,-52.51437897752259,41.48562102247741,1000
m,-39.21273730736018,37.78726269263982,1000
p,-91.73260011928012,52.26739988071988,1000
x,-21.00390077209539,60.99609922790461,1000
j,-30.278310685381605,94.72168931461839,1000
e,-97.89226693275896,89.10773306724104,1000
s,-56.94327280648596,8.056727193514044,1000
x,-23.354832274589604,45.645167725410396,1000
k,-70.73647787242639,29.263522127573612,1000
t,-46.58534119273292,33.41465880726708,1000
g,-70.21837620184796,4.781623798152035,1000
c,-11.078369746312402,23.9216302536876,1000
d,-4.137100086665471,46.86289991333453,1000
h,-79.55463563987658,26.44536436012342,1000
y,-93.60383621438338,96.39616378561662,1000
h,-40.44451506560916,48.55548493439084,1000
q,-30.930227178200408,83.06977282179959,1000
j,-8.253301967930398,26.746698032069602,1000
v,-76.20234076800541,65.79765923199459,1000
r,-5.018365549368184,65.98163445063182,1000
j,-84.38433567818971,49.615664321810286,1000
n,-28.065197089349795,58.934802910650205,1000
g,-50.825811013595654,95.17418898640435,1000
s,-19.832502793642824,79.16749720635718,1000
b,-1.114195086365332,46.885804913634665,1000
j,-76.03657324446077,25.96342675553923,1000
w,-94.788091052055,95.211908947945,1000
w,-74.69899673207607,19.301003267923928,1000
z,-49.43787857428291,16.562121425717088,1000
f,-18.66023906626206,49.339760933737935,1000
y,-52.99332453798672,36.00667546201328,1000
w,-43.533631121077384,57.466368878922616,1000
o,-0.9050836962053751,27.094916303794626,1000
c,-59.62497827278397,47.37502172721603,1000
r,-43.17533100304423,45.82466899695577,1000
d,-10.854664876565673,57.14533512343433,1000
q,-16.75741290359301,39.24258709640699,1000
w,-32.18515005473568,2.814849945264322,1000
w,0.8032614946545957,20.803261494654596,1000
m,-86.7392052208002,63.2607947791998,1000
f,-6.971726691879091,29.02827330812091,1000
u,-40.47571894895968,17.52428105104032,1000
y,-10.973227319605057,50.02677268039494,1000
q,-71.64503476908608,49.35496523091392,1000
i,-42.132680214730634,78.86731978526936,1000
a,-93.26385393041184,68.73614606958816,1000
x,-24.31129822079704,49.688701779202965,1000
n,-31.902765452411874,46.09723454758813,1000
d,-72.21603465981991,48.78396534018009,1000
n,-52.50396693386028,86.49603306613972,1000
f,-48.487570452338346,22.512429547661657,1000
b,-14.013593581677636,48.98640641832236,1000
k,-94.62879698732002,29.37120301267999,1000
b,-11.312971926595473,19.687028073404527,1000
h,-80.40731604561171,61.592683954388285,1000
y,-84.08317201452141,10.916827985478589,1000
u,-94.12040812241068,26.879591877589323,1000
d,-75.28388662597904,19.716113374020967,1000
k,-79.61154691091434,69.38845308908566,1000
h,-58.162756833694985,78.83724316630502,1000
v,-26.58448872104603,11.41551127895397,1000
b,-40.74975911678207,68.25024088321793,1000
t,-40.32670592839612,96.67329407160388,1000
s,-48.25188333506394,40.74811666493606,1000
v,-73.08691224458425,94.91308775541575,1000
i,-79.07936401100302,11.920635988996972,1000
g,-86.46753604711016,7.532463952889847,1000
t,-22.726546388612732,22.273453611387268,1000
q,-53.13587843705637,58.86412156294363,1000
c,-91.27308593868551,38.72691406131449,1000
i,-38.303868512877955,78.69613148712205,1000
j,-13.150530873272185,44.84946912672782,1000
u,-86.0669919843029,3.9330080156971046,1000
t,-3.1870859467130286,91.81291405328697,1000
k,-90.66610385466575,12.333896145334247,1000
s,-38.63901336700749,48.36098663299251,1000
o,0.5804602905715956,83.5804602905716,1000
u,-71.17409324958334,24.825906750416664,1000
l,-32.74586238109403,63.25413761890597,1000
h,-33.53390927363287,76.46609072636713,1000
a,-21.714710148152385,54.285289851847615,1000
w,-96.59226319504198,24.407736804958013,1000
m,-41.11820217747447,96.88179782252553,1000
s,-44.40447114527183,97.59552885472817,1000
u,-17.582730254756626,6.417269745243372,1000
e,-59.10493767393302,10.895062326066977,1000
v,-8.680564667545779,56.31943533245422,1000
f,-14.395462275426652,4.604537724573348,1000
k,-15.970942636513614,69.02905736348639,1000
j,0.9373832494759632,91.93738324947596,1000
r,-39.51009741156154,5.489902588438463,1000
p,-44.80200444847894,69.19799555152106,1000
n,-23.684327172642153,64.31567282735784,1000
n,-67.65052651924707,86.34947348075293,1000
l,-84.50641988081428,56.49358011918572,1000
f,-84.15043459544549,12.849565404554516,1000
e,-59.25125574326285,84.74874425673715,1000
l,-51.20713188778934,1.7928681122106607,1000
y,-33.686016050364806,82.3139839496352,1000
t,-83.71443985514293,68.28556014485707,1000
s,-54.87783275026191,13.122167249738093,1000
y,-70.36762613385926,3.632373866140737,1000
d,-96.13612728984509,65.86387271015491,1000
y,-80.51429157408286,69.48570842591714,1000
q,-34.04644377782965,89.95355622217035,1000
l,-69.542214322894,66.457785677106,1000
x,-95.50513684491989,75.49486315508011,1000
d,-3.4557842688083333,31.544215731191667,1000
l,-1.4315889434896247,85.56841105651037,1000
j,-54.645344468791784,26.35465553120822,1000
y,-23.43715341380873,44.56284658619127,1000
q,-79.20455113707102,92.79544886292898,1000
u,-66.98132702464412,57.01867297535588,1000
x,-47.26110353062927,83.73889646937073,1000
b,-79.1703996381646,70.8296003618354,1000
d,-75.22551610036197,73.77448389963803,1000
i,-31.286469745625364,86.71353025437463,1000
e,-21.666947766368864,43.333052233631136,1000
j,-76.72300323585544,92.27699676414456,1000
x,-87.83069014323233,5.16930985676767,1000
w,-58.947905079707645,1.052094920292358,1000
c,0.8796450744067648,24.879645074406763,1000
j,-72.81641267329356,36.18358732670645,1000
u,-23.344443258322997,97.655556741677,1000
d,-91.37474608741057,38.62525391258943,1000
i,-10.724173696478223,72.27582630352178,1000
o,-78.93922394191054,18.060776058089456,1000
w,-13.79172783059719,73.2082721694028,1000
i,-92.4480244644816,55.551975535518395,1000
p,-84.30674973040412,71.69325026959588,1000
g,-84.8831194122717,64.1168805877283,1000
y,-54.83810390964992,25.16189609035008,1000
d,-7.525173132446547,38.47482686755345,1000
c,-3.7918798046873254,93.20812019531267,1000
s,-30.138571889583332,20.861428110416668,1000
m,-75.11912581507637,90.88087418492363,1000
e,-49.10733770240306,33.89266229759694,1000
w,-17.700692863039052,14.299307136960948,1000
y,-75.00784842113536,97.99215157886464,1000
g,-61.57284296416508,79.42715703583491,1000
u,-20.605410850429138,44.39458914957086,1000
u,-59.41935544252736,33.58064455747264,1000
q,-23.049398388762143,69.95060161123786,1000
t,-55.15496044285121,92.84503955714878,1000
x,-48.34250131498602,70.65749868501398,1000
s,-23.38747289683223,11.612527103167771,1000
r,-58.91146186714664,19.08853813285336,1000
y,-69.41145161484714,33.58854838515286,1000
h,-31.66254955141635,89.33745044858365,1000
v,-96.39055862276312,75.60944137723688,1000
p,-42.076446388865435,25.923553611134565,1000
g,-23.049183992058758,45.95081600794124,1000
x,-24.161789830617657,89.83821016938235,1000
s,-5.281430563122932,46.71856943687707,1000
g,-23.945936566938265,94.05406343306174,1000
c,-86.09561443531744,54.90438556468255,1000
z,-5.632127733229133,65.36787226677087,1000
u,-13.703740000298396,90.2962599997016,1000
d,-67.60853517847967,8.391464821520326,1000
h,-49.29291716172404,20.70708283827596,1000
s,-86.28778396617878,57.712216033821214,1000
k,-78.18057130370693,79.81942869629307,1000
b,-74.16478915051131,60.835210849488696,1000
w,-19.47745964939771,89.5225403506023,1000
u,-71.84950632141874,11.150493678581261,1000
o,-80.04462481602398,58.955375183976024,1000
j,-45.4257995087047,42.5742004912953,1000
v,-64.21586728222535,7.784132717774651,1000
m,-53.57084664938963,23.42915335061037,1000
t,-16.538283103588334,2.461716896411665,1000
b,-41.2703908753718,37.7296091246282,1000
m,-87.91795115548958,23.082048844510425,1000
p,-62.955034213296834,46.044965786703166,1000
z,-9.249600717657918,88.75039928234209,1000
z,-70.61226983840237,16.387730161597627,1000
u,-27.977841594990675,97.02215840500932,1000
h,-30.15251649484272,22.84748350515728,1000
n,-3.320768179528212,21.679231820471788,1000
x,-65.90352845006808,0.09647154993192353,1000
u,-11.362466099893728,16.63753390010627,1000
c,-57.77786101743551,12.22213898256449,1000
g,-11.916533020147744,31.083466979852258,1000
z,-83.4864645102343,0.5135354897657075,1000
u,-9.799043277770192,51.20095672222981,1000
u,-55.92574063934944,26.074259360650558,1000
z,-33.746585649290424,54.253414350709576,1000
y,-69.54835125543354,62.451648744566455,1000
c,-15.358258002307501,38.6417419976925,1000
f,-87.91243968914574,54.087560310854265,1000
g,-87.74650826096084,4.253491739039162,1000
s,-67.03037796233873,79.96962203766127,1000
e,-52.82157476705185,31.178425232948154,1000
o,-75.78821722477153,76.21178277522847,1000
r,-71.16497389356404,62.83502610643596,1000
e,-46.596162140470554,16.403837859529446,1000
z,-15.400990975864218,23.599009024135782,1000
g,-39.93492068385294,45.06507931614706,1000
l,-50.698410234618876,50.301589765381124,1000
a,-24.349775937057377,45.65022406294262,1000
x,-55.17710474761745,62.82289525238255,1000
i,-29.227706972506382,7.7722930274936175,1000
t,-51.29695899197853,60.70304100802147,1000
p,-82.58549173787547,51.414508262124535,1000
l,-89.78556702149189,72.21443297850811,1000
a,-36.88932765107688,23.110672348923117,1000
u,-82.98301999865309,29.016980001346912,1000
x,-49.71016683802805,98.28983316197194,1000
k,-61.36263134354347,4.6373686564565295,1000
a,-77.90876604418162,14.09123395581838,1000
j,-14.405178301397996,63.594821698602004,1000
v,-56.625861742840364,74.37413825715963,1000
y,-67.42553941136377,83.57446058863623,1000
g,-6.5378691232410375,9.462130876758962,1000
z,-5.9962275993053895,26.00377240069461,1000
d,-41.388601665977106,51.611398334022894,1000
l,-41.24015925268246,42.75984074731754,1000
o,-79.12003793152834,56.87996206847165,1000
u,-11.552296090710293,33.44770390928971,1000
z,-28.305264535179393,1.6947354648206063,1000
d,-83.90088575693112,81.09911424306888,1000
d,-20.09244780114141,68.90755219885858,1000
j,-17.4570942041158,79.5429057958842,1000
h,-18.329488646236992,90.670511353763,1000
g,-54.66981682543052,20.33018317456948,1000
w,-75.74681367974054,10.253186320259458,1000
a,-93.08135162063543,40.91864837936457,1000
d,-59.776558076219374,98.22344192378063,1000
z,-73.69235790220202,83.30764209779798,1000
g,-37.64936172135031,24.35063827864969,1000
i,-23.788938148143256,92.21106185185674,1000
r,-19.832647455621,95.167352544379,1000
u,-19.340934268808486,69.65906573119152,1000
z,-65.22385123501205,26.776148764987948,1000
d,-86.04959655714262,3.9504034428573793,1000
g,-27.58094650318856,5.41905349681144,1000
a,-22.868558419890306,23.131441580109694,1000
m,-53.437185186087646,35.562814813912354,1000
a,-38.025102845196535,76.97489715480347,1000
s,-64.15818675462054,80.84181324537946,1000
o,-40.64044075748833,46.35955924251167,1000
j,-48.36905721008964,42.63094278991036,1000
s,-38.13955888157165,35.86044111842835,1000
x,-9.537564747639406,23.462435252360596,1000
y,-49.97450924178089,25.025490758219103,1000
p,-89.06690268805154,68.93309731194846,1000
k,-86.53810949960413,75.46189050039587,1000
w,-21.11103199781602,93.88896800218399,1000
r,-25.045019488382902,44.9549805116171,1000
b,-72.3460419585313,51.6539580414687,1000
o,-74.5543083440937,16.445691655906305,1000
k,-28.974801488872323,13.025198511127677,1000
r,-86.45250620561049,14.547493794389505,1000
w,-1.9889420418543928,21.011057958145607,1000
z,-79.1763046089272,20.82369539107281,1000
s,-70.96105917897329,32.038940821026706,1000
n,-64.28178495304769,25.71821504695231,1000
f,-74.80958438416556,82.19041561583444,1000
n,-51.44577123962032,42.55422876037968,1000
h,-30.22524634257537,38.774753657424625,1000
c,-71.19844530681121,68.80155469318879,1000
z,-23.86598510357532,32.13401489642468,1000
h,-91.25175122017428,74.74824877982572,1000
s,-79.63464170406489,88.36535829593511,1000
z,-36.87106021843877,36.12893978156123,1000
a,-39.45400335964083,48.54599664035917,1000
c,-76.9870179485288,21.0129820514712,1000
a,-46.0241729889163,98.9758270110837,1000
x,-79.97449749011817,50.02550250988183,1000
p,-51.41552279231201,28.584477207687986,1000
c,-3.821206479323154,36.17879352067685,1000
d,-34.49754965723025,48.50245034276975,1000
v,-2.524014809547366,57.47598519045263,1000
u,-55.673000982675646,92.32699901732435,1000
