k,-93.67481975123846,81.32518024876154,1500
q,-80.78138369921906,88.21861630078094,1500
w,-88.92788247972084,12.07211752027916,1500
q,-33.52038146097802,18.479618539021978,1500
r,-16.58617543418483,74.41382456581518,1500
w,-27.148619140652634,69.85138085934736,1500
a,-68.53680455839971,9.463195441600284,1500
s,-88.15091352768088,65.84908647231912,1500
v,-95.17521093882779,75.82478906117221,1500
c,-47.81832690169989,10.18167309830011,1500
g,-81.37163304303378,32.62836695696622,1500
c,-25.404032407723854,74.59596759227614,1500
a,-85.6184198081326,15.381580191867407,1500
y,-17.21147039776534,3.7885296022346626,1500
i,-54.584317431667145,1.4156825683328544,1500
w,-67.23409734047888,71.76590265952112,1500
s,-30.643640616871004,47.356359383128996,1500
h,-12.93561067892003,48.06438932107997,1500
t,-76.58355719667001,96.41644280332999,1500
l,-48.41262231616438,36.58737768383562,1500
m,-15.771112339104086,46.228887660895914,1500
r,-15.206648333341072,32.79335166665893,1500
p,-80.7397986495284,66.2602013504716,1500
y,-0.14826431591500744,88.85173568408499,1500
i,-93.22060762785496,20.779392372145036,1500
y,-59.90647530729463,4.093524692705372,1500
z,-48.11952630032312,23.880473699676877,1500
w,-64.55111947475902,5.4488805252409875,1500
t,-75.80877988135516,34.191220118644836,1500
o,-36.20968665231621,81.79031334768379,1500
s,-52.35917463533595,90.64082536466405,1500
e,-51.24779105182094,32.75220894817906,1500
b,-36.839895372091355,95.16010462790865,1500
e,-76.93199100753819,34.068008992461806,1500
x,-41.69296481500515,92.30703518499485,1500
m,-8.027816992345693,63.97218300765431,1500
m,-86.65189206770347,26.348107932296525,1500
s,-88.95921115648078,16.040788843519216,1500
n,-58.1274199097909,82.8725800902091,1500
t,-19.51445045373396,49.48554954626604,1500
f,-45.86452532322397,94.13547467677603,1500
g,-33.156961898597864,7.843038101402134,1500
n,-94.16635041675544,43.83364958324456,1500
v,-62.124772403251264,48.875227596748736,1500
m,-7.939251752959428,67.06074824704058,1500
o,-52.08209178447955,90.91790821552044,1500
n,-47.74865496864373,59.25134503135627,1500
f,-57.19952636843165,39.80047363156835,1500
w,-93.03475497865888,27.965245021341122,1500
l,-59.23028906258248,41.76971093741752,1500
x,-15.466202418468802,54.533797581531196,1500
r,-12.232359569252688,54.76764043074731,1500
x,-19.45479977857992,93.54520022142009,1500
w,-71.64501243716384,72.35498756283616,1500
t,-52.08966447321821,25.910335526781793,1500
m,-54.79793120768573,94.20206879231428,1500
f,-78.83814631966557,67.16185368033443,1500
p,-49.58421716518425,64.41578283481576,1500
r,-63.12530476967852,51.87469523032148,1500
o,-94.94849776074862,94.05150223925138,1500
a,-92.77113414445603,69.22886585554397,1500
x,-76.79867851956763,67.20132148043237,1500
z,-97.49964210562594,41.50035789437407,1500
w,-11.291031793236918,14.708968206763082,1500
d,-21.237902676019417,70.76209732398058,1500
s,-44.632488825811,82.367511174189,1500
r,-51.575066862222876,37.424933137777124,1500
h,-10.442937761266807,75.5570622387332,1500
h,-54.661468663507456,10.338531336492544,1500
g,-40.577818582163324,66.42218141783668,1500
h,-79.66382896226459,2.3361710377354057,1500
d,-83.40227621460036,41.59772378539963,1500
d,-41.9040265902176,24.095973409782403,1500
j,-32.037262454444864,17.962737545555132,1500
k,-49.704385385932405,91.29561461406759,1500
z,-4.4680924594288465,50.531907540571154,1500
z,-28.44914675555422,40.550853244445776,1500
r,-6.332906267742527,65.66709373225747,1500
w,-86.52611990199543,19.47388009800457,1500
q,-61.47737875046039,73.52262124953961,1500
u,-34.39198440281342,32.60801559718658,1500
k,-47.924418597123086,17.07558140287691,1500
u,-42.383197771770504,90.61680222822949,1500
b,-90.35486272787264,30.64513727212735,1500
i,-89.76044984042123,68.23955015957877,1500
m,-81.91540111214665,30.084598887853353,1500
k,-95.89959239267476,65.10040760732524,1500
y,-55.82184348522458,4.1781565147754165,1500
q,-95.5972411833348,26.402758816665198,1500
n,-15.78686488567162,53.21313511432838,1500
d,-68.85510363894839,42.1448963610516,1500
z,-84.81390933418056,54.18609066581944,1500
i,-72.2591523356846,33.7408476643154,1500
t,-57.24831369308036,67.75168630691964,1500
d,-19.833820989418506,22.166179010581494,1500
s,-59.60030506631353,85.39969493368646,1500
s,-11.999354978663746,97.00064502133625,1500
v,-19.979709929486052,25.020290070513948,1500
l,-8.19534270319617,81.80465729680382,1500
e,-69.18253768440452,11.817462315595478,1500
t,-8.27124895533802,75.72875104466198,1500
h,-8.919684933457555,96.08031506654244,1500
n,-12.861772760184182,78.13822723981582,1500
q,-20.403862091026888,51.59613790897311,1500
p,-57.618798946869674,57.381201053130326,1500
l,-10.902081111837896,6.097918888162104,1500
f,-75.17972163145392,57.820278368546084,1500
x,-96.64877722178589,97.35122277821411,1500
r,-93.29578301458332,33.70421698541668,1500
l,-34.82951185228909,82.17048814771091,1500
e,-29.65063260965655,25.34936739034345,1500
u,-91.4017902861291,57.59820971387091,1500
l,-28.834135197972103,44.1658648020279,1500
g,-48.77773325624589,24.222266743754115,1500
d,-37.60834218342473,75.39165781657528,1500
p,-38.866818869026986,43.133181130973014,1500
f,-75.82476076023383,7.17523923976617,1500
f,-67.16405857186123,75.83594142813877,1500
o,-58.91000347184677,4.08999652815323,1500
k,-55.904544199304645,23.09545580069535,1500
g,-95.02421453623829,29.97578546376171,1500
k,-47.1998920303752,4.8001079696247935,1500
g,-9.702481291782599,3.297518708217401,1500
m,-95.5369321462173,5.4630678537827055,1500
o,-86.06313206868796,60.93686793131204,1500
w,-27.342604187470595,49.65739581252941,1500
r,-22.60916771077512,90.39083228922487,1500
f,-60.65139471754515,50.34860528245485,1500
p,-79.63479855018166,56.36520144981835,1500
n,-51.247003225114106,30.752996774885897,1500
w,-81.7379120063341,11.262087993665908,1500
j,-90.72326555319212,78.27673444680788,1500
j,-14.662261387125376,31.337738612874624,1500
d,-70.27124518314592,73.72875481685408,1500
t,-38.54686274817298,83.45313725182703,1500
f,-62.29662615064277,48.70337384935723,1500
g,-58.87445660170128,66.12554339829872,1500
n,-17.170392380519893,85.82960761948011,1500
r,-40.41550676475506,26.584493235244945,1500
h,-4.044409378607611,32.95559062139239,1500
t,-71.65422294645364,46.34577705354636,1500
j,-84.34736365183566,47.652636348164336,1500
z,-81.03303159795888,7.966968402041119,1500
f,-62.26594428252299,8.734055717477013,1500
d,-84.16355125447052,66.83644874552948,1500
c,-7.174227288800956,10.825772711199045,1500
o,-48.756443023129265,22.24355697687073,1500
w,-56.32090162823557,39.67909837176443,1500
t,-17.18881012737144,65.81118987262856,1500
a,-79.2760672179136,40.723932782086386,1500
q,-63.51016799785245,88.48983200214755,1500
h,-19.022301050421653,66.97769894957834,1500
m,-1.0774027022722996,44.9225972977277,1500
x,-6.193117012195381,25.80688298780462,1500
b,-42.55102050124457,24.448979498755428,1500
s,-95.69142482799144,94.30857517200856,1500
b,-27.23565376334005,57.764346236659954,1500
a,0.458422600194064,20.458422600194066,1500
f,-35.07648707959111,88.92351292040888,1500
e,-6.0202364849378025,67.9797635150622,1500
q,-61.949552246134154,43.050447753865846,1500
j,-79.52109516658865,4.47890483341135,1500
d,-81.5545453207245,58.44545467927549,1500
t,-43.61003716548484,98.38996283451516,1500
y,-88.89908010711758,62.10091989288242,1500
x,-28.710852154402513,49.28914784559748,1500
v,-63.2157135710014,38.7842864289986,1500
r,-12.472410992771811,90.52758900722819,1500
p,-93.25118878253558,95.74881121746442,1500
d,-35.913531061124885,2.086468938875116,1500
y,-68.2989781255928,41.70102187440721,1500
x,-23.44414009201844,16.55585990798156,1500
h,-3.630607081413175,26.369392918586826,1500
x,-95.64360574530374,84.35639425469626,1500
l,-23.932798655051315,27.067201344948685,1500
x,-21.248519171368137,24.751480828631863,1500
u,-97.29114790247483,48.708852097525174,1500
b,-91.02488973946157,12.975110260538429,1500
y,-55.09554299024304,50.90445700975696,1500
q,-64.44891331170716,49.551086688292834,1500
a,-85.2400272245593,84.7599727754407,1500
d,-7.750954853234405,96.2490451467656,1500
y,-94.4760558806001,2.523944119399904,1500
z,-83.72130305437274,6.278696945627256,1500
p,-64.95807532684591,2.041924673154085,1500
o,-70.47130759817276,8.528692401827238,1500
t,-74.33643018281902,32.663569817180985,1500
c,-52.007398215409765,22.992601784590235,1500
f,-32.993785206015694,44.006214793984306,1500
a,-42.382178340655614,63.617821659344386,1500
r,-40.64111219174549,33.35888780825451,1500
f,-66.06123111840715,97.93876888159285,1500
x,-3.6291405732446798,8.37085942675532,1500
q,-79.58612205412066,65.41387794587934,1500
u,-0.2221518187869015,41.7778481812131,1500
m,-78.56844660365206,1.4315533963479365,1500
i,-2.419907309360113,50.58009269063989,1500
z,-56.933652189074536,94.06634781092546,1500
a,-54.32017754983529,82.6798224501647,1500
v,-34.183174594174666,67.81682540582533,1500
m,-97.60401766099498,39.395982339005016,1500
j,-24.43482763286555,79.56517236713445,1500
o,-74.33038546434071,94.66961453565929,1500
w,-48.96597050863249,44.03402949136751,1500
c,-52.385847115492965,63.614152884507035,1500
t,-27.622018946308728,82.37798105369127,1500
l,-78.33109261278372,33.66890738721629,1500
b,-92.60045642582006,54.39954357417995,1500
k,0.8918554589200237,26.891855458920023,1500
k,-74.88998029441422,46.110019705585785,1500
k,-42.531902789728555,93.46809721027145,1500
v,-10.595503592494905,57.40449640750509,1500
o,-52.406697668493,72.593302331507,1500
j,-91.86153533203316,71.13846466796684,1500
t,-7.011155081810073,38.988844918189926,1500
l,-75.90568479762277,65.09431520237723,1500
r,-48.25962334801951,62.74037665198049,1500
z,-87.2765024890154,83.7234975109846,1500
e,-21.449127189836222,24.550872810163778,1500
k,-57.4380541156754,3.5619458843246035,1500
w,-96.34740189044332,60.65259810955668,1500
z,-2.140843544574815,0.859156455425185,1500
g,-39.23036837668152,88.76963162331849,1500
o,-47.816453284303414,68.18354671569658,1500
t,-38.343209938552654,42.656790061447346,1500
c,-91.82823588354708,9.171764116452914,1500
l,-91.22329442300993,92.77670557699007,1500
f,-55.50200208108175,75.49799791891826,1500
q,-84.81610235371586,77.18389764628414,1500
d,-42.878776143874624,5.121223856125376,1500
k,-66.70017666377623,64.29982333622377,1500
j,-11.6788426779048,95.3211573220952,1500
w,-82.30908377987119,79.69091622012881,1500
y,-7.133961364539736,8.866038635460264,1500
c,-81.01597476365164,1.9840252363483528,1500
r,-26.52421655265016,20.47578344734984,1500
q,-81.96163738919104,76.03836261080896,1500
w,-83.02001146119117,2.9799885388088323,1500
m,-68.30213391092111,94.69786608907889,1500
e,-51.984620217928125,22.01537978207188,1500
u,-46.629404172542074,55.370595827457926,1500
s,0.8059769038971106,93.8059769038971,1500
y,-31.352462167639676,89.64753783236033,1500
c,-74.47169464284657,39.528305357153435,1500
i,-48.3354474384635,4.664552561536505,1500
t,-59.30753382827726,29.69246617172274,1500
s,-16.516444853330068,62.483555146669936,1500
i,-72.64243829504161,47.357561704958385,1500
c,-96.01239559242428,98.98760440757572,1500
s,-35.9370289800759,93.06297101992409,1500
y,-97.15214098823316,54.84785901176684,1500
n,-16.021514768926973,43.97848523107303,1500
h,-35.585964152587856,19.414035847412148,1500
l,-5.134528957369852,19.865471042630148,1500
h,-58.92960644647132,38.07039355352868,1500
j,-6.859776043388062,94.14022395661193,1500
z,-75.02518188481963,59.97481811518036,1500
k,-19.800814400145345,76.19918559985466,1500
d,-56.31994331027155,45.68005668972845,1500
h,-22.583107807252087,39.416892192747916,1500
n,-46.29521016655597,61.70478983344403,1500
u,-23.475661795767454,12.524338204232548,1500
k,-21.61712538774406,0.38287461225594055,1500
f,-72.7705536270218,27.2294463729782,1500
g,-32.73551307541556,78.26448692458443,1500
s,-48.95507701145636,26.04492298854364,1500
a,-69.65325502901938,23.34674497098062,1500
a,-0.38305744616195037,25.61694255383805,1500
s,-2.61008437984989,42.38991562015011,1500
j,-74.18963336822843,64.81036663177157,1500
y,-83.5632746315851,59.436725368414905,1500
n,-81.38252516688873,63.617474833111274,1500
b,-67.31852242161693,95.68147757838307,1500
m,-88.31157325187013,41.68842674812988,1500
o,-96.80347916752498,39.19652083247502,1500
r,-37.46273377309628,1.5372662269037147,1500
u,-71.81663412418153,97.18336587581847,1500
k,-1.4755102909568483,59.52448970904315,1500
m,-74.52792337935139,39.47207662064861,1500
w,-44.85297529601406,46.14702470398594,1500
w,-24.798798149399207,6.201201850600793,1500
v,-0.1618711037531918,39.83812889624681,1500
o,-62.00792179874281,25.992078201257193,1500
q,-88.74333679549399,39.25666320450602,1500
g,-13.741076109912525,87.25892389008747,1500
q,-43.33614766536095,60.66385233463905,1500
i,-1.7021383503008929,74.2978616496991,1500
j,-60.769955277376596,44.230044722623404,1500
h,-74.42372618878656,53.57627381121343,1500
m,-58.8840746988769,16.115925301123102,1500
p,-53.372772716054165,40.627227283945835,1500
k,-78.78200227015634,36.21799772984366,1500
p,-57.107449611954024,43.892550388045976,1500
n,-49.98135029613367,39.01864970386633,1500
n,-44.51286750343907,43.48713249656093,1500
k,-76.0291596036059,58.97084039639409,1500
s,-15.456648084716635,74.54335191528337,1500
n,-48.57534921271205,13.424650787287955,1500
m,-44.39971796511342,40.60028203488658,1500
x,-37.38959713578466,71.61040286421533,1500
p,-13.663980374980117,75.33601962501989,1500
z,-77.03805883678963,91.96194116321037,1500
o,-91.37656117551472,52.623438824485284,1500
l,-39.85066494617552,5.149335053824478,1500
c,-6.5384998395169704,91.46150016048303,1500
x,-96.40354215333312,78.59645784666688,1500
n,-28.26111302873122,74.73888697126878,1500
y,-23.463619836288814,91.53638016371119,1500
g,-56.710430176975855,62.289569823024145,1500
p,-19.44054589421685,59.559454105783146,1500
r,-29.190917969863538,27.809082030136462,1500
w,-74.35726327051447,36.64273672948553,1500
a,-56.30305527693664,87.69694472306337,1500
q,-47.547045252002846,60.452954747997154,1500
y,-56.37184149494508,38.62815850505492,1500
o,-74.11612939853025,47.883870601469745,1500
r,-49.26106452494156,85.73893547505844,1500
d,-78.94194744085362,55.05805255914637,1500
m,-36.17276088480808,8.827239115191924,1500
v,-84.95825784746252,68.04174215253748,1500
v,-51.69808089560202,74.30191910439798,1500
z,-64.10262627849998,3.8973737215000233,1500
m,-22.64550220181246,23.35449779818754,1500
n,-52.174693571205836,45.825306428794164,1500
z,-60.64303907147943,25.35696092852057,1500
c,-59.416972172076605,12.583027827923399,1500
v,-67.76794072090168,12.232059279098323,1500
s,-39.376132266921644,93.62386773307836,1500
j,-91.37408559901941,14.625914400980596,1500
n,-16.110781714628136,81.88921828537187,1500
b,-17.769159796201752,49.23084020379825,1500
c,-5.68370828311275,71.31629171688725,1500
x,-37.3144589040998,66.68554109590019,1500
c,-48.217183907813975,12.782816092186023,1500
a,-29.597567809141744,54.402432190858256,1500
a,-27.158845984995505,53.8411540150045,1500
w,-42.3064055277188,73.69359447228119,1500
v,-57.78516994043823,42.21483005956177,1500
m,-15.015099967974981,45.98490003202502,1500
h,-15.33204730916554,94.66795269083445,1500
k,-28.02828404824899,68.97171595175101,1500
u,-26.706832063078696,81.29316793692131,1500
h,-63.25716600433128,47.74283399566872,1500
w,-56.04749347337922,49.95250652662078,1500
l,-21.313629537013817,26.686370462986183,1500
y,-22.498877871842343,54.50112212815766,1500
j,-50.60945071129414,47.39054928870586,1500
v,-49.96675515580902,50.03324484419098,1500
g,-14.223266474361905,72.7767335256381,1500
v,-23.222782432888707,43.77721756711129,1500
o,-77.70756330639392,21.292436693606074,1500
r,-85.91407186116128,66.08592813883872,1500
l,-13.46743077244841,62.53256922755159,1500
k,-16.176868176785096,28.823131823214904,1500
b,-68.74069715484464,36.259302845155354,1500
n,-63.825632315937554,10.174367684062448,1500
n,-44.31203327703601,19.687966722963992,1500
h,-54.460694236024835,59.539305763975165,1500
d,-71.08811261898396,40.911887381016044,1500
d,-86.84675221026446,57.153247789735545,1500
g,-76.94204414406784,3.05795585593217,1500
d,-88.99762484570873,66.00237515429127,1500
b,-48.56242340610875,56.43757659389125,1500
z,-57.48886820229259,47.51113179770741,1500
m,-80.38578855639464,40.614211443605356,1500
m,-62.49261135016857,52.50738864983143,1500
w,-47.53809883735429,85.46190116264572,1500
y,-0.2986496355004076,86.70135036449959,1500
s,-49.1768568006706,12.823143199329401,1500
k,-43.63128428965054,56.36871571034946,1500
o,-96.8057608168707,92.1942391831293,1500
u,-94.02311171530435,20.976888284695647,1500
f,-7.502499710846466,13.497500289153534,1500
e,-28.08403447999259,77.9159655200074,1500
j,-4.7604970617912965,96.2395029382087,1500
v,-96.54379274428194,63.45620725571805,1500
n,-93.64217215209806,74.35782784790194,1500
k,-37.00687890920311,93.99312109079689,1500
r,-71.80933996697433,15.190660033025658,1500
n,-70.08825364311036,44.911746356889644,1500
w,-31.76008643435161,12.239913565648388,1500
j,-79.76394264757889,13.236057352421115,1500
i,-30.57664619087467,58.42335380912533,1500
a,-8.364105022799752,51.635894977200245,1500
b,-53.2432318363209,76.7567681636791,1500
e,-77.4289803038684,2.5710196961315996,1500
c,-34.44870070730247,32.55129929269753,1500
g,-31.977283553028986,16.022716446971014,1500
r,-96.34204646813858,76.65795353186142,1500
k,-46.571035114297835,13.428964885702161,1500
i,-84.89775170464186,86.10224829535814,1500
h,-88.80488624491659,94.19511375508341,1500
m,-27.82679603656595,48.173203963434055,1500
b,-48.041162106751244,77.95883789324876,1500
p,-13.822235589408258,67.17776441059175,1500
t,-53.82485002403068,83.17514997596932,1500
a,-1.2345334088708486,29.76546659112915,1500
s,-8.201735602129874,50.79826439787013,1500
m,-55.105214983484146,30.894785016515854,1500
r,-8.316030031645532,66.68396996835446,1500
v,-1.8288627656684446,71.17113723433155,1500
o,-2.4226885442747825,10.577311455725217,1500
w,-31.61164192407782,31.38835807592218,1500
c,-56.03586463811462,5.9641353618853845,1500
n,-62.765134084728615,78.23486591527139,1500
u,-94.5952027488911,45.4047972511089,1500
w,-47.13011858217389,50.86988141782611,1500
o,-21.265430592367164,6.734569407632836,1500
w,-13.303084800663838,64.69691519933616,1500
c,-49.8509225245427,12.149077475457295,1500
q,-54.78466595458206,35.21533404541794,1500
t,-82.61695536798177,92.38304463201823,1500
f,-7.597261216070569,31.40273878392943,1500
c,-73.07038629475775,69.92961370524225,1500
c,-70.18427103371417,54.81572896628583,1500
e,-51.08846830994495,65.91153169005504,1500
y,-67.31286316586083,69.68713683413917,1500
k,-16.774614450263805,30.225385549736195,1500
l,-55.27196534747767,91.72803465252233,1500
e,-46.05819428251935,6.941805717480646,1500
c,-59.34178326072944,24.658216739270554,1500
p,-61.913168023293785,87.08683197670622,1500
f,-93.6312112163772,84.3687887836228,1500
s,-73.33561344364789,16.664386556352113,1500
x,-75.15615588437653,3.843844115623467,1500
t,-67.22815806084797,27.771841939152022,1500
f,-8.140002146396288,71.85999785360372,1500
p,0.3427349437246525,91.34273494372465,1500
r,-33.00396018248077,2.996039817519236,1500
d,-4.688266935663429,57.31173306433657,1500
z,-79.70119631931505,39.298803680684955,1500
x,-9.193094510480437,0.8069054895195623,1500
g,-41.76273378149625,11.237266218503748,1500
o,-16.9964189243347,43.0035810756653,1500
c,-25.260428202705956,66.73957179729405,1500
m,-0.5860892100605921,2.4139107899394077,1500
g,-1.9430394169492526,39.056960583050746,1500
e,-7.519621570510674,94.48037842948932,1500
c,-16.781169256527384,2.2188307434726138,1500
c,-12.69560343826077,54.30439656173923,1500
j,-90.30363232669048,63.696367673309524,1500
t,-13.389274646121548,69.61072535387845,1500
y,-72.68260750590993,24.317392494090075,1500
d,-97.50839073547856,46.49160926452144,1500
p,-84.6040357341368,49.3959642658632,1500
a,-10.57252732195139,69.42747267804862,1500
l,-96.39131186380845,14.608688136191544,1500
i,-57.784839899403245,33.215160100596755,1500
p,-80.8559757144022,10.144024285597789,1500
y,-59.41309257126813,40.58690742873187,1500
t,-52.77487638542258,79.22512361457741,1500
d,-89.63734770116706,95.36265229883294,1500
t,-55.769636673458635,75.23036332654137,1500
c,-25.880573422698102,28.119426577301898,1500
r,-38.68452789529529,75.31547210470471,1500
x,-61.57088231133942,20.429117688660586,1500
h,-1.870646491326912,64.12935350867309,1500
j,-41.875687462766514,58.124312537233486,1500
v,-76.61406775732743,83.38593224267257,1500
s,-6.582446233680311,67.41755376631968,1500
t,-44.08305394507096,89.91694605492904,1500
z,-17.6321307148132,40.3678692851868,1500
p,-44.13817324816165,64.86182675183835,1500
q,-89.43385343525391,57.5661465647461,1500
v,-63.835285365576006,65.164714634424,1500
f,-6.704701962472188,3.295298037527812,1500
e,-84.03156085742718,82.96843914257282,1500
u,-30.471206055488928,67.52879394451107,1500
y,-33.48490692523884,64.51509307476115,1500
c,-17.7713820131371,27.2286179868629,1500
c,-91.75723641282609,52.24276358717392,1500
u,0.2758518016985383,18.27585180169854,1500
y,-73.6489195898628,28.351080410137197,1500
p,-8.149002474873276,70.85099752512673,1500
v,-32.21736455424634,42.78263544575366,1500
v,-70.29221670616222,6.707783293837783,1500
a,-49.913341753433684,57.086658246566316,1500
x,-54.22650599548142,22.77349400451858,1500
b,-97.90912590444036,9.090874095559645,1500
y,-16.101898767542774,32.89810123245722,1500
f,-85.6009679726512,83.3990320273488,1500
e,-91.23160603993435,59.76839396006565,1500
j,-71.41998093074935,77.58001906925065,1500
o,-17.869834322008348,45.13016567799165,1500
l,-26.97246510180962,82.02753489819038,1500
c,-39.63212451743735,39.36787548256265,1500
u,-41.1236592276035,67.8763407723965,1500
i,-81.87114261350034,35.12885738649966,1500
r,-51.0735938633134,77.92640613668661,1500
b,-27.503867350534776,26.496132649465224,1500
m,-23.936483254639857,70.06351674536015,1500
l,-88.71536355153228,27.28463644846772,1500
i,-91.00206446233247,10.99793553766753,1500
z,-92.05554380080618,26.944456199193827,1500
u,-79.65508648978262,48.34491351021738,1500
s,-14.03856802286522,55.96143197713478,1500
a,-49.52489916406103,67.47510083593897,1500
w,-47.33010442639327,62.66989557360673,1500
l,-76.03608582642154,40.96391417357845,1500
j,-31.307739985392324,74.69226001460767,1500
d,-62.65136725895851,20.348632741041488,1500
