f,-97.40743089441668,62.59256910558333,25
y,-19.540093152566975,7.4599068474330235,25
o,-64.20566554475747,25.794334455242527,25
d,-22.836879789252734,70.16312021074727,25
h,-7.695284560652867,71.30471543934713,25
c,-87.84853312907603,28.151466870923965,25
b,-51.23674277265065,67.76325722734936,25
l,-3.123180409422614,14.876819590577385,25
l,-4.232716987737026,64.76728301226298,25
q,-26.05982195370037,88.94017804629964,25
f,-1.8437461883122754,80.15625381168772,25
t,-52.833688634435376,56.166311365564624,25
y,-89.97519632200262,72.02480367799738,25
d,-87.8917943194157,88.1082056805843,25
t,-81.0254056919736,68.9745943080264,25
i,-75.18786485952249,46.81213514047751,25
o,-75.04771722699653,45.95228277300348,25
e,-94.05662850973223,70.94337149026777,25
t,-71.05879483477011,78.94120516522989,25
p,-39.32775914416151,7.672240855838486,25
i,-24.21061365070287,87.78938634929713,25
g,-38.84555155258637,67.15444844741363,25
s,-30.24839137295747,18.75160862704253,25
h,-54.885704545377365,0.11429545462263657,25
j,-50.544219655880184,23.455780344119816,25
n,-21.091319987389063,62.90868001261094,25
s,-46.804409571505026,31.195590428494974,25
h,-69.88182701648427,96.11817298351573,25
i,-78.70952339714286,30.290476602857137,25
h,-29.127106931454577,43.87289306854542,25
u,-47.40613929068416,32.59386070931584,25
e,-68.99809524095087,52.00190475904912,25
s,-52.027688084287874,88.97231191571213,25
v,-59.414957497127645,94.58504250287235,25
o,-86.0479950793527,89.9520049206473,25
g,-75.48803191489549,37.51196808510451,25
u,-80.15900193200122,87.84099806799878,25
u,-92.50593473337263,14.494065266627368,25
w,-93.59256327721101,41.40743672278898,25
q,-45.244712863945985,27.75528713605402,25
v,-41.338427338631334,18.661572661368666,25
b,-24.52063941787524,16.47936058212476,25
j,-88.71879742079784,37.28120257920216,25
n,-29.08954463152855,86.91045536847145,25
b,-48.67187360420419,72.3281263957958,25
g,-4.038425819691945,2.9615741803080553,25
x,-5.040299491485824,91.95970050851417,25
t,-7.545391761759884,64.45460823824011,25
w,-21.635270609880283,20.364729390119717,25
d,-23.490748333856935,48.509251666143065,25
h,-36.328802465505426,89.67119753449458,25
j,-39.48420947518361,6.515790524816385,25
k,-84.55437212758454,85.44562787241546,25
t,-92.98643589653071,78.01356410346929,25
i,-33.75210005871458,45.24789994128542,25
k,-8.157768319084115,64.84223168091589,25
k,-28.974721420149457,5.025278579850544,25
e,-12.191874672324039,30.808125327675963,25
d,-69.76340434984238,22.236595650157618,25
v,-47.402651202021374,35.597348797978626,25
o,-87.09501931748169,55.90498068251832,25
p,-49.15478467975196,16.845215320248034,25
p,-12.485233436152066,19.51476656384793,25
l,-35.99007419089018,89.00992580910982,25
i,-13.927822795447222,34.07217720455278,25
s,-94.45854404371248,54.54145595628752,25
b,-19.507175512740524,28.492824487259476,25
d,-72.52181224349908,92.47818775650092,25
o,-18.777794335556273,24.222205664443727,25
v,-56.44432452366006,9.55567547633994,25
v,-51.424933803115046,48.575066196884954,25
h,-17.799850062337583,68.20014993766242,25
p,-19.05228352555499,40.94771647444501,25
g,-80.78952288317646,54.21047711682354,25
u,-41.28459300058696,23.71540699941304,25
j,-95.12681766951337,65.87318233048663,25
t,-22.88641374782022,60.11358625217978,25
l,-18.88783413313798,65.11216586686203,25
i,-40.94890794880041,70.05109205119959,25
b,-27.64602732049499,3.3539726795050084,25
o,-69.25221497488752,93.74778502511248,25
u,-20.024755734290846,3.9752442657091547,25
v,-17.787961721771186,25.212038278228814,25
n,-30.860577478229015,95.13942252177098,25
y,-50.656410722052385,56.343589277947615,25
i,-1.058806894512296,97.9411931054877,25
u,-8.945838133637302,60.0541618663627,25
r,-36.32450083277394,84.67549916722605,25
l,-79.21860867746089,30.781391322539108,25
n,-43.47900012355382,39.52099987644618,25
j,-2.4162548728385707,94.58374512716144,25
v,-86.5238663243448,53.476133675655205,25
g,-63.0554984350625,57.9445015649375,25
z,0.7372361171002878,78.73723611710028,25
u,-38.94334275440379,23.056657245596217,25
f,-72.60866690316824,66.39133309683176,25
i,-29.337172634722325,30.662827365277675,25
y,-41.95653307237949,29.04346692762051,25
u,-40.74901098226913,30.250989017730873,25
i,-16.679640398936442,1.3203596010635588,25
n,-91.67864893626248,84.32135106373752,25
y,-84.98177563775661,71.01822436224339,25
t,-18.18346809964849,7.81653190035151,25
i,-27.517364990351513,77.48263500964849,25
y,-18.155761004656185,13.844238995343815,25
z,-81.67121885365736,55.32878114634264,25
v,-2.6140992704793096,65.38590072952069,25
z,-60.43501449319293,19.56498550680707,25
x,-49.93737386053849,41.06262613946151,25
z,-4.4443180307745465,89.55568196922545,25
x,-92.85807966931499,85.14192033068501,25
f,-97.74714845249191,18.252851547508083,25
j,-86.81290242541408,16.187097574585913,25
x,-12.716574753629779,47.28342524637022,25
n,-83.27757381729707,97.72242618270293,25
a,-42.73347584799508,1.2665241520049162,25
v,-4.10600886382023,4.89399113617977,25
m,-45.887271796385704,71.1127282036143,25
n,-15.743754361725461,26.25624563827454,25
n,-13.6211566155299,55.3788433844701,25
a,-44.64737610958044,14.352623890419556,25
q,-31.768904209674737,82.23109579032526,25
u,-87.161696240331,40.838303759669,25
y,-70.61194851961248,24.388051480387524,25
d,-0.38928851766564987,73.61071148233435,25
s,-44.350158853797744,72.64984114620225,25
b,-19.64289302339584,65.35710697660416,25
k,-94.00012901578253,15.999870984217461,25
z,-77.23029941264215,67.76970058735785,25
d,-60.59639384450593,41.40360615549407,25
q,-53.944868299358774,49.055131700641226,25
g,-62.83409148686215,64.16590851313785,25
w,-43.79511447864923,0.2048855213507652,25
p,-37.348589462734,87.651410537266,25
c,-37.43568946113836,11.564310538861642,25
r,-10.687758359353996,58.31224164064601,25
s,-60.16715712225118,86.83284287774882,25
w,-80.38479263274387,68.61520736725613,25
o,-77.921896683543,17.078103316457003,25
v,-11.307614385187941,27.69238561481206,25
k,-71.5231650991239,80.4768349008761,25
k,-16.778886616909485,22.221113383090515,25
b,-24.563709942464868,95.43629005753513,25
x,-68.12758401718497,9.872415982815035,25
c,-88.53370685894846,7.466293141051531,25
x,-13.99347739187232,86.00652260812768,25
w,-22.96707368451178,7.032926315488218,25
u,-45.50845599764344,18.491544002356566,25
s,-6.777468632119249,13.22253136788075,25
n,-13.773865689320436,56.22613431067956,25
q,-78.75895359813994,88.24104640186006,25
d,-27.754401085720378,42.24559891427962,25
d,-29.70014817005676,90.29985182994324,25
w,-57.511684904639466,84.48831509536053,25
y,-40.00969617164056,77.99030382835943,25
i,-1.5542883139371773,61.44571168606282,25
r,-52.41457018030435,35.58542981969565,25
l,-86.57360679720531,28.42639320279469,25
e,-82.51918758077639,15.480812419223616,25
z,-28.444886677564853,70.55511332243515,25
m,-27.19093695378844,10.80906304621156,25
y,-39.40062002018958,76.59937997981042,25
k,-77.33142665086969,62.66857334913031,25
w,-89.47382450928144,67.52617549071856,25
l,-39.17524787872881,69.82475212127119,25
f,-60.31827791889366,27.681722081106336,25
a,-23.533732272192047,93.46626772780795,25
d,-65.34707426898835,20.652925731011642,25
l,-45.71514158614208,20.28485841385792,25
w,-32.2252647045389,18.774735295461102,25
m,-81.62517043058706,31.37482956941294,25
o,-65.82644166616241,47.1735583338376,25
b,-52.904499738738885,23.09550026126111,25
d,-93.41322985198119,18.586770148018815,25
u,-86.84506401850108,29.154935981498923,25
i,-87.72383154783856,98.27616845216144,25
a,-16.927519198001654,51.072480801998346,25
b,-74.87474316284934,47.12525683715066,25
e,-27.33885902125466,83.66114097874534,25
x,-11.107285304576248,64.89271469542375,25
t,-87.03080376254287,24.96919623745713,25
n,-81.62088175562121,71.37911824437879,25
f,-17.701052363343337,39.29894763665666,25
a,-4.80845250925616,54.19154749074384,25
y,-67.12133994313503,39.87866005686497,25
o,-18.098118410742035,88.90188158925797,25
j,-92.23262088818556,67.76737911181444,25
u,-7.834738121916011,9.165261878083989,25
n,-32.63045647963655,73.36954352036345,25
k,-13.775748905334925,96.22425109466508,25
w,-49.08398548642793,5.916014513572075,25
s,-32.274099930175495,19.725900069824508,25
h,-21.444177984655227,35.55582201534477,25
h,-85.25514613423847,15.744853865761526,25
n,-87.75755522628407,34.24244477371594,25
t,-49.655054050437656,98.34494594956234,25
f,-72.93482253341391,82.06517746658609,25
b,-40.890646270720865,51.109353729279135,25
w,-13.990160500641391,81.0098394993586,25
i,-73.72973891255151,13.270261087448489,25
s,-13.136147105655889,36.86385289434411,25
c,-36.836869715421855,42.163130284578145,25
n,-0.11802402920764632,1.8819759707923538,25
c,-97.28600857472786,78.71399142527214,25
a,-12.73545820138196,80.26454179861804,25
o,-53.07176220173104,73.92823779826897,25
g,-84.36722272121568,61.63277727878432,25
j,-24.988584175677396,89.01141582432261,25
f,-0.06882164232778509,45.931178357672216,25
e,-10.282476320294029,2.7175236797059714,25
q,-58.30852963602474,38.69147036397526,25
t,-97.99473134651224,50.00526865348776,25
a,-86.4335218466262,28.566478153373794,25
i,-60.791566242588466,87.20843375741153,25
o,-15.322132002030171,50.67786799796983,25
t,-3.3216934193613543,53.67830658063865,25
a,-63.02169369593617,45.97830630406383,25
p,-97.28463870540867,7.715361294591325,25
p,-85.63777461901469,86.36222538098531,25
r,-13.801049538503415,17.198950461496587,25
i,-72.82665887363267,54.17334112636733,25
r,-62.499217225324045,94.50078277467595,25
u,-96.16623994483415,52.833760055165854,25
b,-59.15931060773725,14.840689392262753,25
n,-33.453199418658535,46.546800581341465,25
d,-49.31170783115213,17.688292168847877,25
u,-38.617678821185926,29.382321178814074,25
c,-2.554455756345504,32.445544243654496,25
h,-34.41658258744127,44.58341741255873,25
w,-92.14472254076526,83.85527745923474,25
x,-5.426150544928262,2.5738494550717377,25
e,-88.22223478118713,17.77776521881287,25
e,-38.86369615827429,60.13630384172571,25
x,-95.70213006227023,25.29786993772977,25
p,-37.64572565070558,65.35427434929441,25
u,-76.46776179397878,37.53223820602121,25
b,-60.16357702917932,9.836422970820676,25
m,-5.7822270033667955,21.217772996633204,25
t,-85.7362040575966,82.2637959424034,25
i,-64.324569465326,13.675430534674003,25
i,-8.536483479911201,44.4635165200888,25
h,-23.277764223306633,31.722235776693367,25
u,-41.45381742757174,66.54618257242826,25
v,-95.29917622448268,6.700823775517318,25
n,-67.69071228098555,80.30928771901445,25
i,-90.54989181616926,22.45010818383073,25
w,-18.417984126205415,29.582015873794585,25
k,-52.70140569496792,65.29859430503208,25
u,-48.0917837684594,57.9082162315406,25
b,-86.55680230112235,84.44319769887765,25
i,-33.96075464476674,56.03924535523326,25
v,-93.1717896359269,31.828210364073097,25
c,-19.662143262855096,8.337856737144905,25
i,-50.96793860801641,53.03206139198359,25
k,-39.394760178394534,5.605239821605465,25
i,-44.89848793629726,28.101512063702746,25
x,-10.52340533067861,77.47659466932139,25
r,-45.259358739290285,75.74064126070971,25
q,-38.93294570823653,86.06705429176347,25
l,-42.19472584782032,28.805274152179674,25
n,-2.092958612925263,8.907041387074738,25
w,-51.32681947639694,77.67318052360307,25
g,-3.9070824397111337,38.09291756028887,25
c,-67.13035318891588,87.86964681108412,25
m,-48.8750445155965,15.124955484403497,25
l,-83.60575822711473,90.39424177288527,25
w,-18.459990647104163,48.54000935289584,25
a,-94.89089024178543,83.10910975821457,25
h,-21.441156991810914,1.5588430081890854,25
l,-85.60953775854853,27.39046224145147,25
x,-60.06879214209471,81.93120785790529,25
a,-32.61157527533015,54.38842472466985,25
q,-72.4402019319072,80.5597980680928,25
c,-41.91983076492635,42.08016923507365,25
h,-42.09893966200518,1.9010603379948237,25
f,-54.7932121355785,5.2067878644215,25
i,-39.78278001601583,74.21721998398417,25
m,-59.751827559691165,64.24817244030884,25
x,-96.09874345717952,82.90125654282048,25
x,-96.28625737904022,3.7137426209597764,25
q,-22.399332980071406,60.60066701992859,25
b,-73.93641550945803,57.06358449054197,25
a,-95.31429743230574,75.68570256769426,25
s,-52.40889202887272,38.59110797112728,25
r,-79.65764343664398,85.34235656335602,25
m,0.9441849188093424,58.94418491880934,25
d,-75.98971737766043,17.010282622339577,25
r,-1.2385757651874472,69.76142423481255,25
d,-20.063969003310568,31.936030996689432,25
a,-45.18406624323744,19.81593375676256,25
i,-25.086499496846457,3.913500503153542,25
x,-62.43084726663003,23.569152733369968,25
l,-19.50893028568631,72.4910697143137,25
e,-3.4771336696264328,96.52286633037357,25
d,-77.78229967440934,81.21770032559066,25
m,-96.23887331449562,66.76112668550438,25
f,-6.267619715656575,81.73238028434342,25
q,-30.218679724902053,74.78132027509794,25
n,-7.724108221548278,48.27589177845172,25
k,-15.043883564436952,5.956116435563048,25
h,-4.452144790613857,59.54785520938614,25
d,-18.70051066240575,44.29948933759425,25
j,-80.0099553254886,94.9900446745114,25
f,-60.87474653763955,12.125253462360451,25
p,-50.28084627298446,35.71915372701554,25
i,-3.0794879092214376,55.920512090778566,25
a,-80.42631972551018,87.57368027448982,25
j,-96.08126461997526,68.91873538002474,25
h,-67.9331658408915,60.066834159108495,25
h,-31.51261407443265,59.487385925567345,25
g,-76.96983665200717,21.03016334799282,25
t,-51.892373583199344,42.107626416800656,25
e,-6.673716429137246,73.32628357086276,25
h,-13.986816865360398,15.013183134639602,25
c,-4.5203482949619485,71.47965170503805,25
f,-77.6404236558172,64.3595763441828,25
e,-14.280948428941612,4.719051571058389,25
a,-55.00540405522463,65.99459594477537,25
g,-97.4440137595861,50.555986240413894,25
f,-94.33953202077919,81.66046797922081,25
j,-20.470151213215715,97.52984878678429,25
y,-25.37658944585729,29.62341055414271,25
a,-35.59044924983037,26.40955075016963,25
b,-94.98810931490448,86.01189068509552,25
i,-79.90346506907004,75.09653493092996,25
l,-69.5304099755507,54.4695900244493,25
q,-40.662492243172494,62.337507756827506,25
f,-40.03095636270019,31.969043637299816,25
l,-10.310887522830539,23.68911247716946,25
o,-35.12028422764172,10.879715772358285,25
w,-3.516792567151787,41.48320743284821,25
j,-79.22064814096443,81.77935185903557,25
o,-22.56877552869725,38.43122447130275,25
z,-20.753381651088205,61.246618348911795,25
z,-80.42837588627579,28.571624113724212,25
y,-77.78431405759524,73.21568594240476,25
y,-12.098204863182572,82.90179513681743,25
g,-25.179343307677698,46.8206566923223,25
j,-54.70711212170308,16.292887878296924,25
v,-2.230397806153315,59.76960219384669,25
t,-21.65620390062349,41.34379609937651,25
b,-16.032603895160513,21.967396104839487,25
w,-12.060331670300823,3.939668329699178,25
o,-97.92828522495357,16.071714775046434,25
v,-26.496208042400784,3.5037919575992165,25
c,-4.09479806755856,11.905201932441441,25
q,-90.80920764267503,4.1907923573249715,25
i,-40.07025097470073,89.92974902529927,25
x,-57.17726481286114,91.82273518713886,25
e,-37.116205939416226,31.883794060583774,25
d,-61.98235430241996,92.01764569758005,25
k,-36.376981942085905,38.623018057914095,25
n,-28.90847276913136,78.09152723086864,25
e,-94.83056688341554,3.169433116584452,25
k,-31.320730880451055,43.67926911954895,25
s,-80.70461354536717,90.29538645463283,25
q,-72.02014723607567,49.97985276392433,25
f,-68.02596171796469,33.9740382820353,25
f,-62.272741164593384,42.727258835406616,25
p,-10.269289315388084,69.73071068461192,25
t,-81.58589803505217,82.41410196494783,25
r,-49.456203563640535,3.5437964363594623,25
h,-84.46266809900656,82.53733190099344,25
j,-53.074119472385945,49.925880527614055,25
o,-85.11945457974731,29.88054542025268,25
x,-61.36557026121158,86.63442973878841,25
m,-26.540106483249367,65.45989351675064,25
d,-30.271197426882406,70.72880257311759,25
t,-11.946600756790335,17.053399243209665,25
j,-68.35629311631895,79.64370688368105,25
y,-23.85589722672838,81.14410277327161,25
e,-41.605224048922096,77.3947759510779,25
r,-41.11391059432291,21.886089405677094,25
w,-75.85728276897352,27.142717231026474,25
w,-59.833271358352015,25.166728641647985,25
p,-15.354529343263225,31.645470656736777,25
p,-89.26905801787348,33.730941982126524,25
o,-80.78808735485443,72.21191264514557,25
b,-43.68623316024223,6.31376683975777,25
p,-24.811207935837338,52.18879206416266,25
h,-4.93774823385167,23.062251766148332,25
d,-12.075505446237512,33.924494553762486,25
m,-63.06182109608879,33.93817890391121,25
h,-59.05148480210951,78.94851519789049,25
z,-1.2631768675994182,87.73682313240059,25
r,-88.9631332184465,48.0368667815535,25
n,-70.89289347487309,6.107106525126911,25
s,-26.652647050033735,95.34735294996626,25
s,-29.819563992255052,32.180436007744945,25
p,-53.00265083905914,43.99734916094086,25
w,-91.73496308227848,98.26503691772152,25
f,-4.370034349393462,20.629965650606536,25
o,-37.001605492404174,5.998394507595826,25
c,-10.543378389086465,31.456621610913533,25
b,-61.05362272886519,89.9463772711348,25
g,-77.46012394636644,20.539876053633566,25
a,-63.85462891246591,74.14537108753409,25
e,-55.08807057413154,51.91192942586846,25
a,-36.489294618422406,56.510705381577594,25
c,-89.33378168697338,18.666218313026615,25
l,-85.45801433117235,29.541985668827643,25
j,-86.20163316119681,86.79836683880319,25
n,-96.24044749347145,44.75955250652855,25
d,-25.25041483075935,65.74958516924065,25
z,-9.685368966646664,7.314631033353337,25
g,-45.68606952434645,73.31393047565355,25
c,-91.51205588193189,79.48794411806811,25
i,-28.493367210277363,7.506632789722639,25
v,-3.7163980537996304,17.28360194620037,25
h,-88.67797189974122,4.322028100258779,25
p,-74.44719367651787,6.55280632348213,25
o,-63.78180951448548,52.21819048551452,25
r,-74.59329682655206,26.406703173447934,25
f,-15.78348388044434,81.21651611955566,25
t,-33.5911658205711,48.4088341794289,25
z,-71.21131470867564,11.78868529132436,25
z,-81.31426465067317,88.68573534932683,25
h,-64.22307900981714,17.77692099018285,25
u,-80.9629405434564,65.0370594565436,25
q,-2.911500616206091,18.08849938379391,25
m,-9.690876979482937,13.309123020517063,25
o,0.7940675104412819,53.79406751044128,25
u,-85.52588113021929,72.47411886978071,25
y,-64.32388995801462,70.67611004198538,25
l,-24.00797862770316,11.992021372296838,25
v,-60.31271551739039,50.68728448260961,25
w,-67.0534959272567,61.94650407274329,25
h,-35.611763369628605,15.388236630371395,25
m,-73.31852926255388,70.68147073744612,25
k,-55.72378483975634,53.27621516024366,25
y,-75.60724313914896,50.39275686085104,25
z,-23.687641993904702,43.3123580060953,25
r,-91.43333660284674,12.566663397153269,25
h,-17.131173620718787,36.86882637928122,25
w,-9.264354413189285,22.735645586810715,25
h,-77.86779021042786,11.13220978957214,25
b,-38.62228321144472,49.37771678855528,25
t,-65.80261358456087,31.197386415439123,25
n,-73.6469512144368,97.3530487855632,25
n,-77.60986490227846,5.390135097721545,25
v,-67.5919988115593,91.4080011884407,25
w,-42.17412880655893,47.82587119344107,25
f,-68.43119277416115,97.56880722583885,25
r,-8.850647123520286,40.14935287647971,25
c,0.4662577314110785,8.466257731411078,25
l,-96.45595848565996,35.54404151434004,25
n,-92.25481505111506,7.745184948884945,25
p,-30.693761736016764,30.306238263983236,25
r,-27.17325433332918,70.82674566667082,25
r,-83.00929342327933,15.990706576720667,25
l,-66.38402795264167,85.61597204735833,25
r,-85.67391691646974,66.32608308353026,25
p,-14.177027138064705,69.8229728619353,25
o,-14.568009508614129,80.43199049138587,25
l,-27.611215315876468,23.388784684123532,25
a,-30.418634554947555,11.581365445052445,25
u,-72.1835733702642,97.8164266297358,25
k,-14.615093449449489,46.38490655055051,25
u,-93.37797924414562,8.622020755854386,25
x,-19.231963662720627,27.768036337279373,25
a,-76.62641081732967,8.373589182670328,25
m,-54.53372256241161,72.46627743758839,25
p,-96.40902962224558,71.59097037775442,25
i,-32.38891194086793,41.61108805913207,25
r,-80.28254884850115,90.71745115149885,25
f,-19.653587418280964,96.34641258171904,25
m,-88.0736669908314,13.926333009168607,25
j,-7.623146979334948,20.376853020665052,25
l,-44.332137528756,39.667862471244,25
o,-50.42699550139551,22.573004498604494,25
v,-58.578372622885425,21.421627377114575,25
x,-65.63565792280774,85.36434207719226,25
c,-57.08989361750481,72.91010638249519,25
b,-54.4441627541441,28.555837245855898,25
h,-19.405714767459475,72.59428523254053,25
c,-75.4444495851936,60.555550414806405,25
r,-72.99483462645983,31.005165373540166,25
u,-10.961365594681167,64.03863440531883,25
w,-38.72432196269245,64.27567803730754,25
x,-82.33910486344337,70.66089513655663,25
z,-68.77678277392684,76.22321722607316,25
u,-64.6997607844588,53.3002392155412,25
h,-8.695600453422362,82.30439954657764,25
s,-88.1742044161679,39.8257955838321,25
e,-21.84095237480599,24.15904762519401,25
u,-14.885168544122514,40.114831455877486,25
d,-7.474752412090504,18.525247587909497,25
e,-54.52073128888625,12.479268711113749,25
p,-44.89381720410546,78.10618279589454,25
g,-34.47358511966335,16.526414880336652,25
u,-57.3547169458195,8.645283054180503,25
n,-5.92004600383184,22.07995399616816,25
w,-37.77066714552526,65.22933285447473,25
h,-7.207175008221687,54.79282499177831,25
b,-58.8096869908742,57.1903130091258,25
h,-10.70616714062538,27.293832859374618,25
r,-66.89691472946774,55.103085270532254,25
y,-77.24280851094703,85.75719148905297,25
m,-69.66516500080313,40.33483499919688,25
y,-44.032626871449786,8.967373128550216,25
m,-38.80593335967354,26.19406664032646,25
