b,-29.463331811104986,78.536668188895,100
i,-21.14808542733291,79.8519145726671,100
h,-52.507596350973856,61.492403649026144,100
o,-44.3844245871807,53.6155754128193,100
y,-82.67584965492598,79.32415034507402,100
i,-84.30852535956542,1.691474640434575,100
g,-9.919095115334676,31.080904884665326,100
l,-60.19739229413123,67.80260770586877,100
j,-14.225225708861212,23.77477429113879,100
c,-69.18372962760976,53.816270372390235,100
w,-82.55268091024358,96.44731908975642,100
a,-54.038696987310374,63.961303012689626,100
w,-58.78892016643405,60.21107983356595,100
i,-78.8000407325112,12.199959267488794,100
t,-52.082375761213726,27.91762423878627,100
b,-25.77945055683689,97.22054944316311,100
y,-45.65430537209036,82.34569462790964,100
y,-87.93745566262608,80.06254433737392,100
c,-58.98028294957974,89.01971705042025,100
b,-19.04231451192486,21.95768548807514,100
k,-11.289017781591367,26.71098221840863,100
e,-39.779846335127054,64.22015366487294,100
m,-42.014376074090706,83.9856239259093,100
h,-40.456814497954795,89.5431855020452,100
c,-66.49706250904688,14.502937490953117,100
a,-33.164110676340655,11.835889323659345,100
w,-65.10992700109026,12.890072998909751,100
s,-3.0561438059828783,84.94385619401712,100
f,-23.819025832630263,8.180974167369737,100
o,-31.59528896900603,67.40471103099397,100
s,-6.046922684376731,11.953077315623268,100
z,-82.18181029774486,36.81818970225514,100
c,-83.24276967815946,74.75723032184054,100
i,-42.51389366155372,20.486106338446273,100
c,-91.29599323456664,75.70400676543336,100
e,-60.77770094084996,14.222299059150037,100
j,-81.7278303376364,76.2721696623636,100
n,0.24215740471457492,31.242157404714575,100
w,-80.97135916726214,77.02864083273786,100
x,-79.4031429534019,79.5968570465981,100
e,-21.487203912889843,76.51279608711016,100
f,-34.18112701361327,8.818872986386726,100
p,0.32997643096711293,45.329976430967115,100
k,-31.932815171136102,30.067184828863898,100
i,-94.00089754875522,78.99910245124478,100
b,-24.08088364338733,51.91911635661267,100
j,-27.018835688691457,62.98116431130854,100
f,-50.68278470935238,40.31721529064762,100
l,-20.359466551424205,75.6405334485758,100
t,-22.00872073960295,70.99127926039705,100
s,-64.08250811432346,21.91749188567654,100
e,-82.22805191078038,5.771948089219617,100
s,-42.86380153040638,4.136198469593622,100
b,-14.839626557764042,77.16037344223595,100
h,-49.11717845185019,0.8828215481498148,100
y,-48.21535388457858,58.78464611542142,100
o,-86.98600678229546,39.01399321770454,100
u,-18.472625201046682,75.52737479895332,100
p,-15.331368739935508,30.66863126006449,100
r,-31.733952777528945,64.26604722247106,100
y,-58.168500290838054,35.831499709161946,100
u,-15.715211782476931,33.28478821752307,100
u,-80.54027720178253,34.45972279821748,100
w,-40.501192808523506,19.498807191476494,100
q,-6.565676175168715,0.43432382483128507,100
y,-12.50098754936551,67.4990124506345,100
k,-78.82373971140461,84.17626028859539,100
i,-66.41615835952562,1.5838416404743731,100
j,-93.0723752989884,27.927624701011588,100
e,-60.15874462608092,76.84125537391908,100
j,-74.35559492633875,12.644405073661243,100
i,-83.11576598034642,29.88423401965357,100
u,-50.92618862105637,86.07381137894363,100
o,-76.06010859261083,82.93989140738917,100
u,-49.72971244801467,93.27028755198532,100
g,-88.62812560129662,87.37187439870338,100
k,-4.769633043326637,51.230366956673365,100
o,-72.17183960236426,3.8281603976357417,100
t,-66.34783749631018,39.65216250368982,100
f,-9.54096209070714,26.45903790929286,100
e,-78.85946010838124,55.14053989161875,100
n,-38.37525430962856,78.62474569037144,100
l,-19.371361394582536,43.628638605417464,100
w,-56.574558434531234,95.42544156546876,100
e,-31.321784607513127,14.678215392486873,100
i,-46.37060843989854,95.62939156010145,100
c,-15.464096888237064,69.53590311176293,100
m,-53.17495731585874,66.82504268414125,100
w,-83.97894867989127,18.02105132010872,100
n,-60.07885039840231,15.92114960159769,100
c,-87.11272563065333,8.887274369346665,100
p,-68.46406124436706,61.535938755632934,100
l,-3.741574654108628,63.258425345891375,100
e,-17.667409332040183,65.33259066795982,100
s,-84.87220088491401,23.127799115085995,100
q,-21.28513297236818,88.71486702763181,100
o,-35.622384957529476,8.377615042470524,100
d,-90.8782369194129,89.1217630805871,100
w,-65.07250502155765,81.92749497844235,100
j,-13.546431899191326,40.453568100808674,100
e,-30.79165816654334,34.208341833456664,100
y,-76.94257999473078,22.057420005269226,100
m,-41.611734752397275,30.388265247602725,100
z,-80.77772693067467,44.222273069325325,100
y,-10.313802183700439,3.6861978162995612,100
s,-55.230028897014634,73.76997110298537,100
e,-72.60603931160367,7.3939606883963345,100
m,-24.72922989184709,12.27077010815291,100
o,-86.70671981318236,87.29328018681764,100
g,-33.085542695489316,10.914457304510684,100
w,-87.56261101631947,39.43738898368053,100
l,-71.36731249019033,11.632687509809669,100
o,-15.035938693196462,88.96406130680354,100
q,-5.852090803292708,65.14790919670729,100
o,-81.17619048002528,22.82380951997472,100
t,-68.61355345303475,50.38644654696525,100
e,-66.09624008551248,20.903759914487527,100
o,-62.954202109113254,12.045797890886746,100
m,-28.735498158328955,90.26450184167105,100
t,-89.5771619919962,2.4228380080037923,100
t,-43.31027495940864,86.68972504059136,100
z,-93.04956519063569,97.95043480936431,100
s,0.8106177487172096,19.81061774871721,100
a,-38.5172614627737,56.4827385372263,100
r,-15.67337039518596,36.32662960481404,100
q,-91.22506728357834,52.77493271642166,100
o,-60.38955098758721,19.61044901241279,100
o,-48.732254670793886,86.26774532920612,100
y,-41.82046089317522,68.17953910682478,100
y,-31.291831434436066,66.70816856556394,100
o,-84.15979784237392,42.840202157626074,100
j,-69.41314096463313,95.58685903536687,100
y,-32.87832341966325,76.12167658033674,100
w,-12.658495797413822,49.34150420258618,100
a,-48.41871315348453,59.58128684651547,100
d,-75.61129089862841,73.38870910137159,100
c,-10.700492429703296,91.29950757029671,100
c,-75.03206680150186,54.96793319849814,100
o,-61.6019772226468,92.39802277735319,100
w,-79.55202759796931,19.447972402030693,100
r,-12.595260679467815,61.40473932053219,100
f,-77.63796283781541,76.36203716218459,100
x,-15.812568968877489,64.18743103112251,100
i,-18.450090515906087,30.549909484093913,100
c,-17.972412576819032,17.027587423180968,100
y,-3.974813585879097,56.0251864141209,100
z,-52.911915651799944,71.08808434820006,100
u,-87.9075963289035,72.0924036710965,100
o,-33.0049530375688,91.9950469624312,100
k,-94.73507900676051,18.264920993239485,100
k,-31.236675691214252,96.76332430878576,100
e,-94.32777905474167,78.67222094525833,100
g,-95.79818338104465,86.20181661895535,100
w,-71.6700351480825,48.3299648519175,100
g,-39.11837055506145,89.88162944493854,100
t,-56.96558758081191,88.03441241918809,100
g,0.6009613586438728,84.60096135864387,100
s,-7.124206044706669,13.875793955293332,100
t,-56.11523091943864,66.88476908056137,100
z,-65.09763410669645,7.902365893303559,100
k,-69.15925129725898,14.840748702741022,100
z,-13.741245713785887,95.25875428621411,100
g,-46.59763143982406,42.40236856017594,100
w,-81.6134995119845,70.3865004880155,100
a,-84.54489866529481,18.455101334705187,100
o,-67.79307791315298,44.206922086847015,100
g,-54.157820009477604,66.8421799905224,100
k,-59.180205468786895,91.8197945312131,100
t,-3.7158864286565696,17.28411357134343,100
w,-17.194585898971244,71.80541410102876,100
q,-82.11480052880462,7.88519947119538,100
x,-61.55729850999132,89.44270149000869,100
t,-46.907664619201334,67.09233538079867,100
w,-67.47134612311713,92.52865387688287,100
z,-27.052106035682748,73.94789396431725,100
w,-60.89501809541893,98.10498190458107,100
i,-5.278120862149857,94.72187913785014,100
a,-43.35171816198525,91.64828183801475,100
w,-63.5137720397027,12.4862279602973,100
a,-39.26157447535266,6.738425524647343,100
q,-30.36385665063447,95.63614334936553,100
u,0.8859837732671456,86.88598377326714,100
a,-70.79429432320742,19.205705676792572,100
p,-26.00178492881583,92.99821507118418,100
y,-70.10893163939991,3.8910683606000815,100
o,-42.48419407870187,56.51580592129813,100
u,-59.27204119299308,4.727958807006922,100
f,-35.82560060935936,51.17439939064064,100
f,-93.64925598938132,19.350744010618687,100
r,-73.519288723179,38.48071127682099,100
k,-25.789959892666975,56.21004010733302,100
h,-73.77005868251769,33.22994131748232,100
g,-95.05397974933275,47.94602025066724,100
n,-9.156273548498858,37.84372645150114,100
y,-56.746318505216415,46.253681494783585,100
f,-95.84497584416678,22.155024155833217,100
b,-58.13540013277308,24.864599867226918,100
h,-11.669164101227674,32.33083589877233,100
a,-7.83424034910404,19.16575965089596,100
a,-5.117484921393124,42.88251507860688,100
m,-33.59768783379059,89.40231216620941,100
k,-37.525047976529,3.4749520234709985,100
z,-69.1734013106919,76.8265986893081,100
g,-75.42642223684967,59.57357776315033,100
b,-35.15788979376188,24.842110206238115,100
d,-42.357167627595025,73.64283237240498,100
e,-16.614330894358098,82.38566910564191,100
l,-81.55053927579253,2.4494607242074697,100
c,-55.916819392173956,30.083180607826044,100
t,-68.47668997697224,70.52331002302776,100
a,-27.340477234850315,72.65952276514969,100
o,-42.139332978805285,41.860667021194715,100
l,-80.00532837364639,13.994671626353611,100
e,-85.7236539658591,73.2763460341409,100
a,-13.046156330855172,35.95384366914483,100
i,-15.545005803897348,52.45499419610265,100
d,-83.61904125335082,34.38095874664918,100
c,-49.70162663339669,98.29837336660331,100
q,-69.55274217574164,17.44725782425836,100
b,-44.04486009468347,28.95513990531653,100
v,-2.8700695002201764,90.12993049977982,100
d,-21.998948337328212,59.00105166267179,100
i,-82.2634373644817,14.736562635518297,100
p,-1.9914012576584443,19.008598742341555,100
f,-24.985929418613612,77.01407058138639,100
j,-27.350411225645487,1.6495887743545128,100
h,-74.77075484094188,29.229245159058127,100
a,-75.35871029722061,42.64128970277938,100
c,-57.02905708226933,72.97094291773067,100
z,-45.21357593759712,74.78642406240287,100
u,-36.32118684500092,45.67881315499908,100
k,-24.30941245787338,54.69058754212662,100
z,-85.38953899254426,77.61046100745574,100
s,-32.179886912490346,31.82011308750965,100
y,0.8736065488458576,86.87360654884586,100
y,-23.582599077695427,90.41740092230458,100
j,-31.077092597677723,3.9229074023222754,100
r,-12.141082317446276,6.858917682553724,100
f,-72.90893028475493,70.09106971524507,100
o,-18.093659975593532,67.90634002440646,100
y,-76.40705301762571,39.592946982374286,100
a,-43.04817699803299,73.951823001967,100
r,-30.937285306549235,57.062714693450765,100
d,-33.59176448942397,89.40823551057603,100
r,-21.680815559031284,53.31918444096872,100
n,-46.70586816779137,94.29413183220862,100
w,-82.51100099335406,40.48899900664594,100
v,-24.078533356398474,14.921466643601528,100
h,-37.598028570115446,92.40197142988455,100
e,-16.65868312007561,16.34131687992439,100
c,-65.6351359212906,80.3648640787094,100
