e,-79.06669103409449,2.933308965905508,100
m,-23.069993819091916,67.93000618090808,100
i,-74.06099153982846,87.93900846017154,100
y,-12.641790095281662,33.358209904718336,100
j,-76.56406093277948,91.43593906722052,100
h,-7.449772442093298,39.5502275579067,100
e,-73.34151603262903,17.658483967370977,100
m,-12.30634267492576,11.69365732507424,100
b,-68.17750527505365,86.82249472494635,100
d,-42.80943159082941,38.19056840917059,100
j,-53.15926886489794,35.84073113510206,100
c,-72.10707705327516,15.892922946724836,100
x,-76.09993823598661,19.90006176401339,100
d,-41.54232574799989,2.4576742520001136,100
l,-40.20470476948618,71.79529523051382,100
s,-53.846097785063016,51.153902214936984,100
i,-96.44206528723932,48.55793471276069,100
p,-32.907199684867535,26.092800315132465,100
h,-94.10616309342146,36.89383690657854,100
k,-4.070699452506889,65.92930054749311,100
v,-59.82769876567275,32.17230123432725,100
m,-21.009897946726667,69.99010205327333,100
y,-22.6824529323939,97.3175470676061,100
n,-46.2991703589444,70.7008296410556,100
w,-24.496042451483167,26.503957548516833,100
n,-41.995153348361306,30.00484665163869,100
i,-22.848407849295313,17.151592150704687,100
y,-55.09310264403877,15.906897355961227,100
q,-50.293829745909505,29.706170254090495,100
h,-15.310997871936483,81.68900212806352,100
x,-57.113339771216275,5.886660228783728,100
g,-94.72445948223607,23.275540517763933,100
l,-30.360208562668518,15.63979143733148,100
g,-45.67799496751784,1.3220050324821595,100
o,-24.24506103084153,6.754938969158469,100
t,-61.08897059771809,98.91102940228191,100
p,-55.40445557334611,22.595544426653884,100
s,-27.501090884881204,66.49890911511879,100
g,-54.96914856443974,22.030851435560262,100
a,-60.3486031338918,10.651396866108199,100
d,-22.17682322891224,67.82317677108776,100
j,-21.336267575986767,62.66373242401323,100
f,-95.0591151086443,31.94088489135569,100
w,-77.9044362706217,91.0955637293783,100
n,-16.21840861162683,64.78159138837317,100
l,-97.33362456394062,39.66637543605939,100
i,-26.57902198146503,5.42097801853497,100
u,-93.69386937019537,79.30613062980463,100
l,-6.460445561414067,48.53955443858593,100
v,-94.67118119692009,38.32881880307991,100
x,-68.86337387314072,90.13662612685928,100
d,-89.70805705564781,78.29194294435219,100
x,-38.881530627761414,70.11846937223858,100
j,-31.704190473672323,66.29580952632767,100
r,-72.16442270929242,91.83557729070758,100
h,-64.73659010029131,57.26340989970869,100
a,-70.0174367609597,74.9825632390403,100
y,-3.2291288957291973,43.7708711042708,100
w,-71.99560683420843,60.00439316579157,100
h,-30.639285222654625,33.36071477734537,100
s,-47.542291982104615,1.4577080178953827,100
m,-74.92681155666493,40.07318844333508,100
x,-58.16886873592711,11.83113126407289,100
j,-51.851494977796705,49.148505022203295,100
q,-20.68557964760445,13.314420352395551,100
s,-74.27890284731454,77.72109715268546,100
y,-25.31036510699321,44.68963489300679,100
t,-95.03228955840746,52.967710441592544,100
n,-3.1360489073348314,75.86395109266518,100
p,-86.40807475755308,63.59192524244691,100
i,-30.809849134350674,49.19015086564933,100
o,-89.61133207707469,83.38866792292531,100
s,-2.0901082274159855,96.90989177258402,100
k,-3.693266674895983,0.30673332510401696,100
m,-8.17484877922121,35.82515122077879,100
y,-70.7240639830453,72.2759360169547,100
c,-60.382761557626715,62.617238442373285,100
k,-59.27266268948835,64.72733731051166,100
s,-86.00424520686104,46.995754793138964,100
l,-15.944018435651433,55.05598156434856,100
y,-47.05617237438403,43.94382762561597,100
a,-62.085933076981426,4.9140669230185745,100
q,-66.79242233823345,30.207577661766546,100
s,-12.960878076776401,24.039121923223597,100
m,-10.444252267290397,33.555747732709605,100
d,-35.42209225599254,18.57790774400746,100
i,-18.777576593113388,30.222423406886612,100
s,-1.115169311365694,79.88483068863431,100
q,-86.76723132591972,35.23276867408028,100
v,-6.411516695376997,6.588483304623003,100
b,-29.944119060438705,36.0558809395613,100
s,-18.84384053620803,64.15615946379197,100
t,-80.93970297728755,57.06029702271245,100
j,-91.81126525359643,8.188734746403574,100
s,-73.5797223338443,7.420277666155696,100
u,-46.02851114756257,22.97148885243743,100
u,-80.99703478650538,95.00296521349462,100
f,-34.966128312311135,24.033871687688865,100
e,-37.9153248103419,55.0846751896581,100
q,-47.638895463147,27.361104536853,100
h,-64.02552017615407,23.974479823845925,100
c,-77.94202551348555,17.05797448651445,100
a,-64.0296315103453,63.9703684896547,100
f,-67.55638780642393,76.44361219357607,100
n,-72.78953839729475,41.21046160270526,100
r,-33.37674846570097,96.62325153429903,100
s,-4.049167650780684,28.950832349219315,100
e,-13.56017619556168,24.43982380443832,100
n,-50.264352509386185,37.735647490613815,100
q,-41.35136182986091,41.64863817013909,100
h,-74.2222136285035,16.777786371496507,100
s,-0.9205175100840344,30.079482489915964,100
k,-72.24191881146936,37.758081188530646,100
i,-60.271720130476055,89.72827986952394,100
m,-1.789369367044044,27.210630632955954,100
f,-25.786466888984215,90.21353311101578,100
r,-19.70821967018712,81.29178032981288,100
h,-10.368039434245613,25.631960565754387,100
d,-10.183775107877496,57.816224892122506,100
g,-8.221519724190864,58.77848027580914,100
p,-10.85645258746861,21.14354741253139,100
e,-3.3431012466456163,70.65689875335438,100
j,-19.893518523760616,49.10648147623939,100
g,-84.39725645143653,81.60274354856347,100
z,-76.47335308085097,28.526646919149034,100
t,-68.28031308943093,14.719686910569067,100
v,-73.12015525987705,25.879844740122945,100
r,-22.00642369711199,45.99357630288801,100
h,-67.92657218017649,75.07342781982351,100
n,-7.143706344551929,13.856293655448072,100
f,-37.49094096826013,86.50905903173988,100
w,-55.801197234847166,56.198802765152834,100
v,-11.914484866050888,83.08551513394912,100
i,-66.61389120919223,26.38610879080776,100
b,-26.667531415745774,20.332468584254226,100
r,-84.88280651202867,17.11719348797133,100
c,-93.78769635478872,28.21230364521128,100
c,-29.779997166298873,44.22000283370113,100
h,-21.703907637239528,3.296092362760472,100
b,-67.81727276376128,6.182727236238715,100
b,-45.12192115849324,45.87807884150676,100
j,-12.465261527404007,25.534738472595993,100
n,-82.19097449085847,7.809025509141535,100
u,-66.89966958656711,83.10033041343289,100
o,-61.17702544074573,59.82297455925427,100
x,-97.08974065166309,26.910259348336908,100
s,-67.70353965044211,93.29646034955789,100
w,-2.15382551800847,65.84617448199153,100
b,-20.717052302427156,91.28294769757285,100
x,-24.239402851122726,63.760597148877274,100
o,-4.137275378889459,83.86272462111054,100
x,-94.62694449952376,77.37305550047624,100
b,-57.062755304191256,43.937244695808744,100
c,-61.35412550770755,58.64587449229245,100
y,-92.07679608738674,77.92320391261326,100
p,-59.99104431210965,41.00895568789035,100
w,-71.4142677198866,0.5857322801133986,100
k,-58.04890667077969,44.95109332922031,100
g,-45.039511688143975,21.960488311856025,100
h,-44.18645455942787,59.81354544057213,100
u,-1.629035072533838,86.37096492746616,100
d,-97.50203407391997,54.49796592608003,100
y,-53.56986857127414,73.43013142872586,100
p,-7.887795449352348,83.11220455064765,100
z,-30.806411198653773,64.19358880134622,100
m,-25.75898766966722,53.24101233033278,100
u,-38.92523442083511,39.07476557916489,100
x,0.5719888871324567,17.571988887132456,100
i,-62.56448514714654,35.43551485285346,100
w,-57.96904369668611,6.0309563033138955,100
l,-62.14856807285122,49.85143192714878,100
b,-31.91033540744782,34.08966459255218,100
a,-92.0582113442521,13.941788655747896,100
j,-23.425286411480457,24.574713588519543,100
t,-60.06145757653612,53.93854242346388,100
n,-43.35882583946708,25.641174160532916,100
b,-33.22155822603566,29.77844177396434,100
x,-63.876357342318556,56.123642657681444,100
a,-40.21648487780761,61.78351512219239,100
h,-79.52261189308412,0.47738810691588374,100
q,-37.65098241700432,60.34901758299568,100
g,-5.143165376140258,32.85683462385974,100
q,-91.78542558205284,14.21457441794716,100
v,-59.2567995337532,59.7432004662468,100
b,-22.060230419125872,85.93976958087413,100
b,-53.58695089838556,68.41304910161443,100
q,-10.5941404255689,1.4058595744311,100
o,-1.8522438540551054,41.147756145944896,100
m,-8.415056459608733,29.58494354039127,100
q,-78.50890110234191,95.49109889765809,100
n,-40.45056764987012,89.54943235012988,100
t,-73.771191629221,3.2288083707790003,100
u,-96.20853113893088,70.79146886106912,100
y,-0.8479068752598029,0.1520931247401971,100
k,-69.74557062347952,50.254429376520484,100
o,0.15379230777388841,71.15379230777388,100
m,-85.13975046169175,13.860249538308254,100
j,-28.30411169049454,30.69588830950546,100
i,-13.888417858113348,49.11158214188665,100
p,-27.103739881094768,30.896260118905232,100
u,-53.86645847349255,7.1335415265074475,100
o,-4.976683834743842,22.02331616525616,100
f,-28.659159710845124,56.340840289154876,100
o,-66.10181669177221,80.89818330822779,100
l,-59.42873661220126,52.57126338779874,100
f,-95.58104619642991,67.41895380357009,100
v,-3.8504991586056607,53.14950084139434,100
a,-9.798650827056708,94.2013491729433,100
k,-76.64585786288234,0.3541421371176644,100
o,-46.03886021888892,16.961139781111083,100
t,-43.70393561770825,14.296064382291751,100
z,-40.46084757063641,52.53915242936359,100
k,-48.11524281738578,11.884757182614226,100
z,-33.42692773108006,2.5730722689199395,100
j,-37.49332573902118,67.50667426097883,100
y,-82.10533812763245,98.89466187236755,100
d,-75.96141529172647,56.03858470827353,100
u,-64.20768930095578,64.79231069904422,100
l,-16.152756028330028,48.847243971669975,100
m,-59.391359376054,5.6086406239460045,100
u,-43.06207057485684,24.93792942514316,100
r,-50.004332158262756,82.99566784173724,100
v,-31.824769186280783,13.175230813719217,100
l,-22.230737662854942,27.769262337145058,100
v,-42.40006576189917,60.59993423810083,100
m,-74.21411688702493,70.78588311297507,100
s,-95.86148140370328,73.13851859629672,100
e,-25.957262697616386,55.042737302383614,100
g,-81.32017991922673,87.67982008077327,100
u,-23.3272929158556,17.6727070841444,100
i,-63.18501075978966,32.81498924021034,100
v,-81.65779319859097,27.342206801409034,100
x,-95.465994620696,59.53400537930401,100
r,-92.64660070697865,58.353399293021354,100
k,-29.188984402856576,43.811015597143424,100
o,-18.31286364028222,42.68713635971778,100
k,-24.908506668339186,14.091493331660814,100
m,0.44560549318659637,74.44560549318659,100
c,-17.585017333109867,50.41498266689013,100
u,-65.15836718288749,67.84163281711251,100
k,-82.37950387618082,79.62049612381918,100
m,-68.53535686201579,95.46464313798421,100
l,-17.66742908021958,22.33257091978042,100
u,-30.569030479821645,0.4309695201783561,100
l,-62.31553051690882,24.684469483091174,100
d,-8.702887981585045,58.29711201841496,100
p,-34.1342481194579,77.8657518805421,100
b,-92.7097946741785,54.29020532582151,100
u,-60.38631932069015,6.613680679309849,100
z,-52.42026683814007,24.579733161859924,100
q,-79.96872498941887,10.031275010581124,100
