b,-10.059389904520671,51.94061009547933,500
d,-15.370496656510923,87.62950334348908,500
i,-81.85336471279638,33.14663528720362,500
b,-96.99890084541347,8.001099154586521,500
c,-36.80382711179459,36.19617288820541,500
a,-38.549867679625194,87.4501323203748,500
d,-39.72226603793449,22.27773396206551,500
m,-44.27483051796978,42.72516948203022,500
n,-84.74928262278975,97.25071737721025,500
v,-20.953177657516704,48.046822342483296,500
j,-37.8153407049576,75.18465929504241,500
r,-17.72839559295059,72.27160440704941,500
n,-34.490166331983204,87.5098336680168,500
q,-87.85507946929991,83.14492053070009,500
s,-39.068108499327835,73.93189150067217,500
o,-93.18145512450789,87.81854487549211,500
j,-71.94280611733274,22.05719388266727,500
x,-60.92050006527552,76.07949993472448,500
m,-28.961602785823604,12.038397214176397,500
w,-42.91926070474592,59.08073929525408,500
h,-54.8359258830313,25.164074116968703,500
t,-24.584501243330656,61.41549875666934,500
c,-61.633651741521454,15.36634825847855,500
z,-19.876716431400187,2.123283568599814,500
m,-44.17375871627441,44.82624128372559,500
r,-87.81919213340466,68.18080786659534,500
s,-5.321284553190589,50.67871544680941,500
c,-51.90890859621739,24.091091403782613,500
u,-71.27095586175275,52.72904413824725,500
p,-36.892995008298044,4.107004991701958,500
y,-31.83195315128035,20.16804684871965,500
j,-86.14996522431929,19.850034775680708,500
g,-67.09169226745045,77.90830773254955,500
o,-65.43978317495105,1.5602168250489568,500
n,-66.26858939019299,31.731410609807014,500
w,-45.427215362223045,31.57278463777696,500
o,-50.451864961302775,48.548135038697225,500
y,-82.49013578718635,32.50986421281366,500
p,-17.642996571082715,70.35700342891728,500
e,-95.06846603932274,46.93153396067726,500
q,-90.81394584253944,35.18605415746056,500
m,-93.37929443974984,78.62070556025016,500
d,-54.04619197865028,38.95380802134972,500
x,-69.58924422492785,26.410755775072147,500
e,-23.796529034082383,8.203470965917617,500
u,-76.75287448829188,87.24712551170812,500
o,-88.30283522425218,10.697164775747824,500
s,-63.38380409294192,40.61619590705808,500
e,-47.282540919724404,61.717459080275596,500
i,-23.255101782491316,12.744898217508682,500
g,-70.20894428285223,10.791055717147776,500
t,-37.88053171101411,52.11946828898589,500
m,-94.30713864238551,12.69286135761449,500
v,-78.37228920646717,85.62771079353283,500
g,-78.17299234178921,65.82700765821079,500
b,-44.70641430832912,24.29358569167088,500
w,-73.79693413807541,3.2030658619245846,500
v,-54.58319467638463,63.41680532361537,500
b,-35.25888563642304,45.74111436357696,500
a,-68.50419334267461,73.49580665732539,500
e,-77.6441494006506,49.355850599349395,500
q,-60.161777156536516,93.83822284346348,500
d,-76.08294814873238,42.91705185126762,500
a,-17.908151334989512,35.09184866501049,500
u,-11.856167542267666,94.14383245773233,500
a,-78.33075417813392,20.669245821866085,500
x,-18.835908855945224,34.16409114405478,500
z,-13.893700789326482,60.10629921067352,500
s,-46.2111153856742,81.78888461432581,500
o,-63.45943020927897,89.54056979072102,500
p,-9.974841390834232,47.02515860916577,500
v,-27.010090431349333,0.9899095686506677,500
k,-53.64713932135897,80.35286067864102,500
h,-53.20688014088095,83.79311985911906,500
v,-17.487493838624204,88.5125061613758,500
p,-69.39786533103977,12.602134668960225,500
l,-12.824593500091547,24.17540649990845,500
y,-0.5012077940323143,24.498792205967685,500
s,-90.19436766159507,83.80563233840493,500
b,-26.744552297999643,95.25544770200035,500
m,-15.224022921918833,95.77597707808117,500
f,-56.644545369485,91.355454630515,500
j,-84.16644800424187,59.833551995758135,500
q,-51.515858830814985,77.48414116918501,500
c,-25.27681225998454,21.72318774001546,500
o,-22.719055465580233,78.28094453441976,500
y,-92.93610205639547,67.06389794360453,500
r,-34.11765585317889,1.8823441468211108,500
t,-26.92735216736963,73.07264783263037,500
r,-81.43385230407299,83.56614769592701,500
w,-82.59142846179215,0.4085715382078451,500
o,-10.213992583443076,0.7860074165569241,500
r,-31.04388399405429,45.95611600594571,500
k,-22.75665779278665,32.243342207213345,500
a,-71.63129655497683,37.36870344502318,500
n,-48.75945809145312,17.24054190854688,500
d,-24.82291883657803,58.17708116342197,500
n,-22.042614378728583,0.9573856212714152,500
y,-1.0088225732066542,2.991177426793346,500
t,-80.72109967131281,5.278900328687181,500
f,-94.13810197617137,17.86189802382863,500
c,-54.450006035070714,94.54999396492929,500
m,-66.19704393469326,15.80295606530674,500
b,-31.951484602231368,47.04851539776863,500
w,-1.6798685609939192,88.32013143900608,500
h,-48.85444063443977,84.14555936556023,500
y,-97.90336784134517,48.09663215865483,500
h,-82.1141030916574,39.885896908342595,500
v,-49.251088001914034,75.74891199808596,500
r,-14.427493438987202,50.5725065610128,500
s,-57.58671397883684,4.413286021163163,500
n,-38.5956806777735,92.4043193222265,500
a,-88.28579604697535,24.714203953024654,500
y,-68.69819148412374,93.30180851587626,500
h,-66.88546326431671,70.11453673568329,500
c,-86.55793980836758,36.44206019163242,500
q,-8.54686358362667,28.45313641637333,500
n,-1.6123941386577259,84.38760586134228,500
z,-14.944726724217718,85.05527327578228,500
y,-67.6010737717106,87.3989262282894,500
z,-50.72288873791637,6.277111262083627,500
u,-1.0658264119284362,76.93417358807156,500
g,0.474398276156362,53.474398276156364,500
a,-9.984019136652241,44.01598086334776,500
w,-79.91787650612044,90.08212349387956,500
p,-16.170415375015804,51.82958462498419,500
c,-93.48028529454864,72.51971470545136,500
d,-19.520445966184575,70.47955403381542,500
f,-70.98523181958491,46.01476818041508,500
w,-85.87888191568935,18.121118084310655,500
h,-77.59599450706655,29.404005492933457,500
o,-70.19925575538757,94.80074424461243,500
t,-61.52368095287766,54.47631904712234,500
d,-70.56811078455301,72.43188921544699,500
k,-11.944281295365196,90.0557187046348,500
m,-75.20988085386305,80.79011914613695,500
s,-95.43961218759766,43.56038781240234,500
x,-20.248010891559222,60.75198910844078,500
r,-84.33581182279373,45.66418817720627,500
q,-10.559232997216306,3.440767002783694,500
x,-72.67783237829988,66.32216762170012,500
u,-62.23484828503517,48.76515171496483,500
l,-35.08233087468403,67.91766912531597,500
t,-78.03145807593788,76.96854192406212,500
x,-24.343525842499808,78.6564741575002,500
u,-14.36367730839018,34.63632269160982,500
q,-43.105044894391774,63.894955105608226,500
s,-68.81169124679047,31.188308753209522,500
b,-49.93630087285894,63.06369912714106,500
f,-87.44777143827946,75.55222856172054,500
o,-55.79617737948733,61.20382262051267,500
h,-86.83176225918089,30.1682377408191,500
e,-30.521184210863073,35.478815789136924,500
e,-15.394990313616317,14.605009686383683,500
z,-81.73136030510194,89.26863969489806,500
a,-1.2085939966600754,46.79140600333992,500
p,-73.99145383737586,51.00854616262414,500
h,-3.3094965174467648,81.69050348255324,500
y,-4.575999902736597,97.4240000972634,500
f,-11.308660759470822,90.69133924052917,500
d,-69.50379022071998,83.49620977928002,500
d,-7.23648912941279,42.76351087058721,500
s,-92.42249975674694,75.57750024325306,500
y,-34.48053180767002,2.5194681923299824,500
y,-79.07931354394759,69.92068645605241,500
p,-2.859357788179284,90.14064221182072,500
o,-5.9275193122079255,42.07248068779207,500
g,-36.567215556497736,53.432784443502264,500
j,-70.08355548825507,26.916444511744924,500
f,-10.338939424699973,29.661060575300027,500
e,-77.52610357040952,72.47389642959048,500
t,-74.18546078805149,48.81453921194852,500
s,-95.0448861539286,95.9551138460714,500
b,-69.71125477384102,0.2887452261589758,500
v,-5.337730669490679,92.66226933050932,500
u,-47.3189666645691,57.6810333354309,500
i,-12.352003551763953,30.647996448236047,500
u,-70.71663945245975,8.283360547540253,500
s,-65.35624488087063,17.643755119129366,500
w,-75.59634355836022,39.40365644163978,500
j,-87.76004272757594,1.2399572724240595,500
a,-90.72842128374782,33.27157871625218,500
e,-14.586013651769386,30.413986348230615,500
x,-24.93285729397586,6.067142706024139,500
z,-95.45204489205143,63.54795510794857,500
c,-90.78714583763973,93.21285416236027,500
n,-64.28574957999017,71.71425042000983,500
z,-75.49770448862668,88.50229551137332,500
m,-68.13354947088727,64.86645052911273,500
m,-5.098218005047953,87.90178199495205,500
b,-3.0201897938925573,95.97981020610744,500
c,-88.17211635709779,93.82788364290221,500
i,-4.693402271027054,41.306597728972946,500
t,-21.453785528340838,46.54621447165916,500
z,-31.984212770167325,24.015787229832675,500
h,-62.74573884778524,41.25426115221476,500
h,-96.1783398858096,32.821660114190394,500
f,-54.92401481394749,30.075985186052513,500
r,-76.15186679799456,7.848133202005445,500
v,-80.04531162061991,32.95468837938009,500
h,-11.363809868586253,9.636190131413747,500
b,-64.18045566662516,9.819544333374832,500
i,-46.35014456147136,97.64985543852865,500
r,-14.300473825250313,94.69952617474969,500
y,-55.5346732932383,74.4653267067617,500
v,-71.35779896611653,83.64220103388347,500
k,-44.83259856957684,74.16740143042317,500
e,-78.09947940842012,28.90052059157988,500
m,-33.96348892201169,9.036511077988305,500
x,-79.23911082343814,4.760889176561864,500
m,-24.98356489162077,70.01643510837923,500
u,-55.40802835392697,30.591971646073027,500
p,-97.10442099679841,89.89557900320159,500
c,-37.99366159037648,72.00633840962351,500
u,-42.639198228660895,22.360801771339105,500
h,-67.01639825194047,49.983601748059534,500
r,-10.76415220291636,10.23584779708364,500
f,-38.58841845304592,51.41158154695408,500
s,-25.11880336492368,17.88119663507632,500
c,-16.00722358402594,58.99277641597406,500
p,-67.13890178508468,96.86109821491532,500
x,-53.93633348088368,52.06366651911632,500
p,-26.35895158778905,22.64104841221095,500
l,-53.562388428263716,2.4376115717362814,500
l,-79.55579814630842,26.444201853691585,500
m,-62.661130223704156,65.33886977629584,500
r,-27.37946582750028,33.62053417249972,500
l,-63.16036965891994,79.83963034108007,500
e,-24.85130436075606,72.14869563924394,500
v,-24.093735965957134,64.90626403404286,500
f,-96.56440472052726,31.43559527947274,500
e,-50.255709349350965,92.74429065064903,500
t,-22.15378511913327,24.84621488086673,500
x,-27.680015053932788,60.319984946067216,500
t,-48.761273883850144,28.238726116149856,500
l,-41.69313081652827,29.30686918347173,500
i,-79.6467360169039,96.3532639830961,500
p,-82.85887750742008,71.14112249257992,500
x,-62.68266684146318,55.31733315853682,500
r,-88.09686572295692,45.90313427704307,500
t,-63.59327584652207,15.40672415347793,500
a,-55.603236098063405,85.3967639019366,500
w,-7.295185421699458,70.70481457830054,500
a,-36.97067843878205,72.02932156121794,500
e,-19.13985226086129,24.86014773913871,500
f,-56.07989479822259,53.92010520177741,500
y,-42.85294073928201,49.14705926071799,500
s,-40.06975311413477,67.93024688586523,500
r,-3.879636740619225,19.120363259380774,500
h,-50.538499476690866,72.46150052330913,500
b,-24.476292023721868,51.52370797627813,500
