z,-27.897616865906638,51.10238313409336,500
n,-37.139292354118254,98.86070764588175,500
c,-94.86569888592851,37.1343011140715,500
t,-66.68413014566934,86.31586985433066,500
k,-20.365756301588032,34.63424369841197,500
d,-29.51911141979665,35.48088858020335,500
s,-87.16878647216922,86.83121352783078,500
f,-72.53215979004781,0.46784020995218856,500
y,-16.485958955036676,83.51404104496332,500
t,-32.63949812834154,72.36050187165846,500
d,-35.47396571471685,23.52603428528315,500
a,-11.82036145076265,41.179638549237346,500
z,-12.323932887526851,98.67606711247315,500
e,-62.712691301072354,27.287308698927642,500
r,-82.4996521679423,1.5003478320576933,500
m,-68.22301445444265,9.776985545557347,500
e,-1.626320483627944,55.37367951637206,500
l,-74.1028153025324,79.8971846974676,500
p,-50.06871603888322,35.93128396111678,500
s,0.11325508874457735,13.113255088744577,500
w,-47.67309996567344,22.32690003432656,500
x,-25.64692370630654,51.35307629369346,500
k,-27.871727131403954,10.128272868596046,500
v,-0.7204915585993503,29.27950844140065,500
s,-87.55374430477049,80.44625569522951,500
j,-36.34857222800069,58.65142777199931,500
g,-42.71052254246061,45.28947745753939,500
y,-77.0973208610187,69.9026791389813,500
a,-62.49110138227012,65.50889861772988,500
q,-0.8724068439209978,61.127593156079,500
p,-20.244901819780754,76.75509818021925,500
a,-58.79926938893909,14.200730611060909,500
c,-7.485910723081895,79.5140892769181,500
o,-4.447591435847102,60.5524085641529,500
y,-24.152121680391144,45.84787831960885,500
h,-66.80088638191602,36.19911361808398,500
s,-46.74358795765876,56.25641204234124,500
x,-12.620022725448715,32.37997727455129,500
f,-6.894673779798248,57.10532622020175,500
l,-7.989745371419879,63.01025462858012,500
p,-24.64065665816094,63.359343341839065,500
v,-36.66544967420479,43.33455032579521,500
x,-95.03007937540895,30.969920624591055,500
n,-91.52815602038136,67.47184397961864,500
q,-26.099010720431522,25.900989279568478,500
f,-20.947674744427953,27.052325255572047,500
n,-79.7927077363011,4.207292263698902,500
t,-92.57603963134713,69.42396036865287,500
v,-12.250985762280214,7.749014237719785,500
s,-19.8851292797878,57.1148707202122,500
e,-53.39672001083902,67.60327998916098,500
w,-3.588145221933969,77.41185477806603,500
y,-97.22068597546244,7.779314024537557,500
x,-44.8838467622062,70.11615323779381,500
s,-93.5552871438858,89.4447128561142,500
n,-11.017153004106992,86.98284699589301,500
f,-84.1022119439659,39.8977880560341,500
j,-16.045295634054817,91.95470436594518,500
t,-33.46890871555466,43.53109128444534,500
j,-8.972871148299586,83.02712885170041,500
q,-2.9090842413576894,31.09091575864231,500
d,-41.64335204863962,3.356647951360383,500
e,-46.03481575467254,77.96518424532746,500
i,-60.632452616962205,74.36754738303779,500
c,-0.8983537477537267,3.1016462522462733,500
j,-68.31075419106948,55.68924580893053,500
o,-19.20829401066204,11.791705989337961,500
n,-69.09397379546695,60.90602620453305,500
h,-82.48091592362638,90.51908407637362,500
s,0.8312376550678857,97.83123765506788,500
j,-69.3283288144339,87.6716711855661,500
r,-27.31946009680341,12.680539903196589,500
o,-95.84689530781512,5.153104692184881,500
x,-38.96036253625518,0.03963746374481969,500
l,-37.20861730306639,53.79138269693361,500
l,-76.83734688115634,91.16265311884366,500
h,-45.652198454358185,60.347801545641815,500
c,-33.66031511949109,38.33968488050891,500
t,-21.24636440837518,71.75363559162483,500
b,-66.9287030916875,4.07129690831251,500
j,-20.582508310060852,76.41749168993915,500
b,-9.419254644179222,42.58074535582078,500
d,-62.72807282843789,86.27192717156211,500
u,-47.44831688373979,93.55168311626021,500
f,-82.8827623144133,5.117237685586707,500
j,-37.857904403594695,76.1420955964053,500
y,-58.88017962542267,67.11982037457733,500
n,-86.29485916079994,86.70514083920006,500
f,-61.91630141400614,79.08369858599386,500
t,-15.487683467962384,48.512316532037616,500
h,-49.76134649469917,58.23865350530083,500
q,-20.737965853657,31.262034146343,500
t,-46.68128908316095,50.31871091683905,500
x,-15.761059682256871,42.23894031774313,500
z,-33.48718042523506,40.51281957476494,500
d,-32.777746362354975,5.222253637645027,500
m,-57.67987062471992,53.32012937528008,500
a,-37.869073467663696,73.1309265323363,500
h,-47.533382808613894,12.466617191386106,500
o,-84.76625925282283,9.233740747177162,500
c,-76.76463637211195,93.23536362788805,500
s,-38.58677612390847,49.41322387609153,500
l,-56.171377622271066,71.82862237772893,500
m,-57.188150018380696,18.811849981619304,500
y,0.43704490720973344,44.43704490720973,500
r,-0.6074509609217921,91.3925490390782,500
q,-53.28378758439059,14.716212415609412,500
q,-74.93581881616342,27.064181183836588,500
o,-84.53434194851198,42.46565805148803,500
g,-8.597016470271969,51.40298352972803,500
z,-30.31668622638499,59.68331377361501,500
x,-22.83635725351548,35.16364274648452,500
j,-49.18048894890965,28.81951105109035,500
j,-97.63502718032515,87.36497281967485,500
i,-90.55940639944198,10.44059360055802,500
l,-63.76003537866025,55.23996462133975,500
l,-27.807723146723085,28.192276853276915,500
x,-2.337557946165518,31.662442053834482,500
f,-68.63740475135134,0.36259524864865267,500
y,-97.73387595720644,35.266124042793564,500
e,-57.092104403131785,45.907895596868215,500
x,-83.404829555898,70.595170444102,500
v,-35.339420447779105,50.660579552220895,500
s,-14.40094660765871,9.59905339234129,500
q,-51.40541025041719,36.59458974958281,500
x,-91.77129228409311,94.22870771590689,500
h,-23.813925981651728,86.18607401834828,500
a,-88.90398735990533,82.09601264009467,500
a,-34.422341840505595,56.577658159494405,500
x,-25.236001708322753,45.76399829167725,500
c,-66.68665876684399,37.31334123315602,500
n,-71.63248604118009,13.367513958819917,500
n,-62.227414759370006,74.77258524063,500
p,-43.135674754984294,7.864325245015707,500
m,-69.65801607679055,7.341983923209457,500
h,-8.313139857382513,15.686860142617487,500
l,-3.9505976467015773,81.04940235329842,500
c,-41.4726878055888,10.527312194411204,500
m,-17.597220889931787,40.40277911006821,500
u,-83.0138684942798,40.9861315057202,500
p,-33.00291088110242,73.99708911889758,500
h,-83.96166675610819,20.03833324389181,500
n,-52.43030325588381,42.56969674411619,500
z,-66.10529547256426,19.89470452743573,500
s,-89.09839920950783,8.901600790492168,500
d,-63.313098247707146,81.68690175229285,500
d,-0.6206411809999748,59.379358819000025,500
r,-56.706433009363344,97.29356699063665,500
y,-64.78242161007377,39.21757838992624,500
o,0.7998361438485477,49.799836143848545,500
k,-68.05681759266147,53.943182407338526,500
u,-39.460147263454296,40.539852736545704,500
b,-75.14599724993506,15.85400275006493,500
s,-26.94141344957643,84.05858655042357,500
c,-11.05160717729509,44.94839282270491,500
c,-81.28125673108529,7.71874326891471,500
e,-31.94706958264671,57.05293041735329,500
d,-5.622516792618278,55.37748320738172,500
a,-67.22852288000796,92.77147711999204,500
n,-52.5701079230615,56.4298920769385,500
t,-91.52901898079146,51.47098101920854,500
o,-28.803714867431662,43.19628513256834,500
f,-53.549166366474736,52.450833633525264,500
o,-16.85485646925333,62.145143530746665,500
s,-9.580518192494033,76.41948180750597,500
c,-38.99202473881654,84.00797526118346,500
h,-66.5240292508297,71.4759707491703,500
z,-84.76734829006847,57.23265170993153,500
h,-1.5374045392114088,78.46259546078859,500
i,-52.29264543480382,11.707354565196173,500
e,-52.602285728726685,52.397714271273315,500
d,-67.95345880703067,59.046541192969336,500
f,-61.05776831545395,5.942231684546054,500
i,-73.37421309943377,55.62578690056623,500
z,-4.855792788656042,78.14420721134395,500
d,-11.795630174986327,59.20436982501367,500
w,-68.51699665239514,7.483003347604866,500
s,-85.78882953650968,75.21117046349032,500
e,-8.080747326805767,3.9192526731942325,500
w,-27.6293869151923,27.3706130848077,500
f,-12.958283541095032,75.04171645890497,500
k,-47.27378056476873,7.7262194352312745,500
t,-67.41332055815842,73.58667944184158,500
k,-44.65264909501942,32.34735090498058,500
r,-32.74614130668531,42.25385869331469,500
m,-26.416765252054343,98.58323474794565,500
x,-58.28854234009438,57.71145765990562,500
u,-15.053565100207958,93.94643489979204,500
u,-47.35463280246408,80.64536719753592,500
c,-64.52242875116582,77.47757124883418,500
a,-8.84485946164161,2.15514053835839,500
j,-36.10867013861735,64.89132986138266,500
h,-40.83492230425392,53.16507769574608,500
h,-0.293572232325493,16.70642776767451,500
b,-48.09908372214291,23.900916277857096,500
d,-58.640881652604506,11.359118347395496,500
i,-49.88618624397049,76.11381375602951,500
o,-74.20754965650866,86.79245034349134,500
t,-58.36345372776895,86.63654627223106,500
v,-8.888846717698431,84.11115328230157,500
i,-71.0682561751412,87.9317438248588,500
d,-38.20036768281068,1.7996323171893236,500
j,-3.165749323304979,54.83425067669502,500
u,-69.99953376388264,32.000466236117354,500
s,-91.6864645223675,15.313535477632495,500
k,-66.3811624387755,27.618837561224495,500
l,-66.04416660640216,81.95583339359784,500
g,-0.4278688441509725,88.57213115584902,500
c,-22.12948043233826,20.87051956766174,500
o,-59.886423545133766,97.11357645486623,500
l,-68.54719410135428,63.45280589864572,500
q,-13.887921290243334,15.112078709756666,500
y,-22.677757329055034,52.322242670944966,500
u,-50.66292237284871,79.33707762715129,500
m,-34.86026107251884,92.13973892748116,500
d,-33.13501630081498,78.86498369918502,500
o,-93.22174707372689,29.778252926273115,500
b,-93.90655838225449,16.09344161774551,500
l,-91.32666908462316,70.67333091537684,500
w,-4.00068815744773,40.99931184255227,500
a,-91.63469729004703,43.36530270995298,500
k,-93.90982202093478,32.09017797906521,500
x,-27.323318506697404,4.6766814933025955,500
e,-9.85337418411281,23.146625815887187,500
w,-63.637758501353495,10.362241498646503,500
h,-40.70909958649281,28.29090041350719,500
g,-51.575616595646636,60.424383404353364,500
l,-94.80002264811958,80.19997735188042,500
r,-72.35820171759914,17.64179828240086,500
i,-32.09618965660012,39.90381034339988,500
y,-61.84139826284737,26.158601737152626,500
s,-68.73216889331859,73.26783110668141,500
v,-26.0796000786754,68.9203999213246,500
u,-28.901029378969618,74.09897062103038,500
h,-24.46849319700088,29.53150680299912,500
s,-83.36362595942698,34.636374040573024,500
i,-59.021293666949866,73.97870633305014,500
f,-66.0566854431497,82.9433145568503,500
u,-26.738033076546138,97.26196692345385,500
c,-8.131484702963734,3.8685152970362657,500
m,-3.5454797732523327,76.45452022674766,500
m,-53.923865784801144,51.076134215198856,500
k,-87.52453627798174,43.47546372201827,500
o,-38.23126663885303,95.76873336114697,500
d,-77.5998645273732,7.400135472626804,500
q,-21.695976453620442,79.30402354637955,500
h,-82.68377707032741,86.31622292967259,500
e,-67.7749836817527,37.2250163182473,500
l,-62.50530684488009,0.4946931551199084,500
k,-89.37537687058916,72.62462312941084,500
k,-28.56446500527785,38.435534994722154,500
