u,-41.71167461288783,11.288325387112165,100
o,-56.54966836981545,33.45033163018455,100
a,-81.0380399247226,83.9619600752774,100
n,-37.07390252979209,13.926097470207909,100
n,-22.616571859101963,22.383428140898037,100
h,-24.514885591492334,58.48511440850766,100
q,-64.56856174382172,89.43143825617828,100
u,-54.306955803551915,51.693044196448085,100
f,-6.941548429090263,75.05845157090974,100
b,-19.00662230210421,47.99337769789579,100
r,-53.093014154459745,78.90698584554026,100
f,-70.75619712244401,6.243802877555993,100
k,-88.06212035273259,32.93787964726741,100
y,-44.49201465045635,62.50798534954365,100
u,-83.1665558009024,20.8334441990976,100
m,-92.59162107567344,54.408378924326556,100
r,-61.647767180706964,30.35223281929304,100
u,-86.15566145620573,3.844338543794271,100
w,-2.8960332497200842,31.103966750279916,100
c,-73.63050753014592,76.36949246985408,100
z,-26.682757847332727,55.317242152667276,100
l,-15.689556613287053,65.31044338671295,100
w,-93.35222216046282,61.64777783953718,100
i,-25.7137720992275,17.2862279007725,100
p,-92.80933869356896,15.190661306431045,100
q,-40.88867580645234,15.111324193547663,100
b,-84.38105120796705,36.618948792032946,100
e,-16.304777535390784,58.695222464609216,100
j,-81.62735534641683,41.37264465358316,100
p,-49.83131770713953,55.16868229286047,100
u,-5.606886639650984,66.39311336034902,100
c,-95.99645897377123,93.00354102622877,100
w,-30.515819264134652,53.48418073586535,100
f,-12.910667266148767,45.089332733851236,100
g,-70.27718336852854,19.722816631471453,100
p,-8.456731917442413,4.543268082557587,100
r,-97.00441326947315,6.9955867305268455,100
d,-18.56297776472429,92.4370222352757,100
w,0.09294063435994604,81.09294063435995,100
u,-32.698380235734575,88.30161976426542,100
l,-93.39571274003518,77.60428725996482,100
t,-69.49621362880849,77.50378637119151,100
t,-87.14451748403049,94.85548251596951,100
q,-24.05365994906966,10.946340050930338,100
h,-97.06882796003097,30.931172039969024,100
c,-31.157114886758546,47.84288511324146,100
d,-43.60242363982043,57.39757636017957,100
g,-78.21276195571143,18.78723804428858,100
b,-54.90034370258699,21.099656297413013,100
c,-84.70891257233545,58.29108742766455,100
s,-44.969659237243384,54.030340762756616,100
f,-11.140686328660049,54.859313671339955,100
j,-32.667581423961515,10.332418576038483,100
l,-46.8478610024656,87.1521389975344,100
d,-81.2024700148187,64.7975299851813,100
b,-48.280978237686156,67.71902176231384,100
d,-62.10622034003784,27.89377965996216,100
k,-4.477402277844397,20.522597722155602,100
d,-71.25730142723854,49.742698572761455,100
u,-60.308650000525255,54.691349999474745,100
x,-66.80425289636537,21.195747103634638,100
j,-65.31447555766357,75.68552444233643,100
r,-12.864310937787524,47.13568906221248,100
i,-38.67495288427225,54.32504711572775,100
e,-45.21274282360718,43.78725717639282,100
k,-13.930072566369526,71.06992743363047,100
e,-25.22959195888124,67.77040804111876,100
p,-75.24502726348145,19.754972736518553,100
c,-95.43216629527635,72.56783370472365,100
w,-32.67621897399437,87.32378102600563,100
k,-97.77902958111822,3.2209704188817785,100
x,-36.89518110646769,29.10481889353231,100
q,-39.82602066643782,32.17397933356218,100
s,-52.85394449025788,14.146055509742117,100
l,-54.340624181970874,86.65937581802913,100
d,-3.6246138500437817,44.37538614995622,100
l,-52.65641665272807,63.34358334727193,100
m,-51.293384289281626,87.70661571071838,100
v,-2.5361237244347503,46.46387627556525,100
k,-52.26376943049355,18.736230569506453,100
x,-2.1092701963243803,61.89072980367562,100
v,-70.7111825073398,43.2888174926602,100
d,-39.184680244545625,25.815319755454375,100
g,-70.84747253708136,42.15252746291865,100
x,-34.27842390679325,72.72157609320675,100
d,-41.27192843136378,76.72807156863621,100
y,-41.96471073537136,44.03528926462864,100
b,-93.07027958999939,60.929720410000606,100
r,-54.923226833743925,30.076773166256075,100
h,-81.39717668160667,78.60282331839333,100
q,-14.835561623380737,55.16443837661926,100
l,-45.271459785566506,47.728540214433494,100
r,-71.50877300333306,84.49122699666694,100
q,-87.40007320469694,56.59992679530306,100
s,-48.468897197701715,19.531102802298285,100
i,-51.37067665188437,97.62932334811563,100
v,-42.90140983855262,42.09859016144738,100
j,-10.287958756912566,41.712041243087434,100
y,-9.94185197583153,59.05814802416847,100
y,-6.906737966595464,91.09326203340454,100
s,-85.60945838555843,6.390541614441579,100
u,-69.53324933687544,66.46675066312456,100
i,-75.67486571578424,53.32513428421577,100
v,-5.997484839344148,16.00251516065585,100
h,-32.45099817281933,33.54900182718067,100
b,-39.64920499498988,70.35079500501011,100
d,-58.20566437963609,63.79433562036391,100
q,-85.77839181503484,31.221608184965167,100
u,-60.86685830341567,28.133141696584328,100
s,-73.48113041770637,96.51886958229363,100
w,-44.49011797049498,68.50988202950502,100
x,-14.91392674823585,57.08607325176415,100
g,-63.75371347372804,29.24628652627196,100
d,-87.83844188353393,25.161558116466065,100
l,-72.48942032490146,4.510579675098539,100
j,-87.17814581256624,64.82185418743376,100
w,-72.26659023905414,65.73340976094586,100
u,-33.20788184696931,11.792118153030692,100
n,-15.206282706965437,88.79371729303456,100
x,-13.15933099021299,19.84066900978701,100
r,-39.80694356735124,15.193056432648758,100
w,-40.11749288033105,9.88250711966895,100
r,-34.17388859772869,85.82611140227131,100
g,-25.958079161919414,47.041920838080586,100
o,-22.45669550132515,11.543304498674848,100
i,-65.49950205904781,55.50049794095219,100
s,-87.6198253017231,73.3801746982769,100
v,-18.598133495003097,48.4018665049969,100
e,-7.840627940475139,78.15937205952486,100
w,-74.92648963083951,12.073510369160488,100
f,-49.383082724710505,12.616917275289497,100
d,-81.7384834397241,66.2615165602759,100
u,-48.084710731411526,21.915289268588474,100
z,-52.084015268439835,72.91598473156016,100
g,-10.128568440250923,19.871431559749077,100
q,-70.85871330337568,74.14128669662432,100
k,0.28367178362559164,69.28367178362559,100
a,-83.63443155178443,41.36556844821556,100
i,-56.61536916410988,49.38463083589012,100
n,-94.0406552539928,64.9593447460072,100
w,-11.983125440362786,52.016874559637216,100
o,-55.8515203888294,33.1484796111706,100
s,-46.75037755146567,73.24962244853434,100
i,-36.23845764952505,54.76154235047495,100
v,-5.348823409494185,64.65117659050581,100
v,-73.75596125273276,93.24403874726724,100
i,-32.9945551140566,19.005444885943394,100
x,-42.7276771358736,43.2723228641264,100
r,-84.05092833849585,54.949071661504156,100
q,-83.28127984041313,32.71872015958687,100
g,-16.946999228298495,45.053000771701505,100
q,-68.46364431288936,6.536355687110641,100
p,-5.4530920023947855,16.546907997605214,100
x,-47.69427414672598,57.30572585327402,100
h,-43.34010357616104,72.65989642383896,100
y,-69.66487121594656,64.33512878405344,100
y,-90.0496670318665,17.950332968133495,100
r,-9.376410257900467,93.62358974209954,100
x,-54.28631467406271,41.71368532593729,100
x,-27.38281613236685,52.617183867633145,100
p,-64.12728244179732,4.8727175582026785,100
m,-55.87616553515399,41.12383446484601,100
l,-7.383793123207522,92.61620687679248,100
w,-24.175297910251167,58.82470208974883,100
a,-76.49545088451326,49.50454911548674,100
l,-95.43368442572965,92.56631557427035,100
q,-94.02186133836564,21.978138661634365,100
z,-78.3388720621827,78.6611279378173,100
q,-88.04352292882943,81.95647707117057,100
r,-88.42049742754706,6.579502572452936,100
j,-91.85484330031879,4.145156699681213,100
o,-4.900275472741433,24.099724527258566,100
f,-58.52615142020733,93.47384857979267,100
c,-3.668219776832649,64.33178022316736,100
m,-26.32752557092522,79.67247442907478,100
e,-25.010645919870466,43.98935408012953,100
m,-44.14247553118377,82.85752446881624,100
u,-61.93942811235386,0.06057188764614352,100
s,-50.04727691017674,83.95272308982327,100
a,-27.337895649141544,4.662104350858455,100
e,-50.762399073117486,94.23760092688251,100
h,-64.10871978877512,96.89128021122488,100
v,-1.8858805899588829,48.11411941004112,100
j,-34.874020405286984,14.125979594713014,100
n,-33.061536171011234,90.93846382898877,100
h,-76.92397509890583,37.076024901094165,100
y,-17.79645482909959,10.203545170900407,100
e,-21.08825168197202,27.91174831802798,100
u,-52.17826821410321,44.82173178589679,100
b,-70.65618670432659,3.3438132956734177,100
r,-83.15168383681512,47.848316163184876,100
t,-72.89884789769867,70.10115210230133,100
q,-95.8038062540934,89.1961937459066,100
t,-18.501779310566768,45.49822068943323,100
f,-58.962868595924725,43.037131404075275,100
x,-83.14914368403035,68.85085631596965,100
n,-23.86697470332993,47.13302529667007,100
x,-9.030160220382916,46.96983977961708,100
f,-25.470500795815422,8.529499204184576,100
v,-79.37399379653205,52.62600620346796,100
y,-96.74304245727589,91.25695754272411,100
d,-4.9755815354137445,28.024418464586255,100
p,-75.30950835856413,28.690491641435873,100
w,-52.90298682659967,33.09701317340033,100
p,-63.26411163556218,84.73588836443781,100
z,-81.79660085203457,36.20339914796542,100
b,-26.101289858599007,32.898710141401,100
q,-26.37924143594729,30.62075856405271,100
d,-57.64110111648182,71.35889888351818,100
v,-61.24411682841414,46.75588317158586,100
o,-88.00098096974517,14.999019030254829,100
q,-72.65099413045952,46.34900586954048,100
d,-47.46204098665362,48.53795901334638,100
d,-88.35148507630306,4.648514923696942,100
v,-75.46775948797243,27.532240512027567,100
v,-7.3590096133316285,21.64099038666837,100
c,-87.34183414747824,30.658165852521755,100
n,-42.170421051938305,87.8295789480617,100
m,-89.1435515391317,23.85644846086829,100
i,-28.208682729635004,38.79131727036499,100
s,-36.29059492602216,56.70940507397784,100
l,-5.28610917876342,34.71389082123658,100
a,-46.36422820250508,93.63577179749491,100
v,-94.81527848086482,33.18472151913519,100
n,-35.57617196999291,12.423828030007083,100
b,-24.85574430254185,21.14425569745815,100
y,-68.26469682611658,21.73530317388342,100
r,-1.6821081060151766,31.317891893984825,100
i,-95.85755080351402,69.14244919648598,100
l,-66.97135378218611,70.02864621781389,100
k,-7.168833431690361,60.83116656830964,100
t,-79.36905133979727,34.630948660202726,100
j,-9.954932504537096,17.045067495462906,100
y,-47.06488449900515,5.935115500994846,100
o,-47.40285995745897,83.59714004254103,100
t,-12.44484628166571,89.5551537183343,100
a,-9.083976722578344,45.91602327742166,100
g,-48.66875269862447,65.33124730137553,100
l,-20.6314425087746,55.3685574912254,100
h,-8.018844455403226,86.98115554459677,100
m,-21.014329859144425,11.985670140855575,100
o,-91.07427783569787,6.925722164302125,100
s,-90.30696902036334,69.69303097963666,100
v,-14.858787157667361,76.14121284233264,100
o,-39.77374414601061,9.226255853989391,100
g,-92.74863156250585,94.25136843749415,100
j,-21.007385068242307,97.9926149317577,100
r,-3.9870293249137414,57.01297067508626,100
i,-35.38328160632823,28.616718393671768,100
m,-36.96788472881446,75.03211527118553,100
o,-55.9797059906541,16.0202940093459,100
v,-93.66376666214839,43.33623333785161,100
d,-62.17408264971022,35.82591735028978,100
d,-71.00168661778383,35.998313382216175,100
w,-36.233357266542775,38.766642733457225,100
j,-85.04896615421919,34.951033845780806,100
r,-48.272636544419264,24.72736345558074,100
b,-51.584300459458284,4.415699540541718,100
f,-70.12692505818765,10.87307494181235,100
y,-38.24048897360736,64.75951102639263,100
l,-8.753391322647225,36.246608677352775,100
h,-93.10473089562221,52.895269104377796,100
m,-73.76539076729536,32.234609232704635,100
n,-47.20529185116294,10.794708148837058,100
y,-76.3602512723046,66.6397487276954,100
k,-2.511829751423521,65.48817024857648,100
s,-70.77772332412039,29.222276675879613,100
t,-91.90911795895016,25.090882041049845,100
y,-48.594974721877776,71.40502527812222,100
v,-93.03368497185528,20.966315028144717,100
c,-6.738564169332822,16.26143583066718,100
k,-84.29868107066127,90.70131892933873,100
j,-31.234358788435415,87.76564121156458,100
i,-45.832894417829266,94.16710558217073,100
p,-55.79409866414848,11.205901335851525,100
a,-21.90444289352687,85.09555710647312,100
f,-59.333192102583084,32.666807897416916,100
r,-63.096133217693584,91.90386678230642,100
i,-84.08836465911318,12.911635340886821,100
t,-10.870853041958798,64.1291469580412,100
g,-70.2854529278249,85.7145470721751,100
b,-17.039820089034265,13.960179910965735,100
s,-64.3483606811322,13.651639318867796,100
k,-91.1680051963117,71.8319948036883,100
h,-9.353298117163773,98.64670188283623,100
p,-87.02688237332355,62.97311762667646,100
d,-47.78903298868258,62.21096701131742,100
p,-90.0072396660443,88.9927603339557,100
l,-96.12263913582574,21.877360864174268,100
h,-67.30082262099197,1.6991773790080282,100
b,-8.497199029845396,67.50280097015461,100
k,-52.66548077392489,9.33451922607511,100
i,-19.05914064632601,34.940859353673986,100
t,-29.60428536647161,9.395714633528389,100
n,-45.22143361488345,44.77856638511655,100
r,-7.471197176056336,61.528802823943664,100
z,-39.44533263180665,53.55466736819335,100
s,-70.89154522350677,61.10845477649323,100
c,-59.48263056468949,15.517369435310515,100
w,-25.142852835210636,46.85714716478936,100
k,-61.206101229697325,88.79389877030268,100
u,-72.27921787246532,72.72078212753468,100
u,-45.186032923005286,6.813967076994715,100
f,-3.5908503497675484,56.40914965023245,100
i,-90.21555867270226,28.78444132729774,100
i,-91.41257015368657,72.58742984631343,100
y,-36.90971330476964,52.09028669523036,100
l,-18.924239642098634,92.07576035790136,100
w,-82.04102282171708,78.95897717828292,100
k,-75.58251220951449,37.41748779048552,100
q,-12.689080624296334,64.31091937570366,100
c,-39.59009804213863,29.40990195786137,100
a,-39.643527820922536,43.356472179077464,100
c,-17.227581122317698,85.7724188776823,100
u,-9.23687122328767,24.763128776712332,100
q,-52.25061404250111,25.749385957498887,100
j,-7.239844471866362,18.760155528133637,100
a,-33.415809341217695,38.584190658782305,100
w,-53.541211858568374,54.458788141431626,100
z,-52.42537576917291,49.57462423082709,100
u,-21.678847872192808,39.32115212780719,100
q,-95.68658421977662,57.31341578022339,100
l,-65.09738772487593,4.90261227512407,100
w,-37.298511139054064,94.70148886094593,100
e,-1.512018252395845,28.487981747604156,100
c,-91.49558395772202,52.50441604227799,100
c,-87.22734598079539,89.77265401920461,100
f,0.12513379361268373,22.125133793612683,100
x,-57.79660520139854,59.20339479860146,100
x,-13.396415886484888,72.60358411351511,100
q,-28.304861292260505,24.695138707739495,100
d,-70.64417071913905,73.35582928086095,100
d,-38.91773754109364,29.082262458906357,100
s,-68.84703660089681,85.15296339910319,100
c,-45.29046542549455,91.70953457450544,100
k,-81.40515553753376,55.59484446246625,100
h,-48.55930018995364,55.44069981004636,100
d,-63.545348796174245,14.454651203825755,100
k,-93.23595685373996,11.76404314626004,100
j,-3.89760259252788,36.10239740747212,100
i,-96.09224618131876,82.90775381868124,100
e,-33.23088784081972,58.76911215918028,100
s,-15.6870625737063,14.3129374262937,100
q,-87.61174923958947,78.38825076041053,100
x,-74.88550270393947,25.11449729606053,100
r,-47.170108332576255,81.82989166742374,100
e,-79.393153731208,15.606846268792003,100
o,-26.049241250480776,41.950758749519224,100
r,-52.68280177384787,18.317198226152126,100
j,-9.526948991410123,31.473051008589877,100
r,-6.271579750369809,41.72842024963019,100
j,-54.91047420890132,67.08952579109868,100
c,-68.80220106580725,62.19779893419275,100
i,-5.5498950740272655,37.45010492597274,100
y,-68.74539847143406,94.25460152856594,100
u,-78.90157602279908,44.09842397720093,100
u,-27.307025129698072,13.692974870301928,100
h,-64.56593554997781,4.434064450022186,100
t,-79.36628238943024,43.63371761056977,100
m,-25.841396729480067,49.15860327051993,100
s,-65.69149720123144,51.308502798768565,100
y,-39.07038146035499,65.92961853964502,100
d,-46.37757536947473,16.622424630525273,100
q,-72.40759868752049,78.59240131247951,100
x,-45.55986142326102,15.44013857673898,100
j,-37.956111630800514,23.043888369199486,100
t,-61.563454044200654,98.43654595579935,100
y,-52.97452923955399,22.025470760446012,100
p,-10.47425090392062,91.52574909607938,100
z,-26.555204251315207,60.44479574868479,100
t,-54.05248113101631,76.94751886898369,100
a,-28.849693737274475,22.150306262725525,100
d,-1.7456706524645755,63.254329347535425,100
u,-44.575312480004655,98.42468751999535,100
k,-74.19193312451142,90.80806687548858,100
b,-82.95799041510239,33.042009584897606,100
b,-57.51071876401718,35.48928123598282,100
b,-80.93891855055216,98.06108144944784,100
n,-30.912192579359782,25.087807420640218,100
x,-91.96163961491727,51.038360385082726,100
v,-42.45444082024814,29.545559179751862,100
t,-29.228513730805812,21.771486269194188,100
l,-54.51887672429907,37.48112327570093,100
o,-7.661470558286775,56.33852944171323,100
m,-13.045097375032077,17.954902624967925,100
e,-35.51429993629449,72.48570006370551,100
z,-36.13639538384043,18.86360461615957,100
b,-27.14554233111614,61.85445766888386,100
j,-29.972327201948996,48.027672798051,100
f,-73.71393176675997,84.28606823324003,100
p,-34.277366084038114,46.722633915961886,100
x,-53.88903479554135,76.11096520445865,100
k,-91.85831627364665,75.14168372635335,100
a,-70.65232082992004,6.347679170079955,100
n,-65.95493336890783,93.04506663109217,100
h,-66.07589914768464,59.924100852315355,100
d,-55.01673929206126,88.98326070793874,100
o,-97.42871607573937,16.57128392426062,100
i,-11.532573673976295,70.46742632602371,100
m,-13.559835578495877,56.44016442150412,100
l,-70.51080743053157,63.48919256946843,100
y,-60.2581286136225,69.7418713863775,100
h,-26.589018543380355,12.410981456619647,100
n,-97.06066727420753,59.93933272579247,100
z,-37.40634253942676,45.59365746057324,100
y,-50.60182083607203,21.39817916392797,100
d,-97.84681921198593,24.153180788014065,100
w,-7.578183331877975,42.42181666812203,100
m,-85.16694935612055,42.833050643879446,100
a,-23.53908136432877,96.46091863567123,100
b,-1.2680775182825808,3.7319224817174192,100
z,-70.50041192024052,69.49958807975948,100
i,-32.946300076845034,10.053699923154966,100
e,-83.1944624129861,72.8055375870139,100
x,-8.998036349971816,30.001963650028184,100
g,-77.98578930261286,97.01421069738714,100
j,-72.0988441073966,17.90115589260339,100
x,-85.05632818367108,55.943671816328916,100
a,-81.84209372928335,18.157906270716655,100
i,-61.62504619993125,63.37495380006875,100
b,-63.0350098869816,49.9649901130184,100
i,-84.30616353264591,5.693836467354094,100
t,-33.10828348700759,93.8917165129924,100
u,-34.746334503745025,96.25366549625497,100
f,-10.840392059328817,88.15960794067118,100
t,-17.889461739621517,70.11053826037848,100
a,-71.41992110125673,17.58007889874326,100
a,-27.179117610292572,36.82088238970743,100
w,-21.22241550713997,96.77758449286003,100
r,-6.68409155032715,50.315908449672854,100
u,-70.18188132561183,69.81811867438817,100
o,-73.30025093906488,59.69974906093511,100
c,-41.01041666748475,84.98958333251525,100
t,-85.2737972800589,88.7262027199411,100
w,-45.328104913758175,11.671895086241825,100
x,-41.57333932721952,83.42666067278049,100
c,-71.79256885098776,76.20743114901224,100
m,-79.54881839107979,96.45118160892021,100
e,-49.37887517688888,67.62112482311112,100
y,-5.925625309257164,33.074374690742836,100
e,-3.240141085851905,60.7598589141481,100
t,-19.604793088381513,88.39520691161849,100
l,-78.87886432132335,60.12113567867666,100
f,-82.33515244801968,41.66484755198032,100
q,-0.1647517879132001,73.8352482120868,100
z,-1.7186866656702835,86.28131333432971,100
e,-68.60342459819442,15.396575401805574,100
h,-11.233405325348262,76.76659467465174,100
o,-40.853858466072126,21.146141533927878,100
l,-85.0355592708429,8.964440729157111,100
f,-67.70695878032903,25.293041219670975,100
k,-51.51446810199629,57.48553189800371,100
u,-70.34326913525771,54.65673086474229,100
x,-80.19881874892978,72.80118125107022,100
m,-11.235674827766061,19.76432517223394,100
l,-17.265767495966262,98.73423250403374,100
g,-76.36503861882515,94.63496138117485,100
i,-1.2463031959311948,45.7536968040688,100
f,-49.239084145303195,14.760915854696805,100
m,-89.07683142072953,10.923168579270463,100
c,-13.61568810454911,77.38431189545089,100
q,-55.27911078640926,1.7208892135907408,100
d,-24.041279007799723,7.958720992200278,100
w,-60.709800220133374,19.290199779866622,100
j,-32.525949705707184,35.474050294292816,100
k,-38.68662315385697,60.31337684614303,100
b,-58.11400116075275,94.88599883924725,100
e,-23.052825369388874,31.947174630611126,100
s,-90.01065171945457,63.98934828054543,100
k,-42.50301544857906,3.4969845514209377,100
m,-13.462390498527343,39.53760950147266,100
f,-17.313201190635738,54.68679880936426,100
g,-97.3317389791616,46.66826102083839,100
q,-46.36773883815147,72.63226116184853,100
c,-68.20257980149937,33.79742019850064,100
y,-81.92752916178311,15.072470838216882,100
d,-1.3251666385583478,88.67483336144166,100
u,-42.797508121746496,21.202491878253507,100
n,-75.88138575389475,4.11861424610526,100
o,-6.80519723026557,55.19480276973443,100
o,-92.24981222558885,14.750187774411138,100
r,-50.4167294600203,80.5832705399797,100
f,-68.52754476920485,77.47245523079515,100
i,-81.54469757200557,85.45530242799443,100
q,-77.10172830555084,64.89827169444916,100
o,-72.35858918379999,55.6414108162,100
a,-74.73660787879857,11.263392121201427,100
v,-91.43651803473239,36.56348196526761,100
y,-76.07068673065025,24.92931326934975,100
x,-36.87036107861302,96.12963892138698,100
d,-10.034662702798842,97.96533729720116,100
l,-80.67335537936485,69.32664462063515,100
i,-21.327129699214538,66.67287030078546,100
r,0.42769751047326243,44.427697510473266,100
h,-69.84376254759533,19.156237452404664,100
n,-89.1686665743892,48.831333425610794,100
o,-54.69607933752516,29.30392066247484,100
l,-18.37589684561544,73.62410315438456,100
w,-36.76991914097482,70.23008085902518,100
b,-27.574370379317752,46.42562962068225,100
y,-28.355056823625823,41.64494317637418,100
c,-91.71893300993021,72.28106699006979,100
k,-97.70302247955009,0.2969775204499091,100
o,-10.315605475609283,48.68439452439072,100
q,-59.57152841732193,13.42847158267807,100
s,-67.29785563453655,2.7021443654634476,100
o,-91.59091069324519,37.40908930675481,100
f,-92.69149052554901,0.3085094744509874,100
t,-32.999581337396144,27.000418662603856,100
f,-37.30352777276815,92.69647222723185,100
a,-46.071937796374556,54.928062203625444,100
r,-64.68307261500381,74.31692738499619,100
g,-67.14891386030227,65.85108613969773,100
v,-39.736845337166564,46.263154662833436,100
c,-90.53813731248115,5.461862687518841,100
p,-16.673205433410303,87.3267945665897,100
b,-92.03525945630393,2.9647405436960597,100
q,-83.80989060424801,75.19010939575199,100
o,-82.54698406935259,30.453015930647403,100
a,-90.62369589311677,48.376304106883225,100
m,-77.12892609685404,26.87107390314595,100
p,-61.66460591424204,80.33539408575797,100
z,-88.82048006426785,73.17951993573215,100
t,-45.016540174926455,51.983459825073545,100
e,-56.4092775567521,80.5907224432479,100
n,-7.642093902779896,54.3579060972201,100
r,-36.85419181379869,78.14580818620131,100
x,-4.788711968806533,82.21128803119346,100
c,0.8933526800669228,59.893352680066926,100
f,-65.03177088821774,93.96822911178226,100
w,-0.7768374598282167,25.223162540171785,100
a,-67.78685458252612,8.213145417473882,100
x,-88.13312373758666,6.8668762624133395,100
s,-1.6028984490830642,67.39710155091693,100
i,-46.92335905668283,91.07664094331717,100
g,-14.212277485507485,98.78772251449251,100
n,-34.70850987568163,24.29149012431837,100
l,-45.46645989674516,9.533540103254843,100
b,-13.283128462211014,0.7168715377889858,100
h,-73.48046561500763,23.519534384992365,100
w,-76.19620445867872,69.80379554132128,100
e,-91.03811593942862,2.96188406057138,100
l,-71.29970932226217,61.70029067773782,100
l,-77.34470187657705,48.655298123422945,100
f,-52.78470063362435,15.215299366375657,100
f,-24.21661949289704,69.78338050710296,100
p,-20.212461829480652,11.787538170519348,100
g,-78.554143697402,34.445856302598,100
e,-66.59120204943416,71.40879795056584,100
a,-12.361624784966837,45.638375215033165,100
m,-60.785389578810005,93.21461042119,100
g,-61.62690058287217,59.37309941712783,100
y,-87.65519375203549,88.34480624796451,100
c,-67.23781208878627,16.76218791121373,100
z,-50.16481162698982,9.835188373010183,100
o,-27.81315807141329,56.18684192858671,100
z,-16.919828417886322,53.08017158211368,100
u,-60.890288533582414,23.109711466417586,100
o,-33.61640460712728,43.38359539287272,100
j,-2.10754328733153,43.89245671266847,100
w,-55.62555519541154,30.374444804588457,100
b,-47.6089867022056,23.391013297794398,100
k,-69.43244136181755,26.567558638182454,100
m,-17.55519531008553,86.44480468991448,100
r,-79.87033113699948,23.129668863000525,100
g,-55.7543474954513,6.245652504548698,100
i,-16.69062100259332,43.309378997406675,100
s,-8.747067663670492,62.25293233632951,100
u,0.3122824276784635,33.31228242767846,100
o,-29.961242917915065,16.038757082084935,100
v,-41.416526481624665,47.583473518375335,100
r,-42.5718058551319,58.4281941448681,100
u,-58.84280757706309,49.15719242293691,100
d,-4.67539769279791,11.32460230720209,100
a,-95.19665305621479,48.803346943785215,100
x,-2.9694849239049628,32.030515076095035,100
f,-64.02833183180466,59.971668168195336,100
g,-17.325557898778808,82.67444210122119,100
j,-7.22624368187863,75.77375631812137,100
x,-22.92477275959432,59.07522724040568,100
o,-48.18884927580647,64.81115072419352,100
t,-0.5265552126956048,41.473444787304395,100
a,-26.146913441523303,22.853086558476697,100
p,-7.433490543430131,47.56650945656987,100
d,-97.49863093533962,78.50136906466038,100
e,-64.22634515365121,72.77365484634879,100
i,-40.313422353779444,12.686577646220552,100
r,-66.58033168267862,3.4196683173213853,100
s,-7.526448460358528,27.47355153964147,100
g,-51.64422473202139,64.35577526797861,100
n,-6.448023365343346,2.5519766346566546,100
n,-57.38684965976347,37.61315034023653,100
j,-54.21434117673814,72.78565882326185,100
d,-37.514268054816476,83.48573194518352,100
e,-13.80485508753981,9.19514491246019,100
k,-55.48037318655172,96.51962681344828,100
t,-27.199374851016447,46.80062514898355,100
x,-89.29164355236352,89.70835644763648,100
d,-6.6330918713598574,54.36690812864014,100
t,-8.447132186664174,67.55286781333582,100
o,-71.94350035091705,66.05649964908295,100
h,-95.99127503608855,98.00872496391145,100
y,-13.658962868558762,46.34103713144124,100
r,-69.75476154709058,65.24523845290942,100
l,-53.07003451695563,66.92996548304437,100
v,-78.89996865080629,24.10003134919371,100
i,-40.63574940813598,65.36425059186402,100
z,-44.058554865004695,62.941445134995305,100
c,-24.269602627589794,21.730397372410206,100
n,-61.62947662944643,11.370523370553567,100
s,-30.49262451243134,81.50737548756867,100
x,-60.077201486493195,44.922798513506805,100
y,-67.68107950658151,37.318920493418496,100
p,-42.23329334666297,86.76670665333702,100
z,-61.339099239940744,16.660900760059256,100
t,-43.53161660933618,51.46838339066382,100
n,-72.03486146536873,78.96513853463127,100
s,-0.014847714484458985,86.98515228551554,100
m,-31.252130572558887,39.74786942744112,100
i,-47.103465785704564,95.89653421429543,100
i,-97.20756702879837,42.792432971201634,100
o,-70.86360661940888,66.13639338059112,100
n,-74.20693645582143,4.793063544178562,100
x,-4.183115593957611,15.816884406042389,100
d,-69.22656026644145,62.77343973355855,100
t,-10.499648260830245,3.5003517391697545,100
r,-48.14538967735778,41.85461032264222,100
p,-92.40711746241168,18.592882537588327,100
p,-3.467542199922667,46.53245780007733,100
e,-36.07625088834861,60.92374911165139,100
n,-39.326342478877685,75.67365752112232,100
p,-16.667584784771673,12.332415215228327,100
q,-75.25633122005858,35.74366877994141,100
g,-31.66678042724774,55.33321957275226,100
d,-5.2894428329494305,75.71055716705057,100
n,-11.39025475098505,94.60974524901495,100
e,-18.60696868904221,76.3930313109578,100
e,-3.6286795552231537,27.371320444776845,100
x,-34.345102866382234,33.654897133617766,100
n,-85.60402160553731,0.39597839446268557,100
e,-74.62267172564064,17.37732827435936,100
m,-53.80726013835144,65.19273986164856,100
w,-59.05872102861099,13.941278971389012,100
a,-54.332522039804594,71.66747796019541,100
e,-45.66675823724264,66.33324176275737,100
w,-77.39606426707957,77.60393573292043,100
s,-62.48068501635015,28.519314983649846,100
j,-23.457812147556126,89.54218785244387,100
v,-17.844621849376566,96.15537815062343,100
w,-37.23893356584485,13.761066434155147,100
e,-17.83441673215839,77.16558326784161,100
h,-88.44341519855568,42.55658480144431,100
u,-47.86144161125135,5.138558388748653,100
u,-58.70296722486725,75.29703277513275,100
n,-37.76251838760643,97.23748161239357,100
r,-93.36913197479706,55.630868025202936,100
w,-26.440319275597556,73.55968072440244,100
g,-37.79193879603914,1.2080612039608583,100
n,-75.26037369803393,9.739626301966073,100
j,-3.5260122866453067,33.473987713354695,100
k,-80.70761051829713,32.29238948170287,100
s,-23.128537338014027,98.87146266198597,100
t,-57.04915776306245,93.95084223693755,100
p,-75.65024557137646,49.34975442862354,100
d,-50.954490426265764,49.045509573734236,100
t,-17.732883075933884,98.26711692406612,100
a,-63.30580743761378,75.69419256238622,100
b,-1.2517220531401339,47.748277946859865,100
x,-49.88783353154078,28.112166468459222,100
h,-52.30614321375695,9.69385678624305,100
z,-69.31902222668361,41.68097777331638,100
t,-74.52430781568094,44.47569218431905,100
l,-61.433843250550204,36.566156749449796,100
x,-73.25634381634693,27.743656183653073,100
m,-0.21573498314487338,51.78426501685513,100
n,-73.52070440287142,1.4792955971285902,100
f,-2.991836714573413,21.008163285426587,100
y,-26.434554462140767,53.56544553785923,100
x,-6.388671552741522,20.61132844725848,100
o,-57.733529891828994,63.266470108171006,100
w,-88.2442673507064,60.7557326492936,100
r,-0.8339120885950149,76.16608791140499,100
q,-10.482472298519077,81.51752770148093,100
o,-14.274371437256919,8.725628562743081,100
p,-12.209845465751233,37.79015453424877,100
k,-27.794415150458224,88.20558484954178,100
f,-13.560125526689841,68.43987447331016,100
v,-23.38376219572481,30.61623780427519,100
b,-9.033202880862405,8.966797119137595,100
o,-3.043476144225816,53.956523855774186,100
r,-12.604087739507246,67.39591226049275,100
d,-39.998736301359386,73.00126369864061,100
k,-37.26940064780028,52.73059935219972,100
u,-19.590045479801493,62.40995452019851,100
i,-47.04423774968163,92.95576225031837,100
n,-60.20026313238087,90.79973686761913,100
h,-15.11798519530788,82.88201480469212,100
v,-9.904320508133445,87.09567949186656,100
k,-34.56011200365912,93.43988799634089,100
k,-74.3535195192987,62.64648048070131,100
i,-61.62138598826995,2.3786140117300514,100
v,-66.75112234046597,78.24887765953403,100
a,-31.538666607721762,78.46133339227823,100
v,-26.86882676638458,94.13117323361541,100
b,-50.570680318798416,33.429319681201584,100
u,-97.51143044131503,29.488569558684965,100
j,-69.86473599497074,65.13526400502926,100
j,-66.81089234819402,53.18910765180598,100
d,-44.86345201126623,19.136547988733767,100
k,-14.229029749908928,69.77097025009107,100
e,-38.105897594094856,45.894102405905144,100
z,-85.64305445537461,38.35694554462539,100
o,-93.25779125778877,86.74220874221123,100
m,-51.15308237811018,32.84691762188982,100
w,-38.70593541144493,6.294064588555065,100
k,-61.44984635822862,97.55015364177137,100
m,-67.57549039233551,60.42450960766449,100
c,-96.92398535756084,9.076014642439162,100
j,-78.94572469980876,96.05427530019124,100
t,-29.65678365011522,31.34321634988478,100
s,-65.6587572322983,2.3412427677016954,100
g,-61.64735951130433,17.352640488695666,100
t,-90.4597169631922,62.54028303680781,100
r,-37.84617415980824,53.15382584019176,100
t,-49.98286774153126,18.01713225846874,100
z,-85.61938812738362,89.38061187261638,100
y,-56.14230975806731,74.85769024193269,100
f,-59.42205008615762,45.57794991384238,100
q,-7.647619561028835,88.35238043897117,100
q,-88.28280057809725,27.717199421902745,100
n,-86.30740209122176,44.69259790877824,100
w,-45.55230604739741,68.44769395260259,100
v,-29.885879560142016,62.114120439857984,100
u,-64.70330904428037,76.29669095571963,100
a,0.28276915429993865,14.282769154299938,100
i,-13.347715433739612,22.652284566260388,100
s,-16.000469022164037,84.99953097783596,100
d,-12.083144495817773,46.91685550418222,100
i,-1.0590395303249225,45.940960469675076,100
f,-5.9116938926609235,35.08830610733908,100
j,-44.96392269626939,85.03607730373061,100
y,-21.553751594824107,36.44624840517589,100
o,-21.758580901563246,68.24141909843675,100
e,-92.80343012342118,78.19656987657882,100
o,-70.03691728964534,9.963082710354652,100
q,-48.45610504295141,1.5438949570485898,100
c,-3.61697846600078,50.38302153399922,100
k,-8.206693137652268,46.793306862347734,100
a,-13.005037535933981,55.99496246406602,100
m,-89.20445943181939,33.795540568180606,100
h,-89.36155286092155,39.63844713907845,100
u,-11.715557742459856,93.28444225754015,100
u,-90.54665254850995,86.45334745149005,100
z,-56.357877284474306,8.642122715525698,100
k,-52.14644711219859,1.8535528878014111,100
c,-54.62855005106883,95.37144994893117,100
f,-94.6788776250137,60.321122374986295,100
z,-27.73677679256736,20.26322320743264,100
i,-6.390098207180813,57.60990179281919,100
n,-9.457854560561351,13.542145439438649,100
d,-33.311666347794635,23.688333652205365,100
q,-81.29512955657782,18.704870443422177,100
q,-48.91415150621573,43.08584849378427,100
x,-12.066168561263549,35.933831438736455,100
z,-82.86275258996665,49.137247410033346,100
y,-54.838367028727134,0.16163297127286747,100
x,-1.997932168807069,43.00206783119293,100
r,-79.60279926355544,59.39720073644456,100
q,-69.88168627986258,76.11831372013742,100
f,-6.309518672360125,67.69048132763987,100
w,-61.819774105437716,96.18022589456228,100
m,-51.833481757059744,0.16651824294025908,100
s,-53.016008720491975,39.983991279508025,100
l,-12.059205898400103,14.940794101599897,100
n,-40.13126685479294,11.868733145207058,100
p,-90.76160783802693,53.23839216197306,100
d,-6.1962259833192785,59.80377401668072,100
z,-47.10269219643214,22.897307803567863,100
e,-72.1946299276088,55.8053700723912,100
o,-28.26316710723613,80.73683289276387,100
b,-10.944193033700895,85.0558069662991,100
p,-23.60276300167453,84.39723699832547,100
b,-11.942949127054534,20.057050872945467,100
r,0.8672907545515055,19.867290754551505,100
j,-32.90551391741428,12.09448608258572,100
q,-39.29359571268234,10.706404287317659,100
e,-65.27305151595482,14.726948484045183,100
n,-51.24391048131907,47.75608951868093,100
g,-37.227076467474625,18.772923532525375,100
b,-71.8509651161497,42.14903488385031,100
e,-12.863573843886428,21.136426156113572,100
u,-11.78004375722435,56.21995624277565,100
y,-27.6881328908039,9.311867109196102,100
c,-26.388676416766195,59.611323583233805,100
q,-22.628730048591557,32.37126995140844,100
u,-36.04549913344202,41.95450086655798,100
f,-13.31399553184533,12.68600446815467,100
t,-89.07755004655509,79.92244995344491,100
l,-82.5861312015222,11.41386879847779,100
z,-65.12406109578765,5.875938904212353,100
d,-74.43701855165857,33.56298144834144,100
d,-4.283040624547524,86.71695937545248,100
v,-85.98662361151672,23.013376388483284,100
f,-57.72243530625422,30.27756469374578,100
p,-73.92887900388388,69.07112099611612,100
c,-64.72307240070631,55.276927599293685,100
y,-33.90609462130848,49.09390537869152,100
z,-27.865861230476458,0.13413876952354054,100
r,-46.32014668825732,73.67985331174269,100
a,-97.7226289254542,53.27737107454579,100
i,-5.628889592101457,39.37111040789854,100
f,-59.119230797338595,24.8807692026614,100
u,-54.554937307344524,36.445062692655476,100
v,-93.52751733412823,54.472482665871766,100
n,-51.230415696259676,65.76958430374033,100
h,-83.62956221988676,93.37043778011324,100
y,-18.963951470012102,23.036048529987898,100
r,-26.49132361166966,53.50867638833034,100
n,-44.978973149581606,96.0210268504184,100
b,-96.89386466663035,28.106135333369654,100
t,-55.52607989655395,36.47392010344605,100
x,-0.025496728619564424,44.974503271380435,100
f,-96.0271574382466,76.9728425617534,100
r,-0.8233513960074373,61.17664860399256,100
n,-63.830542056861866,55.169457943138134,100
z,-91.81509751598495,35.184902484015055,100
e,-37.69609548786729,54.30390451213271,100
r,-25.796558625286252,10.203441374713748,100
h,-92.31555199690791,25.684448003092083,100
g,-25.012306870827533,38.98769312917247,100
w,-23.328670525289134,4.6713294747108645,100
j,-0.44298688600491387,72.55701311399508,100
p,-47.17203493934497,89.82796506065503,100
c,-44.88685038046546,13.113149619534537,100
e,-80.41699200517964,96.58300799482036,100
y,-17.525380060424727,73.47461993957528,100
j,-34.64420231834554,8.355797681654458,100
o,-97.04852771304154,32.951472286958456,100
l,-57.4695502278217,24.5304497721783,100
r,-90.75774981524933,17.242250184750674,100
b,-75.08529297732294,10.91470702267706,100
s,-9.236597550280319,23.76340244971968,100
o,-2.874292235786819,31.125707764213182,100
j,-2.682253745619306,40.317746254380694,100
w,-29.779248846588185,96.22075115341181,100
p,-5.109152911764372,22.890847088235628,100
y,-5.616766406011499,87.3832335939885,100
b,-11.291491438051775,82.70850856194822,100
a,-14.53675678668667,71.46324321331333,100
r,-74.14853930305806,9.851460696941945,100
m,-92.20764576510224,72.79235423489776,100
b,-88.95075102610532,75.04924897389468,100
k,-96.461016601885,6.53898339811499,100
i,-57.96919904508511,33.03080095491489,100
e,-72.66517341733943,28.334826582660565,100
t,-97.41523849669555,28.58476150330445,100
l,-96.35692455819677,91.64307544180323,100
g,-66.54999874940478,73.45000125059522,100
j,-78.53976935663088,37.46023064336912,100
a,-28.20019887520807,46.79980112479193,100
s,-21.601514130148587,51.39848586985141,100
x,-57.327083938090915,71.67291606190908,100
s,-62.458396089096986,28.541603910903014,100
u,-77.24831499490364,0.7516850050963653,100
v,-39.71128675888048,36.28871324111952,100
e,-94.49586706027915,39.50413293972084,100
h,-45.08475134137459,66.9152486586254,100
l,-91.95052274556099,17.04947725443902,100
c,-97.62582054544723,17.37417945455277,100
j,-61.501458244197536,10.498541755802464,100
t,-17.63244086127893,75.36755913872106,100
c,-48.72096602316615,52.27903397683385,100
i,-80.12337483184263,13.876625168157368,100
f,-13.218553199937638,63.78144680006236,100
i,-22.23399192774676,44.766008072253236,100
c,-97.95410045341367,61.04589954658633,100
m,-70.61077903859524,45.38922096140477,100
n,-33.41965985731265,4.580340142687348,100
x,-95.38068001730285,66.61931998269715,100
h,-55.060233942450566,98.93976605754943,100
g,-19.705360302799793,16.294639697200207,100
i,-8.377125593775505,45.6228744062245,100
n,-93.93485970868976,97.06514029131024,100
c,-21.2205328322242,70.77946716777579,100
i,-9.911444099467996,43.088555900532,100
x,-70.77851225690405,93.22148774309595,100
s,-3.528112670432118,60.471887329567885,100
h,-40.49274923208603,95.50725076791397,100
f,-69.44078099317088,48.559219006829125,100
e,-97.9844820760933,96.0155179239067,100
j,-43.77589497984676,72.22410502015325,100
u,-78.03752989893454,65.96247010106546,100
n,-82.03285873065757,10.967141269342433,100
s,-32.76601082358099,79.233989176419,100
b,-7.176769963587939,81.82323003641206,100
e,-11.214692356373403,98.7853076436266,100
t,-16.402199400646513,45.597800599353484,100
v,-3.8875587732457664,45.112441226754235,100
w,-51.15127333398064,40.84872666601936,100
b,-89.73792999853937,50.26207000146063,100
e,-6.884676449966813,25.11532355003319,100
z,-79.9043004888474,58.0956995111526,100
o,-65.87499690619555,46.12500309380445,100
t,-6.59023498916714,10.40976501083286,100
m,-36.423912906401995,72.576087093598,100
t,-76.49892136003722,71.50107863996278,100
b,-23.618924832244076,48.381075167755924,100
g,-76.46370659674888,32.53629340325112,100
z,-53.18816407436961,30.81183592563039,100
s,-14.491009803303765,25.508990196696235,100
t,-93.51400931332878,52.48599068667122,100
j,-49.46244884321813,26.537551156781877,100
b,-71.47032350205521,64.52967649794479,100
l,-3.6498223904746725,68.35017760952533,100
z,-75.5492121791329,93.4507878208671,100
u,-84.77599730648492,96.22400269351508,100
i,-36.81000970203053,4.189990297969475,100
i,-81.40355924198336,75.59644075801664,100
r,-65.76972723805791,29.230272761942082,100
w,-32.383710843115644,50.616289156884356,100
s,-82.35084429471624,12.649155705283762,100
h,-48.12889630713346,32.87110369286654,100
u,-14.619952391667038,93.38004760833296,100
r,-85.47492030952293,61.52507969047708,100
d,-18.2731379371098,1.7268620628901994,100
v,-19.308781814639016,36.69121818536099,100
q,-10.941406030381218,88.05859396961878,100
n,-24.640490748017314,93.35950925198269,100
z,-42.98721102610823,27.012788973891777,100
h,-19.897644785714785,90.10235521428521,100
c,-93.51647414299536,35.48352585700463,100
j,-66.01367382120809,90.98632617879191,100
u,-57.423342327964974,59.576657672035026,100
b,-89.45498297818051,37.54501702181949,100
m,-84.6587905753919,26.3412094246081,100
y,-0.5296760274392899,28.47032397256071,100
c,-16.83168869912967,71.16831130087033,100
q,-5.0573739396409465,78.94262606035905,100
i,-68.32452123252925,10.675478767470745,100
r,-74.09166672501601,88.90833327498399,100
d,-42.854897981221534,37.145102018778466,100
t,-32.74946391212237,98.25053608787763,100
c,-31.43057301085923,7.56942698914077,100
g,-18.696644015787093,52.30335598421291,100
p,-46.374615217864545,76.62538478213546,100
f,-39.143836789749535,49.856163210250465,100
b,-10.74454250617101,51.25545749382899,100
o,-19.69156322976988,49.308436770230124,100
v,-11.03173502507316,10.96826497492684,100
u,-2.7818629350969784,75.21813706490302,100
z,-23.449971053826324,56.550028946173676,100
d,-23.144644968345176,1.8553550316548235,100
n,-32.89652860554217,51.10347139445783,100
r,-5.102870215096284,36.89712978490372,100
d,-2.5004721997375516,50.49952780026245,100
b,-19.61879965807995,72.38120034192005,100
b,-30.79475455230954,26.20524544769046,100
m,-82.71787953105387,15.282120468946127,100
f,-75.72072790129863,10.279272098701362,100
l,-8.737845063304347,33.26215493669565,100
k,-57.01299646985216,88.98700353014785,100
h,-69.09857954498943,37.901420455010566,100
z,-84.78503092591262,73.21496907408738,100
z,-78.52068694743686,6.479313052563136,100
u,-39.1997492505841,21.8002507494159,100
d,-28.02052699710503,40.97947300289497,100
r,-54.52380614010786,24.476193859892145,100
u,-36.10165629965188,27.898343700348125,100
f,-78.81970165314821,53.18029834685179,100
n,-11.808685868083693,76.19131413191631,100
o,-55.18521268356247,48.81478731643753,100
g,-91.8926036362641,23.107396363735905,100
i,-39.8703368029903,59.1296631970097,100
x,-29.095711392150328,38.90428860784967,100
i,-5.206071278469828,52.79392872153017,100
v,-27.534230876503607,41.46576912349639,100
s,-68.8512706861254,70.1487293138746,100
k,-93.42660954778594,18.573390452214063,100
c,-86.19724644481158,32.80275355518842,100
r,-5.212833458310251,60.78716654168975,100
h,-84.11022500310696,90.88977499689304,100
i,-81.39265889397603,44.60734110602397,100
u,-90.63451100107224,80.36548899892776,100
j,-53.43510320841593,34.56489679158407,100
s,-86.44263112316148,34.55736887683853,100
h,-13.012537934700596,88.9874620652994,100
j,-71.97709370026514,90.02290629973486,100
l,-31.047396476651546,42.95260352334846,100
j,-87.63136687163549,0.36863312836450446,100
m,-6.799411358275756,67.20058864172424,100
u,-3.9293097412454356,30.070690258754563,100
h,-38.827502477955974,14.172497522044022,100
w,-49.197010284298216,81.80298971570178,100
b,-20.63287005477545,62.367129945224555,100
x,-43.26942782854117,73.73057217145883,100
t,-13.181022811015202,60.818977188984796,100
y,-69.70971708591883,35.290282914081175,100
u,-51.457398349294714,60.542601650705286,100
p,-14.393327458956257,77.60667254104375,100
s,-85.82314979252868,10.176850207471317,100
l,-89.73315749352462,95.26684250647538,100
