q,-59.66514315103486,88.33485684896513,100
z,-78.12590319654333,82.87409680345667,100
m,-54.263375708137424,80.73662429186258,100
e,-6.680568703125359,51.31943129687464,100
r,-14.877868199370717,14.122131800629283,100
w,-56.28830709964839,6.711692900351604,100
i,-51.31117698627051,28.688823013729493,100
d,-68.02991540784208,49.97008459215792,100
e,-46.018890964539445,53.981109035460555,100
d,-0.3088812220721979,35.691118777927805,100
j,-8.654501732204231,40.34549826779577,100
o,-91.35565266420761,74.64434733579239,100
a,-88.22642932232947,59.77357067767053,100
g,-20.519875031205935,69.48012496879407,100
p,-50.73199639078616,14.268003609213844,100
a,-91.46785923210699,86.53214076789301,100
m,-3.8720019586552654,36.12799804134473,100
z,-93.21517576241926,45.78482423758074,100
j,-59.97240697400111,43.02759302599889,100
r,-30.86973540924286,54.130264590757136,100
r,-2.6881361941215767,22.311863805878424,100
e,-92.26406763395511,31.7359323660449,100
d,-68.17611975843757,76.82388024156243,100
z,-79.61734989239852,61.382650107601485,100
i,-73.21586088856584,81.78413911143416,100
x,-52.64444980526712,34.35555019473288,100
m,-70.19159304632454,52.80840695367545,100
s,-93.9634217439095,91.0365782560905,100
i,-46.47147423727812,18.528525762721873,100
o,-49.67522080196879,94.32477919803121,100
v,-78.63139736189655,59.368602638103454,100
p,-76.55175439529809,74.44824560470191,100
z,-84.51050474055866,51.48949525944134,100
n,-86.47930664333951,88.52069335666049,100
d,-31.100770472283802,28.899229527716198,100
x,-28.664490475409007,39.335509524591,100
e,-46.443626053479775,70.55637394652022,100
h,-5.597711516257995,68.40228848374201,100
k,-67.53213799493633,45.467862005063665,100
g,-18.858120011953833,17.141879988046167,100
d,-52.4722814871083,3.5277185128917043,100
m,-73.77255525398867,30.227444746011333,100
i,-57.24925727741197,63.75074272258803,100
x,-90.29179603995188,75.70820396004812,100
s,-36.09593510016159,11.904064899838414,100
s,-30.573708530896106,76.4262914691039,100
w,-86.13158766697299,37.86841233302701,100
s,-50.07483631282256,68.92516368717745,100
o,-35.096812390385516,93.90318760961449,100
h,-92.48653344443856,31.513466555561436,100
m,-35.01297427309694,79.98702572690306,100
c,-3.8021931816736383,29.197806818326363,100
u,-49.37084000783685,4.629159992163151,100
f,-17.956077451610643,92.04392254838936,100
h,-3.331708046330133,44.668291953669865,100
y,-51.650615796650705,46.349384203349295,100
l,-69.41261297525502,19.587387024744988,100
v,-6.596375598116739,45.40362440188326,100
b,-85.64477744659386,11.355222553406131,100
d,-89.47338760988694,52.52661239011306,100
n,-27.86371594237491,76.13628405762509,100
g,-78.81751742717152,63.18248257282847,100
x,-82.78240189176192,82.21759810823808,100
d,-22.88429491179473,62.115705088205274,100
p,-19.67444059175777,83.32555940824223,100
q,-43.64296832785084,84.35703167214916,100
v,-27.586646964544805,91.4133530354552,100
z,-83.23862914318858,60.761370856811425,100
m,-88.191082436667,74.808917563333,100
w,-60.289221425790174,54.710778574209826,100
d,-65.54638953809169,89.45361046190831,100
j,-5.919519155438599,24.0804808445614,100
u,-80.77123541820526,0.2287645817947298,100
z,-4.147985230819232,83.85201476918077,100
w,-81.11217368786892,29.887826312131086,100
m,-51.882448929652334,24.117551070347663,100
g,-27.772681725897677,50.22731827410232,100
o,-64.6334649847353,0.3665350152647028,100
a,-83.43847465778865,2.5615253422113535,100
m,-27.444467312667964,90.55553268733203,100
w,-66.18425181115664,38.81574818884336,100
d,-60.4216458427211,63.5783541572789,100
j,-54.58751542500449,21.41248457499551,100
p,-54.54175927445154,35.45824072554846,100
k,-25.788617374463804,48.211382625536196,100
y,-27.223588677855602,0.7764113221443968,100
l,-77.67554382617,37.32445617383,100
n,-51.843814499786134,45.156185500213866,100
w,-19.535594249206568,5.464405750793431,100
s,-78.47001469643489,0.5299853035651065,100
k,-22.078665793492693,18.921334206507307,100
s,-74.83424445811616,12.165755541883843,100
i,-17.79379930813492,47.206200691865085,100
n,-42.736159924780566,37.263840075219434,100
v,-77.87425469421365,41.12574530578635,100
r,-77.50358077075926,59.49641922924075,100
l,-94.22231631316893,54.777683686831075,100
n,-20.589311050043108,5.410688949956892,100
l,-74.32326798607555,3.6767320139244544,100
g,-5.01692851782467,84.98307148217533,100
x,-48.380925574437455,50.619074425562545,100
m,-8.749224583380977,34.25077541661902,100
j,-72.72475233654602,87.27524766345398,100
a,-24.768723296923255,68.23127670307674,100
r,-28.92640898367572,42.07359101632428,100
d,-56.10694082609378,80.89305917390622,100
c,-17.209813818631226,59.790186181368774,100
d,-30.683929528583075,78.31607047141692,100
q,-95.0740775627691,21.9259224372309,100
i,-74.17536731357868,87.82463268642132,100
k,-34.44794944239887,45.55205055760113,100
e,-83.15440253977893,7.845597460221065,100
r,-56.4906625999734,52.5093374000266,100
x,-89.22111515730856,31.778884842691443,100
x,-89.87827948721457,17.12172051278543,100
e,-16.92990774943484,76.07009225056515,100
e,-73.13989409804032,13.86010590195969,100
s,-71.76391937381293,77.23608062618707,100
c,-87.54695081276921,11.453049187230782,100
g,-24.580965439916817,12.419034560083185,100
l,-19.541308222433337,4.458691777566664,100
k,-95.59067787729454,75.40932212270546,100
i,-27.12135367987146,21.87864632012854,100
c,-83.45186230462393,30.548137695376074,100
h,-37.083151063357974,12.916848936642026,100
i,-68.45245177532165,10.547548224678348,100
m,-85.11121119003784,15.888788809962163,100
i,-49.95941213926195,75.04058786073806,100
m,-53.17362355322848,1.8263764467715218,100
e,-74.27543155710701,50.72456844289299,100
z,-87.39963937583984,49.60036062416017,100
e,-48.50978320633502,23.490216793664974,100
j,-55.609853901803014,13.390146098196986,100
e,-19.521839001894,28.478160998106,100
t,-50.46167013860857,87.53832986139143,100
y,-68.57224990519691,82.42775009480309,100
e,-91.1667769731776,29.833223026822402,100
h,-38.2208974295836,24.7791025704164,100
y,-31.498663361584367,68.50133663841564,100
s,-3.340641994716755,18.659358005283245,100
u,-73.06047504358284,29.939524956417166,100
b,-5.727778219583473,11.272221780416528,100
l,-35.09607560615896,82.90392439384104,100
w,-15.984571350465218,36.01542864953478,100
c,-30.6172781774147,60.3827218225853,100
a,-66.54140987173469,41.458590128265314,100
c,-83.06263640610152,75.93736359389848,100
x,-55.48101429271599,35.51898570728401,100
d,-41.287724714617845,43.712275285382155,100
w,0.7479462967061111,93.74794629670612,100
r,-18.546311294910318,25.453688705089682,100
z,-77.51155429081861,22.48844570918139,100
t,-72.26783324275671,93.73216675724329,100
z,-69.86184211614604,64.13815788385396,100
p,-75.98670265088826,76.01329734911174,100
q,-2.2625964376489422,50.737403562351055,100
g,-2.019675815912481,13.980324184087518,100
r,-46.54092137138461,21.45907862861539,100
m,-79.83370269222279,72.16629730777721,100
b,-12.009424187222878,7.990575812777121,100
j,-4.514112530552246,63.48588746944775,100
e,-72.87850826387599,57.12149173612402,100
s,-32.23359877234756,24.766401227652437,100
k,-40.398914300312946,74.60108569968706,100
t,-42.467093436142704,20.532906563857296,100
h,-49.34365365806352,94.65634634193648,100
g,-27.337909212517157,17.662090787482843,100
h,-92.43624770059219,47.56375229940781,100
r,-66.71058101914474,11.289418980855258,100
o,-36.00198363747172,18.998016362528283,100
g,-1.6799095153497898,8.32009048465021,100
d,-81.71895076534037,12.281049234659637,100
x,-53.707459134272085,34.292540865727915,100
w,-63.28460474632214,93.71539525367785,100
h,-24.514115425782773,86.48588457421722,100
k,-39.33517419922786,92.66482580077215,100
h,-1.671393752316373,1.328606247683627,100
z,-43.259268556647264,63.740731443352736,100
r,-96.60255265639475,38.39744734360524,100
e,-14.127416753275215,97.87258324672479,100
v,-15.004584005781304,93.99541599421869,100
c,-77.12973403679325,47.87026596320675,100
k,-5.238517970571908,9.761482029428093,100
y,-29.589752232416387,74.41024776758361,100
v,-7.5036694841002625,6.4963305158997375,100
x,-38.09153193811824,56.90846806188176,100
w,-42.37573067605704,51.62426932394296,100
w,-24.849717031563028,52.15028296843697,100
p,-50.6587967852339,27.3412032147661,100
s,-29.651621744279968,2.3483782557200334,100
a,-21.482578718794915,40.51742128120508,100
j,-86.94710984157294,71.05289015842706,100
s,-87.65913707477642,38.340862925223576,100
a,-66.89195935386793,94.10804064613207,100
i,-59.339716584694244,89.66028341530576,100
o,-31.725882051341163,33.27411794865884,100
a,-31.464141192974267,23.535858807025733,100
g,-65.92319876120189,94.07680123879811,100
t,-34.21057769887691,96.78942230112308,100
r,-56.107425157914264,34.892574842085736,100
l,-6.299525881184777,7.700474118815223,100
u,-58.11895506069773,15.881044939302273,100
i,-66.90250558435747,20.097494415642522,100
y,-71.52319224109084,26.476807758909164,100
j,-5.448050156858421,10.551949843141578,100
k,-75.4259612609737,43.574038739026314,100
i,-47.66371889170801,10.33628110829199,100
s,-41.46945905930439,57.53054094069561,100
e,-14.601399857098354,57.39860014290164,100
m,-73.3185865092823,98.6814134907177,100
r,-4.747945330154665,44.252054669845336,100
y,-7.602498468247182,72.39750153175282,100
o,-15.500005900882563,92.49999409911743,100
p,-53.0831737192315,28.9168262807685,100
a,-62.37516251489706,35.62483748510294,100
i,-79.1414611538659,15.858538846134095,100
r,-84.72058990242932,10.27941009757067,100
z,-45.7262458760664,69.2737541239336,100
l,-57.649562587312374,31.350437412687622,100
b,-76.80810165722356,81.19189834277644,100
v,-64.19775200574715,65.80224799425285,100
z,-14.748936265718392,8.251063734281608,100
g,-20.130410371232394,42.869589628767606,100
d,-30.289258470148205,65.7107415298518,100
u,-52.66845988675918,38.33154011324082,100
w,-89.95617617776502,68.04382382223498,100
u,-5.87591639973838,96.12408360026161,100
x,-38.75278921812384,20.247210781876163,100
i,-72.78052203378104,36.21947796621896,100
z,-26.893525701389677,72.10647429861032,100
r,-29.412942067344602,57.5870579326554,100
d,-88.33655094384991,56.66344905615008,100
m,-37.66133747180765,14.338662528192351,100
n,-42.21127588083121,49.78872411916879,100
f,-97.5689062425464,10.431093757453594,100
p,-7.127467208205241,73.87253279179475,100
e,-64.13580650817713,24.864193491822878,100
p,-26.503789473715646,94.49621052628436,100
i,-7.71685037058591,72.28314962941408,100
b,-29.5923118631669,64.4076881368331,100
z,-45.10674474302865,32.89325525697135,100
h,-62.88599193470913,63.11400806529087,100
s,-28.393954211272327,68.60604578872767,100
w,-22.30916971449824,17.69083028550176,100
d,-94.61958748328685,61.38041251671316,100
n,-42.587081621274805,36.412918378725195,100
b,-78.1501009664056,39.8498990335944,100
r,-12.6979189749663,13.3020810250337,100
r,-10.633132728810423,48.36686727118958,100
t,-32.281324525982896,83.7186754740171,100
d,-47.35212031596622,49.64787968403378,100
w,-17.319811324014267,7.680188675985732,100
f,-96.16597478831099,72.83402521168901,100
o,-20.342410561533757,87.65758943846625,100
w,-51.447675486146906,79.5523245138531,100
e,-69.58640282114496,26.413597178855042,100
m,-95.41481669787156,65.58518330212844,100
d,-90.11130656875469,41.88869343124531,100
q,-54.54152967924265,80.45847032075736,100
x,-18.660671360233643,23.339328639766357,100
h,-95.66473020056678,56.33526979943323,100
r,-33.94976657649428,23.050233423505723,100
v,-40.309495780361075,64.69050421963892,100
h,-83.08665717198596,35.91334282801404,100
t,-30.095259688613808,41.90474031138619,100
e,-96.81285757462885,15.187142425371151,100
z,-97.57143195995158,39.428568040048425,100
h,-68.94364004225724,30.05635995774275,100
k,-1.5369704617754234,1.4630295382245766,100
w,-45.662964982578835,31.33703501742116,100
f,-75.38702406394117,65.61297593605883,100
n,0.01042766387427152,53.010427663874275,100
i,-62.23024071066665,0.7697592893333522,100
h,-33.647386027957246,8.352613972042755,100
t,-9.859513073423223,51.14048692657678,100
q,-11.798768212990236,76.20123178700976,100
g,-37.30196542191702,69.69803457808298,100
k,-24.357250707080155,35.642749292919845,100
e,-46.037390569680696,19.962609430319304,100
d,-8.88839166086895,25.111608339131053,100
w,-26.328024115908672,6.671975884091326,100
d,-77.04216990297954,11.957830097020466,100
o,-63.49398631233444,37.50601368766556,100
y,-64.91215761901948,29.087842380980522,100
t,-64.76615036063318,82.23384963936682,100
g,-18.62764901791881,35.37235098208119,100
h,-55.46407040892549,58.53592959107451,100
l,-2.5874506436492712,87.41254935635072,100
w,-49.78108731309474,71.21891268690527,100
c,-41.227940056047636,14.772059943952364,100
r,-28.359543743746357,12.640456256253643,100
u,-88.61331673882542,52.38668326117459,100
e,-87.32767412832457,81.67232587167543,100
a,-72.85901521839567,47.140984781604324,100
d,-59.3090977999409,31.690902200059096,100
i,-43.034322253813066,98.96567774618693,100
i,-70.13132847479572,32.868671525204284,100
z,-21.811430380254063,24.188569619745937,100
l,-44.230754644497566,9.769245355502434,100
k,-66.93867041328477,51.061329586715225,100
p,-39.94563929327567,56.05436070672433,100
x,-9.266931064586922,98.73306893541307,100
y,0.050925909133658465,2.0509259091336585,100
s,-14.532849322947188,64.46715067705281,100
c,-76.13026955797417,57.869730442025826,100
i,-60.15956898167969,70.8404310183203,100
j,-34.45437076197182,79.54562923802818,100
d,-53.00260328276362,1.9973967172363807,100
k,-88.98956852638302,74.01043147361698,100
a,-48.31746804690652,60.68253195309348,100
z,-34.508962470521034,44.491037529478966,100
v,-23.36562284467468,90.63437715532532,100
c,-1.922981451696332,14.077018548303668,100
g,-87.43376194950679,70.56623805049321,100
y,-25.992270830642898,11.007729169357102,100
r,-44.56732558475138,10.432674415248618,100
i,-44.53143353389681,11.46856646610319,100
e,-56.631095227198934,96.36890477280106,100
o,-52.42294897955664,19.577051020443367,100
s,-72.8002701205553,91.1997298794447,100
f,-57.3712920394164,80.6287079605836,100
m,-9.178593206289246,86.82140679371075,100
c,-27.024171273929323,67.97582872607067,100
l,-43.265370190950634,93.73462980904937,100
o,-13.691235423977806,50.30876457602219,100
b,-17.919810527367645,33.080189472632355,100
s,-34.628997458597816,82.37100254140218,100
w,-61.27914328044418,69.72085671955583,100
u,-51.27228694723354,54.72771305276646,100
s,-74.49674414732542,64.50325585267458,100
g,-32.25521806401088,63.74478193598912,100
v,-5.394429702006759,48.60557029799324,100
f,-83.02254293998892,36.977457060011076,100
t,-18.819787792375113,10.180212207624887,100
y,-48.16537045366098,8.834629546339022,100
r,-95.34313414922983,31.65686585077017,100
f,-21.99648837379796,18.00351162620204,100
n,-85.0018629147466,92.9981370852534,100
k,-5.545939320759343,71.45406067924065,100
x,-55.77006654277575,42.22993345722425,100
l,-16.454761091584587,8.545238908415413,100
x,-32.323177729817395,47.676822270182605,100
p,-81.07749374059942,78.92250625940058,100
c,-30.33108170446401,14.668918295535988,100
z,-15.354498729967151,86.64550127003285,100
v,-86.948018794008,49.05198120599201,100
a,-34.413157829262815,18.586842170737185,100
o,-74.0544781729709,40.94552182702909,100
s,-50.68849850844701,72.31150149155299,100
h,-16.36796389893494,8.632036101065063,100
e,-8.25577700020246,75.74422299979754,100
h,-79.9406180214918,27.0593819785082,100
l,-29.415540152712712,1.584459847287287,100
z,-57.6119173770512,52.3880826229488,100
r,-0.15306538181546037,2.8469346181845396,100
j,-32.93061634576236,67.06938365423764,100
s,-28.635768843424653,74.36423115657534,100
t,-1.6151407426607975,89.3848592573392,100
x,-86.50617465497032,0.4938253450296828,100
x,-79.47596876741915,22.524031232580846,100
n,-34.40375283371591,0.5962471662840879,100
r,-85.3348079507337,89.6651920492663,100
q,-43.92387835062096,68.07612164937903,100
o,-6.646539948912861,4.353460051087139,100
v,-85.88654316763127,25.11345683236873,100
r,-11.870711414604875,50.12928858539512,100
p,-30.26387950198666,67.73612049801334,100
o,-38.79439518996297,27.20560481003703,100
j,0.16587519952225793,91.16587519952226,100
p,-18.821248275322002,3.1787517246779977,100
i,-26.038916962348797,53.96108303765121,100
c,-70.99274822123493,36.00725177876506,100
s,-24.624548269328567,22.375451730671433,100
b,-39.5094293483645,80.4905706516355,100
m,-84.2147842448015,0.785215755198489,100
o,-61.31228831864765,29.68771168135235,100
o,-11.213521642390868,37.786478357609134,100
x,-16.161725682884647,47.83827431711535,100
w,-58.99475990139021,91.00524009860979,100
a,-28.901320492468777,5.098679507531223,100
z,-81.58725644905795,5.412743550942047,100
d,-95.86429817366735,46.13570182633264,100
v,-11.812981573221746,65.18701842677825,100
b,-32.401421370543375,78.59857862945663,100
s,-13.597607895696017,82.40239210430398,100
a,-14.626312214485834,51.373687785514164,100
n,-21.10002164807387,0.8999783519261302,100
l,-44.052460693460006,91.94753930654,100
p,-92.34132428489038,69.65867571510962,100
f,-57.68181931273927,26.318180687260732,100
k,-57.88900170224759,68.11099829775242,100
y,0.16941817122706437,14.169418171227065,100
n,-51.64415944100987,41.35584055899013,100
c,-82.50752293068366,41.49247706931634,100
l,-3.2355955666682936,68.7644044333317,100
w,0.518285672023333,8.518285672023334,100
a,-73.59155657893275,82.40844342106725,100
k,-16.398132752687655,31.601867247312345,100
m,-96.65302468844226,22.346975311557742,100
p,0.9236030656487788,89.92360306564878,100
p,-39.27530587792166,64.72469412207833,100
f,-1.3593755364435414,9.640624463556458,100
a,-89.59300463849354,76.40699536150646,100
u,-24.916826715431643,27.083173284568357,100
c,-13.655980516813353,16.344019483186646,100
x,-16.900078792399217,22.099921207600783,100
t,-53.73305200484778,59.26694799515222,100
n,-66.984167107535,64.015832892465,100
t,-14.735829234497203,63.2641707655028,100
v,-9.56332841953354,44.43667158046646,100
o,-73.80271445036634,77.19728554963366,100
m,-10.189021109717636,90.81097889028237,100
j,-88.66505939089866,2.3349406091013347,100
i,-35.28934029627272,34.71065970372728,100
p,-94.68542521173289,8.314574788267109,100
g,-75.55480903625087,62.44519096374913,100
k,-49.002615252247566,76.99738474775243,100
t,-53.328371890064474,15.671628109935527,100
c,-30.047568746276845,35.952431253723155,100
v,-48.24202928064168,41.75797071935832,100
v,-62.51104443000898,26.488955569991017,100
k,-18.266381007585963,80.73361899241404,100
w,-23.031002095563807,15.968997904436193,100
o,-44.733311081069665,50.266688918930335,100
l,-91.48260901725006,18.51739098274994,100
j,-58.71182410189693,1.2881758981030722,100
t,-54.32473078619964,80.67526921380036,100
f,-81.50473259281476,9.495267407185242,100
w,-82.32110855447803,42.67889144552196,100
o,-77.4514339522204,90.5485660477796,100
q,-5.135606750971098,56.8643932490289,100
q,-37.368028410864724,18.631971589135276,100
z,-76.29892901544899,41.70107098455101,100
y,-33.287577734248494,58.712422265751506,100
p,-81.80314844886335,37.19685155113665,100
m,-8.189655692490033,60.810344307509965,100
x,-27.392858821429527,24.607141178570473,100
t,-38.23410966383042,55.76589033616958,100
d,-27.41909447085354,76.58090552914646,100
x,-64.49707340324898,81.50292659675102,100
e,-34.929897256953836,68.07010274304616,100
e,-73.54352424544163,62.456475754558376,100
p,-38.0193878727,36.9806121273,100
f,-75.83321393123155,46.16678606876845,100
b,-8.804887097254483,65.19511290274552,100
d,-39.56893800457263,23.43106199542737,100
q,-96.0068373506318,27.993162649368205,100
s,-48.237847313791875,8.762152686208129,100
n,-61.87054056412472,88.12945943587529,100
r,-18.662594521904598,68.3374054780954,100
e,-63.95341035246197,48.04658964753803,100
p,-27.241986579740633,79.75801342025937,100
t,-42.48386488312232,8.516135116877678,100
t,-71.78925190719737,27.210748092802632,100
n,-90.43732254987559,38.562677450124404,100
q,-15.218871939292395,90.7811280607076,100
f,-95.5844600701278,87.4155399298722,100
p,-7.177298167498938,70.82270183250107,100
o,-7.001387822833487,87.9986121771665,100
c,-20.907781366143634,57.09221863385637,100
n,-18.179122979289417,94.82087702071058,100
z,-64.28752781814144,23.71247218185855,100
f,-60.364178677427944,68.63582132257206,100
m,-46.2923023876945,53.7076976123055,100
e,-65.14908017626952,37.850919823730486,100
g,-60.73678968114476,16.263210318855243,100
u,-35.5864950267361,76.4135049732639,100
a,-53.961384087529176,47.038615912470824,100
q,-51.727995854978786,77.27200414502121,100
c,-42.774828404111,59.225171595889,100
a,-16.016375225940106,74.98362477405989,100
b,-20.60095185517926,76.39904814482074,100
g,-92.77700597605227,85.22299402394773,100
k,-73.12586271939277,50.874137280607236,100
n,-56.01123272423574,70.98876727576426,100
r,-43.79510412833185,33.20489587166815,100
v,-67.4849487529734,26.515051247026605,100
u,-71.85752603159582,27.14247396840418,100
t,-40.245604457537425,45.754395542462575,100
x,-7.352610564054914,56.64738943594509,100
c,-69.47820376617088,66.52179623382912,100
w,-68.25687007546148,24.743129924538525,100
u,-39.32756513754662,85.67243486245337,100
j,-48.01574051420532,30.98425948579468,100
z,-5.302546410468363,9.697453589531637,100
l,-65.92367876028187,41.07632123971813,100
m,-8.328901976477448,96.67109802352255,100
a,-19.783019256926984,83.21698074307301,100
v,-9.637848989540988,78.36215101045902,100
p,-58.403626865283165,90.59637313471684,100
q,-43.184363933275314,31.815636066724682,100
c,-31.619079391095465,5.380920608904537,100
u,-14.34996878541899,15.65003121458101,100
o,-16.53530672381429,97.46469327618571,100
q,-66.43452793978919,96.56547206021081,100
k,-22.12157551529563,0.8784244847043724,100
l,-20.390276793290777,57.609723206709226,100
t,-81.86602446977209,12.133975530227914,100
s,-6.593935677087104,62.4060643229129,100
v,-86.72430760240822,50.27569239759179,100
k,-0.7349384612432622,89.26506153875674,100
j,-29.64099742215025,51.35900257784975,100
e,-9.835018399651661,47.16498160034834,100
x,-37.55412742647806,27.44587257352194,100
v,-93.03653688701472,34.96346311298529,100
x,-79.29352920356723,13.706470796432766,100
n,-37.49795947372882,63.50204052627118,100
d,-38.43868986614308,59.56131013385692,100
b,-61.83213137197571,80.1678686280243,100
c,-59.83639449513816,69.16360550486185,100
j,-74.3907833790913,21.6092166209087,100
a,-78.2308746325445,77.7691253674555,100
m,-14.891715780646972,84.10828421935302,100
k,-43.186686821037455,38.813313178962545,100
g,-59.06686790240458,51.93313209759542,100
q,-81.05750669024599,72.94249330975401,100
y,-21.432420121470667,97.56757987852933,100
a,-46.6103098478751,90.3896901521249,100
c,-84.49427928025784,92.50572071974216,100
y,-85.97827329019792,58.02172670980208,100
f,-13.791606085192166,82.20839391480783,100
t,-29.52653617176762,87.47346382823238,100
q,-4.97428887179712,49.02571112820288,100
h,-22.526807898442865,44.47319210155714,100
y,-38.68991851397357,6.310081486026428,100
f,-69.10482501444454,58.89517498555546,100
m,-53.73391833834715,48.26608166165285,100
l,-62.31771278921722,72.68228721078277,100
g,-81.28124577927173,23.718754220728268,100
z,-23.461505695866133,31.538494304133867,100
o,-8.183444552561047,72.81655544743896,100
h,-95.33496482336557,85.66503517663443,100
t,-63.9735239970648,8.0264760029352,100
e,-57.727806009713895,10.272193990286102,100
d,-5.476695388822858,26.523304611177142,100
g,-89.31520141003585,1.6847985899641418,100
q,-28.981694015440933,21.018305984559067,100
p,-6.6758127314125355,72.32418726858747,100
h,-97.98778782133171,18.012212178668292,100
u,-57.02400499244045,86.97599500755955,100
n,-79.64904240321788,75.35095759678212,100
o,-75.62435302681604,25.375646973183954,100
v,-54.30662554239752,8.693374457602479,100
d,-40.25364192570393,24.74635807429607,100
h,-14.25495308840058,76.74504691159942,100
s,-46.39968971044828,11.600310289551722,100
w,-25.4430199646287,48.5569800353713,100
k,-79.98866784168438,36.01133215831563,100
m,-24.113804007777045,14.886195992222955,100
a,-17.462393193749737,58.53760680625026,100
s,-52.26974863018821,63.73025136981179,100
r,-77.61752299920995,5.382477000790053,100
i,-61.12458684206733,30.87541315793267,100
t,-8.59456157084798,65.40543842915203,100
l,-86.21614310221811,26.783856897781888,100
z,-64.62908708803877,60.37091291196123,100
d,-31.901969814636296,74.09803018536371,100
u,-35.58335825193982,40.41664174806018,100
f,-70.05676955501787,60.94323044498213,100
k,-33.554585702435546,27.445414297564454,100
p,-41.612970629862595,98.38702937013741,100
c,-31.174657069453726,28.825342930546274,100
w,-44.183294869272565,53.816705130727435,100
o,-91.9767369271993,93.0232630728007,100
k,-9.743584735694832,78.25641526430516,100
t,-87.93011865299665,27.069881347003353,100
s,-52.0885004869309,52.9114995130691,100
b,-53.272094985291865,77.72790501470814,100
i,-3.3352531792536624,36.66474682074634,100
h,-41.71782346458297,91.28217653541702,100
n,-73.45405916502801,46.54594083497198,100
l,-81.8897986121217,33.110201387878305,100
t,-35.278860201057384,66.72113979894262,100
u,-37.80091750131123,34.19908249868877,100
e,-7.433016986345849,55.56698301365415,100
z,-37.191835595764054,8.808164404235944,100
d,-29.22164963031496,39.77835036968504,100
c,-48.45645408170904,47.54354591829096,100
x,-84.15240738579769,0.8475926142023172,100
r,-36.18304415863193,78.81695584136807,100
v,-18.509528793808187,31.490471206191813,100
d,-22.174935211171846,20.825064788828154,100
b,-70.59569549908925,53.40430450091075,100
z,-41.34385961201511,49.65614038798489,100
q,-48.40819630130295,67.59180369869705,100
u,-23.780421361494,95.21957863850601,100
f,-63.76270225331841,88.23729774668159,100
r,-66.51635181860314,40.483648181396866,100
e,-19.417296123989892,78.5827038760101,100
k,-85.2204441462323,27.77955585376771,100
u,-1.0273693009208775,18.972630699079122,100
f,-2.214047115466116,13.785952884533884,100
g,-35.47077370441875,69.52922629558125,100
z,-73.43386886724676,50.56613113275324,100
y,-26.456571727969667,48.54342827203033,100
y,-87.23689088788468,72.76310911211532,100
p,-38.27982970427689,64.72017029572311,100
q,-93.39770167806486,23.602298321935134,100
l,-88.02801626438885,20.971983735611143,100
d,-50.159320971952894,91.8406790280471,100
v,-55.035268090968806,9.964731909031197,100
m,-53.0183330575633,42.9816669424367,100
y,-39.97334446415639,35.02665553584361,100
b,-93.09280895565526,8.90719104434475,100
m,-83.62589506088459,6.374104939115408,100
l,-83.7567848789319,41.2432151210681,100
f,-3.4763368063441558,2.5236631936558442,100
p,-0.9717697683145095,71.02823023168548,100
j,-94.97264895721447,12.027351042785522,100
s,-37.89784151444342,25.10215848555658,100
z,-87.27778032857542,37.722219671424575,100
q,-30.05793149528477,4.942068504715231,100
g,-27.02453341125787,19.97546658874213,100
o,-77.12458411037065,89.87541588962935,100
f,-31.980131148159135,68.01986885184087,100
l,-82.68939031552071,26.31060968447929,100
m,-70.27815507500509,94.72184492499491,100
i,-47.17041839362554,71.82958160637446,100
x,-56.251003624238265,11.748996375761735,100
w,-59.62122361163232,60.37877638836768,100
a,-5.415713417045026,41.584286582954974,100
v,-90.63563956649864,35.36436043350135,100
r,-39.23078511651799,34.76921488348201,100
q,-1.2411959831959154,15.758804016804085,100
n,-53.0123540003753,75.9876459996247,100
q,-14.590929177275775,9.409070822724225,100
p,-61.68930696595564,12.310693034044363,100
h,-16.438516053665534,16.561483946334466,100
r,-48.895720535526955,14.104279464473047,100
o,-3.9086771509516303,0.09132284904836985,100
u,-45.90320143163333,23.096798568366673,100
g,-71.84251747857265,29.15748252142735,100
d,-78.42457929145553,86.57542070854447,100
c,-48.59543042755933,23.404569572440668,100
a,-62.393019067642186,72.60698093235781,100
m,-58.79714165118164,89.20285834881835,100
a,-0.444968714625813,16.555031285374188,100
o,-44.26318531596701,86.73681468403299,100
i,-4.217733452246612,48.78226654775339,100
y,-40.765690702189815,86.23430929781019,100
u,-32.39954156579245,87.60045843420755,100
f,-96.56451041963943,19.435489580360574,100
b,-22.75987954593735,69.24012045406265,100
z,-94.98334106938958,58.016658930610426,100
e,-13.185782052789893,24.814217947210107,100
z,-49.93984719134884,83.06015280865115,100
g,-95.17875018986528,49.82124981013471,100
i,-61.31726030667519,60.68273969332481,100
x,-35.06694220000876,92.93305779999123,100
c,-95.20017405157888,25.799825948421116,100
m,-39.007892242192526,41.992107757807474,100
k,-3.1630233662536953,83.8369766337463,100
u,-55.667269596091955,1.3327304039080416,100
u,-52.45325738014203,77.54674261985798,100
y,-45.88854400975584,84.11145599024417,100
l,-62.9206861443127,75.0793138556873,100
k,-31.303794641115502,1.6962053588844967,100
a,-34.998434243181656,12.001565756818346,100
y,-21.448981895444884,17.551018104555116,100
u,-95.91617957014763,16.08382042985237,100
u,-27.23292990684292,18.76707009315708,100
q,-37.5493273044476,88.4506726955524,100
u,-41.98330856833545,17.016691431664547,100
l,-64.19815807276436,20.80184192723565,100
i,-40.30845218136594,19.691547818634053,100
t,-12.039168416572096,90.9608315834279,100
f,-55.11069604225863,38.88930395774137,100
u,-1.566269456672003,62.433730543328,100
k,-82.09434129696203,69.90565870303797,100
c,-53.156983080376115,80.84301691962389,100
v,-23.61371477035224,39.38628522964776,100
q,-48.342169783182946,11.657830216817056,100
h,-92.30957966842253,15.690420331577467,100
k,-83.81998834024999,60.18001165975,100
o,-54.58114632744141,19.41885367255859,100
m,-6.501236822606443,52.498763177393556,100
h,-25.153669411872215,93.84633058812778,100
g,-71.24118003983676,64.75881996016324,100
p,-57.72658030448774,9.273419695512263,100
z,-11.321271167223466,3.678728832776533,100
c,-56.29258934531183,50.70741065468817,100
c,-61.09865301176894,4.9013469882310625,100
l,-36.23985239124264,83.76014760875736,100
g,-9.26804083275662,64.73195916724337,100
r,-28.864120682978104,50.135879317021896,100
t,-90.27179717635458,25.72820282364541,100
m,-76.32367776911596,25.67632223088404,100
w,-53.77175459756449,94.2282454024355,100
i,-74.87515939712985,69.12484060287015,100
g,-5.822596858029296,85.1774031419707,100
q,-1.019909908053369,46.98009009194663,100
i,-78.33084897332866,71.66915102667134,100
b,-51.04275327863578,11.957246721364218,100
e,-4.80201329268243,19.19798670731757,100
a,-20.548181654010882,0.4518183459891162,100
f,-59.48368128147739,59.51631871852261,100
a,-47.50592300596147,37.49407699403853,100
o,-13.498181660226459,32.50181833977354,100
c,-13.691210004176801,61.3087899958232,100
z,-6.351093486023108,50.64890651397689,100
a,-4.139416417592804,19.860583582407195,100
k,-14.382254401494079,60.61774559850592,100
k,-56.4505237460208,30.549476253979204,100
t,-69.31915514486708,15.680844855132916,100
h,-66.01437322202639,68.98562677797361,100
t,-84.49783652533915,13.502163474660843,100
q,-9.710705811386314,42.28929418861369,100
d,-64.13553130054824,20.864468699451756,100
x,-97.60677779375058,47.39322220624942,100
u,-89.99916304419351,15.000836955806484,100
l,-53.068578674932866,20.931421325067138,100
a,-43.175572245099694,22.824427754900306,100
a,-76.63131764042672,36.368682359573285,100
v,-23.13657457864631,32.86342542135369,100
m,-40.86233883989058,79.13766116010942,100
v,-11.262488284557175,83.73751171544282,100
p,-64.33085240945418,39.669147590545826,100
u,-30.915025643910194,50.08497435608981,100
v,-9.7798746824907,56.2201253175093,100
z,-61.94146318142801,64.05853681857198,100
a,-0.04954359139353748,69.95045640860646,100
j,-87.23027227150376,20.769727728496232,100
r,-23.39082981678973,14.609170183210269,100
j,-52.89458776087806,62.10541223912194,100
w,-64.49187834712174,38.508121652878266,100
l,-85.4770948851997,22.52290511480029,100
s,-2.801748758086332,58.19825124191367,100
a,-61.76478145370974,17.235218546290263,100
a,-56.840287621661815,49.159712378338185,100
a,-28.947622653593697,98.0523773464063,100
s,-87.5860335540905,63.41396644590949,100
c,-87.14072622098553,4.8592737790144716,100
e,-39.154589460550184,20.845410539449816,100
s,-1.9658368414947938,64.03416315850521,100
u,-50.623908034912226,41.376091965087774,100
y,-5.668017174564093,4.331982825435907,100
v,-23.974107881951188,1.0258921180488119,100
e,-37.72174980045163,11.278250199548369,100
p,-44.04425969356585,38.95574030643415,100
x,-11.510993404663159,31.48900659533684,100
r,-61.130761425829206,35.869238574170794,100
m,-74.36379675727989,14.636203242720107,100
w,-61.338501218964055,73.66149878103595,100
g,-73.4583883939174,89.5416116060826,100
i,-74.35230404221278,56.647695957787214,100
l,-26.422899262197742,94.57710073780225,100
y,-84.38772929064658,90.61227070935342,100
f,-42.991654659185315,46.008345340814685,100
c,-63.38840539803119,31.61159460196881,100
x,-61.61799839571744,97.38200160428256,100
t,-12.603896717571633,78.39610328242837,100
e,-89.09652838960338,5.903471610396622,100
a,-12.366995002390038,24.633004997609962,100
h,-74.50147176830887,66.49852823169113,100
n,-97.47251424919895,9.52748575080105,100
i,-90.01748545723036,95.98251454276964,100
a,-63.968469007367105,6.031530992632898,100
x,-24.28754416441166,11.71245583558834,100
p,-50.22462584280105,11.775374157198948,100
r,-6.444076523326894,70.5559234766731,100
q,-94.77815408819271,2.2218459118072946,100
d,-77.80262946825074,61.19737053174926,100
s,-40.56914840630331,62.43085159369669,100
z,-63.09946800818863,14.900531991811373,100
b,-51.55256048244888,70.44743951755112,100
s,-24.321820640660793,16.678179359339207,100
u,-66.49667198252169,81.50332801747831,100
r,-55.605121813002725,0.3948781869972744,100
f,-78.61040155469517,6.389598445304825,100
y,-90.68184309498247,27.31815690501753,100
o,-64.80144697389933,70.19855302610067,100
w,-61.19337277414425,58.80662722585575,100
h,-61.22620165530887,26.773798344691127,100
o,-26.562686622286225,24.437313377713775,100
z,-43.81339765313661,20.18660234686339,100
c,-17.66114868497541,79.3388513150246,100
d,-60.7261396616254,66.27386033837459,100
n,-27.441117395512933,34.55888260448707,100
p,-79.71630060220588,85.28369939779412,100
l,-58.317016349405534,45.682983650594466,100
x,-68.61860253933024,3.3813974606697554,100
e,-55.673366816832484,32.326633183167516,100
q,-45.15373958500923,50.84626041499077,100
w,-15.107419563394448,68.89258043660556,100
f,-33.38718916848004,79.61281083151997,100
j,-63.073252263526435,6.926747736473564,100
d,-9.17018206261903,84.82981793738097,100
i,-4.899174094953024,43.100825905046975,100
r,-54.24193564863277,55.75806435136723,100
l,-33.665534412745856,41.334465587254144,100
m,-77.68368550202754,35.316314497972456,100
n,-14.091213404605218,43.90878659539478,100
g,-64.23134536484207,1.7686546351579242,100
l,-86.96621550266167,70.03378449733833,100
y,-78.46904315753501,60.53095684246498,100
c,-88.99093949505323,94.00906050494677,100
u,-10.084468873523138,45.915531126476864,100
v,-73.83485370734368,94.16514629265632,100
o,-26.475746777674804,44.52425322232519,100
q,-70.17366698219979,51.8263330178002,100
n,-88.8354470105063,88.1645529894937,100
e,-1.3792990221963861,40.620700977803615,100
h,-92.16788041891816,36.83211958108184,100
e,-53.592073750375974,21.407926249624026,100
v,-33.028888675909286,80.97111132409071,100
u,-66.51889578956707,40.48110421043294,100
s,-97.0345048964463,51.96549510355371,100
x,-41.126654830987555,91.87334516901245,100
n,-86.27797158251353,98.72202841748647,100
m,-62.1233196580698,58.8766803419302,100
k,-9.033220693476778,24.96677930652322,100
i,-21.771062542173983,54.228937457826014,100
k,-11.018241720173432,86.98175827982656,100
q,-58.9920292003108,47.0079707996892,100
n,-3.1906017559333666,58.809398244066635,100
e,-77.98323167794506,14.016768322054943,100
g,-33.39640446225539,26.60359553774461,100
x,-13.190156073101853,74.80984392689815,100
n,-17.93907566539786,59.06092433460214,100
x,-39.6212132286151,25.378786771384902,100
b,-71.61375226828468,41.386247731715315,100
b,-78.58726455508781,93.41273544491219,100
d,-89.95208690680967,49.047913093190324,100
i,-87.99421945244856,38.00578054755144,100
m,-90.30028265902587,26.69971734097413,100
s,-97.14917034823226,90.85082965176774,100
j,-83.01985534760755,96.98014465239245,100
g,-81.69377159965926,30.30622840034074,100
l,-45.86456025012254,26.135439749877463,100
f,-80.57429403348783,54.42570596651216,100
w,-41.77881376840048,40.22118623159952,100
w,-87.01793114819604,60.98206885180396,100
y,-66.46450950053713,61.53549049946286,100
v,-1.606712654998268,36.39328734500173,100
l,-77.11363700236348,6.88636299763652,100
v,-58.74157107980952,89.25842892019048,100
w,-83.03810249588717,51.96189750411282,100
n,-58.34931769117165,5.650682308828354,100
a,-2.2886745886329614,24.71132541136704,100
k,-26.222219123065774,5.777780876934228,100
k,-95.85986146392645,84.14013853607355,100
f,-24.027841031593994,7.9721589684060055,100
p,-29.796529829833,46.203470170167,100
p,-87.19608537152041,30.803914628479593,100
x,-62.78086547940441,53.21913452059559,100
e,-6.076334132012515,34.92366586798749,100
t,-32.81700273461634,48.18299726538366,100
s,-15.108617803794425,83.89138219620557,100
b,-28.675013333376974,41.324986666623026,100
i,-69.51911908705482,31.48088091294518,100
i,-1.1664536640932646,93.83354633590673,100
w,-39.72101061942835,33.27898938057165,100
u,-26.618590297152057,9.381409702847945,100
y,-90.33673965988777,51.66326034011223,100
z,-21.09831027611968,79.90168972388032,100
w,-72.87635171081453,38.123648289185475,100
a,-7.595248154003674,3.4047518459963264,100
n,-80.3510351961789,62.6489648038211,100
o,-90.63648975302048,89.36351024697952,100
x,-7.891040863959964,33.108959136040035,100
n,-17.779625712289846,45.22037428771016,100
r,-44.382942079091734,3.617057920908263,100
j,-47.470437386613526,59.529562613386474,100
u,-48.36233612290381,61.63766387709619,100
o,-83.79035918187276,84.20964081812724,100
d,-5.514636668466239,39.48536333153376,100
z,-35.72090138503957,67.27909861496043,100
i,-75.57495844778734,65.42504155221266,100
s,-62.43787226252973,39.56212773747027,100
b,-80.92356570294875,25.076434297051247,100
n,-90.3428145207553,22.6571854792447,100
m,-17.74075777657918,34.25924222342082,100
g,-62.56570172456089,50.43429827543911,100
s,-23.4548867850424,81.5451132149576,100
h,-51.31761446747603,17.682385532523973,100
r,-61.69337955172948,10.306620448270525,100
l,-55.06845010863126,96.93154989136875,100
p,-52.25278211407658,12.74721788592342,100
n,-24.199743985291914,10.800256014708085,100
d,-13.0423165720805,10.9576834279195,100
n,-8.984503134814183,31.015496865185817,100
n,-89.5866257903005,23.413374209699498,100
u,-78.15211587213119,79.84788412786881,100
c,-70.92747124640721,4.072528753592796,100
o,-62.78833940916909,79.2116605908309,100
z,-86.83236455888627,95.16763544111373,100
z,-71.67615465736264,69.32384534263736,100
o,-96.44515234658328,74.55484765341672,100
w,-3.681506831101192,3.318493168898808,100
r,-51.53292772637281,36.46707227362719,100
x,-68.88380260573669,80.11619739426331,100
q,-31.831554741289928,78.16844525871008,100
j,-17.743812510694564,11.256187489305436,100
g,-0.7980294671736354,43.201970532826365,100
v,-27.756640253538,51.243359746462005,100
o,-22.24030431627264,23.75969568372736,100
s,-42.17893045524503,91.82106954475498,100
p,-95.907339447394,40.092660552606006,100
s,-20.28242105932547,3.7175789406745317,100
s,-52.58412427850573,55.41587572149427,100
a,-36.94560853606863,39.05439146393137,100
z,-72.56359887966127,26.436401120338726,100
e,-35.38613965200023,63.61386034799977,100
k,-60.965737179554935,21.03426282044507,100
s,-30.31162362718997,21.68837637281003,100
b,-32.17781644070778,77.82218355929223,100
s,-33.10931432475344,54.89068567524656,100
k,-71.42167896178306,40.57832103821694,100
e,-96.644833441391,57.35516655860899,100
g,-24.893189484370776,79.10681051562922,100
v,-57.74051681330613,90.25948318669387,100
n,-6.130886946831209,75.86911305316879,100
k,0.9925105651524433,73.99251056515244,100
z,-53.10325167567763,82.89674832432237,100
a,-0.9441431661568949,6.055856833843105,100
q,-92.26280879263355,79.73719120736645,100
k,-89.74925089345331,69.25074910654669,100
z,-70.4583178156958,8.541682184304195,100
h,0.8911650028775647,57.891165002877564,100
m,-18.340128259572822,31.659871740427178,100
z,-17.407490369381495,88.59250963061851,100
x,-3.113875931412762,19.886124068587236,100
l,-19.295296867544472,65.70470313245553,100
g,-20.97853190219945,17.02146809780055,100
v,-84.62474869453995,64.37525130546005,100
j,-85.35657945174685,60.643420548253154,100
n,-91.73162533499158,84.26837466500842,100
l,-37.20725928708075,33.79274071291925,100
o,-32.78805947835284,73.21194052164716,100
f,-95.27617632240751,28.723823677592492,100
n,-49.485803162130665,95.51419683786933,100
n,-53.575337626476696,58.424662373523304,100
q,-37.30965658542865,91.69034341457134,100
n,-0.12848183977055894,41.87151816022944,100
l,-7.755162715984324,19.244837284015677,100
r,-36.4589899576578,75.5410100423422,100
i,-74.02354341994732,26.976456580052684,100
c,-9.492752626057785,87.50724737394222,100
w,-26.263901969202255,6.736098030797746,100
p,-62.49757557267181,4.502424427328184,100
x,-36.316579125150135,80.68342087484986,100
r,-69.22434476936222,28.775655230637778,100
k,-94.27738023829129,78.72261976170871,100
e,-68.33313123655132,19.666868763448672,100
w,-43.08601688290156,40.91398311709844,100
z,-81.64948917312829,38.35051082687171,100
v,-17.760027004034907,89.23997299596509,100
a,0.1794350461322075,37.179435046132205,100
p,-91.43267004094359,97.56732995905641,100
f,-38.47816045361793,11.521839546382068,100
v,-3.418184737053343,49.581815262946655,100
w,-58.219322004445715,43.780677995554285,100
t,-63.30914998402115,30.69085001597885,100
z,-82.95436169100373,69.04563830899627,100
n,-80.69115697608903,62.30884302391096,100
y,-55.21550414145324,64.78449585854676,100
d,-13.646695757315356,14.353304242684644,100
q,-7.819450211122672,7.180549788877328,100
c,-52.713419922957186,60.286580077042814,100
b,-33.32612541842706,44.67387458157294,100
k,-70.68689211801957,31.31310788198043,100
r,-50.88751629960087,48.11248370039913,100
m,-65.09692860591181,73.90307139408819,100
f,-3.013161485891823,81.98683851410817,100
v,-46.283874260431105,97.7161257395689,100
k,-17.19795706653457,45.80204293346543,100
d,-69.244603243022,93.755396756978,100
s,-14.650064120174203,33.34993587982579,100
m,-10.617001433888042,5.382998566111959,100
q,-20.65898626743401,84.341013732566,100
w,-69.14407790594272,50.85592209405728,100
z,-39.836450700619835,55.163549299380165,100
x,-16.744384317794356,7.2556156822056455,100
p,-82.49000850319837,6.509991496801629,100
w,-60.76628532664749,40.23371467335251,100
m,-97.64998459292961,42.350015407070394,100
t,-23.440939715067255,28.559060284932745,100
c,-48.35553821384133,17.644461786158672,100
o,-0.3444950948004166,43.655504905199585,100
r,-36.94992526162156,6.05007473837844,100
p,-11.796773769884703,92.20322623011529,100
g,-1.4909853755926163,28.509014624407385,100
b,-45.621382178471464,65.37861782152854,100
v,-56.46710004830351,0.5328999516964961,100
y,-69.15398085788445,94.84601914211555,100
s,-18.479225641944474,62.520774358055526,100
d,-47.96739961076201,79.032600389238,100
x,-12.921139674986945,74.07886032501305,100
w,-31.422477414059596,43.57752258594041,100
w,-89.24739333910038,88.75260666089962,100
v,-23.415997349840236,28.584002650159764,100
o,-46.823418921603455,31.176581078396545,100
j,-47.289310464872756,73.71068953512724,100
s,-54.86541861720399,7.13458138279601,100
p,-71.94924036092674,26.050759639073263,100
p,-4.6886468943791515,76.31135310562085,100
t,-27.546399778992832,24.453600221007168,100
t,-56.00682252241026,7.993177477589741,100
d,-10.413815929777936,22.586184070222064,100
e,0.14843599869095525,40.14843599869096,100
j,-34.96545055648229,34.03454944351771,100
