s,-86.10525003451896,88.89474996548104,1500
m,-92.25024831522197,48.74975168477804,1500
z,-73.77299167401404,95.22700832598596,1500
x,-6.772179723034879,94.22782027696512,1500
t,-38.917843160682935,52.082156839317065,1500
i,-24.386776713659337,26.613223286340663,1500
u,-53.934390478600285,74.06560952139971,1500
i,-24.918555009031294,5.081444990968706,1500
g,-3.3752114948040264,63.62478850519597,1500
h,-89.67004296121821,54.329957038781785,1500
z,-60.22499210503646,41.77500789496354,1500
h,-97.22402667928675,79.77597332071325,1500
t,-68.79385708408316,1.2061429159168442,1500
p,-29.97766660258287,46.02233339741713,1500
r,-46.228469845340925,70.77153015465908,1500
r,-5.4905893050617385,52.50941069493826,1500
f,-69.15357160109987,63.84642839890013,1500
u,-59.649382077683505,55.350617922316495,1500
n,-26.58961982954629,24.41038017045371,1500
b,-12.65370815071508,27.34629184928492,1500
v,-93.02133301649519,24.978666983504812,1500
e,-16.41202611163563,65.58797388836437,1500
f,-76.19544462024705,38.804555379752955,1500
o,-16.078634456408363,74.92136554359163,1500
f,-31.161496746682307,61.8385032533177,1500
l,-44.53626104996785,26.463738950032155,1500
e,-15.092180639738954,16.907819360261044,1500
u,-31.242962832619078,92.75703716738091,1500
h,-37.161216569575004,32.838783430424996,1500
c,-93.70320193991869,93.29679806008131,1500
b,-63.35738633925053,15.642613660749465,1500
f,-53.2196189549037,70.7803810450963,1500
z,-64.3244532695316,58.675546730468405,1500
i,-79.60691522288454,21.393084777115458,1500
y,-54.90638059101144,3.0936194089885585,1500
u,-16.69914577838791,72.3008542216121,1500
k,-94.79289732728235,88.20710267271765,1500
g,-6.46671006991279,9.53328993008721,1500
n,-74.26333187372842,16.73666812627158,1500
o,-87.1450993724085,49.8549006275915,1500
o,-74.20690035353233,92.79309964646767,1500
v,-63.31945053931899,22.680549460681007,1500
k,-48.14921681912736,79.85078318087264,1500
l,-86.60064911397991,38.39935088602009,1500
t,-49.480722135595165,32.519277864404835,1500
k,-18.979431749359573,12.020568250640425,1500
a,-2.5962499059175883,30.40375009408241,1500
y,-77.68818303623564,43.31181696376436,1500
r,-47.26678080027474,97.73321919972526,1500
v,-45.866327896690954,22.133672103309046,1500
r,-64.87301946825285,88.12698053174715,1500
t,-58.10933166934872,18.890668330651277,1500
x,-86.14551977909174,69.85448022090826,1500
b,-80.9021605710017,0.09783942899830134,1500
r,-9.911534989264359,32.08846501073564,1500
i,-14.93135644883184,87.06864355116817,1500
l,-18.506863591246656,37.493136408753344,1500
c,-32.9982905685636,63.0017094314364,1500
j,-44.53002253942246,17.469977460577542,1500
w,-47.11755383834485,6.882446161655153,1500
b,-81.0896046039507,41.9103953960493,1500
a,-51.884977238710704,41.115022761289296,1500
f,-76.6343112998194,70.3656887001806,1500
x,-74.11907821950743,98.88092178049257,1500
r,-3.7670847580267006,95.2329152419733,1500
i,-53.11349063478393,2.8865093652160736,1500
z,-49.371565634942954,53.628434365057046,1500
b,-74.70881358942177,83.29118641057823,1500
z,-39.20931696184775,69.79068303815225,1500
h,-56.49502555614817,45.50497444385183,1500
g,-43.962623863852926,24.03737613614707,1500
f,-36.99997591120358,62.00002408879642,1500
h,0.18713539503085708,26.187135395030857,1500
a,-37.35764826999198,29.642351730008027,1500
m,-88.43956061198423,54.56043938801577,1500
k,-67.42337807027461,16.5766219297254,1500
c,-62.97113509890166,18.02886490109834,1500
g,-83.88528152706095,47.114718472939046,1500
i,-90.49811217433785,49.501887825662145,1500
j,-9.336602462273444,90.66339753772655,1500
o,-54.66833394239399,27.331666057606007,1500
u,-77.5196079201994,1.480392079800597,1500
e,-47.01225365349167,23.987746346508327,1500
i,-5.47119178818088,33.52880821181912,1500
i,-58.93654832868121,48.06345167131879,1500
l,-70.76162627522133,6.238373724778671,1500
a,0.4348042640299248,78.43480426402992,1500
h,-82.14483870142023,37.85516129857978,1500
l,-9.527305957198905,51.472694042801095,1500
x,-0.8001153642476743,86.19988463575233,1500
e,-97.89590780023288,66.10409219976712,1500
a,-86.24876821932834,3.7512317806716595,1500
x,-70.75395841020011,27.246041589799884,1500
g,-10.924303835727805,26.075696164272195,1500
m,-94.39840283696077,62.60159716303923,1500
o,-49.8005179640374,69.1994820359626,1500
e,-18.89341051485444,25.10658948514556,1500
g,-14.698472404926155,40.30152759507384,1500
x,-65.87435740293063,76.12564259706937,1500
n,-60.858430297446034,87.14156970255397,1500
w,-56.139706862609984,36.860293137390016,1500
u,-38.67769562621654,92.32230437378347,1500
u,-83.93898226933841,40.06101773066159,1500
x,-32.79422970239719,14.20577029760281,1500
v,-73.62745022754086,62.37254977245913,1500
d,-45.16436982199386,4.835630178006143,1500
h,-77.68146540675586,52.31853459324414,1500
r,-15.585390427642196,32.414609572357804,1500
x,-17.180121882710203,17.819878117289797,1500
f,-25.73900322198528,85.26099677801471,1500
m,-19.08360811937917,18.91639188062083,1500
f,-61.06806195499148,37.93193804500852,1500
w,-54.96431106655462,43.03568893344538,1500
q,-72.1860429363205,67.8139570636795,1500
x,-65.85508064315457,50.144919356845435,1500
d,-88.38055071727577,64.61944928272423,1500
w,-24.280822641772197,74.7191773582278,1500
l,-65.89820488193502,81.10179511806498,1500
i,-93.26241460947546,52.73758539052454,1500
v,-20.83373929206453,6.16626070793547,1500
m,-72.38226547088824,60.61773452911175,1500
i,-29.514018673361917,56.48598132663808,1500
n,-34.76822505562393,72.23177494437607,1500
d,-75.11608288881949,7.883917111180514,1500
n,-19.761208769936278,85.23879123006373,1500
b,-1.4588755928344628,83.54112440716554,1500
j,-87.25541942585501,33.74458057414499,1500
w,-1.8713038592597824,29.128696140740217,1500
d,-38.1443117463957,4.8556882536042965,1500
i,-47.48676630177979,46.51323369822021,1500
l,-93.37864150263331,10.621358497366685,1500
q,-96.69104522050296,36.30895477949704,1500
g,-24.323670072538487,45.676329927461516,1500
e,-30.585008709687227,64.41499129031277,1500
y,-92.94889907842607,29.05110092157393,1500
t,-54.907982421336335,90.09201757866367,1500
i,-61.61459874450486,24.385401255495143,1500
u,-9.639085567932293,73.3609144320677,1500
d,-93.04155482287405,61.95844517712596,1500
s,-79.4249783380129,39.57502166198709,1500
s,-97.6310971525486,11.368902847451391,1500
s,-26.395086949197225,40.60491305080277,1500
y,-60.320659651531564,77.67934034846843,1500
a,-35.208117886963564,70.79188211303644,1500
q,-18.643433916391864,69.35656608360813,1500
s,-64.57564270599738,62.42435729400261,1500
z,-71.60008831535833,2.39991168464166,1500
v,-41.92155263585509,57.07844736414491,1500
a,-27.309255942452463,25.690744057547537,1500
d,-63.11996147620938,92.88003852379062,1500
f,-33.967121370923905,86.0328786290761,1500
v,-38.68628898781651,26.31371101218349,1500
i,-74.49990721753097,7.500092782469019,1500
m,-77.30614005630495,79.69385994369505,1500
q,-34.01396614731244,9.98603385268756,1500
t,-78.00376823546118,41.99623176453882,1500
t,-48.828884514334895,34.171115485665105,1500
z,-71.60212688828503,9.39787311171497,1500
t,-88.9745845149962,28.02541548500381,1500
c,-8.88843198640543,89.11156801359456,1500
f,-29.989462232089256,0.010537767910742568,1500
i,-24.48643685199931,2.5135631480006886,1500
p,-72.55979222683374,73.44020777316626,1500
r,-38.95703208158013,42.04296791841987,1500
n,-23.669590349245322,81.33040965075467,1500
q,-2.619236418929113,94.38076358107088,1500
i,-87.71493961166343,37.285060388336575,1500
b,-17.80171410291209,34.19828589708791,1500
p,-3.330996083702865,29.669003916297136,1500
f,-27.115797664834595,94.88420233516541,1500
w,-87.90119787563039,30.098802124369605,1500
r,-63.500378244247266,20.499621755752738,1500
a,-97.75868598237356,58.24131401762644,1500
h,-57.33957922053176,25.660420779468236,1500
l,-16.067899454406305,82.9321005455937,1500
m,-14.600800950830116,46.39919904916989,1500
x,-44.05173787424763,64.94826212575236,1500
w,-13.539092543545536,52.460907456454464,1500
r,-55.03325398758396,64.96674601241604,1500
y,-15.093147873576187,91.90685212642381,1500
w,-3.291042360545605,9.708957639454395,1500
n,-19.754394763264933,50.24560523673507,1500
c,-1.2841847672252449,10.715815232774755,1500
h,-17.385687591942894,70.6143124080571,1500
i,-45.77780695328765,36.22219304671235,1500
g,-85.10102537459703,72.89897462540297,1500
n,-58.07291670919194,15.927083290808067,1500
m,-18.3636649238399,1.6363350761601028,1500
g,-76.98969730801443,74.01030269198557,1500
m,-5.5790394367068075,27.420960563293193,1500
l,-75.30703101035978,63.69296898964022,1500
i,-17.157435484903402,18.842564515096598,1500
g,-23.877557394005542,64.12244260599446,1500
z,-97.77913420724177,14.22086579275823,1500
x,-28.680228910069424,84.31977108993058,1500
w,-93.79582545991317,78.20417454008683,1500
o,-34.94091388516424,28.059086114835754,1500
g,-82.61625925971902,4.38374074028098,1500
s,-67.66651270780235,67.33348729219765,1500
s,-28.331608745499437,79.66839125450056,1500
b,-77.65287030982267,27.347129690177326,1500
v,-59.86239861712543,76.13760138287458,1500
j,-21.43119183395399,62.56880816604601,1500
b,-95.1018285954771,56.8981714045229,1500
x,-44.21788311960032,77.78211688039967,1500
a,-6.790571924481971,34.209428075518026,1500
j,-21.045190515843778,94.95480948415621,1500
m,-94.95477891731299,46.04522108268701,1500
s,-79.70454501736951,67.29545498263049,1500
i,-27.1140142140263,16.8859857859737,1500
p,-16.0572546886714,75.9427453113286,1500
x,-14.535178786802511,12.464821213197489,1500
f,-73.078003615,39.921996385,1500
d,-31.814003423319612,24.185996576680388,1500
i,-84.47950648091253,6.52049351908746,1500
b,-87.72830820936338,23.271691790636627,1500
k,-37.44271831447222,24.557281685527776,1500
g,-60.74891286004443,59.25108713995557,1500
x,-86.15973657604188,13.840263423958115,1500
w,-29.763838815092793,18.236161184907207,1500
x,-52.37611736097233,10.623882639027673,1500
n,-69.52662391843594,81.47337608156406,1500
c,-84.58457645477363,6.41542354522637,1500
t,-32.963276848103156,77.03672315189684,1500
l,-20.883929326774016,29.116070673225984,1500
r,-28.589789301643368,98.41021069835664,1500
m,-14.751373417138954,55.24862658286104,1500
k,-20.629206201913377,49.37079379808662,1500
p,-61.137381300841305,82.86261869915869,1500
c,-56.71084658606744,62.28915341393256,1500
n,-3.62726964672976,61.37273035327024,1500
z,-58.386951960458596,22.613048039541404,1500
u,-82.03673825208317,43.96326174791683,1500
v,-70.03050473914242,67.96949526085758,1500
b,-31.966529570893872,87.03347042910613,1500
a,-49.0117523563971,60.9882476436029,1500
o,-49.50764896596654,95.49235103403346,1500
z,-62.77542277667317,56.22457722332683,1500
c,-24.125098753877534,96.87490124612246,1500
n,-34.2466334463857,25.753366553614303,1500
r,-85.88141830922606,46.11858169077394,1500
u,-40.00347605653394,53.99652394346606,1500
e,-87.69142466201393,11.308575337986072,1500
g,-13.62091684468877,20.379083155311232,1500
e,-61.395457259094755,40.604542740905245,1500
y,-40.61685214984674,30.38314785015326,1500
l,-64.1708960616624,43.829103938337596,1500
s,-61.25709113913978,74.74290886086023,1500
d,-76.12616483521967,79.87383516478033,1500
u,-62.970654782186,19.029345217814,1500
j,-92.43017890333623,11.56982109666377,1500
n,-78.3773582045753,0.6226417954247022,1500
h,-40.93151951344691,80.0684804865531,1500
v,-6.8162030832149965,3.1837969167850035,1500
w,-46.652913938497875,46.347086061502125,1500
b,-24.09419022007383,9.90580977992617,1500
d,-1.3774706011888753,14.622529398811125,1500
u,-3.516786926315427,2.483213073684573,1500
i,-1.1980490917091289,93.80195090829088,1500
i,-90.3004790314356,17.699520968564396,1500
k,-96.87225859173193,83.12774140826807,1500
l,-0.7727549997333654,82.22724500026663,1500
h,-72.2745739571123,8.7254260428877,1500
k,-56.931262749503155,60.068737250496845,1500
o,-93.11570919326834,98.88429080673166,1500
p,-95.93921049557832,62.06078950442167,1500
z,-52.878395232244856,6.121604767755143,1500
x,-15.485952824916412,49.51404717508359,1500
l,-49.85132523468925,76.14867476531076,1500
t,-84.20178343770948,56.79821656229052,1500
t,0.9258645765785962,76.92586457657859,1500
x,-90.6826946423587,77.3173053576413,1500
n,-15.260488580034108,31.73951141996589,1500
f,-72.29749424930101,21.702505750698986,1500
s,-41.148525442625186,18.851474557374818,1500
s,-44.69214725556196,97.30785274443804,1500
t,-37.44565308232435,58.55434691767565,1500
f,-53.52414722475297,45.47585277524703,1500
e,-23.42203420778919,37.57796579221081,1500
n,-92.67983006155893,31.320169938441072,1500
g,-74.9191256917194,24.080874308280595,1500
n,-67.5792584322215,67.4207415677785,1500
f,-4.602300957539912,16.39769904246009,1500
l,-21.115309316856667,31.884690683143333,1500
f,-13.544817594614122,13.455182405385878,1500
y,-55.5724862806103,85.42751371938971,1500
e,-94.03586912122279,73.96413087877721,1500
r,-64.06450434340876,38.93549565659125,1500
j,-37.41835915380835,21.581640846191643,1500
a,-31.329154347096097,63.6708456529039,1500
d,-18.46710304633769,53.53289695366231,1500
x,-51.14027744909441,58.85972255090559,1500
l,-16.840409809019913,92.15959019098008,1500
i,-8.487853000392256,13.512146999607744,1500
a,-52.321062915453844,80.67893708454616,1500
g,-21.591284217703866,41.408715782296134,1500
e,-46.31779753267419,32.68220246732581,1500
m,-14.834588481099072,85.16541151890092,1500
w,-89.63612455585913,94.36387544414087,1500
h,-27.46696632541225,59.53303367458775,1500
t,-63.74385480693433,55.25614519306567,1500
f,-46.84093427451695,43.15906572548305,1500
i,-39.25608569397162,88.74391430602839,1500
v,-79.21151494353334,38.788485056466655,1500
n,-76.77748595619205,5.2225140438079425,1500
m,-20.33419516730273,24.66580483269727,1500
l,-80.21376738495331,35.78623261504668,1500
m,-35.42326963195668,51.57673036804332,1500
e,-90.3404500707654,7.6595499292346005,1500
x,-7.772571404724764,53.227428595275235,1500
e,-51.3962915624989,55.6037084375011,1500
i,-0.26310573491536215,54.736894265084636,1500
v,-68.36438596626547,62.63561403373453,1500
p,-38.631831793497845,59.368168206502155,1500
a,-52.51161517797761,82.4883848220224,1500
s,-44.253652319817434,71.74634768018257,1500
z,-2.263826381750512,6.736173618249488,1500
c,-69.95134165982287,45.04865834017713,1500
j,-87.21383826832762,42.78616173167237,1500
b,0.5049100282466189,65.50491002824661,1500
z,-31.710550454214868,30.289449545785132,1500
v,-46.24935974752782,41.75064025247218,1500
q,-29.0279425411161,14.972057458883901,1500
r,-52.8486066248744,17.151393375125597,1500
i,-10.879247877574164,92.12075212242584,1500
b,-27.116331299992286,39.88366870000772,1500
d,-9.21306260903137,13.78693739096863,1500
t,-34.23523502588579,73.7647649741142,1500
h,-72.83116367819808,28.168836321801923,1500
c,-38.32880457461823,27.671195425381768,1500
b,-77.58132534973686,3.418674650263144,1500
v,-87.39200009727044,34.60799990272956,1500
q,-26.51828293054416,5.48171706945584,1500
p,-27.806457324346137,27.193542675653863,1500
x,-48.855027203787394,0.14497279621260328,1500
e,-28.788438582203256,70.21156141779674,1500
r,-75.54478734596859,80.45521265403141,1500
v,-18.006042631406938,22.993957368593062,1500
t,-58.15376892557939,88.8462310744206,1500
f,-97.43223621912549,88.56776378087451,1500
x,-29.656061225315145,55.34393877468485,1500
v,-37.63313097233255,50.36686902766745,1500
d,-8.224034059829783,69.77596594017022,1500
w,-58.6269608606119,47.3730391393881,1500
m,-91.04562274762462,52.95437725237539,1500
o,-5.242480146735124,29.757519853264878,1500
x,-35.85383947685046,70.14616052314953,1500
d,-59.35406559432291,25.64593440567709,1500
o,-50.76780345740098,97.23219654259901,1500
b,-18.663051242485523,96.33694875751448,1500
r,-39.7958674301035,76.2041325698965,1500
x,-63.02041358363549,69.97958641636451,1500
v,-18.5634991685646,77.4365008314354,1500
k,-27.3652234908818,1.6347765091181994,1500
v,-64.73768369135826,76.26231630864174,1500
r,-16.591631238806997,18.408368761193003,1500
r,-4.991700853207611,65.00829914679238,1500
u,-44.77249006349122,34.22750993650878,1500
h,-60.91805255397599,40.08194744602401,1500
n,-49.781438442356745,88.21856155764326,1500
j,-29.664598324770843,11.335401675229157,1500
v,-32.095682406786125,44.904317593213875,1500
v,-32.46138591109872,22.53861408890128,1500
p,-5.598898507600767,24.40110149239923,1500
y,-24.641502190899153,38.35849780910085,1500
y,-58.204808199443164,73.79519180055684,1500
y,-19.649747856093125,49.35025214390687,1500
l,-80.0885658143186,9.911434185681394,1500
n,-94.91823635357085,12.08176364642915,1500
w,-31.1233746538728,60.8766253461272,1500
d,-13.533021788495553,56.46697821150445,1500
j,-96.43670322282692,65.56329677717308,1500
v,-43.21900168258403,49.78099831741597,1500
i,-62.5138747178451,3.486125282154902,1500
a,-67.89360059837847,21.10639940162153,1500
p,-4.493187596949058,44.506812403050944,1500
e,-95.612574678591,55.38742532140899,1500
k,-31.685251285276532,0.31474871472346944,1500
k,-30.985924453027962,3.0140755469720357,1500
d,-45.59867747968897,89.40132252031103,1500
a,-80.47345200639698,39.52654799360302,1500
o,-41.718709793724464,86.28129020627554,1500
b,-32.02223085146378,20.977769148536222,1500
k,-17.352611894802756,54.647388105197244,1500
w,-77.63519886451138,33.36480113548862,1500
x,-34.44496906667788,47.55503093332212,1500
q,-77.83937181511033,50.16062818488967,1500
u,-20.128643951368396,56.871356048631604,1500
u,-23.76899207696373,86.23100792303627,1500
g,-28.325507409075897,68.6744925909241,1500
p,-91.25128671931488,37.74871328068512,1500
f,-86.34645815246635,25.653541847533653,1500
k,-12.788024565175975,50.211975434824026,1500
n,-51.847471518078805,77.1525284819212,1500
m,-82.35812563703658,59.64187436296342,1500
f,-60.30917901105909,24.690820988940906,1500
g,-4.8633011014486955,77.1366988985513,1500
j,-86.93727015371078,50.06272984628922,1500
o,-75.58164205095973,13.418357949040278,1500
c,-94.59390534819089,47.40609465180911,1500
q,-71.06922352495255,64.93077647504745,1500
t,-66.98586786396541,26.01413213603459,1500
o,0.7962492373598321,34.79624923735983,1500
b,-52.869723334934925,39.130276665065075,1500
f,-63.29946907867833,10.70053092132167,1500
a,-9.08831610286953,35.91168389713047,1500
e,-70.38345248923721,83.61654751076279,1500
z,-90.01156300005194,57.98843699994807,1500
y,-54.59735971573152,37.40264028426848,1500
q,-39.24426007491541,50.75573992508459,1500
m,-9.350201827538564,64.64979817246143,1500
g,-58.95496803391807,49.04503196608193,1500
b,-2.1985975897000185,93.80140241029999,1500
p,-58.91760025192303,97.08239974807697,1500
y,-81.35710664704429,63.6428933529557,1500
j,-60.36016159152356,22.639838408476447,1500
g,-41.48551486951019,96.51448513048982,1500
g,-19.11040561344629,80.88959438655371,1500
k,-94.84771373073019,33.15228626926981,1500
a,-22.1775512583095,8.822448741690502,1500
z,-29.76576066977681,70.23423933022319,1500
m,-16.425848894307588,40.57415110569241,1500
b,-92.8441297476077,51.1558702523923,1500
y,-69.68956334400976,44.310436655990245,1500
x,-61.96255944546579,27.037440554534207,1500
a,-80.1858373630218,51.8141626369782,1500
c,-9.44099241131544,87.55900758868457,1500
n,-90.47295356111165,26.527046438888352,1500
z,-43.33088560723709,80.6691143927629,1500
f,-91.62690887974416,43.373091120255836,1500
n,-17.721779375307083,26.278220624692917,1500
p,-77.41614756870608,30.583852431293913,1500
a,-72.35418781072102,25.645812189278978,1500
e,-82.67435439231485,37.325645607685146,1500
i,-34.68426541454557,49.31573458545443,1500
v,-32.662994395913856,92.33700560408614,1500
e,-24.668604836973998,94.331395163026,1500
w,-96.03832870469338,9.961671295306608,1500
a,-37.82321210535327,72.17678789464672,1500
s,-36.946319334134756,0.05368066586524711,1500
d,-58.74549302425515,9.25450697574485,1500
h,-27.272978341792015,55.72702165820798,1500
a,-75.91747485014206,86.08252514985794,1500
p,-16.222924932405842,32.777075067594154,1500
u,-23.45716402719022,4.542835972809778,1500
y,-34.45041309548606,17.549586904513937,1500
w,-92.45644066761491,27.54355933238508,1500
d,-76.78747368633664,7.212526313663357,1500
i,-4.543464701492404,55.456535298507596,1500
q,-20.20350979333334,54.79649020666666,1500
a,-57.58951938529117,87.41048061470883,1500
o,-87.92502618223068,37.07497381776931,1500
n,-80.88912300512966,75.11087699487034,1500
v,-79.17389669150015,3.826103308499849,1500
d,-40.54865608652084,75.45134391347915,1500
t,-43.121944395103675,96.87805560489632,1500
m,-89.7374270235898,46.2625729764102,1500
a,-36.07319023288837,30.92680976711163,1500
m,-82.52873968776603,54.471260312233966,1500
h,-85.13476853779184,16.865231462208158,1500
i,-60.91478830217871,26.08521169782129,1500
j,-81.43906883124782,95.56093116875218,1500
b,-46.968010551525026,69.03198944847497,1500
g,-86.39490471052648,33.605095289473525,1500
c,-49.256873674132095,45.743126325867905,1500
k,-16.375385089103027,28.624614910896973,1500
v,-25.87800026037243,68.12199973962757,1500
n,-47.01537944867017,33.98462055132983,1500
t,-64.63245529949992,55.367544700500076,1500
o,-11.185930683013485,83.81406931698652,1500
h,-94.95447262897333,30.045527371026658,1500
r,-79.8447898010441,97.1552101989559,1500
d,-16.646019156578287,95.35398084342171,1500
r,-65.48708276183248,86.51291723816752,1500
z,-16.572202997517554,15.427797002482446,1500
y,-84.76119202701808,10.238807972981913,1500
k,-82.38612248752743,71.61387751247257,1500
p,-62.5973709537326,1.4026290462673967,1500
s,-93.47181605837089,82.52818394162911,1500
d,-8.307745795908113,75.69225420409188,1500
i,-12.27730019923462,6.72269980076538,1500
f,-40.30713376731164,26.69286623268836,1500
t,-79.56435988576659,77.43564011423341,1500
q,-66.01606666540482,38.98393333459518,1500
t,-19.163280909789815,39.83671909021019,1500
k,-8.437261335607797,9.562738664392203,1500
x,-39.473515761610464,70.52648423838953,1500
z,-84.85245909143168,35.14754090856831,1500
v,-51.08258442291383,60.91741557708617,1500
y,-28.65004618086585,91.34995381913414,1500
c,-74.77588812855697,28.224111871443025,1500
v,-86.10013179320589,49.89986820679412,1500
z,-54.91780739380486,90.08219260619514,1500
r,-59.924366232253256,39.075633767746744,1500
u,-80.83823684302186,14.161763156978136,1500
k,-27.811135813481187,46.18886418651881,1500
t,-57.198411109230946,32.801588890769054,1500
c,-87.95489149044475,57.04510850955525,1500
g,-44.48980864415102,47.51019135584898,1500
g,-50.86517898325661,86.13482101674339,1500
o,-88.80454893720434,40.195451062795655,1500
z,-68.64628659084146,21.35371340915854,1500
c,-65.79927468496982,15.200725315030185,1500
p,-24.492793737499714,47.50720626250028,1500
m,-66.86387292231645,98.13612707768355,1500
d,-52.24763398171416,2.7523660182858403,1500
e,-56.59133612701566,10.408663872984345,1500
g,-43.88760731228184,47.11239268771816,1500
k,-31.49125900555376,29.50874099444624,1500
n,-61.17884859495116,19.821151405048834,1500
c,-58.71556904444326,69.28443095555674,1500
a,-66.30932535381203,96.69067464618797,1500
j,-65.83237570015612,82.16762429984388,1500
o,-40.83222174496436,54.16777825503564,1500
v,-77.65123760390081,45.34876239609918,1500
d,-95.11538558543765,12.88461441456235,1500
w,-80.18730831470046,6.812691685299541,1500
l,-86.65308925668197,58.346910743318034,1500
k,-24.947907871443544,92.05209212855645,1500
f,-34.90076832894901,14.09923167105099,1500
q,-46.42863582257709,96.57136417742291,1500
l,-80.58679089978992,67.41320910021008,1500
s,-82.34319406451397,13.656805935486029,1500
s,-67.29279516560726,42.70720483439273,1500
r,-1.3537211160669789,71.64627888393302,1500
m,-2.4620757480181275,23.537924251981874,1500
f,-83.15394181713322,84.84605818286678,1500
j,-59.496110977812116,63.503889022187884,1500
q,-34.00042485500567,41.99957514499433,1500
w,-16.68338314469081,61.316616855309185,1500
b,-39.87457192428432,43.12542807571568,1500
b,-77.92134961826332,14.078650381736686,1500
l,-76.63917681341866,86.36082318658134,1500
k,-80.81898785412109,3.18101214587891,1500
i,-64.27602706496411,78.72397293503589,1500
r,-56.368838062595955,67.63116193740404,1500
k,-92.10803241424126,26.891967585758742,1500
w,-5.950504067671803,70.0494959323282,1500
m,-45.30606262114081,0.6939373788591889,1500
a,-60.700634409435736,11.29936559056426,1500
g,-26.104409840983124,28.895590159016876,1500
s,-65.69910917229346,8.300890827706535,1500
m,-59.90512967032902,20.094870329670982,1500
r,-70.63669116351119,94.36330883648881,1500
f,-73.08780401453717,95.91219598546283,1500
w,-88.64865859393386,26.351341406066144,1500
x,-66.18903280169374,38.81096719830625,1500
f,-45.47170198064464,90.52829801935536,1500
f,-65.8411478413149,93.1588521586851,1500
j,-19.86406416646802,34.13593583353198,1500
o,-75.99076414259416,96.00923585740584,1500
k,-84.22312440790871,42.77687559209129,1500
m,-68.53592495488918,92.46407504511082,1500
i,-96.87015488162955,65.12984511837045,1500
y,-55.25586151616315,1.7441384838368466,1500
c,-23.008156552250544,22.991843447749456,1500
b,-82.61830573100723,21.381694268992774,1500
c,-87.29890286772635,65.70109713227365,1500
f,-21.894893328666793,82.1051066713332,1500
k,-31.280039685050237,15.719960314949763,1500
y,-75.4780874353538,27.521912564646197,1500
b,-48.26623521280844,89.73376478719156,1500
s,-85.40414572257072,92.59585427742928,1500
a,-76.6989995210771,52.301000478922894,1500
g,-64.37262904894003,56.62737095105997,1500
d,-37.33574918719247,30.664250812807527,1500
s,-89.39217277664495,7.607827223355049,1500
j,-26.145087402852546,45.854912597147454,1500
g,-4.940436866325475,70.05956313367453,1500
z,-74.17082476415963,20.829175235840367,1500
t,-18.49360030624448,22.50639969375552,1500
p,-73.24410937483736,83.75589062516264,1500
p,-82.69541736272758,15.304582637272425,1500
t,-4.984526959281984,83.01547304071802,1500
w,-49.23699392896331,90.76300607103668,1500
j,-45.26622535635326,29.73377464364674,1500
y,-44.04237724012863,62.95762275987137,1500
e,-95.48650314368618,37.51349685631382,1500
v,-23.54288231970655,28.45711768029345,1500
g,-47.21418385228008,45.78581614771992,1500
x,-23.253039895002022,63.746960104997974,1500
i,-68.50718719892761,57.4928128010724,1500
l,-21.25522501551378,47.74477498448622,1500
h,-81.9268386141061,20.0731613858939,1500
m,-77.19674452433682,69.80325547566318,1500
o,-81.86754736891238,55.13245263108762,1500
d,-30.427529891248135,86.57247010875186,1500
q,-27.64087172948026,26.35912827051974,1500
o,-63.001929792761175,93.99807020723883,1500
a,-3.543681162293688,78.4563188377063,1500
b,-2.883347963136308,69.1166520368637,1500
v,-35.688652201493376,4.311347798506624,1500
u,-78.0631322234317,47.936867776568306,1500
f,-77.39021012692939,93.60978987307061,1500
h,-5.169244319001163,5.830755680998837,1500
u,-66.92625682392776,86.07374317607224,1500
e,-79.08591176102497,21.914088238975026,1500
m,-71.89651502992581,20.10348497007419,1500
q,-26.807960022223863,42.19203997777614,1500
y,-37.46781821801751,74.53218178198249,1500
e,-71.38504211009227,86.61495788990773,1500
r,-13.8112040232403,21.1887959767597,1500
j,-95.03508684737082,96.96491315262918,1500
e,-5.463712607889223,17.536287392110776,1500
v,-38.21627282489655,69.78372717510345,1500
h,-72.73443358846023,88.26556641153977,1500
i,-93.10327777180925,2.8967222281907476,1500
h,-39.146804155406215,65.85319584459378,1500
n,-42.490201249407015,56.509798750592985,1500
f,-78.35891364159012,10.641086358409877,1500
h,-90.72005998690598,89.27994001309402,1500
p,-12.539319487236146,2.4606805127638545,1500
j,-37.18956744150245,98.81043255849755,1500
x,-94.1427411035241,56.8572588964759,1500
x,-70.41696477750506,2.5830352224949475,1500
b,-32.73956796530544,96.26043203469456,1500
v,-95.76454079187965,89.23545920812035,1500
u,-70.81985129660463,47.18014870339538,1500
c,-38.71283559076221,37.28716440923779,1500
e,-92.79565689238359,81.20434310761641,1500
r,-91.08894027298113,17.911059727018863,1500
c,-1.7143055784131902,55.28569442158681,1500
i,-34.97985854291908,85.02014145708092,1500
p,-31.147113544480288,17.852886455519712,1500
g,-43.66649501947741,45.33350498052259,1500
p,-64.66683084414075,28.333169155859245,1500
y,-95.6476267837994,11.352373216200611,1500
a,-41.80737254856466,22.192627451435342,1500
c,-45.701121362545074,16.298878637454926,1500
f,-33.474276814066414,70.52572318593359,1500
j,-53.67733470476244,29.322665295237567,1500
a,-47.71221531212496,90.28778468787505,1500
s,0.922376397973258,29.92237639797326,1500
z,-96.06028583856803,78.93971416143197,1500
j,-76.39718335877869,43.60281664122132,1500
o,-14.118125048937692,35.88187495106231,1500
f,-59.27970054946714,56.72029945053286,1500
t,-42.35968129884056,34.64031870115944,1500
m,-44.2997573910097,55.7002426089903,1500
p,-77.33693293164787,38.663067068352134,1500
m,-57.50648237920862,76.49351762079138,1500
s,-45.0148398804357,54.9851601195643,1500
m,-91.83965294648874,50.160347053511266,1500
z,-10.256301453071961,67.74369854692804,1500
u,-22.074538898665146,74.92546110133485,1500
o,-73.98643925765953,69.01356074234047,1500
i,-91.29651311050468,25.703486889495316,1500
i,-55.78224141070813,53.21775858929187,1500
c,-28.020041283214972,51.97995871678503,1500
k,-19.185722397398784,65.81427760260122,1500
g,-7.835628209469085,94.16437179053092,1500
e,-46.23160565344301,80.76839434655699,1500
z,-73.94236353255963,97.05763646744037,1500
m,-83.07180318358571,69.92819681641429,1500
l,-4.873711996105244,4.126288003894756,1500
w,-69.2165261771542,52.78347382284581,1500
n,-72.85033253901197,57.14966746098803,1500
s,-83.55631591435338,2.443684085646623,1500
i,-49.73780826591242,73.26219173408758,1500
e,-31.832804959649653,82.16719504035035,1500
a,-36.93786487405265,42.06213512594735,1500
z,-97.41286713722101,22.58713286277899,1500
w,-88.30481964197206,62.69518035802794,1500
y,-60.43836683332922,1.5616331666707788,1500
j,-88.64853967017362,0.35146032982637365,1500
f,-68.99576294887623,67.00423705112377,1500
s,-49.91425221121677,12.085747788783227,1500
h,-46.09403859562569,8.90596140437431,1500
v,-96.40604390892547,82.59395609107453,1500
z,-94.80078732150906,93.19921267849094,1500
l,-5.617053578393569,59.382946421606434,1500
x,-87.10657079735894,94.89342920264106,1500
q,-39.61241435772842,13.387585642271583,1500
j,-20.272509018966883,45.72749098103312,1500
e,-60.12923746501819,24.870762534981804,1500
w,-43.1593434464532,16.8406565535468,1500
a,-83.26374747946915,32.736252520530854,1500
o,-53.90887087796412,93.09112912203588,1500
u,-31.972744703135614,73.02725529686438,1500
k,-2.740052122308449,53.25994787769155,1500
f,-33.26322782182593,63.73677217817407,1500
t,-93.96457090859722,46.03542909140277,1500
g,-46.59002072580023,40.40997927419977,1500
w,-14.710945401186175,84.28905459881382,1500
a,-17.699825504526917,62.30017449547308,1500
h,-72.9750365556237,14.0249634443763,1500
q,-21.349747754959814,59.650252245040186,1500
s,-55.54753476078836,91.45246523921163,1500
g,-5.153247495238997,67.846752504761,1500
s,-41.71119568636499,62.28880431363501,1500
r,-19.72844935397072,34.271550646029276,1500
v,-11.543160507988185,89.45683949201181,1500
a,-43.82775710939602,85.17224289060398,1500
y,-10.15339789638591,80.84660210361409,1500
h,-30.95305922407144,80.04694077592856,1500
q,-63.06887720199544,12.931122798004559,1500
t,-30.246070882304995,51.753929117695,1500
k,-32.20892214688755,36.79107785311245,1500
d,-61.30616840754035,18.693831592459652,1500
z,-72.2301675480768,12.76983245192319,1500
u,-43.04287838474102,89.95712161525898,1500
w,-77.2071910183433,8.792808981656705,1500
v,-26.759473186372805,20.240526813627195,1500
j,-74.01997216158277,50.98002783841723,1500
h,-14.8342483583377,64.1657516416623,1500
t,-6.006638160018562,60.99336183998144,1500
m,-73.01773005031559,19.982269949684405,1500
n,-56.367602911024356,98.63239708897564,1500
q,-75.65429866818545,60.34570133181455,1500
u,-32.91694483990753,78.08305516009247,1500
i,-34.33950739440334,37.66049260559666,1500
u,-72.2652058663017,27.734794133698298,1500
w,-30.812130251451165,51.187869748548835,1500
f,-36.42475607578571,91.57524392421429,1500
o,-21.73785671042466,46.26214328957534,1500
w,-37.12905849593039,10.870941504069613,1500
f,-97.05165427227391,5.9483457277260925,1500
y,-37.23577037865144,91.76422962134856,1500
l,-48.283089334100644,70.71691066589935,1500
x,-62.605089824012374,30.394910175987626,1500
e,-90.04001404359072,7.95998595640928,1500
a,-34.732966851713684,33.267033148286316,1500
h,-72.19177849733619,89.80822150266381,1500
l,-36.68117024811695,38.31882975188305,1500
z,-2.7012546692186095,90.29874533078139,1500
o,-44.52916452629968,71.47083547370032,1500
s,-40.83246784528167,77.16753215471833,1500
n,-6.411585622241617,91.58841437775838,1500
m,-45.09644601001109,51.90355398998891,1500
y,-66.84356558435512,0.15643441564488414,1500
c,-41.0337102891653,27.9662897108347,1500
g,-80.66330577163758,84.33669422836242,1500
l,-42.50593466767799,13.494065332322009,1500
e,-1.141869686585566,7.858130313414434,1500
y,-78.87838915165712,62.12161084834288,1500
x,-23.326025312556467,58.67397468744353,1500
p,-25.931968716842377,97.06803128315762,1500
j,-75.8874499120263,64.1125500879737,1500
r,-2.2378717821530136,43.762128217846985,1500
u,-31.177989202700786,78.82201079729921,1500
e,-40.726203866384644,98.27379613361536,1500
f,-60.07686943958621,75.9231305604138,1500
e,-75.75792404671854,78.24207595328146,1500
q,-29.285154811674282,52.71484518832572,1500
b,-66.56538577077193,19.434614229228075,1500
r,-44.519829660214015,25.480170339785985,1500
j,-69.87617332967811,93.12382667032189,1500
o,-84.61132385551481,30.388676144485185,1500
n,-58.37220148662368,82.62779851337632,1500
o,-90.4072558679283,26.592744132071697,1500
m,-73.26283547273431,32.73716452726569,1500
x,-8.963793539086328,57.036206460913675,1500
z,-55.573034505803086,56.426965494196914,1500
n,-55.16365650694022,45.83634349305978,1500
c,-36.022201659712906,32.977798340287094,1500
t,-80.08354990501542,93.91645009498458,1500
q,-75.62680794752103,96.37319205247897,1500
q,-97.31573269111355,70.68426730888645,1500
c,-78.41493617588638,82.58506382411362,1500
b,-18.874148036558566,0.12585196344143512,1500
m,-0.5010878834259748,61.498912116574026,1500
b,-77.55700011410178,98.44299988589822,1500
e,-86.0547941613315,64.9452058386685,1500
a,-16.96388483272721,3.0361151672727917,1500
w,-15.967811378750156,63.032188621249844,1500
t,-7.345320362174336,8.654679637825664,1500
f,-65.37681959976221,0.6231804002377912,1500
k,-5.839907490909333,0.16009250909066663,1500
m,-32.84520984733588,30.15479015266412,1500
m,-17.915073470907835,66.08492652909216,1500
k,-26.392022831978732,88.60797716802126,1500
a,-67.96944104523503,69.03055895476497,1500
d,-1.7429147583597617,23.257085241640237,1500
m,-12.84587727643949,47.15412272356051,1500
k,-23.867806993152723,27.132193006847277,1500
p,-46.79662906943133,95.20337093056867,1500
c,-9.320938436682537,1.6790615633174628,1500
u,-28.061653096275244,49.93834690372476,1500
m,-43.32838003045795,34.67161996954205,1500
n,-10.0144680101258,55.985531989874204,1500
s,-11.417058697761005,91.58294130223899,1500
h,-78.77611793004482,52.223882069955174,1500
b,-60.54066502080476,35.45933497919524,1500
m,-37.34353412349393,39.65646587650607,1500
v,-5.774413244637256,10.225586755362745,1500
b,-96.66144708291715,0.3385529170828525,1500
w,-40.314753346477914,75.68524665352209,1500
i,-29.732973619739777,47.267026380260226,1500
q,-67.28935600752168,96.71064399247832,1500
r,-96.64991996419137,25.35008003580863,1500
h,-21.71563807584263,58.28436192415737,1500
f,-26.644233146822227,41.35576685317778,1500
z,-58.37085821115233,41.62914178884767,1500
x,-42.009184403530426,66.99081559646957,1500
h,-13.38545328332366,76.61454671667634,1500
e,-72.58885559216615,29.411144407833838,1500
b,-54.26883574236838,60.73116425763162,1500
z,-22.49568421962085,87.50431578037916,1500
h,-13.51729212297579,31.48270787702421,1500
o,-10.70734000973865,85.29265999026136,1500
t,-0.8849693140622029,53.115030685937796,1500
o,-0.46492514358370096,57.5350748564163,1500
i,-91.27568032504699,26.724319674953,1500
y,-7.48636649835899,79.51363350164101,1500
i,-65.00014043181694,56.99985956818305,1500
u,-16.71010247010042,56.28989752989958,1500
y,-28.46929487296398,90.53070512703601,1500
b,-11.433140931657277,36.56685906834272,1500
j,-24.528591186648693,68.4714088133513,1500
o,-52.27211406784347,28.727885932156532,1500
m,0.02165399866440887,8.021653998664409,1500
s,-47.711065057330664,26.288934942669336,1500
m,-2.4091612957307498,79.59083870426925,1500
b,-43.54476442176296,43.45523557823704,1500
c,-36.53882730122646,75.46117269877354,1500
e,-80.67410809474127,68.32589190525873,1500
r,-90.92026028210353,81.07973971789647,1500
z,-14.540004591064116,58.45999540893588,1500
q,-62.48356269687906,26.516437303120938,1500
q,-76.82557432229592,24.17442567770408,1500
r,-50.08571444590274,93.91428555409726,1500
a,-89.34898313627684,66.65101686372316,1500
c,-57.0533615896692,55.9466384103308,1500
j,-55.30458228718932,59.69541771281068,1500
t,-5.1478265125493525,51.85217348745065,1500
h,-90.3071771297512,39.692822870248804,1500
a,-87.05858024005427,12.941419759945736,1500
m,-52.59103392065806,93.40896607934194,1500
t,-19.289224912646887,49.71077508735311,1500
a,-96.20800677214025,71.79199322785975,1500
h,-82.81304363710932,29.18695636289068,1500
l,-57.26952203781775,94.73047796218225,1500
z,-41.74078671490172,56.25921328509828,1500
h,-89.87985898979048,17.12014101020952,1500
s,-82.17806543890163,14.82193456109837,1500
s,-58.89347570005744,2.1065242999425657,1500
l,-26.542008433392056,57.457991566607944,1500
i,-88.60252431506497,41.39747568493503,1500
b,0.8406575411535202,39.84065754115352,1500
t,-24.862131606499982,27.137868393500018,1500
a,-0.4655300635179197,32.53446993648208,1500
v,-62.00402332421367,31.995976675786334,1500
o,-0.7615578211410465,5.2384421788589535,1500
b,-34.351165048214924,60.648834951785076,1500
v,-8.76566086928706,66.23433913071294,1500
s,-83.2811372185932,51.718862781406806,1500
c,-96.83696903350139,9.163030966498614,1500
q,-85.32775597883021,18.67224402116979,1500
k,-52.485853264972064,83.51414673502794,1500
w,-21.038873676711884,14.961126323288118,1500
l,-84.00697600574503,37.993023994254976,1500
r,-15.902062560625303,57.0979374393747,1500
t,-83.4347699159974,25.56523008400259,1500
y,-58.067600968238274,92.93239903176172,1500
l,-60.585741651314464,55.414258348685536,1500
q,-48.11451168431068,92.88548831568932,1500
v,-73.89349578306144,50.10650421693855,1500
o,-86.25456226059265,70.74543773940735,1500
x,-94.67989035371123,82.32010964628877,1500
b,-55.98776773013501,16.01223226986499,1500
p,-88.01812484624855,6.98187515375144,1500
z,-74.44843750860755,72.55156249139245,1500
g,-75.38298532379282,80.61701467620718,1500
x,-30.717284892919825,48.28271510708018,1500
i,-61.996362281179096,12.003637718820904,1500
u,-95.87596005507986,25.124039944920142,1500
b,-18.88171811572568,1.118281884274321,1500
d,-23.251076345815992,31.748923654184008,1500
k,0.7340496342101985,88.7340496342102,1500
t,-27.836222879409487,30.163777120590513,1500
g,-35.70940140350647,64.29059859649354,1500
l,-91.47942885062552,0.5205711493744741,1500
p,0.28700761495015836,63.287007614950156,1500
i,0.9959722610871304,5.995972261087131,1500
t,-5.034824405397602,1.9651755946023979,1500
o,-8.04395103899919,79.95604896100082,1500
a,-15.192345261180641,50.80765473881936,1500
a,-55.98988081116191,92.01011918883809,1500
w,-13.986402724753486,23.013597275246514,1500
z,-65.47983471534076,70.52016528465924,1500
i,-71.44777116651616,3.5522288334838374,1500
q,-46.32798108352274,64.67201891647727,1500
s,-24.152188795019544,33.84781120498046,1500
h,-59.74355611896038,85.25644388103962,1500
g,-1.3064541723740837,71.69354582762591,1500
a,-28.901692480191404,55.0983075198086,1500
i,-12.417148691535377,69.58285130846463,1500
n,-27.056618898580304,6.943381101419696,1500
o,-16.22825098246494,86.77174901753506,1500
s,-91.19859974271398,21.801400257286023,1500
m,-90.90782088502381,35.0921791149762,1500
r,-36.9937442857101,20.006255714289903,1500
h,-57.886516020637096,42.113483979362904,1500
f,-76.33107603179148,2.6689239682085235,1500
w,-52.52243820391785,72.47756179608214,1500
r,-74.67012769767734,70.32987230232266,1500
z,-74.91772064590899,60.082279354091014,1500
i,-62.157042724590916,63.842957275409084,1500
q,0.2696896944266838,32.26968969442668,1500
d,-0.6853335577262132,28.314666442273786,1500
t,-63.52901271649035,87.47098728350964,1500
a,-4.416840124339313,88.58315987566068,1500
h,-83.18130596548063,14.818694034519368,1500
b,-66.03715459818783,24.962845401812174,1500
o,-11.594643597395713,29.405356402604287,1500
k,-92.25750836195309,65.74249163804691,1500
g,-60.26712717462835,28.73287282537165,1500
a,-4.6655460310804875,58.33445396891951,1500
p,-93.69468962777071,6.30531037222928,1500
u,-37.021534242853434,3.9784657571465667,1500
m,-5.781859140477328,97.21814085952268,1500
c,-53.63367238610626,65.36632761389374,1500
r,-54.85595327258638,60.14404672741362,1500
q,-84.70754901354155,12.292450986458443,1500
e,-95.04404752817761,97.95595247182239,1500
c,-7.777066696191677,61.222933303808325,1500
p,-12.159232927734562,23.840767072265436,1500
r,-90.3341165324311,85.6658834675689,1500
a,-48.3697873862748,93.63021261372519,1500
z,-13.439412955699382,41.56058704430062,1500
b,-77.41719382186496,73.58280617813504,1500
p,-44.54156096367913,49.45843903632087,1500
i,-94.61661790832378,63.383382091676225,1500
i,-96.84218295479992,26.15781704520008,1500
c,-20.39415452412613,23.60584547587387,1500
r,-73.14960813114051,40.8503918688595,1500
g,-4.820746042617143,30.17925395738286,1500
f,-67.249275451268,46.75072454873199,1500
a,-59.876980292289346,67.12301970771065,1500
s,-72.11197095742453,96.88802904257547,1500
a,-41.321801037672344,73.67819896232766,1500
m,-66.7361888998569,47.2638111001431,1500
b,-66.97871968777051,93.02128031222949,1500
j,-97.44875610716377,82.55124389283623,1500
l,-35.73077248844603,27.26922751155397,1500
i,-90.15764668893847,9.842353311061531,1500
r,-49.80373042556503,44.19626957443497,1500
o,0.17730111945421823,22.177301119454217,1500
r,-63.02709151870698,53.97290848129302,1500
i,-37.65358792496584,26.346412075034156,1500
w,-52.40251816268447,54.59748183731553,1500
w,-92.64439802227884,39.35560197772117,1500
d,-16.884836281874644,98.11516371812536,1500
t,-65.92385366294756,83.07614633705244,1500
q,-20.340803533728764,52.65919646627124,1500
y,-75.17007023289673,62.82992976710327,1500
o,-11.623018579200108,53.37698142079989,1500
v,-94.4322475273239,65.5677524726761,1500
i,-34.28983938839816,5.710160611601845,1500
u,-93.04517123907554,83.95482876092446,1500
p,-4.608096773159694,21.391903226840306,1500
f,-30.488428491553577,19.511571508446423,1500
q,-82.20771079976649,72.79228920023351,1500
s,-86.10725805452593,75.89274194547407,1500
m,-75.45507267901361,33.54492732098639,1500
a,-83.58031286161835,27.419687138381644,1500
v,-11.512466538301608,10.487533461698392,1500
v,-18.206679895658247,76.79332010434175,1500
g,-45.87222504255458,61.12777495744542,1500
v,-91.59270020422092,16.407299795779085,1500
b,-83.5039802909179,18.496019709082102,1500
j,-12.341059844130843,19.658940155869157,1500
r,-97.85773108990173,66.14226891009827,1500
o,-50.27394170007169,74.72605829992831,1500
b,-93.7189629453392,20.281037054660803,1500
v,-81.68090043335859,69.31909956664141,1500
m,-9.205614057570829,4.794385942429171,1500
z,-53.384010454930156,80.61598954506984,1500
l,-62.07568803994017,33.92431196005983,1500
o,-73.11930130214523,82.88069869785477,1500
d,-93.16697362951426,96.83302637048574,1500
q,-6.361334371627297,26.638665628372703,1500
q,-64.85660569302122,20.14339430697877,1500
d,-2.7706309091408827,72.22936909085912,1500
n,-61.159478555103725,84.84052144489627,1500
o,-52.31386334748147,5.686136652518525,1500
a,-73.35286015641806,16.647139843581947,1500
i,-39.464764220117964,40.535235779882036,1500
i,-42.74329701359903,64.25670298640097,1500
g,-96.04004565455539,42.959954345444615,1500
e,-24.461113596263758,85.53888640373624,1500
k,-45.76531831156269,23.234681688437313,1500
s,-82.71862050576534,36.28137949423466,1500
i,-39.0272104441024,81.9727895558976,1500
h,-16.93835664882351,98.06164335117649,1500
k,-4.892351814398478,94.10764818560152,1500
i,-76.00679582364826,28.993204176351743,1500
l,-19.15755594211315,93.84244405788685,1500
c,-61.174767069596285,77.82523293040371,1500
r,-69.3399665705026,8.660033429497403,1500
j,-39.91727377717788,57.08272622282212,1500
m,-33.85327701273516,73.14672298726484,1500
g,-14.11070575272561,72.88929424727439,1500
y,-43.39071273288771,20.609287267112293,1500
s,-49.12636129624679,66.87363870375322,1500
e,-70.48662538863275,56.51337461136725,1500
m,-18.508989635129154,98.49101036487085,1500
o,-19.207911628860174,55.792088371139826,1500
q,-44.933614969149126,25.06638503085087,1500
u,-80.9972618452086,60.002738154791395,1500
l,-94.31026991526225,74.68973008473775,1500
