a,-34.802317611434155,58.197682388565845,25
j,-77.74142900982314,9.258570990176862,25
h,-57.58734635924816,86.41265364075184,25
o,-80.0408387785633,27.9591612214367,25
d,-62.17987378779568,52.82012621220432,25
m,-34.488474604985534,59.511525395014466,25
c,-30.227960224788458,96.77203977521154,25
r,-7.102885240282639,59.89711475971736,25
t,-28.553209230444292,72.4467907695557,25
l,-56.693017436866924,84.30698256313308,25
h,-1.4223199292320636,1.5776800707679364,25
j,-18.57201567558475,18.42798432441525,25
v,-65.03918310005798,68.96081689994202,25
i,-24.22453393996413,5.775466060035871,25
b,-44.35512009608808,9.644879903911923,25
y,-92.60873470136957,18.39126529863043,25
f,-29.94318144983391,8.056818550166088,25
g,-21.453934896606285,90.54606510339372,25
y,-47.71827096379757,87.28172903620242,25
h,-30.329945828821952,80.67005417117805,25
z,-19.44347716281276,81.55652283718725,25
s,-71.9140467300208,67.0859532699792,25
h,-95.70682238198654,80.29317761801346,25
r,-96.36273049032022,33.63726950967979,25
x,-30.028883656579055,38.971116343420945,25
h,-79.31384964671555,81.68615035328445,25
a,-14.160746708641843,3.8392532913581565,25
b,-49.39084095315067,13.609159046849328,25
r,0.9613567019586766,75.96135670195868,25
l,-28.005734133452144,93.99426586654785,25
v,-25.4564220959459,81.5435779040541,25
o,-72.78986557333455,82.21013442666545,25
h,-7.484030034932196,71.5159699650678,25
v,-55.96499980720963,9.035000192790372,25
f,-4.418409279604937,11.581590720395063,25
z,-7.8067385450376054,61.193261454962396,25
t,-89.65156820890061,83.34843179109939,25
v,-54.47700727029583,39.52299272970417,25
c,-77.38900841084514,1.610991589154858,25
d,-40.55265274872967,26.447347251270333,25
e,-77.18423786102271,24.815762138977295,25
t,-61.31342497794783,38.68657502205217,25
u,-92.00395117469132,8.996048825308682,25
l,-10.966455971513128,34.03354402848687,25
d,-48.30823052011194,78.69176947988807,25
w,-43.769934891280144,65.23006510871986,25
j,-6.98941266804864,95.01058733195136,25
a,-7.256740931138338,36.74325906886166,25
u,-6.4222283101395155,64.57777168986048,25
x,-26.33876449487609,84.66123550512391,25
d,-86.94349774118172,54.05650225881828,25
d,-76.61409081481041,87.38590918518959,25
t,-37.396370376994305,16.60362962300569,25
z,-81.7717238100262,28.228276189973805,25
w,-35.93268349861647,63.06731650138353,25
r,-48.65923267054021,72.3407673294598,25
r,-28.174616750271234,38.825383249728766,25
o,0.1694190670847726,28.16941906708477,25
e,-87.52263229785935,13.477367702140649,25
m,-21.01400244234423,20.98599755765577,25
u,-59.652230458451626,66.34776954154837,25
x,-73.57685403023916,70.42314596976084,25
q,-26.76641383094745,69.23358616905254,25
i,-68.24404282376055,61.75595717623944,25
f,-65.05359348453769,17.946406515462307,25
r,-33.27459502270174,36.72540497729826,25
d,-35.73210974343188,75.26789025656812,25
p,-91.79312702220983,11.206872977790168,25
t,-60.4751042386552,26.524895761344798,25
l,-64.47359939048397,9.526400609516035,25
w,-95.31641683887901,32.683583161121,25
e,-97.59565712871732,83.40434287128268,25
m,-34.70519604567235,52.29480395432765,25
b,-74.79054431023468,42.20945568976532,25
u,-59.318788319256456,44.681211680743544,25
b,-45.487016690467875,76.51298330953213,25
z,-22.582507788801045,63.417492211198955,25
w,-34.52614359845203,43.47385640154797,25
r,-66.29827263742729,29.701727362572715,25
h,-47.328430466090566,37.671569533909434,25
e,-34.79454929184567,83.20545070815433,25
p,-31.67701964305326,61.32298035694674,25
q,-77.75805158301529,87.24194841698471,25
y,-91.05175732137052,52.94824267862949,25
q,-11.916814310299422,4.083185689700578,25
q,-72.04101674273831,9.958983257261687,25
u,-29.550622305741157,11.449377694258843,25
c,-13.436869814993354,54.56313018500665,25
v,-17.26028907970752,54.73971092029248,25
z,-50.2589137608443,21.741086239155695,25
y,-68.90660634724279,21.09339365275721,25
i,-82.6403755100304,45.3596244899696,25
e,-38.66440554609599,97.33559445390401,25
b,-78.14966762582576,47.85033237417424,25
b,-40.1107866886584,30.889213311341596,25
x,-73.86603688961563,7.133963110384378,25
a,-17.975192432643247,31.024807567356753,25
i,-35.339683033286505,0.6603169667134943,25
e,-21.552916714651094,66.44708328534891,25
a,-95.26743488993883,41.73256511006117,25
u,-73.39762121352969,77.60237878647031,25
u,-57.44817105040051,84.55182894959948,25
w,-45.912255385174745,13.087744614825256,25
t,-29.333271164925257,88.66672883507475,25
p,-28.186676891038502,15.8133231089615,25
o,-48.84263649812365,16.157363501876347,25
e,-38.00673102554928,34.99326897445072,25
t,-37.25533313974897,55.74466686025103,25
v,-70.98606490354267,92.01393509645733,25
m,-15.686918827046247,38.31308117295375,25
d,-6.143840772874946,37.856159227125055,25
d,-68.44184494585097,46.55815505414903,25
i,-40.47196013967785,87.52803986032215,25
m,-48.98221379968633,57.01778620031367,25
m,-19.428469114468705,84.57153088553129,25
y,-97.67942880615465,56.32057119384536,25
k,-54.92168069844314,75.07831930155686,25
k,-85.16066019542865,10.83933980457135,25
v,-38.34961337383669,28.650386626163314,25
p,-64.82865751605478,52.171342483945224,25
h,-88.00680270336525,58.99319729663475,25
a,-77.46288071563461,77.53711928436539,25
j,-75.07652690027679,66.92347309972321,25
i,-66.7186095349997,37.2813904650003,25
b,-16.515371760744408,40.48462823925559,25
w,-62.039520990238266,44.960479009761734,25
z,-80.54381823631678,10.456181763683224,25
j,-39.20050286551052,34.79949713448948,25
r,-11.057093409067857,81.94290659093214,25
w,-90.9762862117384,1.0237137882615994,25
y,-25.612125987044067,70.38787401295593,25
b,-23.85333150679123,30.14666849320877,25
d,-13.37652003693662,4.62347996306338,25
e,-80.37980336560679,4.620196634393211,25
c,-69.0676882131127,35.93231178688729,25
p,-62.70757150211534,61.29242849788466,25
t,-7.689483758832611,16.310516241167388,25
y,-9.327975506662108,84.67202449333789,25
e,-90.41002657095474,33.58997342904526,25
n,-11.146374120217658,8.853625879782342,25
o,-13.500223825598884,46.49977617440111,25
a,-18.66471803932864,7.33528196067136,25
m,-52.57328675265787,35.42671324734213,25
v,-55.20206847007348,68.79793152992652,25
o,-24.393140838555105,36.606859161444895,25
h,-18.478947109064844,6.521052890935154,25
d,-61.029234491779604,46.970765508220396,25
p,-94.70909332125953,79.29090667874047,25
y,-67.18340882559667,44.81659117440333,25
p,-14.106268419834642,5.893731580165358,25
g,-20.239093898185462,50.760906101814534,25
i,-61.2861682848275,67.7138317151725,25
z,-86.00360926875746,39.99639073124254,25
v,-42.77798647179979,93.22201352820021,25
k,-8.55069725528514,7.449302744714861,25
t,-66.54384118666951,42.45615881333048,25
u,-3.310096253365213,4.689903746634787,25
b,-33.69468368643653,97.30531631356348,25
q,-67.02768322996799,51.972316770032,25
c,-71.39123121884352,83.60876878115648,25
m,-21.78836240085478,70.21163759914522,25
s,-60.57780847159392,66.42219152840607,25
d,-57.01816944300303,62.98183055699697,25
a,-31.002191050569895,91.99780894943011,25
e,-89.52595655253765,28.474043447462357,25
n,-49.0255821598351,11.9744178401649,25
h,-38.47878286324053,97.52121713675946,25
h,-32.71163858721239,66.28836141278761,25
x,-77.14401713348164,80.85598286651836,25
w,-5.336468668042105,61.66353133195789,25
x,-33.527379834054095,96.47262016594591,25
l,-37.19630632877561,1.8036936712243863,25
r,-30.953485607543772,94.04651439245623,25
b,-45.895538779683164,56.104461220316836,25
c,-19.6753115725631,55.324688427436904,25
g,-64.02297021334921,8.977029786650789,25
i,-69.20573441096693,50.79426558903307,25
z,-25.773051852531076,21.226948147468924,25
l,-75.60362784415548,3.39637215584452,25
f,-5.757679102743083,32.24232089725692,25
h,-54.84557029643765,18.15442970356235,25
f,-81.99654373476199,84.00345626523801,25
h,-16.50354961829645,36.49645038170355,25
x,-12.567002019255995,65.432997980744,25
d,-75.1559810570924,80.8440189429076,25
x,-38.85422246694035,54.14577753305965,25
z,-49.31002463950691,5.6899753604930865,25
u,-61.09910398839956,80.90089601160044,25
i,-88.21516590624759,96.78483409375241,25
w,-48.04324521466714,93.95675478533286,25
e,-68.47079729770329,40.52920270229671,25
z,-23.75512757852458,21.24487242147542,25
n,-32.92612617968711,13.073873820312887,25
v,-97.61796200604776,46.38203799395223,25
j,-87.0184068610814,79.9815931389186,25
m,-93.16249249484476,12.837507505155237,25
h,-23.71372076601938,65.28627923398062,25
o,-83.25376091328957,47.74623908671043,25
n,-91.45786641394749,14.542133586052511,25
q,-10.992030857101216,61.00796914289879,25
x,-12.536098065497514,26.463901934502488,25
c,-21.25678720645331,90.74321279354669,25
z,-5.553065465436024,26.446934534563976,25
g,-11.067051443792325,58.93294855620768,25
f,-3.090510540159438,40.909489459840565,25
w,-64.27981560821125,33.72018439178875,25
p,-23.919724636733307,59.08027536326669,25
k,-52.11994513418671,40.88005486581329,25
g,-91.74600427582445,90.25399572417555,25
i,-1.2506772474325392,7.749322752567461,25
n,-26.084615050716213,31.915384949283787,25
t,-74.7038562214072,87.2961437785928,25
c,-72.96070811302482,36.03929188697518,25
h,-20.449656092370304,2.5503439076296974,25
m,-83.60145380648372,65.39854619351628,25
d,-46.893501683452136,95.10649831654787,25
v,-65.12830266397688,19.871697336023118,25
s,0.5296750984442776,11.529675098444278,25
p,-43.53025121168086,24.46974878831914,25
r,-4.092706553921557,55.90729344607844,25
w,-56.58451197670983,30.415488023290177,25
z,-64.3212091621045,5.67879083789551,25
y,-5.82270941540441,1.1772905845955899,25
y,-1.2781856275489525,51.72181437245105,25
k,-10.919470474611728,40.08052952538827,25
x,-29.037615874472923,72.96238412552708,25
b,-94.9983318730798,24.00166812692019,25
v,-11.120541723556155,26.879458276443845,25
d,-35.17615379246355,36.82384620753645,25
b,-20.032520159193055,90.96747984080694,25
o,-29.27126606960027,76.72873393039973,25
q,-67.44914257991043,91.55085742008957,25
f,-13.003816701799327,95.99618329820068,25
t,-49.701272688581135,51.298727311418865,25
t,0.5225389899209514,22.522538989920953,25
k,-70.66096611965187,77.33903388034813,25
b,-50.61050341205112,14.389496587948877,25
p,-46.105151104686406,81.89484889531359,25
t,-15.992882983893182,67.00711701610682,25
a,-78.3050024899256,90.6949975100744,25
g,-2.280901326834002,68.719098673166,25
e,-49.62402758165469,58.37597241834531,25
u,0.2075363281268653,17.207536328126864,25
i,-76.72282093451597,91.27717906548403,25
d,-74.48239990836343,82.51760009163657,25
y,-62.34979765226618,33.65020234773382,25
v,-41.09153299973276,64.90846700026724,25
x,-55.51076274323543,21.489237256764568,25
l,-33.009417950138186,94.99058204986181,25
n,-42.57576460745932,24.424235392540677,25
f,-35.874956628825565,45.125043371174435,25
d,-80.75583514589212,30.244164854107876,25
i,-40.55055753057345,11.44944246942655,25
r,-48.57013194938998,79.42986805061003,25
c,-92.74452976454889,72.25547023545111,25
u,-6.169335301747763,69.83066469825224,25
t,-88.77069846330485,55.229301536695154,25
o,-58.81511025544995,67.18488974455005,25
y,-44.541865192241325,73.45813480775867,25
t,-41.87516124869029,19.12483875130971,25
a,-45.61797309665149,6.382026903348509,25
j,-42.59246857441212,77.40753142558788,25
e,-16.0174102078215,48.9825897921785,25
z,-83.69074489279201,11.309255107207983,25
i,-40.41192312757996,63.58807687242004,25
l,-90.92879404018885,84.07120595981115,25
v,-28.496475853266706,33.5035241467333,25
w,-22.918605971310303,18.081394028689697,25
d,-58.53165498689494,60.46834501310506,25
g,-79.58405023767159,68.41594976232841,25
f,-13.826422547639561,38.17357745236044,25
l,-29.684457284050154,24.315542715949846,25
l,-33.05552805258612,69.94447194741387,25
h,-14.613961214547814,43.386038785452186,25
e,-96.8015616277754,69.1984383722246,25
r,-73.13671608647576,47.863283913524235,25
y,-45.547116368755304,71.4528836312447,25
b,-49.36894160609705,77.63105839390295,25
p,-78.25362044894571,79.74637955105429,25
p,-94.76856244410178,66.23143755589822,25
w,-22.358032961588965,77.64196703841104,25
f,-38.87526625971871,78.1247337402813,25
c,-23.270852732110693,65.7291472678893,25
j,-37.43525090031331,56.56474909968669,25
l,-78.36502386193544,17.63497613806456,25
d,-15.185983397534242,43.814016602465756,25
p,-50.88292791174194,0.11707208825806059,25
w,-93.56656122040195,91.43343877959805,25
w,-3.3714166797348697,23.62858332026513,25
r,-89.98955397147414,26.01044602852587,25
q,-8.969328505782602,16.030671494217398,25
q,-44.813695847830665,74.18630415216934,25
v,-2.3629286065755752,56.63707139342443,25
s,-57.62318918491732,72.37681081508268,25
x,-16.99879872711611,73.00120127288389,25
b,-3.094938657280718,23.905061342719282,25
n,-63.49669709207578,9.503302907924223,25
y,-19.80357067713161,14.196429322868388,25
m,-84.34128236696925,69.65871763303075,25
i,-75.22946134257106,37.770538657428936,25
m,-66.26730853289726,36.73269146710273,25
f,-67.98514018118725,62.014859818812745,25
c,-13.732477329098993,66.267522670901,25
w,-97.67097662355094,92.32902337644906,25
s,-63.41808963880566,86.58191036119435,25
h,-45.04097536531214,61.95902463468786,25
e,-13.75735232563043,82.24264767436956,25
r,-43.0088721682127,69.9911278317873,25
i,-16.06833387191349,21.93166612808651,25
o,-14.17951242710464,52.82048757289536,25
i,-69.76476237537453,63.235237624625476,25
h,-2.065750459090528,24.934249540909473,25
e,-25.48829255222286,32.51170744777714,25
t,-55.464309979985714,91.53569002001429,25
q,-43.49430215855982,56.50569784144018,25
y,-84.59736873461799,63.40263126538201,25
e,-8.732501823666679,89.26749817633332,25
r,-55.52083752381198,88.47916247618802,25
c,-28.58651749408994,48.41348250591006,25
e,-50.635914721996514,6.364085278003485,25
m,-2.4321418884008397,69.56785811159916,25
m,-25.45941541959723,72.54058458040276,25
l,-21.342825582127436,94.65717441787257,25
w,-12.944101489812455,26.055898510187543,25
p,-34.22623913191769,97.77376086808232,25
j,-62.57398406606858,71.42601593393141,25
y,-28.65954123949053,20.34045876050947,25
e,-58.610811842784386,5.389188157215615,25
z,-67.33576716052514,49.66423283947486,25
u,-50.839784998614,28.160215001386,25
e,-64.54501761588955,93.45498238411045,25
x,-72.47785052816936,20.522149471830645,25
b,-7.9862995738820555,61.01370042611794,25
f,-55.88834313999693,97.11165686000307,25
k,-71.76394148853664,53.23605851146335,25
m,-38.973102874214135,21.026897125785865,25
p,-47.8096946181108,81.1903053818892,25
d,-53.58824159529224,95.41175840470777,25
p,-11.055538470963201,88.9444615290368,25
p,-23.549381850205517,97.45061814979448,25
g,-54.982732004301795,78.0172679956982,25
w,-1.8575536610366226,89.14244633896338,25
k,-4.485214685200688,27.514785314799312,25
z,-53.312672700504436,28.687327299495564,25
n,-45.448377691733015,33.551622308266985,25
x,-27.798819042295634,57.201180957704366,25
z,-62.48881075208559,29.511189247914405,25
d,-44.04310981242652,67.95689018757348,25
d,-20.004233426751142,43.99576657324886,25
z,-43.43877328789204,65.56122671210797,25
c,-92.40622808556353,81.59377191443647,25
h,-35.756517405883265,30.243482594116735,25
g,-46.03885863992916,24.96114136007084,25
f,-51.130062331472196,11.869937668527802,25
j,-3.4259148105415758,19.574085189458426,25
a,-72.11345900577199,17.886540994228017,25
q,-11.062528795434329,66.93747120456567,25
a,-17.55717338158035,12.442826618419652,25
z,-67.8232004593872,7.176799540612807,25
i,-91.07972660757727,59.92027339242273,25
h,-94.04730387332174,5.95269612667826,25
u,-36.35293106863257,74.64706893136743,25
b,-82.50410943414114,2.4958905658588533,25
n,-70.73090765613328,51.26909234386672,25
s,-30.796042092891177,58.20395790710882,25
b,-42.622390320709314,9.377609679290686,25
j,-73.54060585866387,91.45939414133613,25
a,-90.95383284957077,25.046167150429223,25
g,-93.69888960403927,0.30111039596072975,25
q,-92.05033918350681,69.94966081649319,25
j,-7.49779320873316,47.502206791266836,25
v,-16.52298416712036,71.47701583287964,25
j,-25.952076218934486,0.047923781065515314,25
f,-94.95760348914764,25.042396510852363,25
h,-7.289558980411499,44.7104410195885,25
s,-89.93725640007443,34.06274359992557,25
k,0.2744289659980562,83.27442896599806,25
i,-42.89726774690007,0.10273225309993173,25
j,-88.93016064738119,45.06983935261881,25
g,-51.951506773224274,14.04849322677573,25
c,-64.54640255709757,55.453597442902435,25
k,-44.10731712795347,55.89268287204653,25
z,-3.4671619177845656,79.53283808221543,25
q,-54.461464660222624,44.538535339777376,25
v,-72.48188471806196,97.51811528193804,25
c,-4.302660673595363,21.697339326404638,25
h,-81.9267685365456,55.07323146345441,25
j,-76.47633463471719,6.5236653652828105,25
e,-72.94590864602527,68.05409135397473,25
o,-41.5226907856821,25.4773092143179,25
y,-52.17331248380817,78.82668751619184,25
j,-84.16767830603823,18.832321693961777,25
c,-24.784521797412708,32.21547820258729,25
a,-54.745581490848615,53.254418509151385,25
l,-63.80030198212512,92.19969801787488,25
j,-32.382180673069655,0.6178193269303484,25
g,-6.685462040323489,15.31453795967651,25
m,-68.52070607461614,80.47929392538386,25
d,-60.92937334477396,96.07062665522604,25
h,-96.7310441062677,73.2689558937323,25
i,-52.736983457389925,85.26301654261007,25
p,-12.047543850973362,52.95245614902664,25
q,-30.500794003980456,31.499205996019544,25
n,-9.957066817620309,71.0429331823797,25
a,-8.875250154602497,30.124749845397503,25
o,-30.86780868586283,33.13219131413717,25
l,-12.066415761942087,11.933584238057913,25
g,-5.8384035858333885,92.16159641416661,25
f,-27.63879782181842,67.36120217818157,25
z,-79.46960591827005,43.53039408172996,25
s,-78.54951469748195,4.45048530251805,25
q,-70.16498549218066,20.83501450781934,25
g,-96.1840471967556,66.8159528032444,25
g,-76.10631683063671,84.89368316936329,25
r,-86.82916528467914,45.17083471532087,25
s,-93.30999963146945,19.690000368530544,25
b,-22.217910031889915,13.782089968110084,25
e,-1.2141857094020303,2.78581429059797,25
j,-22.189642917506113,57.81035708249389,25
f,-64.3248315663209,95.6751684336791,25
e,-53.42436847703119,45.57563152296881,25
a,-51.873670880934746,8.126329119065252,25
s,-16.77406077388314,18.22593922611686,25
i,-45.57363578154749,62.42636421845251,25
e,-71.26229155138037,58.73770844861963,25
r,-27.37402885990002,46.625971140099985,25
h,-79.11524038760167,13.884759612398325,25
w,-80.77517292114052,55.22482707885947,25
j,-73.13016922418865,48.86983077581135,25
p,-57.46217371779982,45.53782628220018,25
c,-74.5992628206038,63.400737179396195,25
t,-10.461415114662067,26.538584885337933,25
k,-41.85671508382112,62.14328491617888,25
p,-64.50710722434769,69.49289277565231,25
w,-14.50156969961849,41.498430300381514,25
t,-34.21000969572679,26.78999030427321,25
f,-28.058451559474786,58.94154844052521,25
w,-53.42776479914336,42.57223520085664,25
d,-16.81803705145398,13.181962948546017,25
j,-15.297816016846324,60.702183983153674,25
j,-74.75076550289458,57.24923449710541,25
f,-27.554095093388447,19.445904906611553,25
r,-88.36088968688736,86.63911031311264,25
k,-4.833017288332883,63.16698271166712,25
w,-73.57886407743443,63.42113592256557,25
s,-52.05017633587761,64.94982366412239,25
r,-5.156336893172663,67.84366310682734,25
l,-24.27441156603175,8.725588433968252,25
m,-29.104997135338785,18.895002864661215,25
o,-80.9541230333247,77.0458769666753,25
y,-90.01784904555005,2.9821509544499447,25
q,-63.69145177551252,32.30854822448748,25
m,-94.59458853900458,79.40541146099542,25
w,-13.998137180719127,42.00186281928087,25
f,-69.76328361153482,83.23671638846518,25
l,-87.6092774228943,16.390722577105713,25
n,-59.779620476895964,96.22037952310404,25
v,-64.6179534288098,42.3820465711902,25
t,-74.80723535649516,85.19276464350484,25
j,-21.860550230093036,58.13944976990696,25
y,-19.737206055399113,34.26279394460089,25
o,-50.81695905896241,90.18304094103759,25
q,-21.40698639179269,22.59301360820731,25
u,-44.67851696315821,51.32148303684179,25
q,-23.207587666221112,52.79241233377889,25
h,-46.563373743753665,12.436626256246338,25
z,-61.69432558795073,3.30567441204927,25
l,-2.4968201830718493,55.50317981692815,25
n,-97.75061379889065,58.24938620110934,25
h,-76.24699712719615,79.75300287280385,25
n,-55.160843779604456,39.839156220395544,25
d,-86.19026524473196,44.80973475526804,25
h,-96.34653749971078,52.65346250028923,25
a,-50.075780984551,32.924219015449,25
x,-52.14332379270047,57.85667620729953,25
z,-88.73238314557886,45.26761685442113,25
z,-7.279510546990087,80.72048945300992,25
h,-49.89811853668436,44.10188146331564,25
b,-81.39175988437255,5.608240115627448,25
d,-51.15608685558853,89.84391314441147,25
r,-36.528982430508876,22.47101756949112,25
b,-6.206142799571944,14.793857200428056,25
k,-41.36692969034463,80.63307030965538,25
l,-68.33505929875719,77.66494070124281,25
q,-76.48878836585378,60.51121163414622,25
h,-76.7093832865152,34.290616713484795,25
r,-9.685262279546285,46.314737720453714,25
i,-86.2623195456511,15.737680454348908,25
y,-96.762876648141,45.237123351859,25
h,-74.18974315865016,52.81025684134985,25
b,-10.683300846647303,9.316699153352697,25
j,-92.64121213977839,6.358787860221614,25
n,-14.794532813628106,90.20546718637189,25
d,-16.82294284863549,6.1770571513645125,25
w,-90.42170804171596,30.57829195828404,25
s,-14.886993239622717,83.11300676037729,25
g,-8.41043691440741,74.58956308559259,25
t,-24.883354496501596,28.116645503498404,25
c,-2.19655281862451,85.80344718137549,25
k,-53.93649469613632,16.063505303863675,25
p,-96.46052991752467,55.53947008247533,25
x,-28.24674265678022,33.75325734321978,25
l,-26.439918994311046,88.56008100568896,25
j,-86.6325135927644,14.367486407235607,25
i,-52.83568745490382,4.16431254509618,25
c,-60.13072829928623,3.869271700713769,25
v,-58.321885114026934,35.678114885973066,25
p,-85.27165163515035,9.72834836484965,25
p,-40.3153789117,46.6846210883,25
h,-71.982617452785,94.017382547215,25
t,-54.13100059595926,26.868999404040746,25
i,-97.15445391505982,42.84554608494018,25
g,-30.484781209211985,16.515218790788015,25
e,-17.46426595349962,67.53573404650038,25
h,-53.47320804955435,61.52679195044565,25
q,-9.812918350237561,84.18708164976243,25
j,-94.41344407037269,16.586555929627306,25
z,-19.485824824946103,95.5141751750539,25
f,-66.50593904446906,18.49406095553094,25
q,-9.673253578549321,84.32674642145068,25
i,-81.05130390210752,69.94869609789248,25
p,0.9611117606827271,97.96111176068273,25
o,-75.01703943394165,64.98296056605835,25
c,-23.41151801219096,35.58848198780904,25
r,-80.26560332037549,6.7343966796245045,25
y,-57.285362657974616,23.714637342025387,25
t,-78.3092735658116,56.69072643418841,25
g,-48.70514797884663,71.29485202115336,25
i,-24.551865888471724,93.44813411152828,25
l,-54.12231359586803,39.87768640413197,25
d,-94.49676371492616,62.50323628507384,25
k,-93.27401348444283,79.72598651555717,25
y,-60.055791426652405,86.9442085733476,25
f,-51.46448865525966,13.535511344740346,25
n,-35.14463328602648,87.85536671397351,25
g,-70.49172983723263,90.50827016276737,25
u,-97.27624809783583,64.72375190216417,25
k,-63.488789109101624,41.511210890898376,25
v,0.3248826534137955,34.324882653413795,25
o,-23.41210669816589,84.58789330183411,25
n,-32.13160547736535,11.868394522634654,25
e,-70.23590034792637,45.764099652073625,25
d,-62.48395288056521,32.51604711943479,25
i,-35.29009178443426,43.70990821556574,25
w,-55.868649838999595,83.1313501610004,25
g,-55.010358829081376,83.98964117091862,25
z,-50.315456729715144,84.68454327028486,25
q,-67.44701021298826,71.55298978701174,25
m,-87.78969475144098,66.21030524855902,25
u,-40.167970147299684,14.832029852700314,25
s,-92.65944626775281,66.34055373224719,25
k,-1.184057703899057,13.815942296100943,25
y,-90.07340397575317,71.92659602424683,25
q,-83.48949068494893,93.51050931505107,25
l,-9.041582274452383,29.958417725547616,25
z,-28.934291391428005,75.065708608572,25
g,-89.47504318067757,73.52495681932243,25
l,-0.3287109612909098,82.67128903870909,25
r,-68.2848275980949,17.715172401905093,25
y,-44.03594903999949,92.96405096000052,25
v,-73.23277887549358,28.767221124506428,25
e,-28.228736142358493,59.77126385764151,25
v,-46.111321784144224,20.888678215855773,25
w,-4.413662235192835,25.586337764807165,25
b,-90.71381618457544,7.28618381542456,25
b,-65.78456968972726,3.215430310272743,25
m,-95.46894629565676,69.53105370434324,25
i,-0.5342929144498569,3.465707085550143,25
q,-16.67690649566037,89.32309350433964,25
y,-13.525665549944751,19.47433445005525,25
q,-27.333839334556973,85.66616066544303,25
e,-1.9290313755019424,16.070968624498057,25
f,-78.38869871724349,52.61130128275651,25
a,-57.04158242734606,29.958417572653943,25
f,-82.53193922065597,39.46806077934403,25
r,-96.11729865579171,58.88270134420829,25
c,-7.416995283490419,83.58300471650958,25
p,-73.85495964860115,86.14504035139885,25
z,-75.42756872616,13.572431273839989,25
f,-8.454231834777781,52.54576816522222,25
m,-71.6911854634457,74.3088145365543,25
r,-59.3733725582774,40.6266274417226,25
l,-97.72598960492775,52.274010395072246,25
w,-26.44873554085923,90.55126445914077,25
e,-15.578684526736996,33.421315473263,25
g,-81.39554688551797,41.60445311448203,25
t,-37.6707549338561,27.329245066143898,25
b,-96.91167831030045,39.08832168969955,25
t,-4.104273553699812,5.895726446300188,25
y,0.14342982594290077,68.1434298259429,25
w,-82.95460869359634,36.04539130640366,25
f,-43.284914178650055,48.715085821349945,25
l,-73.68781589356767,31.312184106432326,25
a,-37.60491585507731,80.39508414492269,25
z,-44.08290230890467,78.91709769109532,25
b,-74.87119246930507,87.12880753069493,25
m,-89.08171844069798,27.918281559302017,25
y,-19.84926173711787,20.15073826288213,25
x,-1.8778940538967044,24.122105946103297,25
j,-87.70291837193776,10.29708162806225,25
h,-23.082959183539533,69.91704081646047,25
v,-77.4180545533247,76.5819454466753,25
j,-18.50259865256762,95.49740134743239,25
v,-6.758902805648018,24.241097194351983,25
e,-41.08195192075343,97.91804807924657,25
a,-89.62277705833364,68.37722294166636,25
v,-90.96581993977966,55.034180060220336,25
k,-55.60302178956366,3.3969782104363375,25
a,-77.20039048036328,90.79960951963672,25
g,-37.998110856930374,62.001889143069626,25
l,-53.721129836811556,8.278870163188442,25
p,-61.042542673903654,33.957457326096346,25
v,0.18658217007940114,86.1865821700794,25
r,-32.51099675045292,16.489003249547082,25
j,-18.86520506272004,35.134794937279956,25
f,-12.955628124127003,69.044371875873,25
i,-27.313754183683994,15.686245816316008,25
k,-52.92320367495787,26.07679632504213,25
e,-49.20048533815483,76.79951466184518,25
x,-29.477199380508246,39.522800619491754,25
l,-92.32384244864303,50.67615755135697,25
f,-15.317073350279145,10.682926649720855,25
g,-17.515663548568693,29.484336451431307,25
g,-65.90598306928928,92.09401693071072,25
x,-21.92539801030669,5.074601989693312,25
y,-9.751390461889388,81.24860953811061,25
s,-73.76926791082985,20.230732089170143,25
p,-29.31753939761401,95.68246060238599,25
c,-89.5151377383301,77.4848622616699,25
s,-22.997033016348045,66.00296698365196,25
e,-81.75817403929165,83.24182596070835,25
y,-16.533540408130396,69.46645959186961,25
x,-49.02786291037344,36.97213708962656,25
u,-12.46908135602209,70.53091864397791,25
v,-16.404326975986063,14.595673024013939,25
y,-9.481768892330658,91.51823110766934,25
x,-14.7770909056189,34.2229090943811,25
a,-69.50167873787647,10.498321262123524,25
a,-35.70327113472875,71.29672886527125,25
r,-40.1757973629731,60.8242026370269,25
t,-33.27000087612233,64.72999912387768,25
t,-87.28591671629017,16.71408328370983,25
r,-43.047095028222856,47.952904971777144,25
l,-3.2165613902053525,1.7834386097946475,25
h,-10.99769296227566,58.002307037724336,25
f,-72.35305044052132,87.64694955947868,25
y,0.7111094749754511,96.71110947497544,25
m,-11.81887602636108,80.18112397363892,25
z,-90.50154087058459,69.49845912941541,25
l,-16.627341728617182,13.372658271382816,25
d,-15.086060587514968,83.91393941248504,25
y,-50.78364925691452,32.21635074308548,25
a,-33.11748129005862,33.88251870994138,25
b,-52.800276533893104,13.199723466106896,25
r,-9.301612566808664,85.69838743319133,25
s,-38.605955870344516,4.394044129655482,25
v,-74.00915132841784,82.99084867158216,25
n,-48.1393214332948,24.860678566705197,25
j,-19.25165173451745,0.74834826548255,25
c,-4.078122832498973,97.92187716750102,25
p,-49.831473316847635,84.16852668315236,25
b,-24.737269553623015,47.262730446376985,25
x,-11.410121274799334,89.58987872520066,25
t,-34.387104711611826,58.612895288388174,25
q,-73.92487483302378,20.075125166976218,25
j,-4.691629753816628,28.308370246183372,25
t,-70.25444896447314,44.745551035526866,25
p,-10.56855789943055,58.43144210056945,25
q,-72.33893850616761,74.66106149383239,25
a,-60.13963368532715,93.86036631467285,25
i,-95.3673572973455,7.632642702654488,25
b,-18.16917195738856,36.830828042611444,25
r,-86.92085034197439,30.07914965802561,25
x,-58.31464015466633,82.68535984533366,25
g,-1.6377355748174791,98.36226442518252,25
m,-43.24918906592748,16.750810934072515,25
k,-50.372823943095035,46.627176056904965,25
j,-31.86547114315565,86.13452885684436,25
l,-64.8044265863079,50.1955734136921,25
e,-74.2253013188056,46.774698681194394,25
o,-51.2511969017629,3.7488030982370963,25
g,-46.1203382977247,34.8796617022753,25
r,-17.99278661734146,16.00721338265854,25
k,-62.13212067576702,57.86787932423298,25
v,-55.90705373675741,50.09294626324259,25
s,-43.36208205498221,18.63791794501779,25
s,-88.83225672774094,55.16774327225905,25
v,-61.21640549781794,40.78359450218206,25
r,-61.192147664269,38.807852335731,25
m,-94.410156648063,78.589843351937,25
s,-42.717741451623404,19.282258548376596,25
g,-1.67551517480707,78.32448482519293,25
o,-37.00158196657204,2.998418033427961,25
k,-21.419398347186625,87.58060165281337,25
q,-66.51337719909857,66.48662280090143,25
n,-62.40040451459701,66.599595485403,25
s,-79.47335196522891,83.52664803477109,25
b,-44.98931680509586,75.01068319490413,25
x,-76.96028621316866,48.03971378683135,25
z,-91.36846469193588,23.631535308064112,25
u,-27.14903463236998,62.850965367630025,25
j,-7.28255764017578,53.71744235982422,25
y,-38.206992710138124,9.793007289861873,25
j,-75.78614154155626,79.21385845844374,25
i,-2.517406710259966,69.48259328974004,25
t,-6.771056908102652,21.228943091897346,25
z,-92.09429075485238,41.90570924514762,25
f,-71.20654803341455,39.79345196658545,25
l,-31.490868351812356,43.50913164818765,25
u,-2.0154750379896376,5.984524962010362,25
m,-83.10830241420099,75.89169758579901,25
k,-97.12177499610524,35.87822500389475,25
y,-1.2385420452369738,12.761457954763026,25
t,-7.70454722966769,49.29545277033231,25
t,-80.90292261019901,25.097077389800987,25
k,-34.752585165183525,47.247414834816475,25
g,-33.400402040377344,35.599597959622656,25
i,-16.144508204859523,34.85549179514047,25
j,-71.73187323723981,2.2681267627601844,25
w,-96.28843987813032,57.71156012186968,25
p,-30.092885115413168,61.90711488458683,25
z,-0.8079657609943218,43.19203423900568,25
o,-59.06350529536823,30.93649470463177,25
m,-44.64617764132808,58.35382235867192,25
e,-77.19335589742391,91.80664410257609,25
p,-71.01909731149331,5.980902688506693,25
r,-68.69700493971108,89.30299506028892,25
b,-26.573789840223334,86.42621015977667,25
d,-66.14059487676197,48.85940512323803,25
t,-5.253900596166146,98.74609940383385,25
e,-59.12325258797147,47.87674741202853,25
c,-8.040536099259219,96.95946390074079,25
d,-91.96361504176848,73.03638495823152,25
s,-12.17952737249762,7.820472627502379,25
f,-47.76667559354317,10.233324406456834,25
k,-69.89245639528696,2.1075436047130474,25
t,-81.7565174798587,44.243482520141306,25
h,-64.97313122515546,39.02686877484454,25
u,-78.54201939751019,35.45798060248982,25
r,-49.69482628800556,17.305173711994442,25
k,-12.685910540101228,70.31408945989877,25
n,-73.73758253420223,76.26241746579777,25
a,-89.05429076656739,72.94570923343261,25
w,-13.609010695943242,36.39098930405676,25
l,-89.65718353110536,13.34281646889464,25
n,-26.803946456384697,97.1960535436153,25
h,-6.490753042092487,53.509246957907514,25
k,-62.16495520315852,19.835044796841483,25
u,0.2694803060444395,58.26948030604444,25
y,-41.65416316969658,84.34583683030343,25
p,-31.56886112613447,15.431138873865532,25
u,-14.73076502100879,55.269234978991214,25
g,-13.949569419283156,43.05043058071684,25
w,-31.13763894631654,87.86236105368346,25
t,-73.0475489678933,73.9524510321067,25
t,-32.59674085632677,97.40325914367324,25
q,-8.495382822066366,34.50461717793363,25
s,-9.982236038911497,51.017763961088505,25
x,-34.45393356870453,80.54606643129547,25
w,-42.18281688839518,56.81718311160482,25
a,-88.66948421427098,39.33051578572902,25
y,-62.101995931701715,64.89800406829828,25
a,-61.711898034962694,82.28810196503731,25
u,-41.4814900823823,12.518509917617703,25
z,-57.525534658662345,22.47446534133766,25
b,-94.67588623983336,51.32411376016663,25
k,-93.67958744940445,74.32041255059555,25
l,-48.20170620410829,91.79829379589171,25
u,-59.2900824786351,5.709917521364904,25
v,-74.1997801144537,67.8002198855463,25
q,-25.602863124927804,13.397136875072196,25
k,-55.93716360657671,51.06283639342329,25
r,-87.31509010416582,96.68490989583418,25
k,-66.55423619519166,18.44576380480834,25
h,-0.9736161918914983,73.0263838081085,25
d,-51.36187351050602,79.63812648949397,25
g,-20.594526626309378,28.405473373690622,25
p,-65.05023483645729,9.949765163542713,25
z,-41.348389429254254,51.651610570745746,25
d,-43.56244672754697,93.43755327245303,25
i,-50.020562798492584,49.979437201507416,25
l,-86.03811854678814,84.96188145321186,25
r,-23.625857671129495,4.374142328870506,25
s,-81.70419182684888,90.29580817315112,25
w,-96.17017893331722,21.829821066682786,25
v,-24.949246464632918,90.05075353536708,25
i,-35.37650131720072,0.623498682799283,25
u,-6.774602867067797,0.2253971329322031,25
g,-52.79533592609205,17.20466407390795,25
p,-28.311950697992486,25.688049302007514,25
u,-11.282372184343819,7.717627815656182,25
l,-86.60306154080365,91.39693845919635,25
g,-8.48886581060687,90.51113418939313,25
p,-66.7867001860301,62.21329981396989,25
i,-4.950801523128215,98.04919847687178,25
r,-11.169700167220174,42.83029983277982,25
q,-46.556121804304205,35.443878195695795,25
b,-63.05614289833856,61.94385710166144,25
r,-55.23833177924207,54.76166822075793,25
p,-3.1026253257194405,78.89737467428056,25
c,-48.452450241732286,2.547549758267713,25
c,-5.123710582834862,45.87628941716514,25
y,-8.661597971210002,77.33840202879,25
j,-80.65625286901641,22.343747130983587,25
u,-20.226199812279237,27.773800187720763,25
g,-9.997787054535884,11.002212945464116,25
q,-69.35139584527016,85.64860415472984,25
p,-85.17529983177967,92.82470016822033,25
i,-95.54836919366045,81.45163080633955,25
w,-15.023298063508015,19.976701936491985,25
w,-64.09280160481396,14.907198395186038,25
q,-61.81884482410255,86.18115517589744,25
z,-92.26603418692416,46.733965813075834,25
u,-74.49809338145363,13.501906618546368,25
b,-29.920646027421892,23.079353972578108,25
h,-68.11827270824854,25.881727291751456,25
g,-52.83260111941907,44.16739888058093,25
m,-6.669862920704026,83.33013707929598,25
a,-63.30453345218754,10.695466547812462,25
k,-23.729152323672555,34.27084767632745,25
c,-95.23750965586385,95.76249034413615,25
c,-42.874400701135386,41.125599298864614,25
y,-28.677530652843778,82.32246934715623,25
x,-65.48118212124042,18.518817878759585,25
w,-15.909843898656579,95.09015610134342,25
r,-5.5145635909215445,65.48543640907846,25
q,-61.25812669540849,47.74187330459151,25
q,-70.88980390909627,63.11019609090373,25
m,-20.044789298281277,52.95521070171872,25
t,-53.54586196029957,47.45413803970043,25
k,-46.4900693943216,20.5099306056784,25
f,-47.14045530255506,28.85954469744494,25
g,-22.506920332066784,5.493079667933215,25
a,-71.58156453920147,83.41843546079853,25
i,-93.80913556729251,38.190864432707485,25
f,-44.27665928498603,55.72334071501397,25
w,-77.32408882730796,15.675911172692047,25
w,-51.37342714734074,56.62657285265926,25
g,-88.10985159099984,46.89014840900016,25
t,-26.370092419550243,22.629907580449757,25
m,-96.92447502787024,7.075524972129761,25
x,-41.13880708392631,83.86119291607369,25
t,-72.23992637359531,49.76007362640469,25
w,-65.83827903048007,90.16172096951993,25
h,-47.589493980400746,61.410506019599254,25
x,-9.24940911474894,40.750590885251064,25
i,-2.9494768905462156,58.050523109453785,25
q,-80.49941743476796,76.50058256523204,25
v,-16.93400726987949,0.06599273012050844,25
u,-81.78887731949487,36.211122680505134,25
e,-69.67263852668604,20.32736147331395,25
i,-6.229083472000427,86.77091652799957,25
k,-56.140173118891916,82.85982688110808,25
m,-17.432016187080542,47.56798381291946,25
i,-21.328134098483314,1.671865901516687,25
l,-6.168773186967923,45.831226813032075,25
t,-42.32889084549778,74.67110915450222,25
i,-30.106185890676407,36.89381410932359,25
j,-3.384919029199534,81.61508097080046,25
r,-67.53803480462649,24.461965195373512,25
j,-50.170424427614094,47.829575572385906,25
z,-89.8217869165917,8.1782130834083,25
b,-65.80930138841599,90.19069861158401,25
x,-46.38493541474563,57.61506458525437,25
s,-6.619471984331131,79.38052801566887,25
g,-50.508903368001235,3.4910966319987655,25
f,-48.47145359841276,0.5285464015872445,25
w,-60.2072697176584,30.792730282341598,25
m,-11.305913669192648,35.69408633080735,25
t,-87.10772142989538,59.89227857010462,25
c,-51.28401424821106,55.71598575178894,25
x,-33.31185195785097,56.68814804214903,25
l,-70.57012150598376,71.42987849401624,25
g,-17.513998323730203,92.4860016762698,25
u,-11.415620010994331,45.58437998900567,25
t,-18.50915234439306,53.49084765560694,25
b,-70.22727994818186,11.772720051818144,25
y,-70.8125848392983,80.1874151607017,25
x,-6.5172549565971405,14.48274504340286,25
w,-20.74995502549481,49.25004497450519,25
c,-67.02751334595371,2.972486654046288,25
g,-8.51564139427376,60.484358605726236,25
s,-37.71388852149469,78.2861114785053,25
t,-54.60092373877473,49.39907626122527,25
v,-82.4031249832067,53.596875016793305,25
g,-0.8358871193747938,90.16411288062521,25
j,-20.659132205879075,61.340867794120925,25
t,-31.154802558051752,62.84519744194825,25
t,-81.16518610374985,31.834813896250157,25
t,-78.56229991657878,84.43770008342122,25
v,-76.28178050030955,16.718219499690452,25
c,-13.424822299824275,21.575177700175725,25
t,-46.34968592004089,97.6503140799591,25
w,-34.144487878556035,49.855512121443965,25
u,-85.36953950936578,80.63046049063422,25
t,-77.72298822431569,2.277011775684322,25
s,-42.55634413452422,64.44365586547578,25
c,-31.820740783589027,72.17925921641097,25
o,-9.39538327033756,22.604616729662443,25
u,-73.7133627720049,41.2866372279951,25
g,-12.298323608923479,7.701676391076521,25
q,0.29416980444079877,89.2941698044408,25
y,-2.3878999197311304,58.61210008026887,25
i,-62.53375486492824,96.46624513507176,25
j,-29.692836958718868,87.30716304128113,25
g,-12.670628169427589,44.32937183057241,25
d,-31.440032809062227,56.559967190937776,25
d,-76.3313490382078,31.668650961792203,25
q,-26.176322629547055,6.823677370452945,25
u,-83.8297768535706,74.1702231464294,25
g,-96.90270618433038,44.09729381566962,25
y,-90.07029735645904,60.92970264354096,25
g,-39.819984946394115,92.18001505360589,25
z,-32.88012352080803,29.119876479191973,25
t,-66.88586297492148,85.11413702507852,25
m,-80.39390899946835,22.606091000531656,25
b,-92.8355479325898,32.164452067410195,25
y,-65.55452926483076,69.44547073516924,25
s,-85.91261462767292,36.08738537232708,25
v,-94.5884163593064,90.4115836406936,25
q,-61.70178078032659,26.298219219673413,25
j,-39.765098055342364,9.234901944657633,25
f,-39.94999657549768,52.05000342450232,25
a,-69.95784240754976,42.04215759245024,25
y,-61.37785647953326,73.62214352046674,25
s,-19.699489611436327,90.30051038856368,25
i,-72.26881281452661,60.73118718547339,25
j,-47.53513709078696,24.46486290921304,25
k,-87.57228965153153,83.42771034846847,25
k,-23.7942491617599,16.2057508382401,25
b,-97.93718258473642,91.06281741526358,25
d,-90.84569254638673,87.15430745361327,25
o,0.009656385698590064,44.00965638569859,25
q,-86.15346555052054,35.84653444947946,25
a,-52.6275425875056,1.3724574124943956,25
k,-79.05870550198854,22.94129449801146,25
t,-18.267083426403932,22.732916573596068,25
k,-81.16186190458384,50.83813809541616,25
q,-38.97007525185806,38.02992474814194,25
q,-59.60826026097583,89.39173973902416,25
i,-19.319127803154693,59.68087219684531,25
c,-57.285680130662186,20.71431986933781,25
w,-72.22843937472183,8.771560625278171,25
i,-68.42292735894107,62.57707264105894,25
r,-41.71104787502652,94.28895212497348,25
e,-20.52715551456999,34.47284448543001,25
g,-84.03385786813449,76.96614213186551,25
s,-33.11720732761484,46.88279267238516,25
w,-91.81803385392178,71.18196614607822,25
t,-54.53215849602522,21.46784150397478,25
l,-48.31504946431352,28.684950535686486,25
b,-78.21175206893699,82.78824793106301,25
n,-57.301396495438794,34.698603504561206,25
l,-81.51070352593057,39.489296474069434,25
p,-66.5138017984163,14.48619820158371,25
f,-75.05528213151143,16.94471786848856,25
b,-27.709238065252656,10.290761934747346,25
m,-52.47685229344556,78.52314770655444,25
q,-84.54406703561853,37.45593296438147,25
q,-15.53116534193265,53.46883465806735,25
b,-18.729662204947193,26.270337795052807,25
d,-70.36848187099075,13.631518129009253,25
u,-31.0180288581319,58.9819711418681,25
n,-5.942762325272649,35.057237674727354,25
r,-49.012069720338395,19.987930279661608,25
n,-45.6808633697099,36.3191366302901,25
y,-27.255855195856945,63.744144804143055,25
k,-50.10099732737807,89.89900267262193,25
y,-68.14692745479272,2.8530725452072767,25
q,-31.50044703043741,84.49955296956259,25
o,-3.206860189360491,7.793139810639509,25
v,-60.58337567677668,9.416624323223319,25
w,-7.98929795391093,26.01070204608907,25
t,-9.56186555509743,27.43813444490257,25
m,-80.6820271826632,62.317972817336795,25
t,-51.05942657495185,37.94057342504815,25
r,-9.509662019711348,45.49033798028865,25
g,-32.6604709286451,61.3395290713549,25
r,-43.054807142143545,44.945192857856455,25
b,-69.39421947115915,46.60578052884085,25
l,-76.71586532662896,65.28413467337104,25
d,-55.75502549453908,23.244974505460913,25
h,-86.58401254219858,87.41598745780142,25
p,-5.020788568363646,59.97921143163635,25
w,-35.236650596863925,6.763349403136072,25
p,-74.86068866779605,12.13931133220394,25
e,-42.60440268887497,14.395597311125027,25
t,-40.95877598544545,97.04122401455454,25
z,-80.94102096564633,22.058979034353662,25
o,-6.884299125344116,52.115700874655886,25
v,-54.62836659505016,41.37163340494984,25
q,-4.606131212346784,20.393868787653215,25
q,-50.144051948809576,54.855948051190424,25
o,-1.751360857422898,28.2486391425771,25
u,-6.375044283618957,90.62495571638104,25
i,-44.54515116582459,78.45484883417541,25
y,-74.24873140268372,5.751268597316288,25
r,-73.06597913893856,82.93402086106144,25
u,-33.378874999177995,74.621125000822,25
f,-15.06860357450754,57.93139642549246,25
k,-35.768858964511026,98.23114103548897,25
