y,-92.84235887366908,22.15764112633091,500
c,-80.06631159038973,50.93368840961027,500
r,-84.97099558646505,64.02900441353495,500
f,-84.2085955269735,43.7914044730265,500
k,-46.01288059640345,83.98711940359655,500
k,-48.83412241443014,19.165877585569856,500
v,-87.39353143065972,98.60646856934028,500
e,-96.22057845976579,20.779421540234214,500
g,-53.12520591998646,89.87479408001354,500
n,-17.861370324922614,92.13862967507738,500
i,-16.21848016529479,57.78151983470521,500
q,-97.40140082876376,16.59859917123624,500
e,-23.894015355694233,77.10598464430576,500
a,-6.864706843868894,87.13529315613111,500
i,-31.410800833776747,28.589199166223253,500
i,-18.850004207151034,26.149995792848966,500
t,-24.029722134120036,7.970277865879964,500
j,-97.44270405303676,32.55729594696324,500
v,-27.99644539723115,79.00355460276886,500
r,-59.54888722379806,34.45111277620194,500
w,-92.7975738890324,6.20242611096759,500
r,-93.00106040027396,79.99893959972604,500
x,-92.22532817842115,84.77467182157885,500
r,-86.22074899814949,38.77925100185051,500
a,-13.036341172538997,61.963658827461,500
e,-61.29895317383355,49.70104682616645,500
b,-57.71866912757686,81.28133087242314,500
c,-19.963976179241477,82.03602382075852,500
j,-53.09595637375522,96.90404362624477,500
a,-66.75047725884654,91.24952274115346,500
t,-65.436791121688,45.563208878312004,500
z,-60.77187147045261,63.22812852954739,500
o,-76.01617222890418,3.983827771095815,500
q,-85.14993649245092,32.85006350754908,500
o,-39.6899637238523,50.3100362761477,500
v,-47.19872403425855,0.8012759657414565,500
o,-26.34600386326459,81.65399613673542,500
c,-12.619807192707114,54.380192807292886,500
o,-5.289163845662921,11.710836154337079,500
c,-95.37527109531179,32.62472890468822,500
b,-3.3792489725341395,1.6207510274658605,500
m,-41.50900806073,49.49099193927,500
y,-55.79405690157389,18.20594309842611,500
u,-52.40767504871995,66.59232495128005,500
q,-55.31074543881473,91.68925456118528,500
h,-51.34341193924678,30.656588060753222,500
o,-65.45912760946989,28.54087239053011,500
v,-2.135711601234017,67.86428839876598,500
g,-62.20623728061945,42.79376271938055,500
f,-26.09146093376188,72.90853906623812,500
y,-15.527972513058794,16.472027486941208,500
o,-15.918391333110115,83.08160866688988,500
b,-47.44504465345642,87.55495534654358,500
j,-55.951859586765096,76.0481404132349,500
r,-81.18923516587452,15.810764834125475,500
b,-24.54195470107866,98.45804529892135,500
p,-7.913929111419743,89.08607088858025,500
h,-14.328934278778283,69.67106572122172,500
z,-85.6505485512465,2.3494514487535048,500
p,-21.808264898057104,27.191735101942896,500
w,-96.4271491170009,0.5728508829991075,500
x,-75.13495041050156,16.86504958949844,500
d,-12.69275293613497,64.30724706386503,500
x,-59.783761127915916,20.216238872084084,500
w,-65.1009025405276,44.89909745947241,500
e,-73.11927116222681,38.88072883777319,500
j,-45.82756362200629,79.1724363779937,500
v,-77.38226143618371,62.61773856381629,500
g,-1.7215861403337422,91.27841385966626,500
l,-53.163387374145444,33.836612625854556,500
s,-15.940807789821724,45.059192210178274,500
a,-47.70946592859146,2.2905340714085374,500
v,-47.70174930982071,92.29825069017929,500
i,-63.52434207698552,5.475657923014477,500
g,-28.076710276749566,65.92328972325043,500
m,-67.19789993731635,31.802100062683653,500
h,-78.74508348196139,69.25491651803861,500
x,-60.64650759603091,58.35349240396909,500
r,-57.95623186265664,51.04376813734336,500
b,-41.70935431970401,8.290645680295986,500
t,-94.60994422175979,50.39005577824021,500
p,-80.92824786221543,51.07175213778458,500
s,-34.164649907193606,48.835350092806394,500
c,-48.28740682592997,41.71259317407003,500
a,-62.9426807662359,98.05731923376409,500
x,-54.00657230923896,45.99342769076104,500
t,-59.96410993904356,68.03589006095645,500
y,-66.61162912509896,58.388370874901035,500
b,-40.650132197465304,34.349867802534696,500
g,-44.09491669392142,43.90508330607858,500
m,-60.93690625405671,83.06309374594329,500
f,-82.17017894776407,20.829821052235925,500
m,0.28361376299962526,11.283613762999625,500
q,-9.129021762060036,98.87097823793997,500
p,-5.737367953104193,83.2626320468958,500
r,-62.60873004471838,56.39126995528162,500
d,-6.109593545061808,92.89040645493819,500
s,-19.17738302546978,1.8226169745302205,500
i,-4.852705941000473,96.14729405899952,500
v,-54.85182271443841,56.14817728556159,500
y,-87.20097879731507,45.79902120268492,500
a,-22.50946019235805,74.49053980764195,500
z,-86.54407592258114,38.45592407741886,500
f,-4.423949098918439,58.57605090108156,500
n,-40.87358479315665,65.12641520684335,500
u,-14.82573075805817,19.174269241941833,500
x,-40.909038655864414,63.090961344135586,500
l,-36.2316534726989,85.7683465273011,500
j,-32.876556958474275,31.123443041525725,500
t,-96.68704999976215,62.31295000023785,500
b,-35.26597989843396,21.734020101566042,500
j,-93.87432755402146,88.12567244597854,500
v,-56.90921183226419,82.09078816773581,500
l,0.6706388240408536,82.67063882404085,500
s,-58.82933924741133,75.17066075258867,500
b,-43.394044745455005,95.605955254545,500
w,-71.00179500267139,12.998204997328612,500
m,-43.96076882398265,4.039231176017354,500
w,-67.15208023891756,19.84791976108244,500
r,-11.79223511347119,38.20776488652881,500
k,-67.54536790843328,65.45463209156672,500
t,-59.53342673771416,32.46657326228584,500
x,-84.52947330794373,1.470526692056274,500
r,-79.60467799143667,66.39532200856333,500
c,-81.78953211415624,26.21046788584375,500
t,-31.40631533321339,6.5936846667866105,500
e,-8.343464702595998,45.656535297404005,500
d,-96.07319633311351,79.92680366688649,500
c,-47.4699308079517,6.5300691920483,500
t,-60.9370810996934,88.0629189003066,500
c,-33.06195264483762,50.93804735516238,500
q,-34.511078469781914,0.48892153021808427,500
j,-5.278078030766802,88.7219219692332,500
p,-7.392506653245621,88.60749334675438,500
d,-44.0685313412354,81.9314686587646,500
w,-3.975423569449768,11.024576430550232,500
i,-45.8946105003141,6.105389499685901,500
o,-42.34316046558924,64.65683953441075,500
l,-45.95566836400509,70.04433163599491,500
e,-51.35537938885394,25.644620611146063,500
g,-38.46215152213339,14.537848477866609,500
c,-10.566575008274214,13.433424991725786,500
b,-7.992530102872255,83.00746989712775,500
c,-80.38442448882326,62.61557551117674,500
e,-45.83392363068028,26.166076369319722,500
u,-9.58470770392699,83.415292296073,500
j,-1.9019768067281244,82.09802319327187,500
x,-63.837088440866296,70.1629115591337,500
f,-13.594246868083864,28.405753131916136,500
i,-30.986625679153153,88.01337432084685,500
t,-28.31843870490267,18.68156129509733,500
z,-19.46485571263272,80.53514428736727,500
r,-45.74032218708027,7.259677812919735,500
q,-25.739615670753725,21.260384329246275,500
v,-4.467974002917151,73.53202599708285,500
i,-70.84665323913289,58.15334676086711,500
h,-41.51450488713939,14.485495112860614,500
j,-39.538359538192395,8.461640461807606,500
l,-8.505125893040269,22.49487410695973,500
k,-87.84027910155068,96.15972089844932,500
j,-80.50625476028848,86.49374523971152,500
o,-75.18641559793261,15.813584402067395,500
i,-84.59069656808208,54.40930343191792,500
y,-4.021958496542213,9.978041503457787,500
n,-12.366797720585245,23.633202279414753,500
t,0.20375237104923793,88.20375237104923,500
t,-67.29383031103752,43.706169688962476,500
z,-5.664085619989563,23.335914380010436,500
n,-24.194180977362265,63.805819022637735,500
y,-57.644787522274804,47.355212477725196,500
c,-14.656181087793495,53.3438189122065,500
b,-76.28109541419612,60.71890458580388,500
r,-94.97791560615796,13.022084393842038,500
p,-94.28399195983565,12.716008040164354,500
o,-53.86118929676257,59.13881070323743,500
v,-77.02539736614133,1.9746026338586602,500
q,-84.48811202865761,45.51188797134238,500
q,-45.88010449960493,67.11989550039507,500
d,-15.638370936321282,34.36162906367872,500
o,-83.10215381028253,80.89784618971747,500
w,-95.97906075520321,53.0209392447968,500
z,-54.313033912983734,61.686966087016266,500
t,-6.973895809112809,17.02610419088719,500
e,-58.3858794721726,74.6141205278274,500
q,-41.64968308947513,22.350316910524867,500
a,-56.641245142431785,77.35875485756821,500
z,-97.38525959918589,52.614740400814114,500
f,-65.80458636243849,70.19541363756151,500
i,-43.42201202810512,70.57798797189488,500
g,-0.9066811832371175,68.09331881676289,500
v,-64.74644893461594,58.253551065384066,500
q,-22.821757289438803,12.178242710561198,500
j,-60.10869620847353,2.8913037915264646,500
q,-25.33736377363795,2.662636226362048,500
y,0.6701741724378004,52.670174172437804,500
v,-95.67585466539181,17.324145334608186,500
c,-48.13435662127708,54.86564337872292,500
n,-29.484671645309426,1.5153283546905745,500
p,-92.5686933391973,15.431306660802699,500
x,-11.440633422752208,68.55936657724779,500
v,-80.45303860447841,46.5469613955216,500
d,-93.64294113034758,25.35705886965242,500
k,-82.78959529516064,22.21040470483937,500
m,-69.95792354357442,23.04207645642557,500
w,-70.53830271428092,72.46169728571908,500
y,-91.0703199549906,16.92968004500941,500
a,-93.40489952351935,56.59510047648066,500
t,-62.74771426981073,50.25228573018927,500
o,-67.50492283897304,37.495077161026956,500
o,-21.972498659970118,19.027501340029882,500
s,-10.469227537998691,50.53077246200131,500
s,-87.00560074784565,5.99439925215435,500
d,-35.86010967401619,78.1398903259838,500
j,-14.596534801413162,76.40346519858684,500
q,-36.5772003301724,15.422799669827597,500
q,-10.721579538398018,95.27842046160198,500
y,-82.27852639021367,35.72147360978633,500
x,-58.84534364644196,26.154656353558035,500
m,-94.14899822203125,44.851001777968754,500
y,-52.77271771090281,97.22728228909719,500
a,-55.57222832748267,59.42777167251733,500
y,-25.09765356942133,18.90234643057867,500
h,-7.837107746061144,63.16289225393886,500
l,-6.255133293149729,5.744866706850271,500
s,-90.15634530016652,92.84365469983348,500
i,-47.11974395151729,66.8802560484827,500
b,-2.287739673113358,9.712260326886641,500
s,-39.33456549542712,78.66543450457287,500
z,-26.432736439387845,81.56726356061215,500
v,-1.0504322518115528,43.94956774818845,500
j,-50.7724949189798,89.2275050810202,500
o,-42.80038316261013,91.19961683738987,500
w,-8.131662843460424,6.868337156539576,500
n,-34.78125867376124,93.21874132623876,500
n,-39.12068534374449,71.87931465625552,500
f,-31.279517862031792,16.720482137968208,500
a,-31.14111694454365,32.85888305545635,500
o,-73.49804802780083,36.50195197219916,500
t,-46.215270443125604,66.7847295568744,500
o,-23.035780374526013,3.964219625473988,500
r,-44.59642500573002,30.40357499426998,500
e,-11.50314625412107,77.49685374587892,500
x,-16.717116624425053,80.28288337557494,500
z,-54.054767301813264,3.9452326981867376,500
x,-49.708759901324036,46.291240098675964,500
b,-19.96438551271155,67.03561448728846,500
e,-60.114200055024256,6.8857999449757425,500
s,-97.2865634673001,44.713436532699895,500
o,-70.12464219956935,62.87535780043065,500
i,-33.07223469777586,68.92776530222413,500
a,-0.21693661394840147,63.7830633860516,500
d,-30.614277893286417,23.385722106713583,500
w,-9.741965495602917,51.25803450439708,500
s,-47.24523917376994,31.754760826230065,500
k,-44.68808692143754,53.31191307856246,500
y,-88.39144713507665,52.608552864923354,500
y,-67.68281609083067,34.31718390916933,500
j,-3.932752048574107,74.0672479514259,500
i,-36.62689522228778,44.37310477771222,500
l,-17.778622058481535,5.221377941518466,500
m,-17.02890670154567,89.97109329845433,500
l,-93.72547293135119,76.27452706864881,500
r,-29.043153171524793,13.956846828475207,500
t,-95.06593645860418,53.934063541395815,500
z,-15.731081176473685,27.268918823526317,500
u,-20.98169089482696,45.01830910517304,500
q,-87.69244330577057,24.307556694229437,500
g,-48.106655984871395,57.893344015128605,500
i,-82.5847424021875,62.415257597812506,500
u,-60.76515838866143,4.234841611338565,500
o,-57.98241911455671,90.01758088544328,500
e,-53.50502965703495,24.494970342965047,500
e,-37.43457055739931,32.56542944260069,500
n,-38.49629968467924,14.503700315320765,500
t,0.7437161664024751,86.74371616640248,500
y,-5.381875037388229,37.61812496261177,500
p,-88.72238906819838,92.27761093180162,500
m,-1.0118643319098863,54.988135668090116,500
s,-19.080576235242773,9.919423764757228,500
h,-42.15066748455105,0.8493325154489516,500
x,-55.67856104709528,98.32143895290471,500
b,-58.71264527117791,92.2873547288221,500
q,-85.64712927535362,56.35287072464639,500
g,-72.80514892478047,77.19485107521953,500
j,-50.26970452723211,36.73029547276789,500
l,-81.04825952924794,61.95174047075206,500
l,-33.73341628191487,96.26658371808513,500
f,-96.61746818398004,26.382531816019966,500
p,-89.30716790103558,27.692832098964413,500
f,-64.62650454607632,82.37349545392368,500
u,-85.9584645928627,23.0415354071373,500
d,-82.5186580848918,25.4813419151082,500
p,-59.443367510151425,22.55663248984857,500
h,-10.121184617299301,41.8788153827007,500
v,-91.18063552108518,31.819364478914828,500
h,-15.561686513789404,0.43831348621059574,500
v,-40.845641100642055,60.154358899357945,500
z,-52.054165005199124,37.945834994800876,500
p,-79.3858555064902,33.614144493509805,500
s,-14.86704998133186,71.13295001866814,500
g,-63.682939161541576,19.31706083845842,500
j,-69.85144009562954,64.14855990437046,500
i,-59.965445172103756,73.03455482789624,500
l,-29.450426512888185,9.549573487111816,500
x,-24.45656611725726,47.54343388274274,500
p,-96.23034837723456,58.76965162276544,500
m,-72.68385342864714,52.31614657135286,500
u,-71.88755973840031,88.11244026159969,500
k,-33.55080362683109,4.44919637316891,500
u,-72.0080749796204,22.991925020379593,500
o,-15.790061951574538,80.20993804842546,500
x,-11.085831736903895,39.9141682630961,500
b,-17.627877533615006,17.372122466384994,500
g,-76.05660045627795,77.94339954372205,500
p,-52.072742418849856,1.9272575811501436,500
a,-73.7065839171333,90.2934160828667,500
t,-56.80613159841327,15.193868401586728,500
p,-49.580346075177154,29.419653924822846,500
h,-46.557053956787186,83.44294604321281,500
o,-80.66789264504159,73.33210735495841,500
o,-54.613990105663284,87.38600989433671,500
g,-78.28308017382211,39.71691982617789,500
k,-80.30357175704238,73.69642824295762,500
v,-36.30223664515235,49.69776335484765,500
p,-43.495170060721705,79.5048299392783,500
x,-36.429542927487596,32.570457072512404,500
a,-3.706834838235209,31.29316516176479,500
i,-78.70718224066032,87.29281775933968,500
q,-8.359446551129432,21.640553448870566,500
e,-14.506228698517358,15.493771301482642,500
m,-1.7001892677897503,45.29981073221025,500
w,-23.749370290079245,83.25062970992076,500
j,-48.93117885844843,89.06882114155157,500
g,-34.13788397574482,77.86211602425517,500
r,-6.7182219916412516,77.28177800835874,500
f,-87.97942049215169,5.020579507848307,500
v,-26.613798790834515,39.386201209165485,500
c,-17.168767160677902,27.831232839322098,500
m,-31.115364258737383,49.88463574126261,500
r,-9.609833715548314,97.39016628445168,500
b,-79.72231427433447,71.27768572566553,500
k,-44.71638464219362,78.28361535780638,500
o,-33.77131728476592,90.22868271523409,500
p,-83.94554864923926,8.054451350760742,500
k,-42.26849975432244,52.73150024567756,500
f,-24.67502747105038,25.32497252894962,500
u,-86.51087484277271,61.4891251572273,500
u,-49.49640546325249,92.5035945367475,500
n,-84.58622291369679,82.41377708630321,500
z,-44.46309617536759,10.536903824632411,500
s,-16.749893672733204,45.25010632726679,500
u,-94.7465836658606,23.2534163341394,500
b,-30.81583794098905,70.18416205901096,500
q,-25.845535290802406,22.154464709197594,500
m,-2.1228626580568934,81.87713734194311,500
h,-19.163848821820846,23.836151178179154,500
j,-37.2021222111991,27.797877788800903,500
j,-56.99267332177989,3.0073266782201076,500
b,-70.33109052060482,92.66890947939518,500
y,-7.745915804834105,90.2540841951659,500
a,-56.51128369850239,85.4887163014976,500
q,-22.168721790696825,5.831278209303175,500
m,-37.53614277018477,15.463857229815234,500
l,-58.44687916900711,45.55312083099289,500
y,-84.42732564756466,19.57267435243534,500
c,-95.21041830598672,59.78958169401328,500
h,-17.57667842678435,60.42332157321565,500
l,-87.06465957270818,92.93534042729182,500
k,-58.51063099766972,7.489369002330276,500
w,-64.85045701041534,49.14954298958466,500
a,-50.78139139068381,49.21860860931619,500
r,-17.751312452717286,79.24868754728271,500
i,-76.30018260975152,42.69981739024848,500
h,-63.76996201714297,52.23003798285703,500
b,-7.542652244730703,60.457347755269296,500
n,-73.4318836513336,28.56811634866639,500
w,-46.4591919895206,48.5408080104794,500
x,-15.221709717686789,2.7782902823132103,500
x,-90.89965387292767,20.10034612707233,500
e,-26.182999054488704,19.817000945511296,500
k,-1.1164371788724787,50.88356282112752,500
d,-66.22763031280383,93.77236968719617,500
m,-74.63265957372657,50.36734042627343,500
e,-41.56133694582173,64.43866305417826,500
a,-66.68673005398921,11.31326994601079,500
x,-72.02119512451073,64.97880487548927,500
a,-14.453371539540582,55.54662846045942,500
h,-10.277752109948176,96.72224789005182,500
m,-81.67671320217295,55.32328679782705,500
i,-62.82989756840793,3.1701024315920683,500
g,-62.46347638972319,45.53652361027681,500
i,-66.56385917495638,31.436140825043623,500
i,-82.79948796281487,75.20051203718513,500
w,-53.243337620880645,29.75666237911935,500
x,-79.84708295644732,19.15291704355268,500
z,-1.8336921332601097,96.16630786673988,500
e,-40.68996108177732,96.31003891822267,500
i,-71.0600777860635,29.939922213936505,500
i,-65.3289979163531,96.6710020836469,500
e,-72.16925574159973,3.8307442584002676,500
o,-11.109349740095956,22.890650259904046,500
u,-19.471021483222582,50.528978516777414,500
n,-58.40320932712149,47.59679067287851,500
x,-79.64667708473445,16.353322915265558,500
u,-61.841532807868106,98.1584671921319,500
s,-46.48865402553375,12.511345974466252,500
x,-78.85730701285657,31.142692987143437,500
e,-1.5406567395469475,77.45934326045305,500
a,-85.07743426502599,42.92256573497402,500
g,-64.6997343117152,64.3002656882848,500
g,-73.13891777043888,25.861082229561124,500
l,-15.422318903542159,48.57768109645784,500
y,-27.789951943353437,59.21004805664656,500
r,-93.92294865684015,61.07705134315986,500
j,-51.0191573397514,75.9808426602486,500
v,-68.57580894873001,82.42419105126999,500
b,-57.6146638532583,59.3853361467417,500
p,-59.248698597936674,67.75130140206332,500
w,-96.23199100435126,90.76800899564874,500
v,-38.215745158440654,57.784254841559346,500
a,-2.1990955986902327,91.80090440130977,500
l,-73.34691218678667,44.65308781321334,500
a,-50.26544486889686,55.73455513110314,500
r,-24.8417519329994,20.1582480670006,500
u,-2.6400784575079683,55.35992154249203,500
s,-56.29139677209236,27.70860322790764,500
i,-97.1321869350938,40.8678130649062,500
e,-77.54790843809403,2.4520915619059793,500
i,-81.55761616342035,15.442383836579648,500
u,-31.600757013087588,35.39924298691241,500
v,-61.30730123701432,66.69269876298567,500
r,-35.45306179915297,34.54693820084703,500
d,-97.84246973917352,90.15753026082648,500
k,-95.90144457266751,75.09855542733249,500
r,-85.82173435537702,93.17826564462298,500
w,-56.982053897946194,76.01794610205381,500
v,-55.175866133602035,25.824133866397965,500
o,-37.00805839159429,80.99194160840571,500
v,-66.51328170200696,54.486718297993036,500
e,-23.85411732504203,95.14588267495797,500
x,-31.57560615306674,59.424393846933256,500
s,-29.33974523612033,90.66025476387968,500
g,-77.44422671902117,70.55577328097883,500
x,-70.69797330420712,89.30202669579288,500
n,-10.584775293008693,56.41522470699131,500
u,-71.60548001376378,46.39451998623622,500
m,-25.450687779791792,87.54931222020821,500
w,-46.89590480999348,54.10409519000652,500
g,-6.842618064550097,48.157381935449905,500
k,-8.847701294014895,91.1522987059851,500
c,-49.07486743197723,83.92513256802278,500
x,-13.901904740301815,56.098095259698184,500
y,-34.34492942849879,14.655070571501215,500
y,-72.36178387474006,48.63821612525994,500
n,-30.16998561346204,16.83001438653796,500
v,-36.93931778043609,17.06068221956391,500
h,-75.59080679667973,0.40919320332027487,500
x,-53.35612894418099,46.64387105581901,500
j,-10.01544929579366,45.98455070420634,500
f,-40.60222446659649,17.397775533403507,500
y,-80.26882813453786,82.73117186546214,500
s,-56.27298128360197,0.7270187163980294,500
x,-37.96396443072931,70.0360355692707,500
c,-54.6795628971776,4.3204371028224005,500
c,-36.325220862086184,4.674779137913814,500
r,-18.562963442356818,62.43703655764318,500
v,-32.81617962992367,1.18382037007633,500
y,-60.087368337791204,79.9126316622088,500
j,-81.11020362553828,51.889796374461724,500
g,-38.59349442874262,87.40650557125738,500
o,-30.120023471949573,14.87997652805043,500
y,-55.57656856234631,58.42343143765369,500
d,-72.49568340304242,39.50431659695758,500
j,-96.02120984207369,6.978790157926306,500
q,-59.34167021661447,59.65832978338553,500
t,-12.879939044449394,97.12006095555061,500
w,-22.949459482638265,90.05054051736174,500
u,-4.6328303066322825,57.36716969336772,500
k,-70.0759240364498,97.9240759635502,500
u,-14.469041390764634,21.530958609235366,500
j,-83.22217298388591,3.7778270161140854,500
y,-12.887355765927836,67.11264423407216,500
z,-15.605106287479169,28.394893712520833,500
v,-93.91867331569325,46.08132668430675,500
o,-68.77767408556939,20.222325914430613,500
d,-31.29255270734095,98.70744729265905,500
j,-45.451952666739636,98.54804733326036,500
y,-29.995730259944295,43.004269740055705,500
h,-46.281935289095166,16.71806471090483,500
o,-67.86129301086697,14.13870698913303,500
t,-43.53292535282053,27.467074647179473,500
z,-55.89403666772784,75.10596333227215,500
x,-21.278056500585596,1.721943499414404,500
d,-87.84472358333308,40.155276416666915,500
p,-40.673364672891225,8.326635327108777,500
e,-72.09136311517706,59.90863688482293,500
o,-7.271792749988618,56.72820725001138,500
j,-41.60125496651029,56.39874503348971,500
a,-23.60417079666013,27.39582920333987,500
v,-41.68951698498297,90.31048301501703,500
y,-55.01835326694804,83.98164673305196,500
l,-55.78818253027057,42.21181746972943,500
j,-75.00709628098446,62.992903719015544,500
k,-80.63187496267624,96.36812503732376,500
p,-57.70967016314831,47.29032983685169,500
c,-10.805411859169432,48.19458814083057,500
l,-55.82086460679956,98.17913539320044,500
q,-65.58938832107579,56.41061167892421,500
f,-92.84067678773462,4.159323212265375,500
x,-73.10713673278251,19.89286326721749,500
e,-17.181326767365217,5.818673232634781,500
a,-91.87037886684243,82.12962113315757,500
x,0.1989977671988532,74.19899776719885,500
i,-32.54474736981074,5.455252630189258,500
x,-35.406446077587,19.593553922413,500
n,-24.229242898707984,93.77075710129202,500
a,-91.00887048335069,85.99112951664931,500
k,-22.261404722372045,56.73859527762795,500
r,-45.9403163071157,35.0596836928843,500
u,-91.79598006449264,42.20401993550736,500
r,-4.603832447261221,88.39616755273877,500
m,-8.484746211513748,14.515253788486252,500
y,-96.58940265558269,15.41059734441731,500
j,-77.17201863968947,82.82798136031053,500
h,-13.992805334828374,59.007194665171625,500
o,-16.5258686034243,97.4741313965757,500
q,-9.230374360963104,40.769625639036896,500
y,-23.306612450285158,70.69338754971484,500
k,-79.11556775693391,16.884432243066094,500
v,-39.49419845390242,81.50580154609757,500
x,-70.8284042144582,35.1715957855418,500
q,-17.062525995776724,12.937474004223276,500
g,-3.4175710981008773,28.582428901899124,500
m,-55.15982262067451,5.840177379325485,500
c,-12.648137174783468,0.35186282521653134,500
q,-97.30596326979496,76.69403673020504,500
g,-10.724111342473416,68.27588865752658,500
w,-13.59036658043966,30.40963341956034,500
o,-90.64015997009953,35.35984002990046,500
r,-79.71392451070557,40.286075489294426,500
i,-65.8369045597364,38.16309544026361,500
l,-56.80169497122871,24.198305028771287,500
n,-93.96839900952916,30.031600990470828,500
d,-9.949757328016904,31.050242671983096,500
l,-52.10040760265396,66.89959239734604,500
v,-78.00800448399556,26.991995516004433,500
s,-91.10082207966478,58.89917792033521,500
p,-24.74596595387992,71.25403404612008,500
t,-68.45384063001546,12.54615936998454,500
f,-12.081818209353147,4.918181790646854,500
p,-8.072698447167998,43.927301552832006,500
x,-74.7841992157289,9.215800784271092,500
n,-78.90932459215837,47.09067540784163,500
b,-97.20032844556968,88.79967155443032,500
y,-16.828704236071232,4.171295763928768,500
l,0.43795570799028294,54.437955707990284,500
k,-88.45233187121782,67.54766812878218,500
y,-28.6723660974851,45.3276339025149,500
e,-33.033128259105744,30.966871740894256,500
i,-59.87198368242491,45.12801631757509,500
g,-86.6521965959739,91.3478034040261,500
d,-67.87917458530919,93.12082541469081,500
x,-83.90301993011244,71.09698006988756,500
b,-16.462422643786326,44.537577356213674,500
o,-28.157251620992636,36.84274837900737,500
n,-25.505054491565527,29.494945508434473,500
r,-76.1405667221636,86.8594332778364,500
a,-80.40746720587042,20.592532794129585,500
x,-11.365741593608993,83.63425840639101,500
h,-71.13964236784464,38.86035763215535,500
p,-85.20542750349466,51.79457249650533,500
v,-40.733051779078274,46.266948220921726,500
f,-89.75180126070394,4.2481987392960585,500
v,-24.175698800546623,22.824301199453377,500
v,-16.067220584242623,19.932779415757377,500
c,-53.92897047840202,91.07102952159798,500
l,-54.163932702690886,12.836067297309114,500
j,-62.486319106066766,40.513680893933234,500
w,-66.48660639204836,17.513393607951638,500
m,-57.62355986751641,35.37644013248359,500
k,-46.08710086124606,66.91289913875394,500
u,-27.98141000398869,59.018589996011315,500
s,-51.49853255556612,81.50146744443387,500
f,-58.61059445835554,76.38940554164446,500
v,-18.88223316035515,1.1177668396448495,500
z,-78.80110086933968,98.19889913066032,500
l,-68.39842394144335,87.60157605855665,500
p,-7.334771754960842,41.66522824503916,500
y,-74.23829428751421,80.76170571248579,500
p,-95.81241511671173,54.18758488328826,500
k,-22.984376666302495,3.0156233336975045,500
d,-61.15433635719538,50.84566364280462,500
o,-53.76845194032303,10.231548059676967,500
h,0.6524223216154061,20.652422321615408,500
m,-16.857622773384584,77.14237722661542,500
p,-3.9777037089279776,73.02229629107202,500
e,-64.48420033921775,72.51579966078225,500
c,-44.160400271789484,93.83959972821052,500
k,-30.756482642674506,60.243517357325494,500
c,-41.64250061495757,17.357499385042427,500
y,-4.272399382457466,56.727600617542535,500
o,-77.2935895658494,80.7064104341506,500
t,-3.4592628840629267,20.540737115937073,500
n,-94.32111622952648,97.67888377047352,500
y,-75.84519454215285,89.15480545784715,500
v,-68.16059175309374,75.83940824690626,500
r,-62.08878640238347,49.91121359761653,500
b,-37.089458662638094,55.910541337361906,500
g,-39.6465631470591,92.3534368529409,500
j,-43.53360115220569,12.466398847794313,500
t,-44.87301576876842,13.126984231231583,500
g,-84.9716532347659,3.0283467652341094,500
l,-63.50934936128756,59.49065063871244,500
r,-12.17171129005912,36.82828870994088,500
j,-74.49885540753766,9.501144592462342,500
b,-94.76577227760755,53.234227722392454,500
d,-45.47526150841219,23.52473849158781,500
d,-75.4138471449814,15.5861528550186,500
j,-95.95178863688845,55.048211363111555,500
s,-74.67753220596435,6.322467794035653,500
a,-12.897780548841036,56.102219451158966,500
q,0.5269960571616417,85.52699605716164,500
r,-50.0512967972879,80.9487032027121,500
h,-77.62105775031986,20.37894224968013,500
q,-38.078995476915,65.921004523085,500
b,-4.215984605485074,63.784015394514924,500
h,-32.09932488553974,41.90067511446026,500
v,-18.005016313580914,97.99498368641909,500
y,-23.0199427453711,47.980057254628896,500
k,-82.91320081496964,56.08679918503035,500
s,-56.58843144863171,26.411568551368294,500
f,-34.32579078810871,77.6742092118913,500
u,-94.0839899098567,97.9160100901433,500
n,-24.022570764186792,32.977429235813204,500
h,-25.9764826960189,79.0235173039811,500
a,-68.87898556861158,84.12101443138842,500
d,-23.121253942141816,65.87874605785818,500
i,-28.971891155219723,86.02810884478028,500
z,-89.29131540803935,63.70868459196064,500
m,-88.46726728896144,84.53273271103856,500
z,-27.864983261682614,85.13501673831739,500
u,-34.416815246652526,86.58318475334748,500
i,-9.563902142680536,75.43609785731947,500
l,-10.734513078257123,54.26548692174288,500
h,-92.42301626833384,19.57698373166616,500
e,-23.526601022531338,8.47339897746866,500
d,-56.7748023837053,72.22519761629471,500
s,-16.305425905216957,11.694574094783043,500
s,-84.8288283997438,4.171171600256194,500
l,-65.16708048199264,6.832919518007361,500
e,-61.3122523689342,11.687747631065797,500
q,-90.19538081698977,54.80461918301023,500
r,-68.82081933140479,0.17918066859521065,500
l,-95.68897116381804,44.311028836181954,500
r,-4.465468201714803,5.534531798285197,500
m,-48.17875225054662,96.82124774945338,500
j,-44.249186736814025,48.750813263185975,500
c,-0.9074464610867051,75.0925535389133,500
b,-70.80674778597192,2.193252214028078,500
m,-19.414835614691054,94.58516438530894,500
m,-53.24342152575633,63.75657847424367,500
r,-5.03445927288324,61.96554072711676,500
w,-32.6148784598267,32.3851215401733,500
t,-80.18249056706078,96.81750943293922,500
m,-62.770983353661194,46.229016646338806,500
h,-66.98334981095387,76.01665018904613,500
w,-5.574091062387957,44.42590893761204,500
t,-49.22181385131254,2.778186148687457,500
j,-0.6874262166682134,76.31257378333179,500
y,-85.8624153208613,90.1375846791387,500
p,-65.17981654130922,14.82018345869077,500
l,-29.58238353203234,27.41761646796766,500
b,-92.70208551475413,30.29791448524587,500
p,-16.94693557683691,74.0530644231631,500
t,-29.964993786434064,16.035006213565936,500
s,-35.12500283561658,12.87499716438342,500
n,-92.06125036384394,60.93874963615607,500
a,-73.91545373311523,5.084546266884773,500
i,-10.994526206301128,43.00547379369887,500
a,-41.030034015751674,60.969965984248326,500
z,-20.74054983742459,27.25945016257541,500
e,-51.20241353015828,37.79758646984172,500
q,-46.91404885208989,95.08595114791011,500
l,-33.460615725619476,36.539384274380524,500
n,-88.67485831856061,44.3251416814394,500
j,-7.510712444974566,59.489287555025435,500
j,-96.92761747511895,71.07238252488105,500
n,-15.531238843041146,84.46876115695885,500
w,-66.16710615306086,8.832893846939141,500
z,-35.838773431898694,3.161226568101304,500
y,-95.68725986536519,11.312740134634804,500
q,-8.003989592277579,10.996010407722421,500
d,-71.0207961545482,50.97920384545181,500
d,-84.10764748817623,36.89235251182377,500
z,-78.69116264775944,67.30883735224056,500
x,-49.57893548079053,65.42106451920948,500
f,-87.67006734177687,60.329932658223136,500
c,-10.370759728558175,27.629240271441823,500
n,-63.828662193957314,65.17133780604269,500
k,-86.23241170166439,93.76758829833561,500
w,-95.30284957501615,12.697150424983839,500
g,-82.70068622863074,32.299313771369256,500
e,-52.148502871119476,93.85149712888052,500
q,-68.66544850560129,98.33455149439871,500
v,-25.290576271575667,2.7094237284243348,500
o,-44.40959387701672,57.59040612298328,500
r,-67.7067766946746,19.293223305325398,500
l,-86.44249409884704,77.55750590115296,500
k,-27.689396702948372,9.310603297051628,500
j,-52.87452498324947,79.12547501675053,500
y,-91.0549171799985,12.945082820001504,500
o,-51.01209476314285,80.98790523685716,500
q,-17.245458248808198,85.75454175119181,500
i,-59.43539485918715,98.56460514081286,500
y,-8.107090734886434,81.89290926511356,500
a,-64.11310804849543,44.886891951504566,500
c,-59.477383488553876,62.522616511446124,500
g,-53.09484134085321,36.90515865914679,500
f,-1.3345122723084901,53.66548772769151,500
j,-88.99497908762112,24.00502091237889,500
a,-11.134562897293497,92.86543710270651,500
b,-43.15660005554634,24.84339994445366,500
o,-13.849097465588628,1.1509025344113724,500
x,-64.94765399547255,89.05234600452745,500
b,-48.31938774000449,47.68061225999551,500
f,-63.00253524063023,62.99746475936977,500
e,-58.08918047346186,94.91081952653813,500
q,-62.26374226061575,73.73625773938426,500
j,-24.48097574305854,34.51902425694146,500
j,-25.76059521851785,42.23940478148215,500
s,-31.751836342881134,65.24816365711887,500
d,-64.43436001486724,76.56563998513276,500
w,-39.972402221755544,57.027597778244456,500
v,-30.726179704812683,76.27382029518732,500
p,-40.96825672103785,31.03174327896215,500
n,-84.29074571855563,28.709254281444377,500
l,-93.55634964388598,7.44365035611402,500
e,-22.16096703747694,1.8390329625230595,500
q,-89.46620761581251,27.53379238418749,500
h,-44.02240550952548,95.97759449047452,500
x,-76.70762391419275,51.292376085807255,500
j,-28.472576825797617,47.52742317420238,500
f,-5.088010966791662,39.911989033208336,500
r,-11.090149375140857,10.909850624859143,500
f,-62.32267011506599,17.677329884934007,500
i,-82.60427765055488,31.39572234944512,500
x,-67.03579814108791,0.9642018589120901,500
u,-0.07463802097633188,70.92536197902366,500
e,-62.93344982271447,23.06655017728553,500
d,-27.346732564625984,18.653267435374016,500
b,-65.02458714641732,41.97541285358269,500
m,-30.5859945108642,81.4140054891358,500
i,-58.865788154053,94.134211845947,500
j,-51.03125933873454,97.96874066126546,500
w,-71.7443627036535,33.2556372963465,500
g,-14.431737999644936,1.5682620003550642,500
g,-11.31322946302666,24.686770536973338,500
l,-1.7700769077013399,83.22992309229866,500
c,-11.33375252705804,86.66624747294196,500
e,-4.407045774443205,80.5929542255568,500
o,-57.679992894878666,86.32000710512133,500
g,-70.18233331358233,60.81766668641767,500
q,-4.073126975761009,55.92687302423899,500
m,-18.263641359656834,0.7363586403431677,500
q,-37.86752835901666,53.13247164098334,500
x,-21.78475139028774,64.21524860971226,500
m,-62.498394194075175,23.501605805924825,500
d,-15.24998564603219,90.75001435396781,500
x,-16.644012304770502,55.355987695229494,500
e,-96.90684219052144,56.09315780947856,500
a,-39.550039026926285,67.44996097307371,500
q,-73.82776830401875,96.17223169598125,500
g,-65.85581574172932,21.14418425827068,500
w,-87.56211844206481,78.43788155793519,500
m,-16.40335403047996,35.59664596952004,500
f,-89.05900912241114,4.940990877588865,500
i,-6.611123506521471,91.38887649347853,500
b,-32.06994936527174,74.93005063472826,500
r,-36.642095609562176,76.35790439043782,500
s,-47.58137906205151,98.41862093794849,500
q,-78.68073954539479,92.31926045460521,500
f,-24.16596125996386,54.83403874003614,500
c,-86.71038981472071,93.28961018527929,500
n,-86.20316465029762,84.79683534970238,500
o,-70.68095019508864,2.319049804911365,500
v,-53.02691051181978,20.97308948818022,500
u,-29.78937805600549,7.210621943994511,500
p,-5.413486968162044,14.586513031837956,500
m,-77.40199391170204,81.59800608829796,500
j,-45.390982550295966,15.609017449704032,500
p,-31.711849252328566,34.28815074767143,500
o,-55.25122475760201,89.74877524239798,500
l,-61.956593321703835,28.04340667829617,500
w,-13.640352827536617,41.35964717246338,500
m,-54.98491539783463,71.01508460216537,500
b,-19.192622409741052,88.80737759025895,500
u,-75.57378509701856,5.42621490298144,500
v,-77.69386313386187,41.30613686613813,500
f,-49.12854283455266,61.87145716544734,500
i,-64.15329702528533,67.84670297471467,500
v,-61.57448288441982,97.42551711558018,500
l,-4.2483923542906075,92.7516076457094,500
z,-8.396509977676974,23.603490022323026,500
q,-48.40650660711457,15.593493392885428,500
x,-12.97891234006504,93.02108765993496,500
y,-86.74278328835297,53.257216711647025,500
s,-91.78769645735416,7.212303542645839,500
d,-83.96593233147864,48.03406766852135,500
p,-16.69675080035642,16.30324919964358,500
k,-64.3907479156086,26.609252084391393,500
m,-12.171737996692828,89.82826200330717,500
q,-8.828397818895569,3.1716021811044315,500
j,-6.1542628421697385,77.84573715783026,500
m,-20.864559159683214,64.13544084031679,500
x,-29.85921602080674,77.14078397919326,500
m,-73.79021388100001,29.209786118999986,500
z,-77.79315406990078,62.20684593009923,500
v,-87.9637268593145,66.0362731406855,500
i,-34.41888123924603,4.58111876075397,500
p,-41.78976690059932,35.21023309940068,500
b,-83.85348261054179,29.146517389458218,500
y,-67.17821675365279,14.821783246347207,500
h,-83.79070482214671,96.20929517785329,500
v,-5.972962563855867,69.02703743614413,500
a,-8.336388442405143,58.663611557594855,500
d,-92.93562649027342,95.06437350972658,500
r,-27.539349260554484,67.46065073944551,500
c,-75.08938200279964,92.91061799720036,500
m,-6.374045138146545,51.62595486185346,500
d,-35.0398560477211,7.9601439522789,500
o,-78.85558892773321,72.14441107226679,500
j,-86.41021358638189,1.5897864136181101,500
p,-33.084340621041434,14.91565937895857,500
i,-14.955820876740704,32.0441791232593,500
r,-2.6343019675225463,35.365698032477454,500
a,-23.622535265604398,65.3774647343956,500
n,-55.54855217522482,71.45144782477519,500
k,-39.76780449060716,7.232195509392838,500
o,-49.61896620028376,53.38103379971624,500
a,-52.98029660153334,7.019703398466663,500
p,-55.28097157069929,95.7190284293007,500
x,-94.4281939259123,56.571806074087704,500
l,-62.21438208728226,91.78561791271774,500
d,-83.53571555424662,69.46428444575338,500
h,-24.720983346235425,68.27901665376457,500
c,-68.62168507644127,36.37831492355873,500
v,-64.45340974265551,76.54659025734449,500
a,-77.11144428370251,68.88855571629749,500
h,-41.88215665328707,63.11784334671293,500
t,-36.5573843597781,6.442615640221904,500
u,-77.66185430967217,18.338145690327842,500
y,-65.05712617749556,72.94287382250444,500
x,-73.40564029412674,88.59435970587326,500
h,-55.04009815347591,8.95990184652409,500
v,-87.11551427113129,72.88448572886871,500
k,-15.903986775357732,23.096013224642267,500
f,-36.170780154835214,70.82921984516479,500
c,-20.112493429211586,43.88750657078842,500
t,-9.992658951385444,90.00734104861456,500
h,-82.66984978960605,56.33015021039395,500
b,-28.239839617958395,22.760160382041605,500
y,-78.85175612223755,27.148243877762457,500
c,-70.10432225718674,38.89567774281326,500
c,-96.14340689645374,46.85659310354625,500
g,-66.02019007850922,22.979809921490777,500
s,-27.85643240074969,79.1435675992503,500
t,-66.62115365337439,70.37884634662561,500
x,-53.80197359610982,41.19802640389018,500
b,-84.09054467939816,33.909455320601836,500
x,-76.94112206764382,2.0588779323561806,500
j,-4.0583396051608425,49.941660394839154,500
v,-36.139380618604285,63.860619381395715,500
j,-95.71766369360537,76.28233630639463,500
e,-89.51291844550268,80.48708155449732,500
o,-28.883789851863355,63.116210148136645,500
v,-76.90236771678347,65.09763228321653,500
i,-84.71890242440304,88.28109757559696,500
h,-81.04441374073708,7.95558625926291,500
g,-51.569415397449134,31.43058460255087,500
h,-89.9962165202885,41.00378347971151,500
k,-42.58353383791647,40.41646616208353,500
b,-69.6806854251767,19.3193145748233,500
i,-56.08808444705018,74.91191555294982,500
w,-26.37161422994694,55.628385770053065,500
y,-19.159775482427072,33.84022451757293,500
p,-52.46047445883734,27.539525541162657,500
c,-63.155861662086934,10.844138337913064,500
c,-20.612636402511146,40.38736359748885,500
l,-34.04900282185682,89.95099717814318,500
m,-51.701655195508074,0.2983448044919267,500
x,0.9339546987427803,12.933954698742781,500
f,-26.616923315037088,18.383076684962912,500
u,-29.023599030133877,33.97640096986612,500
m,-49.15678308426432,19.843216915735677,500
x,-53.04625409501123,62.95374590498877,500
d,-64.74453423628832,6.25546576371169,500
u,-26.32472264615612,52.67527735384388,500
r,-80.60595245750423,8.394047542495768,500
e,-94.8811847979596,28.1188152020404,500
h,-77.35524915805595,38.644750841944045,500
k,-84.31037115016703,17.68962884983297,500
u,-51.007467487393704,79.9925325126063,500
y,-82.32846358175769,10.671536418242315,500
v,-68.95373978405092,42.04626021594908,500
s,-71.38741764999637,23.61258235000363,500
s,-20.342168893656776,78.65783110634322,500
g,-21.49499156915738,83.50500843084262,500
v,-96.87116601228705,51.12883398771296,500
h,-49.34777607241252,45.65222392758748,500
q,-65.6188644767739,16.38113552322611,500
w,-19.29868692905529,42.70131307094471,500
l,-28.215328869394728,54.78467113060527,500
g,-71.43094986150534,3.569050138494666,500
p,-39.44079709589424,49.55920290410576,500
b,-42.214530169039655,60.785469830960345,500
z,-77.81088190116293,25.189118098837078,500
t,-94.64621162863179,21.353788371368207,500
a,-11.12736288005801,7.87263711994199,500
t,-16.278756200681222,22.721243799318778,500
x,-78.18070929810436,21.81929070189564,500
n,-32.983724311414356,31.016275688585644,500
n,-88.23845450155886,21.761545498441134,500
g,-81.09650372602619,25.903496273973815,500
u,-69.03221230243041,94.96778769756959,500
r,-13.883332597564792,33.11666740243521,500
t,-62.49925670945631,16.50074329054369,500
x,-93.06026124560829,83.93973875439171,500
z,-24.74754362145886,1.2524563785411413,500
s,-18.439124857417074,91.56087514258293,500
f,-50.018392894926635,73.98160710507337,500
n,-75.85659799081557,37.14340200918443,500
o,-8.45081525515434,19.549184744845657,500
i,-95.06006310593212,85.93993689406788,500
x,-69.3144542776801,74.6855457223199,500
n,-46.09050391619625,4.909496083803754,500
y,-35.9067734679028,50.0932265320972,500
b,-86.07934577795218,70.92065422204782,500
g,-38.55725925350693,29.442740746493076,500
g,-44.56378611161071,79.43621388838929,500
s,-73.96028615799733,98.03971384200267,500
a,-38.061077745636645,90.93892225436336,500
q,-7.824918414677991,4.175081585322009,500
a,-52.91671825086891,71.08328174913109,500
i,-76.03919608084495,29.960803919155055,500
s,-54.15790473826728,82.84209526173272,500
e,-47.52174986472699,31.478250135273008,500
k,-1.174899433450478,71.82510056654952,500
f,-6.60826346773472,10.39173653226528,500
n,-80.98361895616127,40.016381043838734,500
r,-6.021272136137923,23.978727863862076,500
t,-35.4669890792397,14.533010920760297,500
u,-75.69273324427127,79.30726675572873,500
q,-10.70070143328299,2.29929856671701,500
o,-16.836437781057185,43.163562218942815,500
w,-28.68579851785752,38.31420148214248,500
g,-84.72853057067988,88.27146942932012,500
r,-50.02533900911864,23.974660990881357,500
z,-86.15846576493236,54.84153423506764,500
a,-12.485804311081061,44.51419568891894,500
n,-24.962385378993872,22.037614621006128,500
o,-56.46796342379647,75.53203657620352,500
a,-16.665481607132847,23.334518392867153,500
q,-3.201771657084341,31.79822834291566,500
m,-59.063899972289,86.93610002771099,500
k,-85.38047933956274,37.61952066043727,500
v,-67.78548172674536,75.21451827325464,500
f,-30.87081387494875,62.12918612505125,500
q,-49.2172312826118,28.7827687173882,500
i,-87.01034031247235,94.98965968752765,500
y,-85.80180479577069,64.19819520422931,500
s,-97.3334754969562,91.6665245030438,500
a,-27.394855769002657,23.605144230997343,500
t,-37.5750604893247,52.4249395106753,500
m,-33.17945429612107,23.820545703878928,500
r,-24.35546827479153,74.64453172520847,500
a,-19.46691340649164,32.533086593508365,500
g,-94.19446916455307,52.80553083544693,500
v,-27.381880597340135,12.618119402659866,500
h,-20.73076575868108,19.26923424131892,500
p,-3.157331661669683,82.84266833833031,500
j,-72.30655220446496,72.69344779553504,500
t,-24.302028035300772,90.69797196469924,500
o,-5.670337052794637,57.329662947205364,500
s,-53.66106763024564,30.33893236975436,500
t,-75.35689859240058,65.64310140759942,500
p,-23.13023271115712,69.86976728884288,500
f,-5.622672596820277,17.377327403179724,500
p,-3.3765842587796158,25.623415741220384,500
m,-81.51047348681,75.48952651319,500
g,-92.66727221085105,18.332727789148947,500
v,-20.454554280533685,69.54544571946631,500
l,-14.526794137947906,83.4732058620521,500
c,-12.054560369020216,80.94543963097978,500
n,-33.46602999694477,83.53397000305523,500
c,-77.76527122265787,50.23472877734213,500
v,-39.882039404546056,25.117960595453944,500
i,-7.3179046818969855,28.682095318103016,500
v,-57.35637582216813,74.64362417783187,500
c,-95.76630427118756,98.23369572881244,500
c,-93.36826117652178,47.63173882347821,500
s,-75.25672935020611,7.74327064979388,500
