i,-67.1412249227959,64.8587750772041,500
u,-70.80858362136937,6.19141637863063,500
f,-58.49395313486228,8.506046865137723,500
g,-60.856490741072946,51.143509258927054,500
k,-93.91767161882031,66.08232838117969,500
p,-90.14414291373372,23.855857086266287,500
n,-85.73162155714505,81.26837844285495,500
o,-39.22945634360866,63.77054365639134,500
e,-91.62544652023254,4.374553479767463,500
f,-27.48476011332387,71.51523988667613,500
l,-84.79107003964134,57.20892996035867,500
y,-56.1795092297705,96.8204907702295,500
z,-93.85829388540463,53.141706114595365,500
i,-38.60908911628287,38.39091088371713,500
w,-83.5887428607042,90.4112571392958,500
g,-73.92308790427778,43.076912095722214,500
b,-25.057770834487606,73.9422291655124,500
m,-86.80747953890298,40.19252046109701,500
r,-42.559720336437685,84.44027966356231,500
d,-5.109304464556532,41.89069553544347,500
p,-86.14259930362266,91.85740069637734,500
f,-7.470802031066866,17.529197968933133,500
r,-59.98508152544146,28.01491847455854,500
w,-19.620792470982682,46.37920752901732,500
q,-39.93534462701064,17.064655372989353,500
n,-58.321617001509516,9.678382998490488,500
v,-30.70679232531614,17.29320767468386,500
q,-67.18428103406224,41.81571896593776,500
a,-70.50314625328701,59.49685374671298,500
s,-16.098803877274598,56.9011961227254,500
v,-55.82037550622135,29.17962449377865,500
w,-37.83830229290329,36.16169770709671,500
m,-34.38832990910038,70.61167009089962,500
y,-48.06159334893891,12.938406651061088,500
n,-48.70130548109483,3.298694518905172,500
o,-21.080499806131037,6.919500193868964,500
g,-21.2911446704591,98.7088553295409,500
f,-19.39742926040403,65.60257073959598,500
g,-57.57857569312951,74.42142430687049,500
p,-64.34983649195348,20.650163508046514,500
y,-89.9075948352377,64.0924051647623,500
t,-25.709622095341192,88.29037790465881,500
i,-14.35323906553875,77.64676093446126,500
q,-32.59071168596552,76.40928831403448,500
i,-97.1015981312461,46.8984018687539,500
f,-45.30536597667513,64.69463402332487,500
a,-6.733715196133944,45.26628480386606,500
k,-10.964991402065314,5.035008597934687,500
z,0.2954383530822007,90.2954383530822,500
e,-97.46385013904246,60.536149860957536,500
w,-51.18945776576874,49.81054223423126,500
t,-59.71523738224662,94.28476261775337,500
b,-45.54923093359387,78.45076906640614,500
y,-83.62239595806831,84.37760404193169,500
y,-42.23255979354136,10.767440206458641,500
y,-69.55230706844789,17.447692931552112,500
z,-36.31657009165788,26.683429908342124,500
w,-55.34152795088355,58.65847204911645,500
d,-19.419319956635995,41.580680043364005,500
g,-69.70485048322831,41.29514951677169,500
z,-0.8271472444591059,55.172852755540895,500
w,-28.952495747581967,32.04750425241804,500
u,-26.25549475143893,63.74450524856107,500
l,-3.12252486810487,23.87747513189513,500
d,-92.9229879381426,65.0770120618574,500
a,-27.649115132413623,39.35088486758637,500
a,-56.491913433470806,69.50808656652919,500
a,-34.602142227331434,93.39785777266856,500
y,-23.316837422068144,13.683162577931856,500
l,-59.364158244137265,39.635841755862735,500
x,-28.843687294593348,4.156312705406651,500
o,-63.207972737918155,67.79202726208185,500
i,-41.32235147412833,13.677648525871671,500
h,-89.77211719322239,15.227882806777611,500
g,-76.9647972256768,31.035202774323192,500
z,-75.6642566576654,30.3357433423346,500
m,-94.43685215394403,19.56314784605597,500
h,-5.751407836763075,70.24859216323692,500
i,-43.34364986210282,56.65635013789718,500
i,-18.293576722051192,95.7064232779488,500
b,-92.17164281716855,42.828357182831446,500
h,-75.08517729312975,6.91482270687026,500
r,-38.961984369580456,51.038015630419544,500
j,-11.71108208223496,62.28891791776504,500
q,-21.579044390882895,78.4209556091171,500
d,-24.895221651632085,55.104778348367915,500
s,-14.544999624647978,66.45500037535203,500
v,-37.877491289488944,76.12250871051106,500
h,-79.85258831708958,42.14741168291041,500
i,-69.9031233250853,18.096876674914693,500
d,-94.84427286536967,22.15572713463032,500
j,-31.143029063107395,12.856970936892605,500
t,-16.56610499793732,16.43389500206268,500
q,-19.326268593993063,61.67373140600694,500
g,-6.605278174215761,15.39472182578424,500
l,-79.1790155563399,41.820984443660095,500
r,-28.985459057323876,58.01454094267612,500
e,-76.92285444266689,59.07714555733311,500
i,-21.624929337029585,25.375070662970415,500
q,-71.87324710578703,15.126752894212977,500
l,-6.694529236510151,51.30547076348985,500
s,-11.155158922948576,6.844841077051424,500
a,-61.44356819808902,54.55643180191098,500
e,-19.84367293640199,24.15632706359801,500
p,-23.95490586084455,71.04509413915545,500
j,-17.24162947915984,16.75837052084016,500
g,-95.44082738005622,74.55917261994378,500
x,-81.60335643076455,81.39664356923545,500
k,-16.148417543329582,10.851582456670418,500
e,-57.66541140931987,3.3345885906801263,500
c,-69.64512028290916,33.35487971709084,500
g,-58.642140188401065,94.35785981159894,500
u,-30.402370983908806,39.59762901609119,500
h,-61.86833363809663,8.131666361903369,500
s,-38.33848776216713,58.66151223783287,500
w,-51.1604831930231,14.839516806976906,500
a,-65.41588147157782,4.584118528422178,500
z,-11.80738839894729,27.19261160105271,500
g,-5.6573718145444705,26.342628185455528,500
x,-87.40653591795984,1.593464082040159,500
a,-93.48135136093391,94.51864863906609,500
k,-8.05790132576936,54.94209867423064,500
k,-92.12486645766299,27.875133542337018,500
c,-74.25488303078063,56.74511696921937,500
u,-17.212155431117196,30.787844568882804,500
c,-72.10381583617823,93.89618416382177,500
g,-51.087717972765866,32.912282027234134,500
c,-20.039242444996383,0.9607575550036177,500
g,-86.35713248451128,37.64286751548871,500
f,-9.450640936916045,83.54935906308395,500
e,-11.929156726398,13.070843273602,500
k,-51.051348501416754,67.94865149858325,500
l,-72.23183305272643,54.76816694727357,500
l,-22.224818022754775,12.775181977245225,500
q,-75.44579999646042,78.55420000353958,500
m,-38.21099047006652,50.78900952993348,500
d,-89.93961713542285,41.06038286457716,500
v,-44.07762374598561,65.9223762540144,500
r,-50.140814030676346,14.859185969323654,500
d,-46.93439359035769,15.065606409642307,500
v,-45.76994717702356,86.23005282297645,500
r,-29.865695569582396,20.134304430417604,500
u,-46.020331957407535,80.97966804259246,500
d,-80.10823321067167,18.89176678932833,500
b,-88.16900650559066,76.83099349440934,500
x,-83.47051289692405,88.52948710307595,500
r,-8.174425080121683,21.825574919878317,500
t,-88.69101502984522,32.30898497015478,500
q,-25.796503693963494,67.2034963060365,500
g,-92.3837836418462,39.61621635815381,500
l,-92.21662358653711,18.783376413462896,500
l,-62.99326483559405,26.006735164405956,500
s,-97.9505925102493,18.049407489750703,500
w,-43.61749858691784,67.38250141308217,500
y,-17.751719619586545,50.248280380413455,500
f,-13.081267765535024,31.918732234464976,500
l,-71.48770414333534,93.51229585666466,500
u,-73.66213872125408,85.33786127874592,500
f,-29.49929518813903,52.50070481186097,500
q,-82.93565318662841,78.06434681337159,500
u,-31.862965045576196,24.137034954423804,500
r,-8.335030971731301,8.664969028268699,500
d,-23.930871969358623,15.069128030641378,500
q,-25.840491198499397,84.1595088015006,500
l,-37.676503701060405,19.3234962989396,500
g,-22.89026576448907,50.10973423551093,500
e,-65.38290142954042,86.61709857045958,500
k,-56.11532156067159,56.88467843932841,500
g,-38.25961045315324,80.74038954684676,500
w,-56.80199196021797,62.19800803978203,500
h,-50.34481569421511,75.65518430578489,500
s,-95.93222765102192,52.06777234897808,500
g,-56.83680033711467,24.163199662885333,500
h,-62.532655524566074,81.46734447543393,500
n,-39.81473424255407,98.18526575744593,500
i,-57.588325674020915,43.411674325979085,500
t,-37.10574002049981,68.89425997950019,500
t,-23.436514216882966,89.56348578311703,500
v,-15.768736228946741,98.23126377105326,500
f,-65.75320465738724,63.24679534261275,500
l,-97.87388671509885,65.12611328490115,500
h,-81.86493050318809,49.13506949681191,500
k,-21.28463843764643,40.71536156235357,500
c,-94.35298355505196,60.64701644494803,500
i,-17.204419815094028,54.79558018490597,500
p,-49.30341157101983,41.69658842898017,500
d,-12.01790078703335,83.98209921296665,500
y,-7.642810537610722,56.35718946238928,500
f,-83.0472018546678,91.9527981453322,500
m,-45.04349033962498,26.95650966037502,500
b,-9.819277775918675,47.18072222408132,500
o,-45.46621314757122,23.53378685242878,500
k,-19.79893612872842,78.20106387127157,500
f,-94.10903707734381,84.89096292265619,500
a,-84.04074613604801,90.95925386395199,500
u,-83.76471820814531,87.23528179185469,500
q,-64.04067038975893,41.95932961024107,500
c,-22.695776227058744,96.30422377294126,500
x,-53.020464505853425,6.979535494146578,500
i,-97.06071101748634,25.939288982513652,500
o,-85.6624621315459,24.337537868454103,500
s,-61.51116031888902,20.488839681110978,500
x,-71.40816304425483,9.591836955745165,500
n,-68.99337312560326,28.00662687439674,500
l,-4.86513299269529,77.1348670073047,500
p,-94.50768706780386,2.492312932196145,500
v,-58.27553751523658,53.72446248476342,500
k,-29.710353295550426,8.289646704449574,500
o,-65.87866605399547,61.12133394600453,500
j,-14.412350334202653,21.587649665797347,500
n,-74.8700274928234,35.1299725071766,500
c,-72.57670669091347,64.42329330908653,500
o,-16.10329852024797,42.89670147975203,500
f,-6.9177703652283675,7.0822296347716325,500
y,-42.027783177510486,71.97221682248951,500
v,-94.63406185813368,69.36593814186632,500
x,-89.94408653287428,55.05591346712573,500
c,-34.02669564988166,62.97330435011834,500
d,-11.68858062209313,76.31141937790687,500
i,-63.61317494821637,31.386825051783628,500
u,-67.1302348377071,64.8697651622929,500
m,-77.42163313374166,98.57836686625834,500
q,-21.9734985948324,20.0265014051676,500
t,-94.01309292694079,1.9869070730592093,500
e,-81.80861169525252,43.19138830474748,500
y,-74.0209893758035,70.9790106241965,500
j,-9.866582546503926,50.13341745349607,500
h,-32.580335335523095,30.419664664476905,500
u,-16.533997247678194,42.466002752321806,500
h,-52.448540861388615,35.551459138611385,500
p,-40.25970451762588,60.74029548237412,500
m,-68.22841691252405,28.771583087475943,500
b,-62.93632243720901,67.063677562791,500
d,-26.691660661349275,24.308339338650725,500
c,-19.329503970958452,92.67049602904154,500
i,-11.553233742764435,55.446766257235566,500
k,-90.26267794897423,93.73732205102577,500
l,-14.215011322081262,31.78498867791874,500
f,-33.817296403357894,33.182703596642106,500
d,-74.64280244242055,87.35719755757945,500
g,-78.74323986165432,17.25676013834568,500
x,-60.46864877799628,28.53135122200372,500
x,-81.5406174156237,87.4593825843763,500
g,-96.02876431070385,6.971235689296151,500
q,-56.87972782590949,73.12027217409052,500
m,-22.200069933933392,0.799930066066608,500
q,-43.55529551995992,87.44470448004009,500
w,-90.32501392797387,78.67498607202613,500
t,-25.972552521792103,93.0274474782079,500
b,-35.7533614029564,44.2466385970436,500
m,-49.67275234853598,1.3272476514640217,500
z,-7.115878966841473,79.88412103315852,500
q,-18.049567159142693,19.950432840857307,500
u,-54.96998493740781,22.03001506259219,500
v,-87.36609929359946,39.633900706400546,500
w,-52.9979730154923,62.0020269845077,500
n,-83.54713957896752,84.45286042103248,500
p,-12.341604536932586,12.658395463067414,500
n,-38.32438879980844,29.67561120019156,500
b,-58.367899046544416,59.632100953455584,500
v,-54.88381930525004,15.116180694749954,500
t,-72.79122818584007,60.208771814159924,500
w,-70.56705959925976,10.432940400740234,500
o,-87.12372779751118,81.87627220248882,500
s,-92.31667559156092,39.68332440843908,500
o,-30.95710009319249,12.042899906807508,500
b,-44.08748483283497,77.91251516716504,500
u,-58.730266616753916,6.269733383246082,500
w,-85.74990375674763,61.25009624325238,500
z,-16.199535507158192,61.80046449284181,500
f,-63.174083758659094,6.825916241340909,500
r,-22.40945643985885,13.590543560141152,500
o,-29.78251731076211,40.21748268923789,500
e,-61.435273771514815,32.564726228485185,500
y,-87.70377969882821,11.296220301171788,500
u,-38.70374631049206,3.296253689507941,500
k,-93.44509691540495,64.55490308459505,500
j,-19.713466494673145,41.28653350532686,500
c,-2.9070817020301676,29.09291829796983,500
v,-86.6349058321215,57.3650941678785,500
z,-4.592483660552803,23.4075163394472,500
l,-68.6629228661051,38.3370771338949,500
q,-85.59606416755271,11.403935832447296,500
g,-79.03568748539297,43.96431251460704,500
l,-9.747521449855503,93.2524785501445,500
c,-37.104065997265465,93.89593400273453,500
i,-96.84191678715018,10.158083212849824,500
x,-16.895738687683775,34.104261312316225,500
x,-97.4943926349421,57.5056073650579,500
z,-27.992950342124903,12.007049657875099,500
q,-48.00777128609941,40.99222871390059,500
i,-80.38402334416293,65.61597665583707,500
h,-46.17576519714996,33.82423480285004,500
c,-57.43003329899036,43.56996670100964,500
a,-44.079919209099735,5.920080790900267,500
z,-78.73577635705983,38.26422364294017,500
i,-14.180827006910235,15.819172993089765,500
o,-52.0279914807413,80.9720085192587,500
v,-76.87755997478604,20.122440025213958,500
d,-78.41546740131245,41.584532598687545,500
a,-37.90058388287356,67.09941611712644,500
c,-19.831546057978194,30.168453942021806,500
n,-35.45456229387173,36.54543770612827,500
g,-16.75948293639489,0.2405170636051106,500
g,-63.8666593166765,21.133340683323503,500
l,-63.82332626959342,71.17667373040658,500
g,-14.029208937602041,29.970791062397957,500
e,-32.072867115174766,86.92713288482523,500
w,-75.74240083679716,87.25759916320284,500
q,-45.53388208981108,2.4661179101889235,500
y,-55.41761415525496,14.582385844745042,500
i,-29.856984634015607,32.1430153659844,500
k,-16.985874559700616,46.01412544029939,500
t,-25.26718529917202,82.73281470082799,500
k,-18.63096352975287,95.36903647024714,500
c,-83.99922322748506,43.00077677251493,500
g,-74.28709875714048,26.712901242859516,500
b,-38.6166394285275,41.3833605714725,500
j,-66.18596625689054,28.814033743109466,500
z,-72.35506248693376,20.644937513066242,500
n,-17.97269446480208,14.027305535197922,500
i,-51.20826499789376,83.79173500210624,500
o,-97.01722980261972,90.98277019738028,500
c,-79.62675306062154,4.373246939378468,500
d,-72.8311811095779,83.1688188904221,500
r,-32.27724171977322,45.72275828022678,500
d,-96.92648822333965,47.07351177666036,500
m,-11.06802077487588,70.93197922512412,500
v,-53.518275824138534,38.481724175861466,500
p,-9.793491533194203,37.2065084668058,500
m,-54.630336520516266,52.369663479483734,500
m,-93.7663445103819,84.2336554896181,500
q,-18.61616808104816,8.38383191895184,500
s,-27.495671737834204,98.5043282621658,500
g,-71.02551698481092,78.97448301518908,500
y,-62.89775590025757,28.102244099742425,500
e,-14.468855425860406,21.531144574139596,500
q,-40.692645071785485,67.30735492821451,500
x,-82.26056582471472,15.739434175285279,500
e,-63.99275229063949,35.00724770936051,500
g,-61.88461696970967,39.11538303029033,500
h,-83.1686091368728,29.831390863127194,500
g,-92.43273272138148,92.56726727861852,500
m,-36.312902947587034,11.687097052412966,500
f,-11.774393584678323,7.225606415321677,500
u,-7.834205560888365,8.165794439111634,500
q,-35.42566199380596,64.57433800619404,500
k,-48.98838910574898,11.011610894251024,500
z,-28.50111426261886,96.49888573738114,500
a,-78.81005694101539,30.189943058984614,500
q,-34.998582750007415,48.001417249992585,500
w,-3.2609923839502626,4.739007616049737,500
n,-53.50915787705412,12.490842122945875,500
z,-80.8856086066925,42.11439139330751,500
w,-18.55425073947309,16.44574926052691,500
p,-77.29099252276043,74.70900747723957,500
b,-45.40977527691331,84.59022472308669,500
b,-77.46448769521979,68.53551230478021,500
q,-12.691285210651946,30.308714789348056,500
k,-37.210282486146134,38.789717513853866,500
z,-41.40786292460863,62.59213707539137,500
l,-39.22383707563502,30.776162924364986,500
n,-48.796834024445644,39.203165975554356,500
d,-1.9154384422792157,96.08456155772079,500
t,-88.06955274076495,57.930447259235045,500
r,-47.19209261040892,97.80790738959108,500
k,-76.484555113533,15.515444886466994,500
b,-70.50819028734492,72.49180971265508,500
s,-89.34760112040652,41.65239887959348,500
e,-30.924203052803467,37.07579694719654,500
y,-80.2653282298719,39.7346717701281,500
z,-4.485651773273401,97.5143482267266,500
q,-73.13372447856706,96.86627552143294,500
b,-45.89192663854737,15.108073361452629,500
b,-65.73073979294429,52.26926020705571,500
e,-40.96793047956875,50.03206952043125,500
q,-70.33291189482236,7.667088105177646,500
m,-36.50989775617516,36.49010224382484,500
x,-81.32569447033383,84.67430552966617,500
k,-82.1056188757924,62.8943811242076,500
h,-30.16122775809165,84.83877224190836,500
d,-1.3749384965213585,32.62506150347864,500
y,-70.2937078704625,11.7062921295375,500
x,-52.9140333601787,85.0859666398213,500
n,-49.957691762378666,63.042308237621334,500
v,-34.61522360323018,40.38477639676982,500
h,-30.214675881670104,74.7853241183299,500
v,-44.94363560244198,39.05636439755802,500
e,-3.0499531779269744,92.95004682207302,500
t,-25.793254112100833,18.206745887899167,500
d,-96.49835002693057,78.50164997306943,500
x,-4.580948487899466,42.41905151210054,500
k,-87.46677679188723,46.533223208112766,500
d,-52.088316040406816,96.91168395959318,500
y,-76.75890045262504,96.24109954737496,500
w,-35.00902204526621,32.99097795473379,500
m,-90.4657697291295,80.5342302708705,500
a,-30.964780526611793,26.035219473388207,500
e,-28.318070921877474,59.68192907812253,500
n,-53.23383573314753,57.76616426685247,500
y,-77.52681788869856,90.47318211130144,500
v,-89.47734965221854,47.52265034778147,500
t,-26.548208723806894,50.451791276193106,500
v,-92.645549255902,35.35445074409801,500
a,-19.133719171631842,46.86628082836816,500
e,-21.01959965170228,2.9804003482977217,500
s,-73.97219221410548,11.02780778589452,500
x,-68.29134154231105,79.70865845768895,500
f,-13.739779080002208,13.260220919997792,500
b,-32.91848376753003,70.08151623246997,500
r,-22.11778280508202,46.882217194917985,500
l,-69.21913670980794,51.78086329019205,500
a,-17.46735941875848,98.53264058124152,500
c,-40.694300855338746,86.30569914466125,500
h,-48.940855509377684,55.059144490622316,500
f,-16.97216062845697,91.02783937154304,500
s,-14.298149196351435,55.70185080364857,500
b,-85.3610392426432,55.6389607573568,500
g,-47.17688608311427,57.82311391688573,500
o,-8.927164995746287,4.072835004253713,500
b,-97.14754315493697,79.85245684506303,500
u,-75.27386339891763,34.726136601082366,500
e,-13.940412381808637,33.059587618191365,500
k,-47.8547056474072,55.1452943525928,500
v,-25.00574573674377,61.99425426325623,500
e,-18.872480718082457,2.127519281917543,500
c,-46.493633252095776,33.506366747904224,500
d,-97.65435041576274,32.34564958423726,500
u,-19.179523316630053,42.82047668336995,500
g,-48.47419530270788,70.52580469729213,500
z,-3.2555465838309843,67.74445341616902,500
h,-41.46755175053763,79.53244824946238,500
q,-64.88685341235686,79.11314658764314,500
u,-10.901995121812725,56.098004878187275,500
v,-11.826626413135859,91.17337358686414,500
e,-33.292274905064524,56.707725094935476,500
o,-48.01613209252926,17.98386790747074,500
p,-5.449970201686293,47.55002979831371,500
l,-96.5811813468623,51.418818653137706,500
f,-5.163208812903286,92.83679118709671,500
s,-27.708401154209565,8.291598845790437,500
l,-40.958945339466275,10.041054660533726,500
q,-47.710729556627534,3.289270443372463,500
b,-16.49189322203015,46.50810677796985,500
i,-44.619588051978674,42.380411948021326,500
u,-14.46410231179735,14.53589768820265,500
i,-49.681518377165176,71.31848162283482,500
c,-77.97573367300267,20.024266326997328,500
w,-16.74992567878721,31.25007432121279,500
q,-75.80983040889392,89.19016959110608,500
i,-13.207939875259235,44.792060124740765,500
v,-23.092794105244813,12.907205894755187,500
e,-68.82720372662602,71.17279627337398,500
l,-22.763789806919245,14.236210193080757,500
v,-24.707754946735,70.292245053265,500
r,-82.91160361801782,80.08839638198218,500
q,-39.68942241146018,74.31057758853983,500
j,-87.49488783055057,90.50511216944943,500
j,-42.95249946985792,94.04750053014207,500
q,-60.27405463326515,0.7259453667348457,500
j,-19.777310528583108,61.22268947141689,500
m,-2.913524664441558,1.086475335558442,500
a,-88.64163444165932,23.358365558340676,500
o,-15.078049847072041,24.92195015292796,500
j,-86.59318889975192,91.40681110024808,500
k,-55.961702234778826,2.038297765221171,500
b,-46.69249369498398,12.307506305016023,500
h,-87.6343147001348,91.3656852998652,500
i,-95.98807838070358,17.01192161929642,500
e,-67.82151947288602,19.178480527113972,500
e,-65.17125058426622,29.828749415733785,500
x,-30.583123922593785,93.41687607740622,500
k,-58.3156154958716,78.6843845041284,500
v,-6.992021166700679,30.007978833299322,500
a,-51.115647322549485,4.884352677450514,500
j,-71.1066673934015,29.8933326065985,500
f,-86.29376761893,8.706232381070002,500
m,-29.83471980160141,3.165280198398591,500
j,-62.4770692516555,0.5229307483445014,500
f,-23.748022611437396,38.25197738856261,500
c,-77.27420418179605,88.72579581820395,500
x,-62.9498814666172,3.050118533382798,500
k,-18.828154362601687,72.1718456373983,500
h,-38.233938532890534,64.76606146710947,500
d,-14.929632397578192,16.070367602421808,500
t,-45.126216850769346,53.873783149230654,500
u,-82.93791568273122,4.0620843172687895,500
w,-85.44996852471206,74.55003147528794,500
w,-36.72109105142908,91.27890894857093,500
n,-10.350178011451101,50.6498219885489,500
p,-27.472675609224304,18.527324390775696,500
q,-48.866913821277954,38.133086178722046,500
v,-84.17784921249287,50.82215078750713,500
p,-21.431746694405877,43.568253305594126,500
q,-87.46786870108284,70.53213129891716,500
l,-31.473228762875884,15.526771237124118,500
a,-18.976548890852897,48.0234511091471,500
t,-76.59584639614646,43.404153603853544,500
s,-23.912664524659647,17.087335475340353,500
k,-73.75366862387696,29.246331376123038,500
x,-40.83984719462469,83.16015280537532,500
v,-23.94840434181579,36.051595658184205,500
k,-49.20959787576145,40.79040212423855,500
h,-16.840039923693304,71.15996007630669,500
v,-87.71013152352366,96.28986847647634,500
p,-41.386009355010195,53.613990644989805,500
a,-86.39358376951373,25.606416230486268,500
z,-89.5102428512061,63.4897571487939,500
d,-75.26258719213284,22.73741280786716,500
k,-13.575065456448272,15.424934543551728,500
y,-34.98428584842833,80.01571415157167,500
i,-46.47546691512212,27.524533084877884,500
l,-36.628739715652436,29.37126028434756,500
q,-63.211975533096755,62.788024466903245,500
f,-96.13537543018734,95.86462456981266,500
r,-62.63473919105586,93.36526080894414,500
f,-65.83914369132006,83.16085630867994,500
y,-42.684570615485484,97.31542938451452,500
a,-82.02805349577966,65.97194650422034,500
b,-60.07376866111833,65.92623133888166,500
n,-43.42933930651207,12.570660693487927,500
p,-84.2353596642904,90.7646403357096,500
n,-25.549388238321658,80.45061176167835,500
k,-28.976581430044828,6.023418569955171,500
w,-19.183739807186303,68.8162601928137,500
g,-51.946379628163804,52.053620371836196,500
a,-54.280509559171,47.719490440829,500
w,-59.097845268214556,87.90215473178544,500
z,-51.10504088632235,90.89495911367764,500
x,-33.91128257532115,88.08871742467885,500
m,-19.70840926956906,70.29159073043094,500
l,-36.90818617409434,80.09181382590566,500
j,-77.89504395703348,43.10495604296651,500
n,-7.91070165096306,75.08929834903694,500
t,-89.4797900416218,74.5202099583782,500
e,-24.656452295761888,44.34354770423811,500
d,-51.251250358762746,47.748749641237254,500
v,-39.37215505339418,7.627844946605818,500
e,-58.413305441153646,68.58669455884636,500
r,-88.7475069739754,82.2524930260246,500
i,-29.73980215905571,25.26019784094429,500
h,-65.07520170305989,34.92479829694012,500
t,-45.31674137153608,73.68325862846392,500
h,-92.16630823174673,45.83369176825328,500
m,-96.76948757543786,11.230512424562136,500
y,-88.41571954404166,97.58428045595834,500
c,-27.39038429199307,48.60961570800693,500
y,-7.2420720462285955,60.75792795377141,500
h,-39.483060144445005,53.516939855554995,500
t,-23.154427557298778,49.845572442701226,500
b,-3.970939545342859,65.02906045465714,500
i,-55.273158856502874,73.72684114349713,500
x,-75.65271984323286,17.347280156767148,500
e,-27.107864532674036,9.892135467325964,500
q,-39.63984555531088,0.3601544446891254,500
p,-39.154905683248224,96.84509431675178,500
g,-46.88638326929964,57.11361673070036,500
f,-29.717280033428544,65.28271996657145,500
y,-4.92346858058423,20.07653141941577,500
a,-15.92777785881761,36.07222214118239,500
r,-70.97177764582642,94.02822235417358,500
b,-34.95839924695647,85.04160075304353,500
b,-37.54556813233147,42.45443186766853,500
i,-58.53530482792147,37.46469517207853,500
g,-52.42278113739911,21.577218862600887,500
o,-86.72085679234559,1.2791432076544207,500
n,-48.32294855937199,34.67705144062801,500
c,-13.445571298573721,26.55442870142628,500
i,-97.71906429251308,94.28093570748692,500
p,-6.151066592718531,66.84893340728146,500
o,-92.58580109242841,17.414198907571595,500
k,-33.04761786343319,53.95238213656681,500
v,-7.424900865719471,33.57509913428053,500
e,-0.9367734450434144,28.063226554956586,500
h,-66.74829577016133,46.251704229838666,500
m,-53.592856876692395,54.407143123307605,500
j,-12.179018742551406,51.820981257448594,500
a,-47.11662250259809,72.88337749740191,500
h,-24.282041515296786,65.71795848470322,500
y,-77.00785943212642,47.99214056787358,500
s,-52.43211777914054,51.56788222085946,500
y,-95.2945078417076,3.705492158292401,500
z,-96.79177484129208,42.20822515870792,500
z,-76.06906450547552,89.93093549452448,500
u,-8.01342023321361,2.98657976678639,500
c,-72.66662208401652,8.33337791598348,500
u,-22.995098953465682,83.00490104653431,500
d,-85.63276795740843,55.367232042591574,500
j,-46.58738259499224,48.41261740500776,500
t,-57.26831669032707,68.73168330967293,500
f,-90.44902442782403,64.55097557217597,500
n,-83.40321009520454,89.59678990479546,500
i,-8.219980699071563,65.78001930092843,500
v,-19.42873653767312,42.571263462326876,500
p,-34.40672616984648,43.59327383015352,500
p,-80.83302805066901,95.16697194933099,500
h,-46.782997348054565,58.217002651945435,500
v,-4.532400799116303,27.467599200883697,500
b,-81.46801095078837,66.53198904921163,500
x,-93.5472194247659,0.4527805752340941,500
l,-8.57067715903345,74.42932284096655,500
s,-86.3099331175815,93.6900668824185,500
x,-58.292536673274796,80.7074633267252,500
i,-46.70347952618974,64.29652047381026,500
c,-37.98304092939371,7.01695907060629,500
m,-39.578053083796235,86.42194691620377,500
e,-19.734888264903148,71.26511173509685,500
i,-30.910149253260116,39.089850746739884,500
f,-50.233304965124205,76.7666950348758,500
d,0.4192523853937361,30.419252385393737,500
t,-16.989227559467697,75.0107724405323,500
h,-10.74692082548784,93.25307917451217,500
a,-43.118207442099674,34.881792557900326,500
a,-38.098319312348444,91.90168068765156,500
s,-77.82329581509403,17.176704184905976,500
v,-79.95551110567365,41.04448889432635,500
y,-22.77131043608965,45.22868956391035,500
p,-74.91827921749382,25.081720782506178,500
g,-58.484411661245716,38.515588338754284,500
p,-67.99934308189641,18.000656918103594,500
u,-30.60741039733142,19.39258960266858,500
p,-48.0297863433696,91.97021365663039,500
h,-39.06373830615077,67.93626169384923,500
p,0.8275971097433261,3.8275971097433263,500
i,-59.291151864229974,82.70884813577003,500
n,-71.65933608001664,37.340663919983356,500
i,-3.2477983342305774,81.75220166576942,500
i,-6.559469486175126,86.44053051382487,500
j,-5.334089265555346,70.66591073444465,500
h,-83.98376765263951,9.016232347360486,500
s,-14.168487410156265,84.83151258984374,500
t,-71.95417496815762,8.045825031842387,500
u,-83.52248403294864,23.47751596705136,500
q,-17.629038305514616,20.370961694485384,500
f,-15.70295785467119,58.29704214532881,500
j,-15.71854843086063,20.28145156913937,500
f,-57.309325829202876,30.69067417079712,500
d,-81.41941562882043,58.580584371179576,500
t,-51.680203722000286,48.319796277999714,500
i,-32.65408144022185,24.345918559778145,500
w,-59.257912912290465,89.74208708770954,500
a,-10.227170690442172,79.77282930955782,500
w,-67.97023421739188,25.029765782608127,500
c,-3.2614340671041977,62.7385659328958,500
d,-0.5640150931512633,84.43598490684873,500
e,-83.2708046192276,76.7291953807724,500
o,-9.821161807987265,96.17883819201273,500
j,-46.045884976363276,96.95411502363673,500
f,-53.707484887391146,98.29251511260885,500
g,-71.26379634313977,73.73620365686023,500
l,-62.72001344407108,55.27998655592892,500
w,-82.09003076059777,91.90996923940223,500
j,-39.72812744265312,4.271872557346882,500
g,-84.91446545349689,53.08553454650311,500
n,-34.30801165324377,81.69198834675623,500
j,-55.427143767515716,41.572856232484284,500
m,-3.619465931673164,3.380534068326836,500
y,-28.077758613018503,49.9222413869815,500
b,-14.02841294113485,97.97158705886515,500
a,-1.1024096798087903,55.89759032019121,500
n,-92.00945811003986,72.99054188996014,500
u,-14.783658918339519,26.21634108166048,500
a,-36.28936078123329,81.7106392187667,500
l,-82.37346191216967,57.62653808783033,500
c,-52.76792518574958,39.23207481425042,500
g,-2.4802882008558065,91.51971179914419,500
w,-94.1893426331471,49.810657366852894,500
o,-11.410802341062997,81.58919765893701,500
q,-12.572344620638749,42.42765537936125,500
h,-32.33514076253224,90.66485923746775,500
f,-65.90745392608133,59.092546073918676,500
u,-57.36972863662985,1.6302713633701507,500
s,-42.17619911362415,3.823800886375851,500
q,-34.067639078935905,2.9323609210640984,500
q,-4.704238344847044,68.29576165515296,500
u,-1.7739231522143537,78.22607684778565,500
w,-26.71791942114188,57.28208057885812,500
e,-31.670665354124175,28.329334645875825,500
b,-22.252334310505052,12.74766568949495,500
j,-8.198708651495059,6.801291348504941,500
r,-85.7793797762972,62.22062022370279,500
o,-65.20076892876115,38.79923107123886,500
q,-28.43997456544875,54.56002543455125,500
y,-29.87940664893917,94.12059335106083,500
c,-23.34836239522037,74.65163760477962,500
e,-2.548558630971601,21.451441369028398,500
p,-34.2396881806713,6.7603118193287015,500
x,-25.471492020595328,54.52850797940467,500
f,-76.61721376113384,25.382786238866156,500
e,-85.78388651882794,38.21611348117206,500
m,-33.84930336489183,88.15069663510818,500
u,-71.4932703568248,40.506729643175206,500
k,-68.52295718228886,4.477042817711138,500
e,-84.67166918531653,2.328330814683464,500
w,-69.88820260446235,54.11179739553764,500
h,-67.11515048668815,17.884849513311853,500
o,-82.61429184945521,50.38570815054479,500
x,-25.45560048653682,91.54439951346318,500
o,-47.40186383588152,33.59813616411848,500
m,-68.99513111848351,56.004868881516494,500
k,-3.789899586491351,21.21010041350865,500
j,-8.916237223420117,69.08376277657989,500
h,-56.8923998920414,37.1076001079586,500
n,-66.02523520462329,0.9747647953767167,500
u,-0.30675002073066937,11.69324997926933,500
t,-45.139013769784604,45.860986230215396,500
n,-51.26512772414533,71.73487227585467,500
m,-78.9671393477472,74.0328606522528,500
y,-30.96321647248853,38.036783527511474,500
c,-83.26440129758153,78.73559870241847,500
k,-13.263160559214084,92.73683944078591,500
g,-87.63287304765134,56.367126952348656,500
s,-91.07257713821748,41.92742286178252,500
j,-17.24360266409912,36.75639733590088,500
s,-27.269345007635046,9.730654992364956,500
p,-6.727714639375306,54.27228536062469,500
w,-56.46924478732126,64.53075521267874,500
k,-22.88119755950566,80.11880244049433,500
n,-11.550227886131005,61.449772113868995,500
t,-7.947378469539061,75.05262153046094,500
p,-85.32915177152793,74.67084822847207,500
r,-80.5075393435355,16.49246065646451,500
s,-33.787210252623275,3.2127897473767275,500
z,-56.0139712872061,46.9860287127939,500
y,-81.59371876031967,54.40628123968033,500
x,-21.37518542875479,44.62481457124521,500
j,-19.229305733325422,76.77069426667458,500
o,-62.61934382556038,37.38065617443962,500
v,-62.43121351365783,62.56878648634217,500
c,-70.74198679002494,75.25801320997506,500
e,-1.223712565168325,92.77628743483167,500
a,-46.75313115256425,43.24686884743575,500
c,-45.31299842058986,74.68700157941015,500
a,-25.80918943347319,96.1908105665268,500
s,-43.30492778720944,56.69507221279056,500
k,-11.455032050053559,45.54496794994644,500
p,-14.767111712779572,84.23288828722043,500
s,-13.94011204837612,88.05988795162388,500
y,-19.60021962683535,46.399780373164646,500
m,-41.44838423263114,26.551615767368858,500
e,-82.89678065777406,17.103219342225945,500
y,-89.62488281638598,35.375117183614016,500
e,-63.784778951876724,2.2152210481232784,500
g,-76.82222757854517,72.17777242145483,500
i,-4.5880462412699785,84.41195375873002,500
g,-76.08540031807009,18.914599681929907,500
f,-10.59180078941071,38.40819921058929,500
q,-54.786463585900236,39.213536414099764,500
y,-73.63002303059514,22.36997696940486,500
v,-29.259905178698787,55.74009482130121,500
q,-89.45084811377188,7.549151886228122,500
l,-66.75409525190535,46.24590474809465,500
j,-24.408347611143622,22.591652388856378,500
w,-85.67682326863161,22.3231767313684,500
o,-56.55198349816966,93.44801650183034,500
l,-71.57113621174524,31.428863788254766,500
l,-76.092807619206,66.907192380794,500
v,-53.200657769255166,45.799342230744834,500
v,-87.54369944037398,50.45630055962602,500
l,-65.5271609285618,33.4728390714382,500
z,-77.18821910150356,30.811780898496437,500
s,-34.823172560167514,55.176827439832486,500
q,-28.044613605395433,56.95538639460457,500
h,-67.74849903747256,81.25150096252744,500
w,-46.22462034501635,93.77537965498365,500
b,-52.94169379786153,62.05830620213847,500
d,-26.400297662280888,34.599702337719116,500
h,-13.609332875447773,38.39066712455222,500
v,-71.7726840627362,44.22731593726379,500
l,-27.110625201921316,18.889374798078684,500
n,-70.03201910279753,60.967980897202466,500
n,-1.4737093092095037,17.526290690790496,500
v,-72.02852035992898,29.971479640071024,500
w,-78.04187676954749,97.95812323045251,500
s,-80.08789225179324,74.91210774820676,500
z,-83.16457342049277,10.835426579507233,500
g,-82.64293709827157,44.357062901728426,500
g,-28.141076752069896,8.858923247930106,500
k,-10.21008616479044,4.789913835209561,500
e,-88.24970548372866,5.750294516271342,500
v,-11.225075192606253,46.774924807393745,500
h,-21.524181796797127,84.47581820320288,500
s,-35.212617779739624,95.78738222026037,500
p,-56.42588588972071,59.57411411027929,500
d,-67.66682067307904,44.333179326920956,500
n,-74.21047450097974,77.78952549902026,500
i,-88.2492323157879,97.7507676842121,500
x,-85.32486073293909,20.675139267060914,500
k,-50.12260461567041,88.87739538432959,500
l,-62.963523109627424,86.03647689037257,500
s,-79.03498629638165,42.965013703618354,500
k,-19.86988854091861,78.13011145908139,500
v,-24.877867378548526,49.12213262145147,500
h,-12.1479647537312,82.8520352462688,500
w,-2.957542306585051,4.042457693414949,500
k,-58.81869988125166,20.18130011874834,500
h,-67.76016720683772,7.239832793162275,500
h,-68.29098073561552,21.709019264384477,500
w,-53.632843094352765,77.36715690564724,500
k,-35.77517312989314,78.22482687010685,500
d,-25.435961642070033,12.564038357929968,500
r,-40.176692522784535,91.82330747721547,500
i,-68.39484502920858,49.60515497079142,500
e,-1.8221038182915672,22.177896181708434,500
f,-6.1101731576369875,16.889826842363014,500
y,-85.43919447493776,2.560805525062235,500
w,-23.159126813636785,12.840873186363215,500
v,-36.193166860637554,94.80683313936244,500
c,-27.50383362182098,43.49616637817902,500
m,-29.39214679388294,13.60785320611706,500
q,-46.84479558239086,90.15520441760914,500
o,0.938703374813632,96.93870337481363,500
t,-49.05638420789775,81.94361579210225,500
i,-25.644128722038516,87.35587127796148,500
m,-61.40402572928218,62.59597427071782,500
i,-86.75566463683171,68.24433536316829,500
u,-65.12763224380232,96.87236775619768,500
o,-43.547992575713536,11.452007424286464,500
s,-15.488301374030476,24.511698625969522,500
l,-65.67957907976702,88.32042092023298,500
c,-77.62900648538854,16.37099351461146,500
i,-25.880838830536625,88.11916116946338,500
o,-22.57722172452713,97.42277827547287,500
x,-14.151161947423368,53.84883805257663,500
k,-75.82709730273822,62.172902697261776,500
g,-91.07125838015219,21.928741619847816,500
o,-3.131727571515699,38.8682724284843,500
q,-19.939913783777328,91.06008621622267,500
m,-56.402984093223715,21.59701590677628,500
l,-64.50273276938871,46.497267230611286,500
g,-62.503796520731065,54.496203479268935,500
e,-94.43785653136007,29.56214346863994,500
c,-34.33865775099535,91.66134224900465,500
x,-58.194566956515374,50.805433043484626,500
w,-0.8556991056522214,42.14430089434778,500
u,-82.34167506877469,70.65832493122531,500
t,-72.02315565805277,15.976844341947224,500
d,-59.6257164252847,29.374283574715296,500
q,-89.77345776741832,37.22654223258167,500
c,-0.9168945338759144,93.08310546612408,500
s,-67.91660835317127,93.08339164682873,500
h,-73.03196022752586,97.96803977247414,500
u,-66.83164306047532,20.168356939524692,500
e,-13.93205281571628,4.067947184283719,500
a,-5.959877958302513,46.04012204169749,500
x,-74.5180078942782,33.481992105721794,500
b,-43.64516882275355,45.35483117724645,500
y,-12.68306821449715,75.31693178550285,500
z,-56.34634780634295,19.653652193657052,500
n,-10.425723287476508,83.57427671252348,500
v,-5.798404563910985,62.201595436089015,500
x,-34.64528514592671,6.3547148540732925,500
e,-70.8810802939556,80.1189197060444,500
c,-80.83944991024714,83.16055008975286,500
h,-63.41217981497553,59.58782018502447,500
e,-17.32916211054419,45.67083788945581,500
t,-28.242351217218857,34.757648782781146,500
p,-1.2978380552114936,98.7021619447885,500
m,-71.27389428721004,3.7261057127899546,500
u,-65.61108767130438,2.3889123286956204,500
z,-96.6054069229001,72.3945930770999,500
y,-59.04908077814161,65.9509192218584,500
x,-20.574945879284332,53.425054120715664,500
c,-16.228759873145908,87.7712401268541,500
d,-6.9319385389318935,33.068061461068105,500
w,-69.64891158707623,73.35108841292377,500
i,-14.727050354225621,49.27294964577438,500
g,-80.9961754596563,35.00382454034369,500
k,-4.480658967115463,89.51934103288454,500
c,-22.79769306439495,53.20230693560505,500
x,-72.20606521504736,63.79393478495265,500
b,-3.9150076415128567,3.0849923584871433,500
q,-83.99305462142198,56.00694537857802,500
x,-73.17771210272745,58.82228789727255,500
t,-39.83333654256004,30.16666345743996,500
a,-0.5121972689451454,25.487802731054856,500
s,-1.510749667438091,58.48925033256191,500
m,-49.279502603850496,20.720497396149504,500
p,-87.7589156802603,98.2410843197397,500
x,-97.73103309219589,17.268966907804113,500
v,-65.1831777133097,34.81682228669029,500
a,-79.60765351361727,28.39234648638274,500
p,-94.4234130291946,0.576586970805399,500
k,-48.22068992702684,15.779310072973157,500
z,-86.43668227793167,74.56331772206833,500
s,-65.03713345748193,1.962866542518065,500
r,-70.1326783107312,38.867321689268806,500
b,-55.37547191003592,35.62452808996408,500
h,-16.186257306204872,79.81374269379513,500
g,-55.23195433543653,47.76804566456347,500
w,-30.004901101110697,68.9950988988893,500
d,-71.92886537710511,89.07113462289489,500
r,-70.45673746189964,14.543262538100361,500
w,-71.07559907139441,28.924400928605596,500
n,-82.61829335912446,69.38170664087554,500
t,-19.326221225421484,81.67377877457851,500
f,-90.85804029464985,84.14195970535015,500
x,-90.15438245982332,46.84561754017668,500
i,-75.64553317249609,94.35446682750391,500
r,-18.26735190377249,30.73264809622751,500
y,-92.8701719680964,94.1298280319036,500
u,-45.028884691645054,3.971115308354948,500
d,-55.91992884769305,0.08007115230694872,500
m,-31.482157543884913,85.51784245611509,500
f,-32.48880815221803,62.51119184778197,500
x,-71.1395764453131,41.8604235546869,500
b,-63.43033604496543,18.569663955034574,500
x,-88.50743622747513,19.492563772524875,500
o,-25.194289019852583,50.80571098014742,500
t,-31.8912198126396,89.1087801873604,500
d,-38.57966711439734,22.420332885602665,500
c,-29.94276801630802,41.057231983691985,500
g,-88.7910885024516,85.2089114975484,500
m,-16.65483887458076,43.34516112541924,500
b,-24.092221666373906,58.90777833362609,500
c,-32.8375601888435,95.1624398111565,500
v,-82.94834360426195,21.051656395738046,500
a,-52.078296565174234,21.921703434825762,500
r,-31.47963555809412,73.52036444190588,500
r,-59.88995881471406,15.110041185285938,500
s,-69.87977407841359,50.12022592158642,500
t,-1.0966183130057758,19.903381686994223,500
j,-45.93801482975629,51.06198517024371,500
t,-4.753086616651391,72.24691338334861,500
s,-26.067254882621498,74.9327451173785,500
k,-79.71928840265922,97.28071159734078,500
n,-8.192698209146153,19.80730179085385,500
m,-31.648005315360397,69.3519946846396,500
t,-63.5506588172192,94.4493411827808,500
k,-0.07475452354286094,31.92524547645714,500
a,-9.327691807233652,73.67230819276635,500
y,-80.1062882807834,12.8937117192166,500
a,-5.303570539678643,66.69642946032135,500
f,-71.7145627374691,16.285437262530913,500
c,-6.549526098696473,63.450473901303525,500
r,-71.6905663653179,21.30943363468209,500
k,-9.879196011322083,80.12080398867792,500
m,-57.99777274843733,87.00222725156267,500
r,-22.801214324704983,88.19878567529501,500
w,-20.94662085445222,92.05337914554778,500
g,-45.49472001382592,17.50527998617408,500
f,-6.130063213026233,84.86993678697377,500
f,-63.79422147410153,1.205778525898465,500
m,-71.91673869804556,45.08326130195444,500
d,-5.164007767047201,20.835992232952798,500
g,-81.16775965664563,87.83224034335437,500
c,-29.976446153729782,71.02355384627022,500
u,-61.102302295889864,39.897697704110136,500
g,-34.17854249499535,44.82145750500465,500
n,-31.938418108490538,60.06158189150946,500
z,-13.104593133618673,77.89540686638132,500
r,-83.70866134170414,20.291338658295853,500
r,-52.18424425987498,71.81575574012501,500
s,-16.443217163108603,4.556782836891397,500
x,-13.709167394403329,14.290832605596671,500
t,-12.938770262331282,66.06122973766873,500
g,-49.62178683160891,89.3782131683911,500
y,-1.7659722165072416,20.23402778349276,500
r,-61.2526014643496,57.7473985356504,500
l,-92.68038376046515,33.31961623953485,500
p,-79.81106579147021,65.18893420852979,500
v,-78.79774675919202,61.20225324080797,500
b,-75.03183481876842,25.968165181231587,500
f,-91.3709618561915,77.6290381438085,500
n,-34.066269214520105,68.9337307854799,500
r,-6.634931762153156,49.36506823784684,500
k,-8.12444675736031,57.87555324263969,500
c,-21.03308980064464,4.96691019935536,500
n,-70.3689666337457,57.6310333662543,500
w,-0.003145032819237392,82.99685496718077,500
g,-89.36783193102133,8.632168068978675,500
f,-8.745383850869633,95.25461614913037,500
o,-69.44727576360219,84.55272423639781,500
v,-70.45858191916064,30.541418080839367,500
e,-63.93868078300976,5.061319216990245,500
m,0.00982914083962716,30.009829140839628,500
z,-97.63432947198542,61.365670528014576,500
i,-83.84916341462282,98.15083658537718,500
e,-51.65047391806012,39.34952608193988,500
b,-64.54894949627557,73.45105050372443,500
f,-49.01215523170979,13.987844768290206,500
x,-31.976767752518395,75.0232322474816,500
a,-47.555835772855275,50.444164227144725,500
a,-74.13181963555408,7.868180364445924,500
l,-9.423152578470775,86.57684742152922,500
n,-40.722137250551654,49.277862749448346,500
s,-38.65753904476238,0.3424609552376171,500
d,-27.973624885852225,9.026375114147777,500
z,-43.11673370880057,81.88326629119943,500
k,-34.35285345305417,9.647146546945828,500
y,-66.53908244980484,81.46091755019516,500
x,-27.043933884747688,5.956066115252311,500
y,-64.89678594954933,30.103214050450674,500
c,-50.87259356598824,4.127406434011759,500
a,-41.72464963053068,25.275350369469326,500
c,-50.33200324883217,57.66799675116783,500
w,-0.27632658174311775,32.72367341825688,500
g,-20.578940574334172,15.42105942566583,500
y,-51.523649515112375,83.47635048488763,500
t,-85.2527849445557,84.7472150554443,500
d,-68.94094397199129,1.0590560280087145,500
