t,-46.927313450808484,79.07268654919152,1000
y,-36.977050386958595,72.0229496130414,1000
v,-81.33687759777997,27.663122402220022,1000
e,-30.969735092813558,63.03026490718644,1000
t,-48.50813404052431,10.491865959475692,1000
x,-8.82123478713243,67.17876521286757,1000
o,-14.678361837465415,83.32163816253458,1000
u,-52.84438638905234,84.15561361094767,1000
k,-59.05539564845902,26.94460435154098,1000
b,-44.505707041511016,65.49429295848898,1000
y,-68.90811462717107,61.091885372828926,1000
k,-12.71021021611562,59.28978978388438,1000
a,-69.35539939279792,83.64460060720208,1000
r,-12.230782492209645,15.769217507790355,1000
j,-89.03051592125091,76.96948407874909,1000
k,-8.958910100289518,30.04108989971048,1000
l,-89.63092034703371,12.369079652966285,1000
v,-87.18240345695763,63.81759654304237,1000
x,0.04383066397856972,56.04383066397857,1000
z,-46.59177341428763,31.408226585712374,1000
d,-5.801828590737592,93.19817140926241,1000
y,-52.62280367258962,0.37719632741038367,1000
k,-40.30420525764651,37.69579474235349,1000
p,-61.28856225134462,73.71143774865537,1000
s,-28.171477034478563,52.82852296552144,1000
h,-18.95511850860534,62.04488149139466,1000
b,-65.21974266691079,72.78025733308921,1000
d,-21.42508676035844,86.57491323964156,1000
i,-89.97755750968328,27.02244249031672,1000
u,-77.81828764819798,87.18171235180202,1000
b,-48.4355269979286,3.564473002071404,1000
h,-93.98438650442336,37.015613495576645,1000
v,-79.61271226180324,88.38728773819676,1000
j,-2.254109581514366,35.74589041848564,1000
o,-11.284795770363324,71.71520422963667,1000
v,-89.3468338443439,96.6531661556561,1000
q,-42.38262369388027,76.61737630611974,1000
i,-36.09327958704083,31.906720412959167,1000
q,-55.74069696900359,40.25930303099641,1000
i,-27.88301228117179,35.116987718828206,1000
y,-56.295484729762606,45.704515270237394,1000
r,-30.929041307157135,25.070958692842865,1000
z,-35.712600380516854,64.28739961948314,1000
q,-76.79968679836097,91.20031320163903,1000
o,-80.98498476125314,37.015015238746855,1000
h,-27.589409920619357,78.41059007938064,1000
l,-9.62885868545889,80.3711413145411,1000
i,-33.52164084424252,52.47835915575748,1000
d,-33.02810443769889,18.97189556230111,1000
s,-48.58185922631834,7.418140773681658,1000
n,-73.55665471533463,17.44334528466537,1000
c,-30.58055205459786,28.41944794540214,1000
j,-1.5803775304366394,92.41962246956336,1000
k,-39.09411019611698,18.90588980388302,1000
q,-76.33392017494832,9.666079825051686,1000
o,-89.69340750422374,61.306592495776265,1000
y,-83.78091921313013,54.21908078686987,1000
e,-32.83551303380827,37.16448696619173,1000
a,-21.62131632657149,45.37868367342851,1000
n,-94.84748872833977,85.15251127166023,1000
x,-20.035562836855394,49.96443716314461,1000
l,-37.11971460308435,94.88028539691565,1000
v,-46.22488829394995,30.775111706050048,1000
y,-65.18919564741064,24.810804352589358,1000
b,-95.37624955587265,75.62375044412735,1000
s,-80.76304014501676,63.23695985498324,1000
u,-57.04644427338736,22.953555726612645,1000
v,-58.77090436420816,38.22909563579184,1000
p,-15.751841897940302,48.2481581020597,1000
h,-76.10288376011951,79.89711623988049,1000
r,-92.57182567130465,64.42817432869535,1000
v,-74.2256565785666,40.77434342143341,1000
t,-39.29707996149455,14.702920038505445,1000
e,0.4777610119857778,79.47776101198578,1000
c,-64.24035118065613,28.759648819343866,1000
m,-52.38799216286322,74.61200783713679,1000
c,-58.48565366204844,73.51434633795155,1000
c,-40.932565877089026,77.06743412291098,1000
a,-45.03900061768077,70.96099938231923,1000
t,-59.57216093724909,29.427839062750916,1000
g,-48.68038165245943,14.319618347540567,1000
d,-31.04027126868589,63.959728731314115,1000
g,-80.8415543176578,93.1584456823422,1000
x,-72.40128948953212,95.59871051046788,1000
d,-50.16018085797813,47.83981914202187,1000
e,-78.60641634908875,78.39358365091125,1000
u,-94.23288021443257,4.767119785567429,1000
h,-33.9388016605701,76.06119833942991,1000
j,-74.1517235513978,63.848276448602206,1000
r,-36.732567276092475,53.267432723907525,1000
m,-53.00903590170813,96.99096409829187,1000
o,-46.2336817915067,77.7663182084933,1000
h,-37.2970188428599,73.7029811571401,1000
r,-68.47652306634923,68.52347693365077,1000
j,-43.726942002554935,3.2730579974450635,1000
s,-71.70829939919408,63.291700600805925,1000
y,-15.98738143996897,11.01261856003103,1000
x,-58.12850853412981,58.87149146587019,1000
g,-83.96008625427086,95.03991374572914,1000
p,-13.464905003380157,83.53509499661985,1000
z,-64.6392034719666,70.3607965280334,1000
x,-73.94307960658402,22.05692039341598,1000
m,-42.79529929809753,35.20470070190247,1000
x,-92.90954197187624,25.090458028123763,1000
w,-83.43070902501155,31.569290974988444,1000
p,-22.62936142536271,69.3706385746373,1000
b,-63.67516868419497,29.32483131580503,1000
w,-97.6263677107833,28.373632289216697,1000
e,-62.24940401875685,89.75059598124315,1000
c,-38.42943601097796,85.57056398902203,1000
g,-63.61736335288818,39.38263664711182,1000
v,-38.96807648712277,25.031923512877228,1000
o,-47.785959493214776,47.214040506785224,1000
x,-28.25446453696842,19.74553546303158,1000
b,-21.829721045294463,72.17027895470554,1000
w,-61.972938058220144,3.0270619417798565,1000
t,-51.61938110899957,74.38061889100042,1000
u,-60.9233614902001,67.0766385097999,1000
k,-29.443768214480848,0.5562317855191525,1000
l,-36.004984807171006,63.995015192828994,1000
u,-51.49486243738803,42.50513756261197,1000
r,-80.87330140069385,32.12669859930615,1000
r,-26.987064386897643,7.012935613102356,1000
t,-12.68621533822405,23.313784661775948,1000
z,-37.10218719277429,61.89781280722571,1000
o,-50.9105121396586,41.0894878603414,1000
q,-22.34367361898412,4.656326381015881,1000
e,-89.88556428254238,20.114435717457628,1000
k,-56.23505273005231,12.764947269947692,1000
w,-3.473385485574851,19.526614514425148,1000
m,-58.913494324422906,98.08650567557709,1000
m,-14.109729079404392,27.890270920595608,1000
h,-66.30493469178178,38.69506530821822,1000
d,-81.56890908832705,57.43109091167295,1000
o,-92.56918765425914,34.43081234574086,1000
w,-46.315264475480575,61.684735524519425,1000
k,-61.853468679586825,45.146531320413175,1000
g,-5.72383324522733,19.27616675477267,1000
z,-37.39200356106078,29.607996438939217,1000
n,-15.143456097703075,13.856543902296925,1000
l,-90.65320391346624,11.346796086533757,1000
c,-40.29450734095171,45.70549265904829,1000
e,-8.799063430493646,81.20093656950635,1000
s,-65.788957695625,83.211042304375,1000
y,-1.8663981235315694,65.13360187646843,1000
h,-97.90934318819365,69.09065681180635,1000
c,-72.78973956332507,24.210260436674933,1000
e,-30.913189135404618,64.08681086459538,1000
y,-3.7790028453737925,51.22099715462621,1000
d,-89.82378155310845,40.17621844689155,1000
z,-91.6827303909355,47.31726960906449,1000
h,-24.220962228998115,67.77903777100188,1000
j,-43.889010324662095,92.1109896753379,1000
b,-7.61035233694565,61.38964766305435,1000
y,-45.80151484161957,49.19848515838043,1000
t,-9.756134378055998,14.243865621944002,1000
f,-50.576214942478124,58.423785057521876,1000
w,-42.768272750247476,12.231727249752526,1000
j,-96.67628058922692,27.323719410773087,1000
k,-38.4004141847692,94.59958581523081,1000
y,-13.531348427044286,68.46865157295572,1000
a,-75.82960496633036,39.170395033669635,1000
e,-86.89595671279118,30.104043287208825,1000
w,-42.34047438289487,63.65952561710513,1000
y,-23.294810720611764,88.70518927938824,1000
u,-50.187736892428056,83.81226310757194,1000
q,-95.02243261408759,9.977567385912414,1000
z,-58.96565661499843,35.03434338500157,1000
x,-14.833481648930501,31.1665183510695,1000
j,-6.26428587975779,16.73571412024221,1000
h,-80.29659133427256,20.703408665727437,1000
g,-31.0045068737752,81.9954931262248,1000
x,-83.03132574551866,38.96867425448135,1000
z,-19.836264440206694,92.16373555979331,1000
x,-93.81401139282559,2.1859886071744037,1000
x,-69.00263283819498,7.997367161805021,1000
h,-44.460159484531566,75.53984051546844,1000
a,-40.70979401125163,8.29020598874837,1000
y,-40.471992459336704,32.528007540663296,1000
m,-65.40547932479593,63.59452067520406,1000
q,-29.489654789577248,38.51034521042275,1000
i,-17.050652867619803,77.9493471323802,1000
m,-35.60691828703328,10.393081712966719,1000
x,-36.97826059368065,67.02173940631934,1000
v,-36.37876215141174,31.621237848588255,1000
q,-34.62165971700951,46.37834028299049,1000
v,-76.0132529534365,29.986747046563494,1000
a,-78.9241756961001,50.07582430389991,1000
d,-11.557335602995146,87.44266439700486,1000
j,-59.03585971393315,80.96414028606685,1000
r,-46.0772381105526,13.922761889447399,1000
q,-59.67160572607763,47.32839427392237,1000
i,-92.90514617572123,65.09485382427877,1000
h,-17.568010815163813,50.43198918483619,1000
e,-29.23930540080619,3.7606945991938066,1000
w,-31.963394336870426,35.03660566312958,1000
n,-37.69893172542559,28.301068274574412,1000
w,-34.53042950328697,22.469570496713033,1000
y,-33.03671963617179,49.96328036382821,1000
p,-51.27682926516353,26.72317073483647,1000
v,-19.208946923556255,23.791053076443745,1000
q,-68.94536024726261,84.05463975273739,1000
i,-31.519690084539004,35.48030991546099,1000
v,-91.52293752462518,80.47706247537482,1000
y,-64.81704780360353,97.18295219639647,1000
a,-85.73522352810004,79.26477647189996,1000
n,-50.53716976097408,43.46283023902592,1000
b,-0.13103753989677436,14.868962460103226,1000
d,-88.30150447819237,66.69849552180763,1000
r,-57.68467599590769,33.31532400409231,1000
c,-82.71738775845921,16.282612241540786,1000
l,-85.51665771238106,6.483342287618933,1000
f,-86.44313954478507,34.556860455214924,1000
j,0.6951769450814631,76.69517694508146,1000
t,-61.28518051526585,13.71481948473415,1000
e,-34.58176603846803,64.41823396153197,1000
e,-63.51412535428962,38.48587464571038,1000
q,-69.95942933393061,94.04057066606939,1000
k,-52.92111576389187,80.07888423610812,1000
y,-97.89661469062348,90.10338530937652,1000
w,-7.588337472331717,86.41166252766828,1000
d,-74.1051098789214,7.894890121078605,1000
t,-84.52744914687335,78.47255085312665,1000
c,-24.28598040171837,17.71401959828163,1000
x,-96.05894749248684,34.94105250751317,1000
n,-20.970354490578682,52.02964550942132,1000
o,-83.29178238597393,26.70821761402607,1000
g,-1.301905336589443,33.69809466341056,1000
h,-58.023026942650276,80.97697305734972,1000
g,-94.37649631604971,12.62350368395029,1000
q,-54.07820172988599,27.92179827011401,1000
j,-77.05971965255021,15.94028034744979,1000
d,-1.711676617191625,93.28832338280837,1000
e,-88.77000965915379,21.229990340846207,1000
w,-83.47583411471999,83.52416588528001,1000
n,-17.84765881258369,37.15234118741631,1000
r,-90.20560517437467,12.794394825625332,1000
o,-22.760259025827473,60.23974097417253,1000
e,-26.861834476350836,83.13816552364916,1000
y,-19.818346236076863,74.18165376392314,1000
c,-15.19638161844716,52.80361838155284,1000
l,-0.28173769832449735,92.71826230167551,1000
l,-79.2360338857031,95.7639661142969,1000
s,-42.08826551761979,86.91173448238021,1000
t,-29.349050109303207,67.6509498906968,1000
o,-68.33265495580872,98.66734504419128,1000
n,-8.782616530705742,31.21738346929426,1000
j,-62.40798304316758,4.592016956832415,1000
c,-37.48451076351713,76.51548923648286,1000
h,-68.19896047964058,73.80103952035942,1000
t,-84.02727779273573,96.97272220726427,1000
