s,-70.01542392046298,17.984576079537028,1000
p,-90.16780213904676,45.832197860953244,1000
y,-37.361763062551205,90.6382369374488,1000
m,-22.420440410360438,86.57955958963956,1000
j,-82.21111350454167,75.78888649545833,1000
q,-74.59471864102368,17.40528135897632,1000
k,-75.81785774914327,58.18214225085673,1000
m,-81.12864790197816,98.87135209802184,1000
k,-61.42460485061217,35.57539514938783,1000
l,-6.0544165453840755,31.945583454615925,1000
k,-65.43048283640134,42.569517163598654,1000
b,-40.630747945720614,37.369252054279386,1000
g,-44.600621763494146,2.3993782365058522,1000
s,-86.91567943725508,87.08432056274492,1000
o,-2.247084588984725,80.75291541101528,1000
c,-40.30497627920691,8.695023720793092,1000
y,-79.43343953537453,44.56656046462546,1000
d,-89.51053845452142,78.48946154547858,1000
h,-15.715831408998334,44.28416859100167,1000
a,-33.053169833636126,8.946830166363874,1000
q,-1.1363584166590712,25.86364158334093,1000
t,-45.985786803106095,19.014213196893902,1000
q,-17.437210344410374,25.562789655589626,1000
k,-43.12519933975868,98.87480066024132,1000
y,-67.43490942984623,38.56509057015377,1000
n,-26.62529159691747,91.37470840308252,1000
f,-6.875703744166024,12.124296255833977,1000
v,-84.78862574416713,49.21137425583287,1000
g,-72.57182673094437,51.428173269055634,1000
c,-74.32504201031809,30.674957989681918,1000
g,-76.82444448051312,30.17555551948688,1000
r,-8.187687942528274,0.8123120574717253,1000
j,-79.22047141356032,56.77952858643968,1000
d,-43.35639535903914,74.64360464096086,1000
d,-46.38060642521188,89.61939357478812,1000
p,-62.49093980576986,54.50906019423014,1000
a,-15.045396941428303,44.9546030585717,1000
x,-31.768850245745252,46.231149754254744,1000
v,-36.95643354674465,20.043566453255355,1000
h,-24.90702702401509,79.0929729759849,1000
m,-93.62990084164983,2.3700991583501767,1000
m,-44.85042742622352,50.14957257377648,1000
j,-8.479847445128799,25.5201525548712,1000
z,-44.791292539236004,0.20870746076399715,1000
k,-19.039806096964586,50.96019390303541,1000
m,-33.86903338826635,27.130966611733648,1000
f,-23.06553934042492,23.93446065957508,1000
x,-91.5767439320237,80.4232560679763,1000
l,-59.52383555367826,2.4761644463217385,1000
h,-72.36275507203919,75.63724492796081,1000
w,-34.55796444569063,46.44203555430937,1000
k,-63.80015475081339,31.199845249186605,1000
d,-47.110332372938714,85.88966762706129,1000
m,-61.92787715853554,25.072122841464466,1000
v,-26.026796177504192,64.9732038224958,1000
c,-12.838064633406091,85.16193536659391,1000
y,-41.550361016280874,5.449638983719128,1000
w,-84.9260631689443,27.073936831055708,1000
j,-19.17851530816833,45.82148469183167,1000
s,-50.86994546078571,86.1300545392143,1000
h,-49.339901983894514,61.660098016105486,1000
z,-1.203265057760646,46.796734942239354,1000
a,-20.326246859551432,96.67375314044857,1000
i,-38.86231960864966,21.137680391350337,1000
j,-16.553299180734268,19.446700819265732,1000
z,-59.15628995365261,2.8437100463473906,1000
g,-85.73411128969181,73.26588871030819,1000
z,-67.99366605500761,4.006333944992394,1000
r,-6.250332161726852,51.74966783827315,1000
p,-90.13393347963967,87.86606652036033,1000
w,-2.653305723915323,82.34669427608468,1000
d,-66.39453514857833,43.605464851421665,1000
e,-93.01321824494167,90.98678175505833,1000
d,-23.25951255276759,22.74048744723241,1000
l,-43.86374760390623,36.13625239609377,1000
r,-29.34266176084914,75.65733823915086,1000
f,-32.243560787163176,97.75643921283682,1000
r,-34.44570322507697,15.55429677492303,1000
c,-69.10431797217389,10.895682027826108,1000
p,-28.29478363845912,57.70521636154088,1000
v,-58.65992645278058,63.34007354721942,1000
v,-42.051770662937784,53.948229337062216,1000
j,-63.51705777905881,25.48294222094119,1000
m,-39.48500424116816,64.51499575883184,1000
e,-18.998851438479676,3.001148561520324,1000
i,-82.83885437475395,59.16114562524605,1000
a,-23.861707028162808,5.138292971837191,1000
q,-94.20164718606081,66.79835281393919,1000
w,-53.047902725466855,76.95209727453314,1000
k,-20.0249795304277,94.9750204695723,1000
p,-97.11677318159319,8.883226818406811,1000
e,-73.66417231185311,82.33582768814689,1000
p,-1.5083722561334998,22.491627743866502,1000
o,-21.09517623244193,23.90482376755807,1000
w,-97.76751335504841,62.2324866449516,1000
i,-57.14919622475794,19.850803775242063,1000
z,-30.411728061904686,4.588271938095315,1000
s,-39.49868431995486,54.50131568004514,1000
t,-92.88707746379148,78.11292253620852,1000
c,-79.92206926614955,87.07793073385045,1000
i,-11.54407948279839,25.45592051720161,1000
l,-26.865513558180254,35.134486441819746,1000
f,-64.56109299888718,4.438907001112823,1000
g,-39.97902969866724,37.02097030133276,1000
m,-0.5723634992278454,26.427636500772156,1000
t,-93.15277147707852,90.84722852292148,1000
k,-5.579712206327695,81.4202877936723,1000
j,-2.8098839449739623,2.1901160550260377,1000
k,-97.74492745286493,5.255072547135075,1000
j,-23.355895820342585,1.6441041796574147,1000
z,-88.03625794440207,82.96374205559793,1000
j,-65.29672513028142,77.70327486971858,1000
y,0.3034311100217628,72.30343111002176,1000
f,-85.33317130280076,56.66682869719923,1000
k,-71.3999075887294,86.6000924112706,1000
h,-91.89185065302016,58.10814934697984,1000
g,-18.14272003458617,63.85727996541383,1000
i,-74.98119478039955,32.01880521960045,1000
a,-17.74217048220233,0.25782951779767016,1000
y,-3.405816874273206,92.5941831257268,1000
f,-74.6001257845531,75.3998742154469,1000
x,-38.797046854041,55.202953145959,1000
n,-21.409703814207564,68.59029618579244,1000
n,-96.96811356017331,71.03188643982669,1000
x,-58.864251405832135,50.135748594167865,1000
o,-66.22026293540303,2.7797370645969663,1000
l,-93.25874606800846,65.74125393199154,1000
r,-94.33419117820641,81.66580882179359,1000
y,-39.51251878549487,10.487481214505129,1000
c,-40.62540418981796,72.37459581018204,1000
z,-96.44632803649554,31.553671963504456,1000
o,-24.11156208431778,34.888437915682225,1000
r,-69.80890056988005,88.19109943011995,1000
e,-57.21249128387342,19.787508716126577,1000
x,-53.78229520613107,98.21770479386893,1000
c,-52.72376199708714,18.276238002912866,1000
k,-37.27046967562832,51.72953032437168,1000
v,-79.29131583675553,42.70868416324448,1000
g,-52.967686787174436,6.032313212825562,1000
b,-69.77690525110867,63.22309474889133,1000
r,-58.16136714761929,13.83863285238071,1000
a,-45.2804153887144,31.719584611285597,1000
o,-49.7277647034426,21.272235296557394,1000
r,-36.47934236371021,19.520657636289794,1000
t,-96.72516886925044,80.27483113074956,1000
z,-18.87586483923659,92.1241351607634,1000
h,-33.421519333811645,35.578480666188355,1000
a,-21.022816623233112,30.977183376766888,1000
f,-58.15619900339869,42.84380099660131,1000
a,-92.5300843861952,9.4699156138048,1000
v,-46.10533344946894,21.894666550531063,1000
d,-36.41600544181885,26.583994558181153,1000
u,-31.5219569846636,50.478043015336404,1000
o,-56.86057514089765,68.13942485910235,1000
w,-57.8403683561711,92.1596316438289,1000
b,-73.86984859935951,13.130151400640493,1000
m,-37.83997632114257,79.16002367885743,1000
i,-18.342598271919265,75.65740172808074,1000
c,-54.81045372777071,35.18954627222929,1000
t,-74.40737559766512,11.59262440233488,1000
m,-1.839219218317633,6.160780781682367,1000
m,-39.55478907665117,6.445210923348834,1000
q,-7.34599957214548,76.65400042785453,1000
k,-17.99990619851439,44.00009380148561,1000
p,-80.16856961832056,49.83143038167944,1000
s,-57.90787961868464,13.092120381315357,1000
c,-71.21189852539642,80.78810147460358,1000
g,-82.05506189316861,39.944938106831394,1000
r,-20.35473323426976,9.64526676573024,1000
r,-31.87078088190807,40.12921911809193,1000
s,-33.25800793752761,75.74199206247239,1000
y,-91.28910705476883,49.710892945231166,1000
n,-80.93430926175053,51.06569073824948,1000
j,-12.59627022294698,41.40372977705302,1000
v,-89.60525984899039,34.39474015100961,1000
h,-14.921592651450759,10.078407348549241,1000
p,-73.69364211125983,40.306357888740166,1000
i,-3.165117393915976,53.83488260608402,1000
p,-43.07456835653508,34.92543164346492,1000
l,-94.93059750360041,82.06940249639959,1000
d,-42.099748793222886,56.900251206777114,1000
f,-31.355140744507946,40.64485925549205,1000
z,-65.19042833528381,71.80957166471619,1000
t,-58.60901791630858,70.39098208369143,1000
k,-12.855104253937656,56.144895746062346,1000
h,-92.48608912055114,88.51391087944886,1000
i,-32.88751815819176,33.11248184180824,1000
o,-53.2670604298228,76.73293957017721,1000
g,-60.51681658286767,14.483183417132333,1000
c,-18.028052367293615,39.97194763270638,1000
j,-82.29596860875414,48.70403139124586,1000
e,-37.87967874818479,51.12032125181521,1000
x,-79.14830120996696,58.85169879003304,1000
z,-34.92075905901464,59.07924094098536,1000
z,-23.97913641380823,67.02086358619177,1000
n,-15.649714279020973,18.350285720979027,1000
x,-82.49219524383471,19.507804756165278,1000
e,-67.11979320289726,38.88020679710275,1000
o,-93.26579264296602,11.734207357033986,1000
a,-88.70965086596094,70.29034913403906,1000
b,-2.873588510805787,12.126411489194213,1000
i,-40.93977545759381,82.06022454240619,1000
s,-89.8571840422482,13.1428159577518,1000
u,-61.60750328696875,95.39249671303125,1000
m,-59.32163518623999,78.67836481376001,1000
a,0.752280821010954,85.75228082101096,1000
a,-97.52436734548294,25.475632654517064,1000
x,-58.88385049225751,92.11614950774249,1000
o,-86.85220231370774,57.14779768629227,1000
s,-22.989991509201932,14.010008490798068,1000
l,-69.4867998072099,42.51320019279009,1000
v,-29.92546236560517,86.07453763439483,1000
m,-97.85481538644515,69.14518461355485,1000
m,-29.38531734519727,85.61468265480273,1000
r,-36.43524502566607,77.56475497433392,1000
s,-65.25206490722759,42.74793509277241,1000
v,-56.241888496507855,82.75811150349215,1000
p,-29.293785205558564,63.706214794441436,1000
r,-68.17849503881388,66.82150496118612,1000
u,-28.912925762932453,9.087074237067549,1000
q,-25.449536588365117,6.550463411634884,1000
g,-29.0520983741671,96.9479016258329,1000
b,-87.52053844228762,89.47946155771238,1000
m,-1.4209105309246315,13.579089469075369,1000
t,-77.5458312801082,78.4541687198918,1000
n,-18.29871578135495,69.70128421864504,1000
o,-0.04818861460108714,33.95181138539891,1000
n,-52.09572550168544,42.90427449831456,1000
z,-69.27753232668492,15.722467673315077,1000
n,-29.574314666485936,33.42568533351407,1000
e,-22.767661773550884,31.232338226449116,1000
r,-43.12737918421634,26.872620815783666,1000
w,-28.722362635111235,51.27763736488877,1000
f,-17.557292455199793,56.44270754480021,1000
g,-58.464487562147,84.535512437853,1000
f,-15.77903223139362,81.22096776860639,1000
f,-14.691337386473869,56.30866261352613,1000
b,-14.351005798462694,60.648994201537306,1000
o,-89.27861082194168,73.72138917805832,1000
r,-32.6699509055559,15.330049094444098,1000
l,0.18603167053436842,13.18603167053437,1000
v,-75.80406068384237,1.1959393161576313,1000
y,-14.412908449757902,86.58709155024209,1000
n,-46.53505249483216,66.46494750516784,1000
w,-85.62658929886447,53.373410701135526,1000
s,-45.74285525261303,88.25714474738697,1000
m,-45.14141571042906,58.85858428957094,1000
c,-73.41721687962368,91.58278312037632,1000
s,-29.44392568660157,80.55607431339843,1000
g,-22.836450918309364,8.163549081690634,1000
t,-32.5226398069148,67.4773601930852,1000
