y,-32.75659020509001,54.24340979490999,1000
x,-92.87084926459744,52.129150735402554,1000
j,-87.69988184343255,49.30011815656745,1000
s,-30.813115023144647,16.186884976855353,1000
a,-33.93927382041481,94.06072617958519,1000
z,-85.54106953320468,1.4589304667953222,1000
x,-20.43079309353312,88.56920690646687,1000
a,-66.2493068657031,42.7506931342969,1000
g,-63.557829552624575,40.442170447375425,1000
n,-94.67327016491852,9.326729835081482,1000
f,-32.67430041636524,92.32569958363476,1000
k,-77.14429740167598,66.85570259832402,1000
p,-5.714460456456883,8.285539543543118,1000
a,-22.969407291398234,5.030592708601767,1000
p,-82.70127111686504,10.298728883134958,1000
p,-88.55230374397802,34.447696256021985,1000
k,-51.6476482484483,8.352351751551701,1000
f,-83.62639907221818,73.37360092778182,1000
v,-13.550470588056523,0.44952941194347673,1000
k,-11.486245602012373,79.51375439798763,1000
g,-64.11200629521778,3.8879937047822235,1000
p,-36.94392077651046,83.05607922348955,1000
p,-10.387735046374532,77.61226495362547,1000
e,-88.74420662681132,60.25579337318869,1000
a,-19.42285244736654,67.57714755263346,1000
o,-37.43627596489359,20.563724035106407,1000
p,-84.54487823951713,83.45512176048287,1000
c,0.706278134562933,76.70627813456294,1000
u,-0.36803775124526095,72.63196224875473,1000
x,-79.14029631262768,18.859703687372317,1000
k,-6.4016895821970605,76.59831041780294,1000
l,-16.82048518259803,86.17951481740197,1000
k,-96.14290605415243,1.8570939458475626,1000
p,-33.432260459328376,15.567739540671624,1000
t,-50.07693887138295,80.92306112861705,1000
b,-34.044746496831216,33.955253503168784,1000
u,-12.915727512743157,88.08427248725684,1000
z,-85.14930241148059,63.8506975885194,1000
z,-47.74093341923298,23.25906658076702,1000
b,-67.61075091125362,55.38924908874638,1000
l,-75.30225446920133,49.69774553079867,1000
m,-9.480420450581594,38.5195795494184,1000
m,-21.06745622414042,69.93254377585957,1000
m,-14.825636119669262,4.174363880330738,1000
y,-35.98037817131136,11.019621828688638,1000
l,-46.26195818198434,84.73804181801566,1000
m,-14.555199651075917,22.444800348924083,1000
k,-75.64268974324003,59.35731025675997,1000
d,-20.143497424460726,30.856502575539274,1000
j,-39.98949536062823,68.01050463937176,1000
w,-34.53133302681838,2.4686669731816213,1000
w,-12.138744571117103,75.8612554288829,1000
k,-85.39212457131642,84.60787542868358,1000
y,-26.791463545608128,97.20853645439188,1000
a,-75.20949837159854,2.7905016284014614,1000
i,-52.42559274770179,43.57440725229821,1000
x,-44.79185170833675,2.208148291663247,1000
r,-71.1555558457057,36.844444154294294,1000
p,-18.780112418287388,16.219887581712612,1000
e,-24.47656066267087,94.52343933732914,1000
l,-86.1294240736365,73.8705759263635,1000
h,-64.35459924720314,45.64540075279685,1000
x,-94.00122147165757,8.998778528342424,1000
r,-43.972624338342236,46.027375661657764,1000
u,-85.0379562970619,35.962043702938104,1000
e,-25.816165040508942,76.18383495949107,1000
w,-30.49739681754527,13.502603182454733,1000
m,-50.45250190776155,0.5474980922384483,1000
y,-48.78258661358907,57.21741338641093,1000
s,-37.24660117710368,53.75339882289632,1000
q,-73.89775865425071,93.10224134574929,1000
f,-85.50896302877523,29.491036971224773,1000
s,-67.96373126871639,59.036268731283606,1000
e,-37.06968702563919,52.93031297436081,1000
r,-7.263753149682365,25.736246850317634,1000
r,-63.753513512332994,57.246486487667006,1000
m,-41.773163663972525,97.22683633602747,1000
f,-39.837255548341936,39.162744451658064,1000
f,-4.957856131038133,9.042143868961867,1000
v,-54.182873628529805,34.817126371470195,1000
t,-3.8119908737344734,5.188009126265526,1000
e,-91.77436266750087,95.22563733249913,1000
o,-13.29833820155898,35.701661798441016,1000
c,-33.96254294410125,12.037457055898752,1000
k,-62.6815895634557,11.318410436544296,1000
y,-43.49939517780322,9.500604822196776,1000
s,-3.632175970511132,68.36782402948887,1000
r,-35.75533706515894,43.24466293484106,1000
h,-68.52557600979331,94.47442399020669,1000
g,-44.92009392716949,83.07990607283051,1000
d,-43.683035275080115,75.31696472491988,1000
v,-10.140944618167099,20.8590553818329,1000
k,-55.35361013090875,90.64638986909125,1000
d,-61.11895767284209,77.88104232715791,1000
q,-20.534459579370154,51.46554042062984,1000
l,-49.49148928834677,82.50851071165323,1000
b,-18.741214705888634,77.25878529411136,1000
t,-64.34616935409109,31.65383064590892,1000
i,-20.557718427977225,85.44228157202278,1000
t,-44.969314366577564,93.03068563342244,1000
x,-1.4297411307968575,21.570258869203144,1000
z,-63.131116966401294,78.8688830335987,1000
u,-54.25546102800875,17.744538971991243,1000
u,-68.48351689285178,14.516483107148211,1000
e,-26.06766372127315,47.93233627872685,1000
c,-88.4820814547783,55.5179185452217,1000
k,-82.53258068611709,6.46741931388292,1000
g,-59.293911656497144,63.706088343502856,1000
j,-28.568910076092706,91.4310899239073,1000
w,-15.820448993737461,77.17955100626254,1000
l,-70.39793934374151,47.602060656258494,1000
v,-58.47720939503205,7.522790604967948,1000
i,-45.62038084534011,89.37961915465989,1000
g,-92.81722542841727,40.182774571582726,1000
n,-22.040998465210887,52.95900153478912,1000
o,-7.061457533126975,12.938542466873024,1000
n,-80.55454329638674,19.44545670361326,1000
v,-55.78668554411061,27.21331445588939,1000
c,-25.01103742770624,18.98896257229376,1000
r,0.36957803045225557,94.36957803045226,1000
b,-3.193689250436629,84.80631074956337,1000
q,-78.8858995785845,46.1141004214155,1000
h,-67.45477874603628,61.545221253963724,1000
o,-4.47791393286516,87.52208606713484,1000
k,-4.046239231251328,46.95376076874867,1000
h,-86.21566275204758,70.78433724795242,1000
x,-9.244890569859916,56.75510943014008,1000
c,-27.748501915208614,26.251498084791386,1000
n,-21.8508873214838,75.1491126785162,1000
r,-25.28472892963252,16.71527107036748,1000
o,-39.359837423501475,37.640162576498525,1000
i,-32.60386176340889,77.39613823659111,1000
v,-32.30548991461513,65.69451008538488,1000
r,-83.93167814047683,78.06832185952317,1000
o,-28.921209461430298,42.078790538569706,1000
e,-47.905583338974104,19.094416661025893,1000
w,-30.49019660536962,82.50980339463038,1000
j,-86.16707893288823,74.83292106711177,1000
e,-78.26674203705542,64.73325796294458,1000
a,-56.461797961037185,30.53820203896281,1000
j,-84.78530607554401,53.214693924455986,1000
h,-68.58984665483156,74.41015334516844,1000
x,-12.22154585932553,30.77845414067447,1000
x,-37.64093266657924,18.359067333420757,1000
w,-45.431385566799314,53.568614433200686,1000
k,-47.57206097731651,97.42793902268349,1000
g,-96.7401765192588,34.259823480741204,1000
a,-14.910560476187513,51.08943952381249,1000
h,-74.69112162271733,26.30887837728266,1000
z,-12.208115702443317,60.791884297556685,1000
q,-75.89752006055059,83.10247993944941,1000
s,-49.27630710216078,86.72369289783923,1000
c,-72.00957524473395,21.990424755266048,1000
w,-51.078250097570326,86.92174990242967,1000
p,-31.907434677077106,3.0925653229228933,1000
q,-87.03028787882505,4.969712121174947,1000
q,-71.70056949772759,52.299430502272415,1000
q,-59.14290398631211,63.85709601368789,1000
g,-10.721548642424345,90.27845135757566,1000
p,-66.4210086652692,2.5789913347308038,1000
n,-87.73182430810522,32.26817569189478,1000
t,-82.05531677665665,79.94468322334335,1000
p,-1.4654956659293985,41.534504334070604,1000
p,-71.93619306975397,87.06380693024603,1000
s,-69.84199609528218,44.15800390471781,1000
a,-34.94025997984936,24.059740020150638,1000
z,-76.39892157684092,37.60107842315908,1000
y,-90.29253345279378,60.70746654720623,1000
b,-87.4724664424104,86.5275335575896,1000
g,-74.6755047961574,78.3244952038426,1000
k,-88.7047767768492,66.2952232231508,1000
s,-95.27117788309566,56.72882211690433,1000
n,-39.291666535831524,87.70833346416848,1000
u,-87.3035120516128,11.696487948387198,1000
p,-80.94079498547978,67.05920501452022,1000
r,-76.0471544462764,91.9528455537236,1000
p,-75.51650499233612,17.48349500766388,1000
e,-57.14879107328175,62.85120892671825,1000
v,-90.78140352129537,38.218596478704626,1000
c,-78.34324843381363,59.65675156618637,1000
h,-68.38773061273687,25.612269387263122,1000
s,-19.51695122566561,15.483048774334389,1000
j,-70.94546060439725,22.05453939560275,1000
d,-33.735724495075246,57.264275504924754,1000
y,-89.94827721268132,66.05172278731868,1000
k,-10.080142145077465,82.91985785492254,1000
o,-35.145557220168705,98.85444277983129,1000
h,-34.91209318965097,85.08790681034904,1000
b,-39.36588313925411,46.63411686074589,1000
a,-57.36424900537225,28.635750994627752,1000
p,-97.87752410491707,74.12247589508293,1000
m,-54.44139233909654,71.55860766090346,1000
g,-90.12331338312495,56.87668661687505,1000
d,-91.48353217494243,26.51646782505758,1000
q,-30.15049902037778,90.84950097962222,1000
h,-6.082034275744047,71.91796572425595,1000
p,-45.39690802028469,84.60309197971532,1000
s,-14.22179579716755,65.77820420283246,1000
p,-94.56342373920423,53.436576260795775,1000
z,-70.63747935914215,35.36252064085786,1000
b,-62.67619737042315,48.32380262957685,1000
e,-7.530319491082594,63.469680508917406,1000
b,-58.916303020855935,37.083696979144065,1000
f,-80.03581826873591,23.964181731264087,1000
t,-25.162514039537243,12.837485960462757,1000
x,-13.96452891500842,50.03547108499158,1000
n,-77.08469293776785,42.915307062232145,1000
s,-49.598466975296105,68.4015330247039,1000
a,-78.96908607407279,91.03091392592721,1000
h,-19.744249438944294,56.255750561055706,1000
k,-28.391787625577443,14.608212374422557,1000
n,-11.001896661234033,34.998103338765965,1000
i,0.6011940334454279,29.601194033445427,1000
e,-79.15764768460876,78.84235231539124,1000
f,-64.98557648412766,49.014423515872345,1000
s,-42.432317651421926,42.567682348578074,1000
u,-30.10815616137712,33.891843838622876,1000
b,-71.33206711469238,9.66793288530762,1000
g,-64.33439929491931,87.66560070508069,1000
d,-3.4313149740758897,49.56868502592411,1000
a,-30.342320704066143,26.657679295933857,1000
u,-54.95848403139642,70.04151596860359,1000
k,-87.08080926766712,12.919190732332883,1000
l,-49.51199250382628,2.488007496173723,1000
b,-28.434231611974315,1.5657683880256847,1000
i,-86.72176237585626,38.278237624143735,1000
l,-5.852849934715728,14.147150065284272,1000
j,-2.802139825779392,67.19786017422061,1000
e,-55.08850504578716,52.91149495421284,1000
b,-50.57075045821546,30.429249541784547,1000
k,-67.89768239179882,40.102317608201176,1000
g,-29.966707503656536,92.03329249634346,1000
k,-80.44356409528649,23.556435904713506,1000
a,-18.594931801329853,79.40506819867015,1000
e,-91.756684072901,2.243315927099006,1000
l,-59.78991008074282,44.21008991925718,1000
g,-54.807093860549735,85.19290613945026,1000
r,-51.09449541843271,18.905504581567293,1000
l,-66.8180448453798,85.1819551546202,1000
d,-19.60660238695027,82.39339761304973,1000
d,-35.68795399941831,49.31204600058169,1000
z,-75.65124552252065,3.34875447747934,1000
l,-81.55867573674429,79.44132426325571,1000
v,-63.022498266993956,8.977501733006042,1000
d,-86.6886311284943,44.31136887150571,1000
n,-64.41238027415585,73.58761972584415,1000
l,-66.4339839490384,88.5660160509616,1000
r,-96.42686169604967,59.57313830395034,1000
w,-18.869983897106785,40.130016102893215,1000
x,-13.249183439698886,16.750816560301114,1000
h,-68.92766302844251,45.07233697155749,1000
