j,-64.479413888225,39.520586111775,100
f,-22.614038670636102,3.3859613293638975,100
a,-21.857532613840696,90.1424673861593,100
l,-74.97459908246012,7.025400917539889,100
s,-95.53740809463363,26.462591905366363,100
i,-49.05280975794157,83.94719024205844,100
z,-7.864068057555067,38.135931942444934,100
w,-6.983487905423603,87.0165120945764,100
e,-87.36399584778098,97.63600415221902,100
w,-74.77301335681706,5.226986643182937,100
d,-66.50303340678018,92.49696659321982,100
p,-87.27105349308638,43.728946506913616,100
l,-70.15795636544848,93.84204363455152,100
v,-22.696623868026357,5.303376131973644,100
q,-47.24576299635169,66.75423700364831,100
h,-29.14166583871834,56.85833416128166,100
z,-9.531309694882077,16.46869030511792,100
t,-20.19201391314367,89.80798608685633,100
a,-52.56195797651999,14.438042023480005,100
f,-7.1149279668128615,60.885072033187136,100
m,-21.707977731593033,56.29202226840697,100
v,-56.952193200171706,15.047806799828294,100
x,-7.123235106706182,82.87676489329382,100
e,-17.712384983740495,48.28761501625951,100
n,-61.59498160478799,69.40501839521201,100
k,-34.24810086698124,27.751899133018757,100
a,-78.16279544030682,58.837204559693184,100
g,-15.919821131765326,72.08017886823467,100
j,-13.216398520287564,33.78360147971244,100
o,-37.49693204958534,74.50306795041466,100
m,-68.06505620813918,94.93494379186082,100
m,-47.16625176473591,29.83374823526409,100
t,-84.91657686862479,5.0834231313752145,100
r,-57.435118067339495,18.5648819326605,100
j,-30.05211509389184,64.94788490610816,100
k,-80.25850053087969,7.741499469120315,100
s,-47.40980928878113,89.59019071121887,100
l,-29.064091716601332,38.93590828339867,100
s,-18.63700435947294,57.36299564052706,100
e,-2.5388775155280694,65.46112248447193,100
c,-8.563810503816487,7.436189496183513,100
j,-2.168286352068711,15.83171364793129,100
u,-36.29664496350831,82.7033550364917,100
z,-15.09608323734783,93.90391676265217,100
z,-44.32779207751816,16.67220792248184,100
q,-31.258253148972457,10.741746851027541,100
s,-82.84587321796346,72.15412678203654,100
n,-17.206190882149986,65.79380911785002,100
m,-38.91323920082842,76.08676079917157,100
n,-4.397428257786591,9.60257174221341,100
s,-15.672368333102478,17.327631666897524,100
e,-9.806224898696806,53.193775101303196,100
f,-17.07230133818906,81.92769866181094,100
s,-53.97202914310693,7.02797085689307,100
q,-78.9630075403077,8.036992459692302,100
a,-65.83350550424979,71.16649449575021,100
k,-31.04842468276435,77.95157531723565,100
o,-34.059155516350884,70.94084448364912,100
q,-31.040451864994594,97.9595481350054,100
z,-37.525681402138716,84.47431859786128,100
j,-67.57621780987446,10.42378219012554,100
g,-93.90135782923912,11.098642170760876,100
o,-42.67270326024263,75.32729673975737,100
a,-24.79987062822613,43.20012937177387,100
u,-32.076010444672335,44.923989555327665,100
i,-48.677542241594836,11.322457758405164,100
y,-6.416006963375711,69.58399303662429,100
y,-55.90236686226963,64.09763313773037,100
q,-41.94643247252448,47.05356752747552,100
s,-41.47844715699086,73.52155284300913,100
d,-92.29844779005423,30.70155220994578,100
i,-2.6140457978410554,55.38595420215894,100
e,-41.64741817315732,87.35258182684268,100
o,-18.29847037402911,47.70152962597089,100
h,-40.91809753108116,85.08190246891884,100
c,-80.01860179917311,28.98139820082689,100
k,-85.87663441732194,11.123365582678069,100
z,-89.2061660635002,15.793833936499798,100
x,-46.94622815206475,49.05377184793525,100
f,-46.30571206103188,6.694287938968116,100
q,-23.09559918808104,87.90440081191896,100
j,-17.112449715981516,17.887550284018484,100
o,-72.85950349952589,6.140496500474114,100
m,-35.77158335342564,83.22841664657436,100
j,-42.74061505121531,20.259384948784696,100
g,-68.37697843029854,88.62302156970146,100
u,-50.104717231154794,70.8952827688452,100
v,-68.74946373598725,19.250536264012755,100
h,-60.14594299890759,51.85405700109241,100
p,-79.00957819637135,63.99042180362865,100
b,-16.920878951478414,40.079121048521586,100
p,-5.2931820062257,67.7068179937743,100
a,-6.5875598155425745,72.41244018445742,100
v,-0.32308625982710426,23.676913740172896,100
l,-50.995404063109476,93.00459593689052,100
b,-82.85468782647278,70.14531217352722,100
t,-20.77272662926414,26.22727337073586,100
b,-69.15419233412514,80.84580766587486,100
k,-18.10738357567097,96.89261642432903,100
c,-37.56234875857227,27.43765124142773,100
o,-63.686652224406885,80.31334777559312,100
j,-15.528270857091606,35.471729142908394,100
w,-91.53933785607178,34.46066214392821,100
f,-6.914352557373094,64.08564744262691,100
c,-15.247466087008103,33.7525339129919,100
s,-35.37417549581386,77.62582450418614,100
s,-37.851348182634645,18.148651817365355,100
w,-95.29783673471114,66.70216326528886,100
o,-44.2901062015943,86.7098937984057,100
c,-50.54801325231014,40.45198674768986,100
w,-25.626362164859913,92.37363783514009,100
w,-94.1992900874258,80.8007099125742,100
g,-82.69475720154952,50.30524279845048,100
r,-90.63423826254854,95.36576173745146,100
c,-67.81555001817078,21.18444998182921,100
t,-55.63461825329744,52.36538174670256,100
w,-88.87744227399807,22.12255772600193,100
v,-63.68537896712081,32.31462103287919,100
n,-64.31329066451003,34.68670933548996,100
j,-38.048464168828374,60.951535831171626,100
d,-7.404120829516867,34.59587917048313,100
u,-9.646038555210776,6.353961444789224,100
c,-67.91127408840613,77.08872591159387,100
u,-44.75982207918601,89.24017792081399,100
m,-19.222928820028713,74.77707117997129,100
x,-21.161580336766647,56.83841966323335,100
l,-7.1413361929850065,42.85866380701499,100
v,-24.146227745520907,97.8537722544791,100
i,-79.5159844918664,88.4840155081336,100
s,-62.84017344299302,95.15982655700698,100
i,-27.801551162094896,17.198448837905104,100
y,-31.972179528321405,98.0278204716786,100
o,-5.218819765917828,4.781180234082172,100
g,-53.08524301410605,10.91475698589395,100
t,-1.004782734278304,21.995217265721696,100
n,-11.738045279841392,83.26195472015861,100
o,-33.25181377558955,59.74818622441045,100
f,-3.185590346134332,4.814409653865668,100
e,-86.25005055394186,14.749949446058137,100
z,-82.0472282295787,21.952771770421297,100
d,-50.659551287119335,20.34044871288066,100
h,-53.62706280856238,18.37293719143762,100
h,0.8941970030516306,68.89419700305163,100
o,-47.538351185128874,60.461648814871126,100
k,-26.820299943174174,25.179700056825826,100
y,-18.808826842813346,80.19117315718665,100
s,-72.97869363942627,4.021306360573731,100
k,-19.768368533342294,30.231631466657706,100
s,-73.29549791026425,16.704502089735755,100
s,-56.24708846785914,75.75291153214086,100
n,-35.570426306110576,92.42957369388942,100
t,-89.14829991032028,65.85170008967972,100
j,-57.36122640407709,27.638773595922913,100
x,-78.36529521397352,31.63470478602648,100
q,-97.44110969565911,63.55889030434089,100
v,-28.13368574649991,80.8663142535001,100
t,-73.82776103772038,9.172238962279621,100
i,-59.5915308983895,92.40846910161049,100
k,-55.56204720618401,61.43795279381599,100
l,-86.34094428194916,49.65905571805084,100
e,-39.60460861728753,90.39539138271246,100
i,-50.389679342397656,31.61032065760234,100
f,-17.8536735149059,92.1463264850941,100
d,-50.46626820426574,67.53373179573427,100
v,-29.598502221126726,29.401497778873274,100
z,-84.04942350798156,82.95057649201844,100
g,-58.0409617022269,61.9590382977731,100
h,-71.59344197009419,37.40655802990582,100
y,-27.900833343489953,77.09916665651005,100
e,-37.03708065382444,27.96291934617556,100
k,-55.272121079101474,74.72787892089853,100
w,-67.06945005160476,1.9305499483952357,100
r,-75.95234680726495,50.047653192735055,100
z,-26.23077617067232,40.76922382932768,100
q,-26.60309098157248,47.39690901842752,100
z,-70.93761599385687,48.06238400614314,100
a,-20.601686934284906,24.398313065715094,100
v,-49.27789978751771,45.72210021248229,100
u,-49.88327883890375,5.116721161096254,100
e,-1.46290971549639,25.53709028450361,100
c,-6.290733242665114,72.70926675733489,100
y,-56.17229705047825,40.82770294952175,100
i,-64.9575893160634,45.042410683936595,100
b,-18.08605013047888,35.91394986952112,100
y,-12.21795795182453,61.78204204817547,100
w,-82.84472650642338,2.155273493576618,100
g,-21.959890091654426,27.040109908345574,100
n,-23.0080530241858,63.9919469758142,100
j,-55.753545395038756,56.246454604961244,100
z,-24.066893680545487,0.9331063194545125,100
v,-19.964607180451978,97.03539281954802,100
s,-5.912983576191234,20.087016423808766,100
v,-42.8828213972255,8.1171786027745,100
y,-32.2288163374216,54.7711836625784,100
q,-48.83346013796681,13.166539862033188,100
b,-56.69628741064092,45.30371258935908,100
j,-69.06189344928227,47.93810655071774,100
t,-92.5825901124669,84.4174098875331,100
o,-12.758409606799724,6.241590393200276,100
r,-85.76378114500801,28.236218854991996,100
q,-88.87219299663995,79.12780700336005,100
z,-56.321992820223194,26.678007179776806,100
o,-54.49356045795791,83.50643954204209,100
k,-95.39824397364222,87.60175602635778,100
g,-76.68130005951114,14.318699940488857,100
n,-95.45175438181651,32.54824561818349,100
e,-94.65358240115883,52.34641759884118,100
x,-43.565392941492426,25.43460705850757,100
g,-96.71213063006745,41.28786936993255,100
n,-7.176333362345517,2.8236666376544837,100
t,-92.38096796336735,94.61903203663265,100
c,-81.43579388772332,65.56420611227668,100
p,-0.7301463415628783,29.26985365843712,100
k,0.29293665258965107,19.292936652589653,100
d,-52.48560240207309,43.51439759792691,100
w,-93.38132307905781,86.61867692094219,100
m,-18.854424767843792,81.1455752321562,100
f,-89.43279995888896,44.56720004111103,100
b,-38.410903594260695,90.58909640573931,100
h,-84.68213425524078,75.31786574475922,100
d,-5.240506468581797,83.7594935314182,100
x,-88.31231657505158,86.68768342494842,100
q,-54.34695293387101,8.653047066128988,100
y,-69.97750702636024,79.02249297363976,100
p,-62.29373698011152,16.706263019888482,100
l,-49.63874230406138,19.36125769593862,100
i,-74.25326662091445,79.74673337908555,100
i,-58.967098654349556,43.032901345650444,100
q,-27.91668995867491,98.08331004132509,100
q,-37.1882382675835,90.8117617324165,100
k,-38.5621387165077,58.4378612834923,100
w,-28.199276419671843,7.800723580328157,100
g,-74.80524153988674,26.194758460113267,100
h,-33.123504676409695,90.8764953235903,100
e,-26.92312116683999,81.07687883316001,100
i,-40.20493144127944,75.79506855872056,100
d,-58.49985176442724,9.50014823557276,100
p,-19.098367802676307,48.90163219732369,100
m,-11.377081188823047,69.62291881117696,100
y,-51.527634028832985,10.472365971167013,100
y,-77.18702924206777,61.81297075793224,100
p,-56.04047355683189,61.95952644316811,100
j,-97.92334991356046,52.07665008643955,100
n,-7.612463807418838,63.38753619258116,100
m,-16.590916906237222,22.409083093762778,100
u,-75.297483513393,87.702516486607,100
h,-10.836806916642685,1.1631930833573156,100
m,-13.675045672523819,75.32495432747618,100
y,-44.62516250585065,34.37483749414935,100
f,-19.200422024910786,51.799577975089214,100
y,-91.9949392367694,4.0050607632306034,100
