l,-72.08607862908184,16.913921370918157,1500
i,-76.54646805711536,94.45353194288464,1500
v,-34.49779328947026,89.50220671052975,1500
q,-14.946070379997227,44.053929620002776,1500
t,-18.78509465159739,80.21490534840261,1500
z,-47.9551619776193,14.044838022380706,1500
b,-92.82331731727085,41.17668268272915,1500
y,-58.43068626339084,2.5693137366091587,1500
n,-34.351828366405776,97.64817163359423,1500
f,-4.938504308515016,54.061495691484986,1500
g,-12.39551006449316,26.604489935506837,1500
j,-79.67096317325226,56.32903682674774,1500
m,-69.9696830302708,75.0303169697292,1500
p,-81.73124773187851,77.26875226812149,1500
o,-74.10814598584797,30.89185401415203,1500
j,-27.856600651176773,45.14339934882323,1500
z,-78.22870981376875,28.77129018623125,1500
m,-97.67679708262197,46.32320291737803,1500
l,-94.45011792931672,66.54988207068328,1500
i,-14.619821142061944,42.380178857938056,1500
p,-72.86206397661887,34.13793602338113,1500
u,-77.39383987659423,32.60616012340577,1500
i,-85.47820240248896,51.52179759751103,1500
m,-59.02634047947905,24.973659520520947,1500
z,-46.54109032804384,15.458909671956153,1500
y,-6.473653543188368,12.526346456811632,1500
n,-40.946108719076285,93.05389128092372,1500
t,-29.743956900785676,79.25604309921432,1500
q,-22.516234449065028,24.483765550934972,1500
k,-20.53364841575482,45.46635158424518,1500
o,-32.510615316662076,36.489384683337924,1500
l,-91.42927553563663,49.57072446436337,1500
v,-40.50367311023058,42.49632688976942,1500
x,-2.288884366802726,35.711115633197274,1500
s,-53.80385525862535,55.19614474137465,1500
j,-78.71176102793783,37.288238972062175,1500
t,-90.06682805307496,68.93317194692504,1500
z,-31.422135934043894,43.577864065956106,1500
o,-32.081755323743934,95.91824467625607,1500
h,-62.87464880924974,0.1253511907502619,1500
q,-65.39834821120317,19.60165178879683,1500
t,-19.21307910624445,13.786920893755552,1500
t,-7.495045173065014,17.504954826934988,1500
i,-85.04636692280386,41.95363307719614,1500
q,-78.20559665687492,27.79440334312508,1500
g,-74.65967836509692,41.340321634903084,1500
c,-61.933780132710964,52.066219867289036,1500
t,-70.76513568216211,5.234864317837895,1500
s,-4.349430704197442,86.65056929580255,1500
g,-60.382158242063014,76.61784175793699,1500
k,-94.32316560322285,63.67683439677715,1500
y,-88.63033660305014,10.369663396949857,1500
y,-71.61666192560386,5.383338074396141,1500
n,-76.00380167888056,85.99619832111944,1500
c,-46.365888477855336,69.63411152214466,1500
c,-22.84627943926089,83.15372056073912,1500
w,-62.88463542068729,69.11536457931271,1500
l,-64.38456511489309,71.61543488510691,1500
m,-90.0162355939432,31.98376440605681,1500
t,-67.30451030301317,73.69548969698683,1500
s,-75.79647991999592,1.2035200800040775,1500
d,-92.46818991981394,9.53181008018606,1500
e,-57.77876617136224,83.22123382863776,1500
s,-31.57683321972317,81.42316678027683,1500
e,-41.596755408716916,84.40324459128308,1500
d,-31.335904787348603,38.6640952126514,1500
j,-92.66364835732226,88.33635164267774,1500
e,-90.99433557900687,8.005664420993133,1500
h,-13.31973472756831,79.68026527243168,1500
m,-32.72060687567019,31.279393124329808,1500
r,-23.176461612984898,89.8235383870151,1500
z,-70.65860832298067,63.34139167701933,1500
m,-52.93836530566132,83.06163469433868,1500
k,-45.27038008569726,80.72961991430275,1500
u,-61.048410898112195,15.951589101887809,1500
b,-74.49653501043929,10.503464989560714,1500
k,-33.12328291252366,1.8767170874763366,1500
w,-55.42344226560601,34.57655773439399,1500
i,-55.00806046599841,3.991939534001586,1500
t,-67.26178168201574,97.73821831798426,1500
m,-77.14798122300186,72.85201877699814,1500
s,-87.26176360378341,39.738236396216585,1500
i,-42.842937004020236,15.157062995979766,1500
s,-51.27340189022411,15.726598109775889,1500
y,-44.94540878971553,49.05459121028447,1500
y,-16.071365344559112,89.92863465544089,1500
i,-3.7824097455359866,17.217590254464014,1500
h,-29.475578246148796,26.524421753851204,1500
h,-87.38144493978376,88.61855506021624,1500
k,-23.233651716421864,60.76634828357814,1500
i,-72.21605140052668,58.78394859947333,1500
l,-96.1709174961297,63.829082503870296,1500
x,-21.1030640010206,56.8969359989794,1500
d,-52.22414517971141,42.77585482028859,1500
g,-41.86680215245607,83.13319784754394,1500
x,-75.38854528597854,54.611454714021455,1500
n,-85.62567950367853,83.37432049632147,1500
i,-14.39932703001972,28.60067296998028,1500
t,-49.95763918122221,80.0423608187778,1500
t,-51.28340059461752,28.71659940538248,1500
x,-9.755881322447273,67.24411867755273,1500
v,-53.91302052359773,33.08697947640227,1500
c,-4.641537735853668,63.35846226414633,1500
c,-33.952867696660455,92.04713230333954,1500
s,-68.76159808975775,50.23840191024224,1500
e,-61.11275951070249,53.88724048929751,1500
o,-53.2022737863168,33.7977262136832,1500
k,-71.81533589760305,7.184664102396958,1500
b,-41.91455174910607,0.08544825089393304,1500
k,-46.26969288779675,43.73030711220325,1500
z,-67.8777855700496,10.122214429950402,1500
e,-92.85259963451747,90.14740036548253,1500
h,-3.352152816778313,24.64784718322169,1500
w,-50.832101891831805,87.1678981081682,1500
s,-3.926253246370479,71.07374675362952,1500
j,-24.35482706287262,18.64517293712738,1500
v,-0.6364824244743732,40.36351757552563,1500
v,-25.972269236019073,35.02773076398093,1500
r,-40.572274827632945,15.427725172367051,1500
e,-51.646616895837674,30.353383104162326,1500
g,-67.91795366733605,5.0820463326639524,1500
g,-12.489499209664856,26.510500790335144,1500
m,-91.25997597240358,26.740024027596416,1500
q,-78.45263122120612,59.54736877879388,1500
t,-14.218142732926232,59.78185726707377,1500
y,-43.47952735079971,3.520472649200296,1500
v,-14.90610751780232,49.09389248219768,1500
h,-39.05328919225465,71.94671080774535,1500
a,-1.9401250956273632,92.05987490437263,1500
c,-19.13716737127299,20.86283262872701,1500
d,-11.048183362736635,61.95181663726336,1500
l,-67.07475866879544,77.92524133120456,1500
q,-4.658639711397373,81.34136028860263,1500
m,-87.13247262309642,41.86752737690358,1500
j,-55.25796067721726,48.74203932278274,1500
s,-34.49233793810861,85.5076620618914,1500
t,-65.2798119340888,75.7201880659112,1500
y,-91.32418377391494,60.67581622608506,1500
g,-0.866351457326517,65.13364854267348,1500
r,-26.659729619518863,6.340270380481138,1500
m,-73.49407589163394,71.50592410836606,1500
h,-62.270691040556514,85.72930895944349,1500
q,-17.83571109048994,12.16428890951006,1500
b,-61.6653377558293,37.3346622441707,1500
y,-80.16750031944818,74.83249968055182,1500
h,-64.77166230323657,35.22833769676343,1500
m,-25.177395061868715,66.82260493813128,1500
j,-36.97052659260369,61.02947340739631,1500
x,-44.98822413870426,97.01177586129573,1500
e,-77.49200936229705,85.50799063770295,1500
q,-36.34430554848074,5.65569445151926,1500
j,-14.830646518042395,57.16935348195761,1500
r,-75.19833291354988,23.801667086450124,1500
o,-42.340567121730636,68.65943287826936,1500
k,-53.1618041963067,38.8381958036933,1500
j,-88.84473815826561,42.15526184173438,1500
x,-29.847092784076306,45.15290721592369,1500
q,-83.75925223492486,17.240747765075145,1500
g,-55.024245799941674,47.975754200058326,1500
n,-12.616776146380266,67.38322385361974,1500
c,-70.36872731717595,62.631272682824054,1500
r,-77.55207659185584,31.44792340814417,1500
c,-22.6555825733887,33.3444174266113,1500
n,-19.20598047777553,43.79401952222447,1500
d,-27.314311308179583,42.68568869182042,1500
i,-30.356858573529617,60.643141426470386,1500
l,-6.592004982962422,34.40799501703758,1500
o,-92.20400959985774,47.795990400142266,1500
g,-41.451886170742156,91.54811382925784,1500
a,-47.6215948208177,4.378405179182302,1500
j,-41.768025552929956,36.231974447070044,1500
m,-31.65897211448096,90.34102788551904,1500
k,-72.45357431001203,56.54642568998797,1500
u,-13.591338882197025,66.40866111780298,1500
t,-33.198507166207314,29.801492833792686,1500
z,-34.8689946537263,28.131005346273703,1500
h,-89.01296094892196,45.987039051078035,1500
c,-20.091681887270703,90.9083181127293,1500
z,-67.37235997886965,59.62764002113035,1500
s,-57.0508366079862,96.9491633920138,1500
z,-70.86706673950857,44.132933260491434,1500
v,-45.52009162792993,21.47990837207007,1500
w,-63.194255941966105,71.8057440580339,1500
h,-5.343758253308254,38.65624174669175,1500
e,-22.82482641679276,49.17517358320724,1500
x,-69.79974364295042,38.200256357049575,1500
b,-88.5975402771362,72.4024597228638,1500
p,-5.446130686207378,82.55386931379262,1500
q,-50.83877199617667,1.1612280038233327,1500
q,-93.26089702336395,27.73910297663605,1500
x,-13.596166478793686,86.40383352120631,1500
h,-65.69491685486952,71.30508314513048,1500
u,-12.934691900434286,54.06530809956571,1500
z,-11.43727874811634,63.56272125188366,1500
c,-84.4596053207178,92.5403946792822,1500
z,-84.67627432775552,83.32372567224448,1500
t,-79.15393260680385,28.846067393196154,1500
g,-94.16658932357863,25.83341067642137,1500
k,-29.070013626763945,86.92998637323605,1500
a,-63.796627201595726,28.20337279840427,1500
y,-15.67632714735957,44.32367285264043,1500
i,-97.93884654816273,30.061153451837274,1500
a,-87.78460753628868,46.215392463711325,1500
n,-64.69840822622619,5.301591773773808,1500
c,-63.72929495623365,31.270705043766352,1500
w,-76.33304777449844,9.666952225501564,1500
r,-70.29255957017801,64.70744042982199,1500
b,-62.137403830704166,75.86259616929583,1500
s,-75.86196905555205,97.13803094444795,1500
x,-49.41112641371417,73.58887358628583,1500
p,-21.096412934014143,37.90358706598586,1500
h,-37.88472242876934,7.115277571230663,1500
v,-87.43566851226109,25.564331487738908,1500
z,-7.928323273601266,37.071676726398735,1500
d,-33.45814479932083,48.54185520067917,1500
z,-45.32213600163269,92.67786399836731,1500
r,-27.626791597978265,34.37320840202174,1500
p,-26.535900536329457,89.46409946367055,1500
i,-18.338697503538633,11.661302496461367,1500
q,-38.74093901796152,25.259060982038477,1500
c,-60.900970789324845,50.099029210675155,1500
l,-78.02375273197299,64.97624726802701,1500
j,-21.224686057639452,80.77531394236054,1500
t,-69.93055898679785,9.069441013202153,1500
j,-72.71867630814286,88.28132369185714,1500
d,-9.150267678566555,13.849732321433445,1500
c,-0.4711781658494191,47.528821834150584,1500
e,-54.89864906344201,27.101350936557996,1500
k,-19.07681327051088,13.923186729489123,1500
d,-55.49151133283443,48.50848866716557,1500
m,-3.5280516728600677,85.47194832713993,1500
j,-16.07067339033562,74.92932660966439,1500
c,-66.30558917136061,10.694410828639393,1500
n,-56.744010747340354,17.255989252659642,1500
x,-91.63381968282353,49.366180317176465,1500
e,-80.34409470943851,69.65590529056149,1500
f,-29.27141272650884,76.72858727349116,1500
u,-67.45751379524324,71.54248620475676,1500
w,-60.30955104744204,71.69044895255796,1500
k,-82.147572663221,80.852427336779,1500
x,-28.337680595890937,27.662319404109063,1500
c,-2.510145709701538,73.48985429029847,1500
g,-87.66917717759661,48.330822822403384,1500
e,-81.16662807207292,66.83337192792708,1500
e,-79.87957524893608,95.12042475106392,1500
j,-60.48174899646394,15.51825100353606,1500
y,-85.25938215348117,97.74061784651883,1500
j,-58.29532286803696,63.70467713196304,1500
u,-56.06762432967186,40.93237567032814,1500
y,-38.874323996574866,36.125676003425134,1500
s,-55.36100007175714,93.63899992824285,1500
