r,-1.7557443420412695,68.24425565795873,1500
w,-96.20420820696931,13.795791793030688,1500
u,-63.748768921869726,35.251231078130274,1500
u,-70.82549292203245,21.174507077967547,1500
i,-10.967552902643797,90.0324470973562,1500
s,-16.617817591071503,82.3821824089285,1500
y,-36.922703229695955,78.07729677030405,1500
b,-32.44646018513958,30.553539814860425,1500
z,-12.833047373296834,11.166952626703166,1500
e,0.14355915620481474,12.143559156204814,1500
d,-96.09689562023239,89.90310437976761,1500
g,-88.32810324250056,63.67189675749943,1500
z,-93.77956590290424,92.22043409709576,1500
d,-87.42322604889438,79.57677395110562,1500
z,-24.485636219927333,29.514363780072667,1500
c,-5.939783534044531,3.06021646595547,1500
a,-68.46398079666446,55.536019203335535,1500
s,-4.68701488705449,82.31298511294551,1500
z,-21.787792808434496,6.212207191565502,1500
b,-60.324240824944155,36.675759175055845,1500
e,-62.38144244642597,66.61855755357402,1500
g,-37.63130509537099,1.3686949046290118,1500
o,-34.91504510506654,30.084954894933464,1500
z,-37.5649031571243,47.4350968428757,1500
k,-21.114528739771586,86.88547126022841,1500
r,-16.939914089617194,16.060085910382806,1500
p,-91.90592254735455,77.09407745264545,1500
u,-80.65526894943973,39.34473105056026,1500
t,-79.84981349100461,93.15018650899539,1500
u,-96.56961881328608,53.43038118671391,1500
u,-19.190853264498312,80.80914673550168,1500
v,-47.28596606081988,97.71403393918011,1500
o,-75.19055968140732,1.809440318592679,1500
j,-46.01481816461054,23.985181835389458,1500
s,-66.97250874246151,93.02749125753849,1500
q,-25.296245018748944,56.70375498125106,1500
x,-27.43919177202733,29.56080822797267,1500
e,-32.687894975489,7.3121050245109975,1500
k,-58.823472251325086,68.17652774867491,1500
c,-50.81054833244705,34.18945166755295,1500
i,-36.65438487294558,69.34561512705443,1500
o,-18.275741314291302,68.72425868570869,1500
e,-46.66134835791756,80.33865164208244,1500
n,-68.05198918195457,63.948010818045425,1500
j,-34.99197342925226,69.00802657074773,1500
x,-90.16112179070068,0.838878209299318,1500
x,-73.9624928504327,91.0375071495673,1500
r,-7.412645136957724,43.58735486304228,1500
w,-3.0784121605190147,14.921587839480985,1500
x,-41.05102740201697,37.94897259798303,1500
p,-31.702058170763703,68.2979418292363,1500
j,-13.462905158005027,27.53709484199497,1500
u,-42.049594644946986,91.95040535505301,1500
p,-75.07695921909158,73.92304078090842,1500
g,-47.04265419866811,51.95734580133189,1500
e,-44.4606447320068,85.5393552679932,1500
v,-11.06203452373484,91.93796547626516,1500
z,-36.94061199094232,90.05938800905768,1500
l,-7.498203500911062,84.50179649908894,1500
x,-61.90267490730736,48.09732509269264,1500
i,-56.976866294706596,52.023133705293404,1500
c,0.6345458876565423,86.63454588765654,1500
q,-38.49654345498071,92.50345654501929,1500
z,-17.081040879167254,41.918959120832746,1500
m,-92.45791270621255,43.542087293787446,1500
c,-43.05256639422957,10.94743360577043,1500
c,-80.07902779770042,23.92097220229958,1500
p,-28.70695764489056,43.29304235510944,1500
i,-41.21868500573926,52.78131499426074,1500
s,-75.78388985925011,12.216110140749894,1500
h,-15.975094663163397,63.0249053368366,1500
f,-22.574743023040817,72.42525697695919,1500
v,-67.11186794188608,63.88813205811393,1500
z,-10.297766488847243,50.702233511152755,1500
x,-20.55244722112399,88.447552778876,1500
q,-67.45196408555718,62.54803591444282,1500
l,-8.414123393236446,75.58587660676355,1500
g,-7.485722969027227,93.51427703097278,1500
a,-3.618786314761926,27.381213685238073,1500
w,-58.68774716514585,11.312252834854148,1500
b,-86.94977495945886,92.05022504054114,1500
q,-10.09958404734615,37.90041595265385,1500
u,-37.318925398900674,19.681074601099326,1500
l,-75.51169428575952,0.4883057142404834,1500
r,-7.37411421615198,3.62588578384802,1500
h,-5.773709893421978,64.22629010657802,1500
h,-38.134665916104005,68.865334083896,1500
n,-19.02686219841055,62.97313780158945,1500
t,-90.03897228925617,63.96102771074384,1500
o,-43.90223994207622,93.09776005792378,1500
l,0.30402263917855754,1.3040226391785574,1500
p,-17.470144481266196,91.5298555187338,1500
l,-44.37556992136042,77.62443007863958,1500
h,-2.357752323663282,95.64224767633672,1500
h,-94.68097965855557,19.319020341444425,1500
a,-41.685343652623686,8.314656347376314,1500
w,-86.03395660648094,7.966043393519064,1500
k,-32.81839747025087,25.181602529749128,1500
i,-80.65139908048747,62.348600919512535,1500
x,-54.11196250483472,61.88803749516528,1500
p,-33.28285420550134,58.71714579449866,1500
e,-96.25415280221748,66.74584719778252,1500
c,-54.67424405379945,44.32575594620055,1500
a,-37.587757860205315,81.41224213979469,1500
v,-9.030863682839405,20.969136317160594,1500
w,-97.11142068029966,51.88857931970034,1500
w,-68.3848430714714,44.6151569285286,1500
w,-55.64108156304773,57.35891843695227,1500
d,-17.543464458405804,48.45653554159419,1500
w,-13.721780903760807,86.2782190962392,1500
l,-34.76552395563698,64.23447604436302,1500
k,-88.50202100260165,42.497978997398356,1500
e,-97.77718116214126,98.22281883785874,1500
g,-61.65742436744315,88.34257563255684,1500
k,-60.703969267760144,37.296030732239856,1500
r,-46.59446429736446,75.40553570263553,1500
u,-25.271652006144635,92.72834799385537,1500
s,-65.6365493861435,80.3634506138565,1500
n,-44.03692822502372,11.963071774976274,1500
p,-55.70171971084432,40.29828028915568,1500
s,-95.21073525196353,9.78926474803648,1500
e,-63.1453008007212,27.854699199278798,1500
a,-41.212756106735874,11.787243893264126,1500
f,-50.4435740133696,4.556425986630399,1500
e,-22.971049090682985,81.02895090931702,1500
m,-6.002253035430745,44.99774696456925,1500
i,-53.23267213753635,50.76732786246365,1500
o,-83.06139395673948,52.93860604326053,1500
i,-81.82210028606556,27.17789971393444,1500
r,-79.87714943626135,83.12285056373865,1500
y,-21.978432841466194,62.021567158533806,1500
b,-26.250102083624505,6.749897916375495,1500
o,-73.82469951554037,80.17530048445963,1500
r,-92.28445781832897,75.71554218167103,1500
c,-65.03002658374895,10.969973416251046,1500
r,-75.48577839997006,59.51422160002995,1500
u,-32.41159704415263,81.58840295584737,1500
b,-12.670703167246943,7.329296832753058,1500
g,-42.31102505781829,39.68897494218171,1500
m,-80.85971625801565,62.14028374198434,1500
l,-78.37297188696971,47.6270281130303,1500
h,-71.29345835543894,48.70654164456106,1500
q,-70.77318946500316,24.226810534996837,1500
q,-49.131697669811004,4.868302330188993,1500
f,-27.601025766573386,10.398974233426612,1500
i,-47.44540197447078,52.55459802552922,1500
b,-51.33770536681033,12.662294633189669,1500
d,-70.85587886937783,73.14412113062217,1500
k,-58.0106340797228,15.989365920277201,1500
m,-1.0421899217237,82.9578100782763,1500
x,-4.704051181829811,27.29594881817019,1500
w,-63.9879873359934,36.0120126640066,1500
r,-86.44099719465835,61.55900280534165,1500
x,-38.342948468227846,29.657051531772154,1500
z,-84.69315557682896,88.30684442317104,1500
p,-93.024705445665,87.975294554335,1500
z,-29.10866812074033,27.89133187925967,1500
w,-52.93245859943197,79.06754140056803,1500
g,-88.81248451703094,19.18751548296906,1500
f,-17.878070009766656,42.12192999023335,1500
r,-33.3615407807738,55.6384592192262,1500
o,-65.42598546508088,16.574014534919122,1500
u,-50.62975307907875,33.37024692092125,1500
d,-44.33559796533321,93.6644020346668,1500
x,-58.39596698050313,51.60403301949687,1500
e,-78.15794170425241,45.842058295747584,1500
e,-39.20887472848775,23.791125271512254,1500
n,-11.814564013213996,53.185435986786004,1500
p,-85.10519311600103,92.89480688399897,1500
m,-69.23157893836171,35.7684210616383,1500
w,-62.492859819856896,11.507140180143102,1500
k,-12.475822774991713,59.52417722500829,1500
x,-43.28479417523648,91.71520582476353,1500
j,-64.3880754536865,20.611924546313507,1500
r,-1.439532523908655,90.56046747609135,1500
u,-76.54391327729891,5.456086722701088,1500
x,-81.84753584500736,97.15246415499264,1500
s,-43.68104175375588,27.31895824624412,1500
k,-47.955904856306354,6.0440951436936485,1500
u,-38.57703500019198,68.42296499980802,1500
c,-9.656561121764346,78.34343887823566,1500
e,-65.7190645570553,12.280935442944694,1500
h,-5.567704271624704,29.432295728375294,1500
a,-16.310970158769106,79.68902984123089,1500
w,-53.46963703186883,40.53036296813117,1500
l,-57.86181868852385,49.13818131147615,1500
q,-66.28243609638423,72.71756390361577,1500
m,-32.58931790461597,1.4106820953840322,1500
q,-22.278502594811563,19.721497405188437,1500
w,-77.33628529057438,9.663714709425614,1500
m,-29.205920050293756,79.79407994970624,1500
i,-17.852736356024348,63.14726364397565,1500
f,-41.91714075115065,16.082859248849356,1500
o,-11.258102216500918,2.741897783499082,1500
d,-51.958717458875185,87.04128254112481,1500
r,-3.682699003647399,22.3173009963526,1500
k,-41.970760970567106,4.029239029432897,1500
y,-37.59027805268169,30.40972194731831,1500
e,-95.66066719344488,57.33933280655511,1500
c,-76.78822341797715,70.21177658202285,1500
k,-46.5714458656277,6.428554134372297,1500
r,-82.42500175489732,87.57499824510268,1500
w,-18.714316191953674,10.285683808046326,1500
o,-36.20401979436714,96.79598020563286,1500
q,-61.985618878816304,31.014381121183696,1500
i,-55.07387020366194,61.92612979633806,1500
j,-22.392136430005877,1.607863569994124,1500
z,-1.4190685782482846,7.580931421751716,1500
p,-67.48000343559467,36.51999656440533,1500
s,-69.86565161038601,57.13434838961399,1500
j,-22.718090987825914,81.28190901217408,1500
b,-68.5660425648811,92.4339574351189,1500
x,-69.65304491209363,31.34695508790637,1500
w,-65.31495753439285,9.685042465607147,1500
c,-49.966344721760024,78.03365527823998,1500
c,-76.57089058001173,19.429109419988272,1500
w,-89.4537994648042,47.54620053519579,1500
v,-19.04733124597855,73.95266875402145,1500
f,-36.68448695341697,38.31551304658303,1500
j,-27.695693707507424,92.30430629249257,1500
d,-66.10170772528886,37.898292274711146,1500
h,-30.59020373068591,21.40979626931409,1500
c,-90.70086586988178,59.299134130118226,1500
a,-71.64589802374428,53.35410197625571,1500
l,-56.61009215579224,45.38990784420776,1500
g,-56.79943463932174,76.20056536067827,1500
b,-67.442981199376,41.557018800624,1500
f,-31.1195685166395,15.880431483360502,1500
x,-28.212406607170607,55.78759339282939,1500
i,-15.290496421905901,42.7095035780941,1500
j,-37.10889047167768,60.89110952832232,1500
v,-1.691983789320629,52.30801621067937,1500
t,-28.574230634925822,56.425769365074174,1500
a,-21.318753013973087,67.6812469860269,1500
i,-66.14136913847682,81.85863086152318,1500
j,-84.16036220412623,36.83963779587378,1500
a,-54.50758698842458,22.492413011575422,1500
s,-71.1780785372065,2.8219214627935005,1500
s,-94.92167258020184,74.07832741979816,1500
v,-45.28769343242867,4.712306567571336,1500
l,-4.534823433761932,67.46517656623807,1500
k,-44.47290762536082,55.52709237463918,1500
n,-25.611798498974736,84.38820150102526,1500
l,-14.50040053383698,87.49959946616302,1500
n,-35.31446614908367,96.68553385091633,1500
p,-10.471537638180509,24.528462361819493,1500
f,-47.19726213170151,42.80273786829849,1500
w,-75.52655452138154,7.473445478618457,1500
i,-35.65504942649271,70.34495057350729,1500
v,-49.768592288882076,52.231407711117924,1500
n,-37.09798667307104,34.90201332692896,1500
