f,-92.32582574601463,0.6741742539853746,1500
y,-7.786179100487103,58.213820899512896,1500
s,-25.605750960273305,38.394249039726695,1500
s,-26.21917255876253,7.780827441237469,1500
i,-30.722519651288355,2.277480348711646,1500
d,-25.719310838401665,96.28068916159833,1500
y,-77.56026482561838,14.439735174381626,1500
a,-32.14995003962521,17.850049960374786,1500
o,-34.40041233459405,36.59958766540595,1500
u,-48.07388684793433,48.92611315206567,1500
k,-25.936843297618125,14.063156702381875,1500
f,-93.3437498692904,60.656250130709594,1500
l,-71.58936915178026,73.41063084821974,1500
f,-82.98490780938724,37.01509219061276,1500
r,-36.792581984530244,90.20741801546976,1500
r,-29.802177775114675,34.19782222488532,1500
m,-26.36343498950236,20.63656501049764,1500
v,-97.12153186132342,87.87846813867658,1500
w,-90.62476042902973,66.37523957097027,1500
g,-25.00168963554999,81.99831036445,1500
c,-69.3677978197175,83.6322021802825,1500
b,-17.728744815214796,87.2712551847852,1500
e,-61.18821348050753,31.811786519492472,1500
p,-46.656463500044204,90.3435364999558,1500
v,-76.76545453261735,62.234545467382645,1500
m,-30.36449303522914,17.63550696477086,1500
g,-80.8909359193492,69.1090640806508,1500
y,-69.14888324197376,61.85111675802623,1500
g,-45.23514611015848,2.764853889841521,1500
m,-9.684617361393686,57.315382638606316,1500
m,-62.415075084332955,25.58492491566704,1500
a,-22.370146103689066,26.629853896310934,1500
s,-92.50808918102584,40.491910818974155,1500
v,-72.96951102589344,74.03048897410656,1500
q,-35.889194117045996,41.110805882954004,1500
d,-24.769038259381926,75.23096174061807,1500
m,-76.80507331128642,52.19492668871358,1500
r,-11.524936128511492,12.475063871488508,1500
j,-50.44633240395933,80.55366759604067,1500
k,-24.320898194663364,80.67910180533663,1500
j,-49.943486090864546,69.05651390913545,1500
t,-74.2208335828473,37.7791664171527,1500
j,-4.966998695941703,13.033001304058297,1500
e,-93.85055789531125,42.149442104688745,1500
e,-46.89016172799115,33.10983827200885,1500
x,-36.744726621318875,88.25527337868112,1500
g,-8.179340483635443,46.82065951636456,1500
p,-50.4311973122234,89.5688026877766,1500
r,-57.31562848426671,22.684371515733293,1500
q,-84.27289318449434,15.727106815505662,1500
g,-4.138568401086534,67.86143159891347,1500
x,-57.167236820264776,96.83276317973522,1500
j,-50.49161565407398,48.50838434592602,1500
h,-88.93768170475667,14.062318295243333,1500
c,-16.103823487163133,97.89617651283686,1500
y,-10.68567074028843,71.31432925971157,1500
s,-34.67326743114567,34.32673256885433,1500
i,-31.377274138026976,3.6227258619730236,1500
b,-18.809693518504773,44.19030648149523,1500
u,-31.558768130197826,67.44123186980217,1500
s,-51.18039354043406,88.81960645956595,1500
n,-38.992259290003396,68.0077407099966,1500
o,-70.04466436604059,40.9553356339594,1500
v,-78.07925697228609,18.920743027713915,1500
i,-38.54546948216048,93.45453051783953,1500
u,-82.85990503888874,85.14009496111126,1500
w,-86.11415146289906,65.88584853710094,1500
h,-3.0255697880963295,62.97443021190367,1500
s,-90.21647464977856,75.78352535022144,1500
w,-68.93391418436444,22.066085815635553,1500
v,-81.6100283173552,79.3899716826448,1500
w,-42.39825755546154,2.601742444538462,1500
p,-5.88019222318608,77.11980777681391,1500
u,-81.95980437327223,22.04019562672777,1500
u,-4.0697629245338325,76.93023707546617,1500
f,-96.390657850887,85.609342149113,1500
v,-75.82838900596681,69.17161099403319,1500
p,-11.723622338198386,80.27637766180162,1500
d,-42.55420751052173,13.445792489478269,1500
b,-15.75198960970464,98.24801039029536,1500
x,-52.76243681847211,27.237563181527893,1500
u,-44.407212904460394,30.592787095539606,1500
j,-45.06334786358246,88.93665213641754,1500
z,-42.447671626099506,78.5523283739005,1500
g,-65.28629897703239,43.71370102296761,1500
e,-21.02863532043021,29.97136467956979,1500
f,-38.6820360555852,62.3179639444148,1500
q,-24.63652615968689,25.36347384031311,1500
r,-5.206646453619986,44.79335354638001,1500
x,-45.5002041301681,51.4997958698319,1500
l,-28.991976486004845,96.00802351399516,1500
v,-73.07328302386969,69.92671697613031,1500
j,-74.07146461430287,10.92853538569713,1500
t,-78.57043628379745,21.42956371620255,1500
b,-44.17717994382469,53.82282005617531,1500
k,-12.807137538335281,13.192862461664719,1500
q,-45.56673262083321,57.43326737916679,1500
n,-21.176916437457898,32.8230835625421,1500
o,-39.47007632912528,36.52992367087472,1500
l,-20.9900987395401,65.0099012604599,1500
j,-57.41705192587622,89.58294807412378,1500
b,-88.92609551979737,47.07390448020263,1500
e,-47.3599221787408,16.640077821259197,1500
p,-79.60376001406034,22.396239985939655,1500
f,-0.8594892154130811,6.140510784586919,1500
q,-83.63860277986494,66.36139722013506,1500
h,-34.43840584246212,23.561594157537883,1500
e,-49.72912636170924,92.27087363829077,1500
r,-33.9773828770668,95.0226171229332,1500
c,-85.88838185617116,12.111618143828842,1500
g,-77.81698740090845,36.18301259909156,1500
l,-46.96917777444561,15.03082222555439,1500
e,-58.721175099089436,44.278824900910564,1500
d,-59.22451289612273,23.775487103877268,1500
a,-22.313847183881858,3.6861528161181436,1500
i,-58.07270609222485,67.92729390777515,1500
f,-66.3506669347441,78.6493330652559,1500
u,-25.92235472620799,6.0776452737920135,1500
o,-27.724887994551874,79.27511200544812,1500
e,-32.013996394616534,37.986003605383466,1500
b,-43.16404627699889,55.83595372300111,1500
t,-38.53929013932458,28.46070986067542,1500
w,-23.815046013561325,26.184953986438675,1500
m,-54.231270332188586,31.768729667811414,1500
l,-30.54246099511967,66.45753900488033,1500
y,-23.2310481245056,77.7689518754944,1500
e,-67.7153001134669,49.2846998865331,1500
d,-79.394931626244,36.60506837375599,1500
c,-28.22904733915062,56.77095266084938,1500
k,-42.848595245407886,36.151404754592114,1500
n,-42.60041913274329,72.3995808672567,1500
c,-51.6536553243869,30.346344675613103,1500
l,-37.71981343301806,14.28018656698194,1500
z,-10.435128140920051,77.56487185907994,1500
s,-69.53134442050424,63.46865557949575,1500
n,-21.660069795758194,11.339930204241805,1500
m,-11.491627430833939,34.50837256916606,1500
q,-17.123581906225837,16.876418093774163,1500
g,-1.7793904343995361,39.22060956560046,1500
z,-48.780055718775266,78.21994428122474,1500
o,-83.13919588579124,75.86080411420876,1500
u,-39.77535816505694,78.22464183494306,1500
a,-32.06917928202859,24.930820717971404,1500
h,-16.00604878191385,5.993951218086148,1500
o,-15.36083145580176,91.63916854419824,1500
d,-9.835503085465762,28.164496914534237,1500
s,-16.81825728777823,31.18174271222177,1500
i,-27.75044420128678,20.24955579871322,1500
c,-79.9974081579402,45.0025918420598,1500
t,-77.58956942104363,89.41043057895637,1500
z,-91.01342867180368,28.986571328196323,1500
t,-46.28441803131885,9.715581968681146,1500
m,-13.7187157441935,15.2812842558065,1500
h,-11.453853009208505,38.54614699079149,1500
o,-93.65949722496268,75.34050277503732,1500
z,-96.74154079215612,62.258459207843885,1500
v,-35.55989473681853,45.44010526318147,1500
y,-37.44129035691596,9.558709643084045,1500
m,-6.1007299373957204,3.8992700626042796,1500
c,-57.32097108829365,58.67902891170635,1500
j,-50.06019751135868,87.93980248864132,1500
f,-49.521787103848595,68.4782128961514,1500
q,-64.80658178968821,45.19341821031179,1500
t,-18.799320459919876,55.200679540080124,1500
s,-41.16103462751688,22.83896537248312,1500
x,-11.332152021726161,17.667847978273837,1500
i,-40.30672283161387,4.693277168386131,1500
t,-54.13294954895059,52.86705045104941,1500
p,-26.407761014313873,59.59223898568612,1500
n,-50.66615971168315,77.33384028831685,1500
a,-33.40801789489245,0.5919821051075452,1500
v,-6.472545346262669,27.52745465373733,1500
o,-66.34365605742614,71.65634394257386,1500
i,-27.32017735759372,31.67982264240628,1500
k,-78.8854671003685,97.1145328996315,1500
u,-7.164803510374517,32.83519648962548,1500
l,-83.97281755074935,84.02718244925065,1500
e,-66.2849820259727,60.715017974027305,1500
l,-54.79842466192548,42.20157533807452,1500
b,-37.99425729698749,82.00574270301252,1500
c,-47.47758521927658,62.52241478072342,1500
p,-67.6837870975367,28.316212902463302,1500
o,-40.7584134723319,84.24158652766809,1500
v,-90.08395905364445,25.916040946355544,1500
n,-90.79355767928304,54.20644232071696,1500
j,-53.500045972668566,52.499954027331434,1500
m,-15.268603643783653,5.731396356216347,1500
a,-23.51747439727572,6.482525602724281,1500
q,-61.37186220860531,33.62813779139469,1500
r,-1.0005445290946033,12.999455470905398,1500
h,-49.226259638791745,14.773740361208253,1500
q,-61.18348704243069,69.81651295756932,1500
s,-72.16045612676632,26.839543873233676,1500
x,-96.79170839072326,10.20829160927674,1500
f,-83.32477474233187,54.675225257668124,1500
p,-72.03709220433053,3.962907795669463,1500
z,-11.967862406678925,48.032137593321075,1500
h,-22.030814029793756,43.96918597020624,1500
i,-3.8583041183720033,43.141695881627996,1500
u,-22.61909205212033,96.38090794787966,1500
x,-5.615422067570166,38.384577932429835,1500
y,-79.6511802829519,86.3488197170481,1500
e,-80.01410263726437,27.985897362735635,1500
p,-90.34557753593107,87.65442246406893,1500
s,-37.581044577384525,55.418955422615475,1500
q,-7.505840704423912,75.49415929557608,1500
i,-55.795495570457255,59.204504429542745,1500
f,-35.02098839796375,46.97901160203625,1500
p,-18.27911729768438,18.72088270231562,1500
f,-26.360465114018893,92.6395348859811,1500
k,-55.844390527299815,80.15560947270019,1500
w,-89.70931429695787,85.29068570304213,1500
v,-15.48722791815549,88.51277208184452,1500
d,-37.38435013909431,7.615649860905693,1500
t,-20.69631707225343,46.30368292774657,1500
d,-44.15299666633847,2.847003333661533,1500
d,-52.61634269407861,62.38365730592139,1500
h,-17.9694683429967,87.0305316570033,1500
e,-57.25865048397625,39.74134951602375,1500
a,-59.437896649549614,35.562103350450386,1500
c,-73.03734852267917,10.96265147732083,1500
s,-25.076217626939645,21.923782373060355,1500
n,-75.50948385592415,20.490516144075848,1500
b,-15.888065682428302,44.1119343175717,1500
e,-85.10596164546466,8.894038354535347,1500
d,-19.69128536791761,47.30871463208239,1500
c,-55.09994490360609,46.90005509639391,1500
y,-59.03093900454271,1.9690609954572906,1500
i,-32.343299364809326,65.65670063519067,1500
w,-47.189068394798,34.810931605202,1500
q,-78.00779500246774,98.99220499753226,1500
p,-7.355290402413368,59.64470959758663,1500
s,-24.4623097829909,97.5376902170091,1500
r,-48.77675371065216,25.223246289347838,1500
c,-20.318748781570797,14.681251218429203,1500
j,-88.17473786607003,60.825262133929975,1500
n,-57.611396592876915,50.388603407123085,1500
i,-48.95012139184773,92.04987860815227,1500
c,0.4989757700093652,74.49897577000937,1500
k,-29.710369206180268,92.28963079381974,1500
l,-66.87516625763435,2.124833742365653,1500
f,-24.402510723521193,81.59748927647881,1500
u,-95.91096792429994,17.089032075700057,1500
r,-96.40012103558493,2.5998789644150686,1500
k,-15.060135906837957,95.93986409316204,1500
u,-79.40843899690017,96.59156100309983,1500
r,-7.327428201795395,52.67257179820461,1500
s,-77.08015250067264,41.91984749932737,1500
f,-9.333367905543062,48.666632094456936,1500
k,-94.98962967319217,64.01037032680783,1500
g,-60.917619579866255,5.082380420133743,1500
