l,-45.90710290672399,87.09289709327601,25
p,-84.24475904181587,21.75524095818413,25
k,-59.28286959587191,56.71713040412809,25
o,-18.69768949513458,49.302310504865424,25
d,-85.20775532133855,88.79224467866145,25
t,-64.15229853748498,6.847701462515016,25
j,-85.54055681873588,70.45944318126412,25
m,-53.893331144764105,19.106668855235892,25
d,-82.66188231075965,51.33811768924035,25
h,-36.64957575791479,10.350424242085207,25
g,-6.213904763469683,96.78609523653031,25
u,-36.405945908797946,42.594054091202054,25
e,-76.42275634271226,66.57724365728774,25
n,-28.141479066051957,33.85852093394804,25
m,-1.3373959820368442,15.662604017963156,25
l,-34.14584510764405,50.85415489235595,25
q,-95.01319491480525,98.98680508519475,25
i,-3.295439121274135,88.70456087872587,25
b,-21.81533774636642,43.184662253633576,25
r,-46.60012921212602,40.39987078787398,25
r,-25.10674933305298,2.8932506669470177,25
t,-39.96455142604484,25.03544857395516,25
w,-82.8350216248124,20.164978375187605,25
u,-76.794372179705,16.205627820295003,25
i,-43.874277495422874,92.12572250457713,25
z,-24.56427431335563,7.4357256866443695,25
c,-7.482242467098613,86.51775753290138,25
o,-25.987330127842306,3.012669872157694,25
q,-73.91181720515999,7.088182794840012,25
p,-77.17045216183008,39.82954783816992,25
h,-0.5345425061097994,14.4654574938902,25
k,-90.6728068567376,6.327193143262412,25
m,-63.61702343075405,11.382976569245951,25
h,-23.110089518776753,11.889910481223247,25
g,-91.39092492566344,73.60907507433656,25
b,-23.294617676190956,10.705382323809042,25
g,-15.15388607202572,62.84611392797428,25
z,-47.3073433379295,35.6926566620705,25
p,-15.309717396326041,43.69028260367396,25
m,-34.983067611662484,22.016932388337516,25
o,-62.27775398881739,73.7222460111826,25
u,-48.094036786074035,78.90596321392596,25
p,-76.98916945252711,77.01083054747289,25
h,-4.948475808743456,0.051524191256543506,25
s,-27.801515158618482,65.19848484138151,25
m,-55.141395840505695,53.858604159494305,25
m,-47.43702867754677,37.56297132245323,25
d,-86.11537625489767,51.88462374510233,25
z,-75.80435395093666,78.19564604906334,25
g,-4.749037455962664,56.250962544037336,25
v,-22.175900455257132,77.82409954474286,25
x,-71.22475971875772,52.775240281242276,25
o,-79.19464863976549,72.80535136023451,25
i,-42.36308804875414,80.63691195124586,25
a,-17.003050983344295,54.996949016655705,25
n,-42.47137707090918,66.52862292909082,25
s,-68.89578038518911,10.104219614810884,25
m,-11.42438001326869,86.57561998673131,25
q,-2.784046653578817,76.21595334642119,25
y,-87.04665573545124,97.95334426454876,25
p,-72.24946707577034,79.75053292422966,25
f,-21.30295396720164,26.69704603279836,25
v,-6.13538009116939,40.86461990883061,25
c,-36.650917257767944,63.349082742232056,25
d,-42.58555592653303,16.41444407346697,25
e,-78.65921716864135,80.34078283135865,25
r,-75.52407979157555,10.475920208424458,25
z,-94.69205432235047,52.30794567764953,25
c,-25.6761191076575,33.3238808923425,25
q,-40.54990688613822,87.45009311386178,25
k,-32.14902496609139,35.85097503390861,25
j,-13.120213625963045,40.879786374036954,25
h,0.6333056310052224,40.63330563100522,25
v,-54.07450278152085,43.92549721847915,25
x,-5.739179438049488,77.26082056195051,25
k,-62.28434718644001,92.71565281356,25
l,-11.638454870517092,56.361545129482906,25
b,-79.84368862445093,45.156311375549066,25
r,-68.3223911494415,8.677608850558507,25
p,-63.21897739402797,2.7810226059720353,25
o,-29.899632888853898,23.100367111146102,25
k,0.6879985516533058,16.687998551653305,25
d,-74.65803065634022,66.34196934365978,25
w,-37.65975682768876,1.3402431723112411,25
k,-56.23399737346955,16.766002626530454,25
q,-19.573046191858975,77.42695380814102,25
o,-24.651863784077463,63.34813621592254,25
w,-29.367085631041622,39.632914368958374,25
c,-51.6040371922137,24.395962807786294,25
z,-60.68348281687275,11.316517183127251,25
d,-27.641866787049853,30.358133212950147,25
q,-3.4989002825345636,1.5010997174654366,25
n,-25.20339390924103,93.79660609075897,25
f,-29.395521558183773,95.60447844181623,25
f,-25.31620636841831,15.683793631581688,25
h,-70.56784451539622,14.432155484603781,25
o,-16.159498694828592,95.84050130517141,25
k,-52.99421411519222,68.00578588480778,25
o,-83.99212919507642,33.007870804923584,25
a,-24.90589545608523,26.09410454391477,25
b,-95.31443518325538,65.68556481674462,25
c,-31.798761044772515,23.201238955227485,25
y,-34.68618240206645,21.31381759793355,25
o,-82.61574142767208,58.38425857232793,25
y,-39.61468042546684,68.38531957453316,25
r,-27.13669218662965,1.863307813370351,25
x,-75.16343255694186,27.83656744305814,25
n,-4.133860640826436,30.866139359173562,25
f,-5.095361547049952,70.90463845295005,25
w,-70.34565058500398,14.654349414996013,25
k,-25.936440030440927,82.06355996955907,25
y,-18.16978982835078,18.83021017164922,25
v,-27.58003270535824,4.41996729464176,25
k,-76.6589549085867,46.3410450914133,25
n,-9.127608432177016,14.872391567822984,25
h,-74.14534062961741,56.8546593703826,25
b,-89.36013530046661,1.6398646995333936,25
g,-7.385497871564029,84.61450212843597,25
c,-90.66333762506224,56.33666237493776,25
w,-60.90263855021593,74.09736144978407,25
f,-38.88966115992566,31.110338840074345,25
v,-74.30277728833659,79.69722271166341,25
v,-77.95180684756538,68.04819315243462,25
w,-64.8856399723285,76.1143600276715,25
n,-1.4605007741972957,46.53949922580271,25
l,-20.257358269843394,33.742641730156606,25
g,-32.2509641539279,40.7490358460721,25
o,-92.47848586323474,76.52151413676526,25
h,-23.374381859579636,63.625618140420364,25
w,-81.3656629997267,93.6343370002733,25
d,-75.99726928066725,15.002730719332739,25
v,-84.9942672491306,68.0057327508694,25
r,0.2536349013673185,83.25363490136732,25
o,-27.66619013505791,30.33380986494209,25
h,-89.66261038173255,26.33738961826745,25
t,-24.532361731240133,10.467638268759865,25
y,-85.85866181863118,1.1413381813688193,25
w,-34.85732510245713,96.14267489754286,25
y,-43.535247863444084,12.46475213655592,25
a,-3.3768793705387283,56.62312062946127,25
n,-12.350687521327371,52.64931247867263,25
h,-16.143019842431332,40.85698015756867,25
b,-35.15014727346194,61.84985272653806,25
v,-23.133212193944498,4.866787806055502,25
f,-79.81573134288816,28.18426865711185,25
q,-72.34868230600497,87.65131769399503,25
d,-55.993146193296575,70.00685380670342,25
e,-65.42845861545675,22.571541384543252,25
n,-2.4093795772357156,31.590620422764285,25
s,-79.21126886992857,61.78873113007143,25
z,-43.42423771115774,93.57576228884226,25
v,-33.298239551258746,13.701760448741256,25
w,-59.13803465713213,34.86196534286787,25
d,-86.62186042046363,13.378139579536372,25
w,-76.69630278526604,97.30369721473396,25
f,-7.054001512412708,87.94599848758729,25
i,-57.00200698187362,81.99799301812638,25
b,-84.50155386089041,96.49844613910959,25
i,-10.291869449124682,94.70813055087532,25
g,-26.503208718321257,39.496791281678746,25
c,-49.94589880289723,36.05410119710277,25
e,-70.12764649109364,62.87235350890635,25
h,-64.70736540107522,94.29263459892478,25
b,-4.3824854321643345,3.617514567835666,25
y,-91.32081806969255,29.67918193030745,25
y,-64.69837316149486,96.30162683850514,25
b,-87.67602484987601,64.32397515012399,25
d,-58.82570798725585,73.17429201274415,25
z,-25.88160360232874,2.118396397671257,25
e,-61.4630064392626,66.5369935607374,25
w,-77.21373710876523,96.78626289123477,25
v,-95.06049675968514,89.93950324031486,25
q,-89.1580074439595,63.8419925560405,25
o,-92.71544530724317,25.284554692756824,25
t,-77.80918457803328,40.19081542196671,25
d,-37.99038157871996,4.0096184212800345,25
y,-73.25758016770025,34.742419832299746,25
r,-2.875288200072628,82.12471179992737,25
v,-82.22670116687432,51.77329883312568,25
h,-3.2075546027359434,4.792445397264056,25
d,-32.825499167520285,10.174500832479715,25
a,-38.460511150751685,38.539488849248315,25
i,-33.79096361219977,29.209036387800236,25
l,-37.21198900639806,36.78801099360194,25
p,-78.67977896003191,67.32022103996809,25
l,-83.34001936976293,25.65998063023707,25
q,-3.3160504522661447,36.68394954773385,25
r,-62.918350879497794,86.0816491205022,25
s,-83.98689661469456,17.01310338530544,25
o,-28.630351313665244,17.369648686334756,25
l,-0.10028712368635107,87.89971287631364,25
p,-35.47719361625694,69.52280638374306,25
t,-74.00303453744257,81.99696546255743,25
b,-79.97497756166894,7.025022438331064,25
j,-65.12905843833762,54.87094156166238,25
z,-56.13809988618386,5.861900113816143,25
x,-72.06746820301488,12.932531796985112,25
t,-76.06676135302665,53.93323864697335,25
n,-91.6110322999372,53.388967700062814,25
n,-18.74775029763917,85.25224970236083,25
n,-64.08719804251467,45.91280195748533,25
q,-78.99365456665306,45.00634543334694,25
v,-12.254793491589158,19.745206508410842,25
s,-50.20197427238036,45.79802572761964,25
d,-65.51326179686441,75.48673820313559,25
x,-83.8998583212315,50.10014167876849,25
o,-12.667980245595977,47.33201975440402,25
p,-17.694898349159445,89.30510165084056,25
q,-70.35389727431378,8.646102725686223,25
r,-27.345125847690305,7.654874152309695,25
z,-70.75833380968588,75.24166619031412,25
t,-21.675815704838172,81.32418429516183,25
l,-25.138651366998868,9.86134863300113,25
c,-50.29901472338936,4.700985276610638,25
h,-72.79446123349447,38.20553876650553,25
z,-39.701280310584245,86.29871968941575,25
g,-11.288672686353875,42.71132731364612,25
q,-33.805624664834504,31.194375335165496,25
k,-54.43315959661797,9.566840403382033,25
x,-25.426700874906167,90.57329912509384,25
f,-90.68658304774011,69.31341695225989,25
w,-68.6547152178771,37.3452847821229,25
a,-40.08525252627972,78.91474747372028,25
q,-85.51239966930436,31.487600330695646,25
q,-19.932628269122787,85.06737173087721,25
j,-72.66530911585404,80.33469088414596,25
k,-55.93101018761549,9.06898981238451,25
t,-21.797724188129298,54.2022758118707,25
y,-10.399011850495427,74.60098814950457,25
k,-35.36281621329896,31.63718378670104,25
u,-46.71215948858063,56.28784051141937,25
d,-77.58292216621075,2.4170778337892522,25
o,-55.40655186843124,32.59344813156876,25
t,-23.323124457430946,91.67687554256905,25
b,-65.26407391324777,27.735926086752233,25
f,-53.504531849354464,61.495468150645536,25
f,-81.75400042639292,90.24599957360708,25
p,-47.6191935302726,59.3808064697274,25
t,-79.19544073452289,81.80455926547711,25
h,-67.28115948547115,10.718840514528857,25
f,-4.231825995580416,98.76817400441958,25
g,-29.05341760906213,45.94658239093787,25
d,-0.3038606709892612,93.69613932901073,25
g,-3.4295874400770288,43.57041255992297,25
q,-48.507527021655385,37.492472978344615,25
n,-8.067313029555766,83.93268697044424,25
d,-56.93840747051799,71.06159252948201,25
z,-91.84658290944402,21.153417090555983,25
b,-62.4098087828449,86.59019121715511,25
i,-60.14818298763925,30.851817012360744,25
d,-2.430616537134105,95.5693834628659,25
