n,-83.15039486884037,3.8496051311596284,25
b,-61.75697047476183,40.24302952523817,25
q,-86.51569923245236,81.48430076754764,25
c,-24.171729365868362,66.82827063413164,25
h,-20.09875364342085,1.9012463565791522,25
t,-39.706415581668765,37.293584418331235,25
w,-5.123845419381816,77.87615458061818,25
e,-43.305582310750275,19.694417689249725,25
y,-45.83933025037956,35.16066974962044,25
q,0.730233634705995,17.730233634705996,25
d,-57.82565433431567,33.17434566568433,25
b,-92.92285313569,58.077146864309995,25
y,-48.81700887249092,72.18299112750907,25
v,-37.87060323506025,88.12939676493974,25
l,-84.72654659498464,61.27345340501535,25
i,-23.685943328183534,6.314056671816468,25
v,-70.25091221764886,45.74908778235114,25
l,-11.383935636285225,32.61606436371478,25
q,-66.63898605292849,17.36101394707152,25
i,-84.08086391994138,72.91913608005862,25
p,-25.283627853665937,23.716372146334063,25
p,-50.197659497505626,30.802340502494378,25
w,-79.2182420414578,78.7817579585422,25
v,-74.35770497777871,24.64229502222129,25
q,-21.064803773768197,67.9351962262318,25
t,-6.260275660116759,37.73972433988324,25
k,-24.254389823099824,72.74561017690017,25
t,-54.162761153487544,10.837238846512452,25
r,-93.7745512782763,4.225448721723689,25
l,-61.39673701174645,88.60326298825355,25
e,-47.06811910683975,25.931880893160244,25
q,-32.35568148050659,27.644318519493414,25
a,-27.88664441772723,7.1133555822727725,25
u,-39.41656116163426,92.58343883836574,25
f,-19.435382647302504,28.564617352697496,25
s,-62.567971351732815,65.43202864826719,25
t,-57.24448504679961,13.755514953200388,25
z,-80.87238820655261,28.127611793447386,25
w,-36.179410701492785,43.820589298507215,25
l,-21.75969743916523,96.24030256083476,25
u,-59.24575226127326,34.75424773872674,25
o,-65.4652860094143,12.534713990585708,25
c,-80.29118319230359,13.708816807696412,25
k,-5.403652969010635,42.596347030989364,25
f,-17.364974864752014,1.6350251352479843,25
n,-69.93825604711668,78.06174395288332,25
y,-12.3821361716098,94.6178638283902,25
p,-29.891813071329302,18.108186928670698,25
k,-3.074596843505777,27.925403156494223,25
p,-35.98479001797128,30.015209982028722,25
f,-33.492735370577996,54.507264629422004,25
o,-48.71364723370853,17.286352766291472,25
c,-50.20389959009088,95.79610040990913,25
k,-29.044177469454464,56.95582253054554,25
r,-7.701173210765358,93.29882678923464,25
k,-38.73303701959282,23.26696298040718,25
y,-34.32472283277823,35.67527716722177,25
m,-10.93930559621257,83.06069440378742,25
v,-43.02935279896934,65.97064720103066,25
m,-13.075468568719492,46.924531431280506,25
o,-62.55159476702824,52.44840523297176,25
s,-6.305320623829586,17.694679376170413,25
v,-56.20732672850407,32.79267327149593,25
x,-12.257394210898473,29.742605789101525,25
y,-83.18592458589731,97.81407541410269,25
s,-69.89010936384547,40.109890636154525,25
g,-54.02973666366016,18.970263336339837,25
h,-6.041876162345253,45.958123837654746,25
w,-56.403438854812215,67.59656114518778,25
i,-25.15798350992865,86.84201649007136,25
f,-76.5647900129637,5.435209987036302,25
r,-39.47106822342982,78.52893177657018,25
q,-56.598815913383895,6.401184086616105,25
h,-79.0061131879158,79.9938868120842,25
z,-4.565933222012482,20.434066777987518,25
w,-54.07723822273419,35.92276177726581,25
m,-21.2648744354104,19.7351255645896,25
h,-25.388842246310535,58.61115775368947,25
v,-38.55719830084921,55.44280169915079,25
q,-9.524150737383943,94.47584926261605,25
e,-44.95519847314948,67.04480152685052,25
a,-80.81455647455952,15.185443525440473,25
a,-39.26223647595404,92.73776352404596,25
v,-26.37025346785522,37.62974653214478,25
j,-70.4601620344236,64.5398379655764,25
r,-72.06472489261643,97.93527510738357,25
b,-50.330155437505525,22.669844562494475,25
i,-22.980307878559152,6.019692121440849,25
x,-30.885890996970733,80.11410900302927,25
y,-70.2360153420925,61.7639846579075,25
m,-77.6231106675584,94.3768893324416,25
v,-53.031320441413484,61.968679558586516,25
v,0.5662079761463432,68.56620797614634,25
x,-39.72632769292882,11.27367230707118,25
q,-61.79270373103539,37.20729626896461,25
u,-91.65141759050906,7.348582409490945,25
t,-97.40421475442623,8.595785245573762,25
w,-35.81660469576,91.18339530424001,25
d,-57.8601282534945,15.139871746505499,25
q,-83.4750749078934,80.5249250921066,25
m,-3.041954091402241,43.95804590859776,25
u,-19.226059035253233,17.773940964746767,25
s,-7.740204875119878,64.25979512488013,25
s,-72.82078632519351,72.17921367480649,25
c,-60.87377508805506,37.12622491194494,25
r,-51.421510335886246,65.57848966411376,25
n,-82.44266296003713,60.557337039962874,25
z,-60.42847481655989,83.5715251834401,25
h,-73.09775942070564,73.90224057929436,25
u,-23.589774519075107,75.4102254809249,25
t,-80.5241460203333,73.4758539796667,25
e,-53.943023975506804,53.056976024493196,25
a,-7.65827140899238,36.34172859100762,25
q,-49.58184779158746,14.418152208412542,25
x,-6.611374717485764,23.388625282514237,25
b,-71.83620724270553,65.16379275729447,25
v,-48.85821994562153,93.14178005437847,25
n,-21.654621110154366,77.34537888984563,25
y,-40.92566770103158,97.07433229896843,25
m,-1.4244305268451067,52.57556947315489,25
j,-10.452788790525448,82.54721120947455,25
l,-76.09009206262115,79.90990793737885,25
a,-60.66153342682535,30.338466573174646,25
u,-94.15179983332399,44.84820016667601,25
q,-81.35097596440457,89.64902403559543,25
g,-87.92975255237818,71.07024744762182,25
v,-9.209511361216355,91.79048863878364,25
q,-24.822602862024816,96.17739713797519,25
k,-37.987612281539704,78.01238771846029,25
d,-22.88633778926455,47.11366221073545,25
v,-5.590708420730955,54.409291579269045,25
j,-36.36169829287114,32.63830170712886,25
k,-73.1700776078763,19.82992239212371,25
o,-89.19924260938068,8.80075739061933,25
v,-46.5534853815779,43.4465146184221,25
g,-45.482371542152855,49.517628457847145,25
b,-24.032303954985398,6.967696045014601,25
v,-34.252519830070916,14.747480169929082,25
d,-92.32618491197792,24.673815088022085,25
x,-56.81433985128925,1.1856601487107508,25
k,-72.94956372268358,8.050436277316425,25
f,-70.01254039565475,75.98745960434525,25
u,-62.255677698367165,48.744322301632835,25
q,-78.68387902799739,51.3161209720026,25
o,-60.36661509501723,85.63338490498278,25
j,-30.124091175387246,57.87590882461275,25
d,-82.61865901356646,67.38134098643354,25
s,-73.75338102338324,68.24661897661676,25
i,-79.58808753208054,30.411912467919464,25
e,-79.2801726038686,17.719827396131397,25
q,-33.73295763299192,42.26704236700808,25
o,-42.79763016601262,9.20236983398738,25
a,-26.587165876552255,61.412834123447745,25
q,-19.75479930328844,51.24520069671156,25
m,-33.926513316118694,96.07348668388131,25
h,-65.2386487767252,31.761351223274804,25
k,-78.45954345203916,58.540456547960844,25
j,-19.18828468588535,23.81171531411465,25
r,-19.14361996493642,67.85638003506358,25
d,-85.9898222866079,39.01017771339209,25
y,-25.479389053330088,50.52061094666991,25
s,-45.32617641332748,2.673823586672521,25
t,-35.231885348874904,84.76811465112509,25
y,-34.53616506804975,97.46383493195025,25
n,-82.971209370745,18.028790629255003,25
k,-82.28705325384605,82.71294674615395,25
o,-65.97721761134548,73.02278238865452,25
c,-7.462284049725269,82.53771595027473,25
p,-39.60095968102489,72.39904031897511,25
c,-10.108521494023464,71.89147850597654,25
f,-45.36253326631373,89.63746673368627,25
t,-91.44936436258769,55.550635637412306,25
o,-17.760412769083405,31.239587230916595,25
n,-8.74228884972411,10.25771115027589,25
e,-30.127970160151232,17.872029839848768,25
x,-32.867424358506305,29.132575641493695,25
d,-74.15100388197268,46.84899611802732,25
t,-73.45756251944366,16.54243748055634,25
g,-58.24094069618583,60.75905930381417,25
p,-28.54789651351012,73.45210348648988,25
o,-34.849660845437576,86.15033915456243,25
q,-87.63602650771833,81.36397349228167,25
q,-68.56161153993068,69.43838846006932,25
v,-22.143890688701866,12.856109311298132,25
s,-33.15833974917042,15.841660250829575,25
m,-43.20009026843146,54.79990973156854,25
h,-97.76083231343969,68.23916768656031,25
i,-5.338831931420298,76.6611680685797,25
z,-91.45981480730318,24.540185192696825,25
q,-49.92658544408334,35.07341455591666,25
w,-70.53892033975384,60.46107966024616,25
l,-65.97936956199851,72.02063043800149,25
q,-64.00412374874044,56.99587625125957,25
w,-84.04734355794538,36.952656442054625,25
z,-36.109729587033755,49.890270412966245,25
v,-74.57993367975739,16.42006632024262,25
z,-70.4155784361895,47.58442156381049,25
n,-77.47045029439742,53.52954970560257,25
y,-19.380522853201775,22.619477146798225,25
h,-76.89073956393169,5.109260436068309,25
o,-14.730787298619735,72.26921270138027,25
s,-87.28109290821234,33.71890709178766,25
f,-10.912514204583209,38.08748579541679,25
r,-56.04627962262665,62.95372037737335,25
l,-7.520698331969088,86.47930166803091,25
f,-36.05742359149975,10.942576408500253,25
n,-56.693605187591835,91.30639481240817,25
w,-66.25975476135966,89.74024523864034,25
h,-78.01527026239144,13.984729737608568,25
f,-1.6132350203299766,70.38676497967002,25
g,-43.10693394388842,54.89306605611158,25
w,-85.8368212966163,11.163178703383712,25
v,-94.98209031872153,38.01790968127847,25
s,0.383933272626213,68.38393327262621,25
c,-12.321710992624592,49.67828900737541,25
p,-5.280769362623129,6.719230637376871,25
c,-83.06044680845326,50.939553191546736,25
l,-63.277896767878694,84.72210323212131,25
h,-56.63183100451908,48.36816899548092,25
k,-21.39764876974698,55.60235123025302,25
p,-13.510732500659786,16.489267499340215,25
u,-93.7026929677467,32.2973070322533,25
k,-56.861080410045446,24.138919589954554,25
s,-27.641865366897957,76.35813463310204,25
t,-51.17508202190544,23.82491797809456,25
s,0.12337587826274099,19.123375878262742,25
o,-44.74291390082176,94.25708609917824,25
c,-68.74013063488034,19.25986936511966,25
m,-11.355919624159828,41.644080375840176,25
l,-30.74279962880468,77.25720037119532,25
r,-22.631092891811267,2.368907108188734,25
f,-36.231010450897344,4.768989549102658,25
a,-50.89659810625874,5.1034018937412595,25
s,-33.881964421995775,85.11803557800422,25
a,-50.52655022705587,93.47344977294412,25
n,-28.60819429537751,91.39180570462248,25
y,-86.59391815282238,64.40608184717762,25
g,-42.77144285633658,61.22855714366342,25
k,-71.41247924331809,18.58752075668191,25
m,-75.41061565548449,93.58938434451551,25
w,-32.14463577505778,24.85536422494222,25
q,-69.51829940704062,66.48170059295938,25
h,-65.29062048629841,34.70937951370159,25
t,-56.920894950919255,48.079105049080745,25
p,-8.55241011346223,7.447589886537769,25
w,-52.686874564378,83.313125435622,25
e,-83.24084782678547,20.759152173214538,25
u,-89.06786232347805,52.93213767652194,25
a,-50.10447853981625,12.89552146018375,25
a,-17.814620873162937,59.18537912683706,25
b,-95.9661958104192,61.0338041895808,25
