v,-56.89109393058879,49.10890606941121,25
b,-32.595616974991366,71.40438302500863,25
m,-22.855977259372484,57.14402274062752,25
s,-32.08512447602968,38.91487552397032,25
e,-67.944847394594,65.055152605406,25
h,-24.170147332045563,97.82985266795444,25
r,-92.18409727002994,86.81590272997006,25
t,-49.26390683086245,68.73609316913755,25
k,-32.8827907683467,60.1172092316533,25
m,-82.16747173417221,82.83252826582779,25
p,-70.28450411391651,1.7154958860834846,25
l,-9.593337497581832,9.406662502418168,25
g,-57.04041146604431,91.9595885339557,25
y,-94.61043773851586,68.38956226148414,25
c,-42.125103291960656,59.874896708039344,25
b,-48.03651877990511,60.96348122009489,25
f,-38.36625461401307,56.63374538598693,25
m,-60.02261855934621,70.97738144065379,25
j,-23.662285652305933,93.33771434769406,25
h,-13.417672926750539,58.58232707324946,25
m,-77.11599534154448,25.884004658455517,25
n,-90.68929061078035,59.31070938921966,25
p,-94.18300263425898,4.816997365741011,25
a,0.3691680673521529,5.3691680673521525,25
i,-11.760049045315494,34.23995095468451,25
p,-53.967701647794,21.032298352205995,25
w,-79.56308614096645,70.43691385903355,25
l,-25.770584343613198,77.2294156563868,25
z,-28.02423064178106,94.97576935821894,25
w,-91.70426987624961,24.295730123750385,25
q,-16.78621321376921,36.21378678623079,25
s,-25.03607622824776,74.96392377175223,25
n,-47.57907955620211,66.42092044379788,25
q,-27.979395217231882,67.02060478276812,25
c,-63.0629620828693,12.937037917130704,25
h,-59.450591513425934,39.549408486574066,25
y,-81.62575273624596,14.374247263754045,25
h,-97.71625385058793,11.283746149412067,25
h,0.20943044093378038,88.20943044093379,25
h,-11.431607695286635,13.568392304713365,25
i,-42.939735208347315,90.06026479165268,25
d,-36.15941629206508,46.84058370793492,25
a,-1.7758539749898723,28.22414602501013,25
t,-91.75736185197525,18.24263814802475,25
i,-50.063352752819384,74.93664724718062,25
x,-51.75548525006008,67.24451474993992,25
c,-29.889487091748975,18.110512908251025,25
f,-70.2239746762557,58.7760253237443,25
n,-7.264803756670471,27.73519624332953,25
n,-54.25638145855427,77.74361854144573,25
z,-79.94646038327963,39.053539616720364,25
p,-6.516783336638573,23.483216663361425,25
y,-84.89495041561914,98.10504958438086,25
c,-48.52480158977544,5.4751984102245554,25
z,-85.86627063911234,92.13372936088766,25
q,-56.334722845332614,76.6652771546674,25
x,-5.974286089118311,81.02571391088169,25
w,-6.30786635334064,53.69213364665936,25
l,-92.25367910756646,2.7463208924335394,25
x,-29.468070556041237,76.53192944395876,25
k,-46.40934770590151,63.59065229409849,25
d,-86.88427804781232,12.11572195218768,25
x,-24.975731460332007,47.02426853966799,25
d,-95.50182007740219,72.49817992259781,25
r,-74.89176829591425,20.10823170408575,25
q,-34.38826447847797,47.61173552152203,25
i,-42.37403205464862,48.62596794535138,25
s,-30.476992646895084,16.523007353104916,25
a,-89.24920274188077,28.750797258119228,25
g,-4.0090312939790405,12.99096870602096,25
w,-52.27138869426204,17.728611305737953,25
t,-80.16653622362618,90.83346377637382,25
f,-7.854263042641398,50.1457369573586,25
k,-25.125523399394673,76.87447660060532,25
c,-83.30563862901789,63.6943613709821,25
k,-26.393876292483654,67.60612370751635,25
b,-79.3880129140062,84.6119870859938,25
s,-1.7094614934645542,8.290538506535446,25
d,-50.26637191239087,58.73362808760913,25
y,-64.45110902284246,33.54889097715754,25
z,-74.4538336648269,41.5461663351731,25
q,-41.21302394176018,50.78697605823982,25
k,-96.95502099730783,98.04497900269217,25
n,-8.50780131725759,63.49219868274241,25
b,-97.33197098980995,89.66802901019005,25
z,-84.3955175468279,39.60448245317209,25
a,-57.994887653742296,25.005112346257704,25
s,-97.61553371387083,28.384466286129175,25
u,-13.321967918384583,57.67803208161542,25
k,-42.76784523018203,5.232154769817964,25
t,-40.19437940816693,71.80562059183306,25
r,-9.772235929664475,71.22776407033552,25
z,-57.28031883337374,24.71968116662626,25
n,-1.2016918731356663,14.798308126864335,25
k,-5.1116167500409695,41.888383249959034,25
i,-87.09876616571508,87.90123383428492,25
e,-92.72066891813559,51.27933108186441,25
b,-70.92871354463038,58.07128645536962,25
o,-63.110258632435496,94.8897413675645,25
m,-51.532934609343805,30.467065390656195,25
z,-4.179862624132159,38.820137375867844,25
w,-9.987904505078705,0.012095494921295469,25
t,-51.53374480547851,57.46625519452149,25
d,-24.408103735313574,10.591896264686424,25
y,-52.565603944180985,2.4343960558190165,25
e,-12.675992913672198,63.3240070863278,25
u,-82.3066018278395,69.6933981721605,25
l,-12.489632068976713,28.510367931023286,25
b,-96.78579875577933,53.214201244220675,25
s,-17.058176228431428,53.94182377156857,25
e,-19.37087207937686,79.62912792062313,25
g,-72.22723728314834,54.77276271685166,25
m,-0.8284381735952658,24.171561826404734,25
c,-42.337677379047236,70.66232262095276,25
l,-21.057238413577288,20.942761586422712,25
x,-37.88290708722334,73.11709291277666,25
v,-5.380096303916698,38.6199036960833,25
i,-73.55735461125471,12.442645388745287,25
i,-56.06048982619923,80.93951017380077,25
u,-40.45916842784547,64.54083157215453,25
g,-60.7018062364448,69.29819376355519,25
v,-91.24653308735967,85.75346691264033,25
m,-16.15911243948095,38.84088756051905,25
t,-87.38152196598067,93.61847803401933,25
r,-28.971429916345322,23.028570083654678,25
j,-8.175317047438142,81.82468295256186,25
c,-11.40688926397146,41.59311073602854,25
k,-88.72231121615684,28.277688783843168,25
a,-78.2085345653366,23.791465434663394,25
f,-83.78874693931583,90.21125306068417,25
c,-19.80389085042876,19.19610914957124,25
w,-43.58029417184017,62.41970582815983,25
n,-45.73297437161311,24.26702562838689,25
k,-84.89722039722069,12.10277960277931,25
p,-29.6155601756419,44.3844398243581,25
w,-73.22116523173143,64.77883476826857,25
k,-66.11959090595607,72.88040909404393,25
f,-73.21802864463783,18.78197135536217,25
h,-87.12195807156071,62.87804192843928,25
m,-29.72148239772427,76.27851760227573,25
h,-91.70169682887847,64.29830317112153,25
a,-69.1077815542651,41.8922184457349,25
x,-8.891576709844063,17.108423290155937,25
u,-3.890944145967088,18.109055854032913,25
t,-65.52622703297938,4.473772967020624,25
h,-72.51114882051613,73.48885117948387,25
f,-13.883710052742769,36.11628994725723,25
i,-48.27506775902745,28.72493224097255,25
m,-35.09086320969529,95.9091367903047,25
s,-6.346485266872583,33.653514733127416,25
n,-39.759827790781465,92.24017220921854,25
o,-13.342192142924885,22.657807857075113,25
h,-5.325253494317833,49.674746505682165,25
q,-82.67793891378128,91.32206108621872,25
e,-29.261382050524553,35.73861794947545,25
c,-48.83107292391284,47.16892707608716,25
i,-54.84291669593453,3.157083304065477,25
m,-23.400878356065114,51.599121643934886,25
s,-30.779193264723826,85.22080673527617,25
w,-76.09373384810488,91.90626615189512,25
d,-96.48594416585931,17.514055834140688,25
f,-7.829842899436446,64.17015710056356,25
o,-28.910121233330802,5.089878766669199,25
e,-36.98277650646203,28.01722349353797,25
q,-62.80637634204853,74.19362365795148,25
l,-34.92166822485196,38.07833177514804,25
c,-30.964155531037896,27.035844468962104,25
m,-96.0282721005501,88.9717278994499,25
g,-8.208092795431938,22.791907204568062,25
i,-74.2384976661552,40.76150233384481,25
e,-11.328008749408548,15.671991250591452,25
e,-86.43461856267078,87.56538143732922,25
h,-35.679034788151924,31.320965211848073,25
a,-77.04614629613134,78.95385370386866,25
j,-83.11975983602612,21.88024016397388,25
y,-58.956118912708035,41.043881087291965,25
j,-91.88171860936372,59.118281390636284,25
a,-90.19309744274818,88.80690255725182,25
c,-66.66868418081425,20.331315819185754,25
z,-61.52560227048065,37.47439772951935,25
k,-26.74196075239789,86.25803924760211,25
h,-27.727050858042592,22.272949141957408,25
v,-19.127321547582824,10.872678452417176,25
e,-21.238700581407173,35.76129941859283,25
g,-92.74856477709264,20.251435222907357,25
h,-87.8223248084912,3.1776751915088006,25
b,-67.32329281157716,58.67670718842284,25
q,-28.062473782901343,7.937526217098656,25
u,-79.92263370815118,46.077366291848826,25
j,-61.382027621408575,86.61797237859143,25
y,-46.55943552198069,48.44056447801931,25
o,-82.94434825090025,96.05565174909975,25
a,-69.09094139516448,17.909058604835526,25
o,-61.898438791067434,14.101561208932567,25
a,-38.75617938970779,68.2438206102922,25
j,-79.67930787044982,19.320692129550174,25
l,-72.31813616303153,87.68186383696847,25
d,-4.314278939398587,23.685721060601413,25
w,-50.95431412112727,60.04568587887273,25
y,-63.18131237226886,68.81868762773114,25
j,-45.10355884120073,67.89644115879928,25
k,-21.462007989943803,51.5379920100562,25
p,-19.094457000492625,28.905542999507375,25
j,-18.5518740572052,81.4481259427948,25
r,-87.89589797657284,46.10410202342715,25
z,-20.893678347627134,27.106321652372866,25
x,-14.220652062714441,63.77934793728556,25
j,-86.59966608124579,63.400333918754214,25
a,-20.157712577020614,97.84228742297938,25
q,-49.806986295929,49.193013704071,25
l,-60.04256436732313,31.95743563267687,25
p,-83.95186184690738,7.048138153092622,25
o,-86.4539243885237,48.5460756114763,25
f,-24.687260393890917,22.312739606109083,25
m,-0.06563370879012054,66.93436629120988,25
f,-79.91188791598864,39.08811208401136,25
p,-7.79653149840899,69.203468501591,25
f,-44.01317729729485,76.98682270270514,25
j,-85.48979820086214,1.5102017991378673,25
e,-4.915671165121527,76.08432883487848,25
x,-35.65181922664885,54.34818077335115,25
a,-91.53439800726811,74.46560199273189,25
m,-7.910676576060371,15.089323423939629,25
f,-45.02706317979903,64.97293682020097,25
z,-31.272773162915072,59.72722683708493,25
x,-73.08131594891681,35.91868405108319,25
t,-83.62182657570504,34.378173424294964,25
m,-87.79714263061284,2.202857369387156,25
d,-43.89203468101036,81.10796531898964,25
a,-52.60630601428867,97.39369398571132,25
m,-32.2759909667706,23.724009033229404,25
h,-22.509626814139942,98.49037318586007,25
m,-80.91338786676815,66.08661213323185,25
c,-89.86306857735636,7.136931422643644,25
i,-79.99533743039858,15.004662569601416,25
y,-10.2929340112705,65.7070659887295,25
y,-92.96027243126412,70.03972756873588,25
q,-92.03008610389053,20.969913896109478,25
c,-16.23285085677442,60.76714914322558,25
c,-58.72201662380615,60.27798337619385,25
r,-82.24883717891998,2.7511628210800163,25
v,-95.55388010904046,28.446119890959533,25
t,-54.25520482813789,38.74479517186211,25
u,-21.830998734012855,91.16900126598715,25
x,-43.20537657498231,57.79462342501769,25
r,-15.769974877220545,70.23002512277945,25
p,-6.827278412524472,24.17272158747553,25
f,-17.416463158260175,64.58353684173983,25
n,0.03265247067304089,94.03265247067304,25
b,-73.70557456522226,27.294425434777743,25
n,-33.45981403275569,62.54018596724431,25
