o,-11.495243945641526,19.504756054358474,500
s,-61.443315585772524,16.556684414227476,500
z,-56.15578192983281,93.84421807016719,500
i,-47.72531019421587,42.27468980578413,500
c,-36.10459677650547,24.89540322349453,500
u,-72.25903372083995,38.74096627916004,500
y,-11.876136345509579,52.12386365449042,500
p,-13.72842251855716,33.27157748144284,500
o,-40.53513661329149,96.46486338670852,500
h,-79.42088209913027,26.579117900869726,500
v,-16.366977637173367,43.63302236282663,500
t,-45.34082201743397,33.65917798256603,500
d,-41.042621082992774,60.957378917007226,500
s,-86.0989716116967,84.9010283883033,500
e,-62.29130528373466,77.70869471626534,500
z,-42.72974016838082,95.27025983161917,500
q,-61.535324147097946,15.464675852902054,500
g,-56.364252300140656,38.635747699859344,500
h,-26.187704803885385,0.8122951961146144,500
x,-91.16619131725196,63.833808682748035,500
q,-7.941762122009399,73.0582378779906,500
y,-74.29778672961855,3.7022132703814497,500
p,-18.4937955183042,69.5062044816958,500
f,-55.20560941955713,23.794390580442876,500
j,-67.48857416497376,6.51142583502625,500
s,-71.71726652064251,40.28273347935748,500
e,-7.344328695851734,14.655671304148266,500
k,-74.75168899595161,21.24831100404839,500
j,-93.34137029686802,89.65862970313198,500
e,-33.25496810706251,66.74503189293749,500
f,-3.6735275162256946,55.3264724837743,500
w,-17.71117021071656,32.28882978928344,500
r,0.07992733472431346,34.07992733472431,500
c,-1.8581724694761257,69.14182753052387,500
j,0.3891005162010849,45.38910051620108,500
n,-18.575836483293774,59.42416351670622,500
t,-57.017529303285606,62.982470696714394,500
u,-60.97596268661912,62.02403731338088,500
h,-54.05746973116068,37.94253026883932,500
y,-13.967317969007475,51.032682030992525,500
v,-30.484982251042354,27.515017748957646,500
s,-49.9979757925044,77.00202420749561,500
r,-39.72841863176132,15.271581368238678,500
f,-88.50634613768507,56.493653862314936,500
u,-5.857811560996803,27.1421884390032,500
a,-83.57182204862772,51.428177951372284,500
h,-17.855220564476962,14.144779435523036,500
w,-36.30882945487014,34.69117054512986,500
y,-97.1415917740688,92.8584082259312,500
a,-23.290608953781714,52.709391046218286,500
x,-13.112102305834673,1.8878976941653267,500
v,-65.91719262783622,98.08280737216378,500
c,-90.38422074406957,15.615779255930441,500
q,-85.79006218929192,43.20993781070809,500
g,-88.71744790250861,62.28255209749138,500
b,-41.695065668120165,98.30493433187983,500
w,-10.026392261102734,22.973607738897268,500
v,-68.09221562719424,30.907784372805764,500
w,-95.97795286123275,40.02204713876725,500
f,-93.11070968400028,69.88929031599972,500
f,-80.18245542167095,57.817544578329056,500
t,-52.04038607685402,22.959613923145984,500
n,-57.00701831027911,64.99298168972089,500
b,-3.6514369072660084,48.34856309273399,500
n,-67.9196665237246,33.08033347627539,500
n,-64.82412440150357,32.17587559849643,500
a,-25.988022229459762,47.01197777054024,500
j,-89.67108337070316,35.32891662929684,500
v,-55.095462968019106,36.904537031980894,500
c,-19.239351436150912,31.760648563849088,500
t,-14.380333181448846,85.61966681855115,500
j,-81.67003261846067,44.329967381539326,500
t,-67.1029484981871,59.897051501812896,500
x,-0.099162440065384,6.900837559934616,500
d,-70.13558818241015,35.864411817589854,500
d,-19.7793853176328,94.2206146823672,500
o,-84.66324323951595,83.33675676048405,500
j,-62.293119972247794,20.706880027752206,500
v,-90.5503050878923,79.4496949121077,500
r,-51.66061351421505,54.33938648578495,500
a,-14.325681625830402,56.6743183741696,500
e,-77.08436098180938,45.91563901819061,500
c,-61.636234408169955,65.36376559183005,500
c,-56.114613989986424,61.885386010013576,500
v,-89.06672184818505,56.93327815181494,500
s,-56.47385470245062,12.526145297549377,500
n,-38.16318367110543,10.83681632889457,500
g,-71.76722799377113,81.23277200622887,500
u,-17.16947674424508,10.830523255754917,500
m,-5.380491169563725,53.619508830436274,500
m,-20.538624912336388,64.46137508766361,500
x,-66.11470012919587,5.885299870804127,500
j,-5.687994646726912,20.31200535327309,500
u,-13.99692700126451,66.00307299873549,500
z,-18.015781538584708,73.9842184614153,500
s,-37.02915181235447,4.970848187645527,500
f,-51.80287588667113,41.19712411332887,500
k,-5.7634481577563434,26.236551842243657,500
q,-75.21292536466433,38.78707463533568,500
o,-23.230915327092422,85.76908467290758,500
f,-45.84570673549981,70.1542932645002,500
z,-72.47872959860436,31.521270401395647,500
e,-93.67436348827125,92.32563651172875,500
a,-94.36620981699221,22.633790183007786,500
w,-73.77802229014422,66.22197770985578,500
s,-60.735153607291714,17.264846392708282,500
f,-1.3713470536101182,30.62865294638988,500
y,-73.94258660538648,94.05741339461352,500
v,-27.261243098618056,86.73875690138195,500
z,-76.68007742798616,26.319922572013844,500
c,-31.60689622903662,8.393103770963378,500
f,-91.14539874698255,38.85460125301744,500
k,-26.535383236874242,97.46461676312576,500
d,-51.753471194317385,67.24652880568262,500
r,-47.38102840565674,83.61897159434326,500
u,-58.1571672104249,80.8428327895751,500
o,-22.747117316437855,14.252882683562147,500
e,-35.580383325177024,58.419616674822976,500
r,-28.942184492212025,97.05781550778798,500
w,-86.86012085492887,82.13987914507113,500
v,-94.62927383008116,49.37072616991883,500
z,-56.22052503752979,31.779474962470207,500
t,-73.92365577510361,77.07634422489639,500
v,-62.49087179523969,59.50912820476031,500
r,-56.040438514566446,15.959561485433554,500
q,-7.763272636479459,21.23672736352054,500
x,-54.987356787956344,88.01264321204366,500
u,-55.390943996326584,39.609056003673416,500
j,-34.62529925881547,22.374700741184537,500
d,-13.67650689579062,83.32349310420938,500
j,-24.444698954283563,67.55530104571643,500
k,-77.4831153981401,43.5168846018599,500
q,-28.90374495814699,46.096255041853006,500
x,-68.439477026804,80.560522973196,500
h,-52.76131150839613,46.23868849160387,500
t,-41.83661975300013,78.16338024699988,500
d,-3.210773238489346,13.789226761510653,500
p,-46.03406948023364,35.96593051976636,500
c,-62.558258518849605,42.441741481150395,500
d,-73.66625338051205,73.33374661948795,500
f,-96.84966880078338,32.15033119921662,500
b,-51.43718018564278,98.56281981435721,500
u,-75.77529524744902,94.22470475255098,500
r,-40.15173093478403,65.84826906521597,500
l,-55.738799364326304,83.2612006356737,500
x,-63.04464980917892,72.95535019082108,500
o,-76.74702347132465,94.25297652867535,500
l,-36.47680412664506,3.5231958733549438,500
y,-36.154389246805756,76.84561075319425,500
w,-13.713043266750162,47.28695673324984,500
q,-49.400923288492486,1.5990767115075166,500
m,-68.46964132467963,61.530358675320365,500
c,-58.58557520488635,47.41442479511365,500
w,-71.57692547429166,43.423074525708344,500
j,-76.44312556056293,44.556874439437074,500
k,-68.23257864132914,53.76742135867085,500
n,-28.19751283614112,37.80248716385888,500
c,-68.87091724296432,88.12908275703568,500
e,-31.89798364644131,24.10201635355869,500
z,-58.95029240770246,20.04970759229754,500
i,-65.79112479446631,54.20887520553369,500
v,-43.31677859016541,64.68322140983459,500
e,-5.25221177118861,16.74778822881139,500
g,-34.923923841378695,12.076076158621301,500
s,-67.87708115554055,73.12291884445945,500
h,-50.9628037435909,80.0371962564091,500
h,-30.351777327569067,55.64822267243093,500
q,-22.935224476294444,1.0647755237055545,500
w,-31.11959832435516,0.8804016756448402,500
u,-59.070613810571416,14.929386189428586,500
w,-66.51914079129817,42.48085920870183,500
l,-94.538527636271,36.461472363729,500
y,-21.26825867510709,23.73174132489291,500
c,-4.909026028565739,8.090973971434261,500
a,-14.786579020460776,57.21342097953922,500
s,-74.91246261770381,36.08753738229618,500
c,-22.276730421995786,77.72326957800422,500
h,-92.56540407764719,68.43459592235281,500
b,-41.651549846965096,82.3484501530349,500
i,-18.344795017950897,6.655204982049102,500
u,-67.43850307800749,46.561496921992514,500
f,-6.683078884531216,80.31692111546879,500
j,-39.01098041954915,33.98901958045085,500
c,-23.372417862358805,21.627582137641195,500
i,-17.851560790745776,92.14843920925422,500
q,-36.722559675453816,69.27744032454618,500
l,-17.573751125629535,43.426248874370465,500
h,-83.24139203339293,98.75860796660707,500
d,-48.50721973313656,71.49278026686343,500
m,-12.631364751475338,61.36863524852466,500
b,-54.842350645111864,91.15764935488814,500
x,-51.37163350880356,25.62836649119644,500
j,-29.168424192702346,72.83157580729765,500
d,-73.33255277119243,11.66744722880757,500
u,-10.867057883510194,78.1329421164898,500
i,-94.93280073612532,78.06719926387468,500
g,-20.82461659455953,25.17538340544047,500
g,-52.624155131276204,73.37584486872379,500
j,-86.33398459874826,11.666015401251748,500
c,-71.54235982407825,91.45764017592175,500
x,-24.617363886868485,2.3826361131315132,500
o,-44.380392197215116,24.61960780278488,500
h,-54.386856926658716,22.613143073341284,500
z,-67.44539475954431,80.55460524045569,500
b,-84.33118824061722,41.66881175938278,500
o,-89.61345665349042,15.386543346509589,500
j,-59.480542609504724,22.51945739049528,500
q,-43.54597084587912,68.45402915412087,500
b,-25.496746314148677,85.50325368585132,500
c,-83.15949720938897,53.840502790611026,500
a,-63.72825078804715,52.27174921195285,500
c,-33.07075897616884,3.9292410238311613,500
f,-96.22968825617075,72.77031174382925,500
p,-70.88123107641938,82.11876892358062,500
s,-0.6656332544738495,95.33436674552615,500
h,-94.70905232857858,92.29094767142142,500
b,-51.64823513087984,31.35176486912016,500
i,-78.400418664134,59.599581335866,500
f,-30.232469057143312,93.76753094285668,500
b,-1.1545102108100012,62.84548978919,500
m,-47.97242529550637,78.02757470449363,500
m,-83.29439381498094,71.70560618501906,500
y,-87.07699714351425,74.92300285648575,500
h,-86.38370538055307,80.61629461944693,500
e,-82.43783924692553,21.562160753074465,500
d,-64.2251282371521,0.7748717628479009,500
t,-80.43715476532714,22.562845234672867,500
i,-37.23971482334683,85.76028517665317,500
g,-88.30121637659994,84.69878362340006,500
e,-57.223395381031445,16.77660461896856,500
j,-5.333446622365578,98.66655337763441,500
n,-33.873120198728174,51.126879801271826,500
x,-5.3828282138396375,12.617171786160363,500
x,-29.352926916986732,85.64707308301327,500
q,-47.28962572615472,41.71037427384528,500
j,-83.08804899666616,96.91195100333384,500
w,-45.71138610004774,11.288613899952258,500
u,-79.34256825631294,82.65743174368706,500
c,-11.813811319705023,5.186188680294976,500
r,-89.63395119876989,58.366048801230114,500
p,-20.982131127043225,58.017868872956775,500
e,-27.600822350032175,71.39917764996783,500
r,-15.214059097753534,73.78594090224647,500
r,-85.59129337133422,58.40870662866578,500
d,-17.089056585790406,9.910943414209592,500
j,-92.55432248733175,49.44567751266826,500
l,-85.13205175071987,78.86794824928013,500
j,-52.06937096886947,33.93062903113053,500
w,-72.5426670571373,8.4573329428627,500
c,-97.6790488937686,67.3209511062314,500
p,-86.24750249246163,98.75249750753837,500
