ys,-83.02700695731612,82.97299304268388,1000
bx,0.9525069779272148,86.95250697792721,1000
it,-78.532790015503,38.467209984497,1000
si,-32.106733312614324,34.893266687385676,1000
jf,-26.812827683592563,57.18717231640744,1000
sb,-84.0801574804719,82.9198425195281,1000
xy,-60.259143331865246,64.74085666813475,1000
lp,-51.29079462384462,16.70920537615538,1000
ki,-63.593024710406354,64.40697528959365,1000
gm,-47.99761614032572,76.00238385967428,1000
ql,-14.468786597708622,92.53121340229137,1000
mf,-7.880918337347522,61.119081662652476,1000
ov,-1.5154964277470597,59.48450357225294,1000
fz,-7.174375732060498,29.825624267939503,1000
dx,-18.340329601903008,72.65967039809699,1000
wr,-52.09210619131014,94.90789380868986,1000
ld,-31.614757456294708,44.385242543705296,1000
ol,-82.60955181824512,52.39044818175488,1000
hz,-40.62373581434973,19.376264185650268,1000
cz,-9.248155455581676,84.75184454441832,1000
kb,-85.94605093726203,92.05394906273797,1000
ap,-63.215243991113674,61.784756008886326,1000
si,-80.68332281527654,82.31667718472346,1000
zy,-62.527955401719744,98.47204459828025,1000
ey,-37.539586725861355,51.460413274138645,1000
aj,-59.796261856835486,60.203738143164514,1000
gx,-27.50183212221484,37.498167877785164,1000
gw,-12.883426789630073,26.116573210369925,1000
zh,-10.172148810335397,62.82785118966461,1000
qy,-80.92549585701184,7.074504142988164,1000
ty,-55.78608401959875,85.21391598040125,1000
di,-54.09274912037516,93.90725087962484,1000
jy,-59.04852531935944,94.95147468064056,1000
uq,-82.95938930749254,48.04061069250746,1000
iu,-69.87701991347164,74.12298008652836,1000
jr,-55.15458966872226,86.84541033127775,1000
ko,-63.65297075017148,74.34702924982852,1000
tm,-28.313888851963426,2.686111148036573,1000
lv,-63.99613619129096,4.003863808709038,1000
bf,-68.25658971925478,87.74341028074522,1000
qf,-48.40012796626209,71.59987203373791,1000
kx,-8.0200827108619,81.9799172891381,1000
us,-74.0161508274096,42.98384917259039,1000
ju,-3.83856087614199,87.16143912385802,1000
wf,-64.5934360719829,72.4065639280171,1000
pq,-63.28824876967064,86.71175123032937,1000
yj,-54.23910498927801,43.76089501072199,1000
ey,-16.405791974706613,58.59420802529339,1000
uj,-56.27962680094886,94.72037319905114,1000
la,-48.62433980703904,95.37566019296095,1000
wl,-79.07255263537047,28.927447364629533,1000
bt,-13.315796073820572,15.684203926179428,1000
jo,-42.14436835485199,82.85563164514801,1000
xa,-4.054531153835672,36.945468846164324,1000
rz,-17.687029596494465,78.31297040350553,1000
ua,-56.44320018259379,44.55679981740621,1000
bd,-13.206429056058063,38.79357094394194,1000
im,-15.09018519923847,82.90981480076154,1000
wt,-58.07029059505024,91.92970940494976,1000
po,-1.6739493518242405,35.32605064817576,1000
rp,-42.74673762703702,82.25326237296298,1000
vs,-76.30626681748065,26.69373318251935,1000
bv,-52.92604126470352,74.07395873529649,1000
vu,-19.98411973596346,79.01588026403654,1000
is,-18.94245181902392,57.05754818097608,1000
ke,-36.01925322401984,53.98074677598016,1000
yz,-95.98217752154162,18.017822478458392,1000
ez,-94.69678935339923,47.30321064660078,1000
ty,-39.077373752383565,92.92262624761644,1000
mf,-69.0932331158715,26.9067668841285,1000
hx,-76.33790127104899,2.662098728951009,1000
ax,-13.86360742130459,48.13639257869541,1000
fl,-66.85258994786483,65.14741005213517,1000
bz,-37.56896398804877,53.43103601195123,1000
di,-16.798636351747945,89.20136364825206,1000
gi,-92.66070861304235,21.339291386957658,1000
ev,-2.4483725898671223,11.551627410132877,1000
dp,-29.235431652634485,34.76456834736551,1000
tj,-19.745626969612378,87.25437303038763,1000
cq,-40.76180302859689,70.23819697140311,1000
vd,-95.3749112774049,69.6250887225951,1000
gc,-77.07583545561234,8.924164544387665,1000
sm,-16.67426321603106,80.32573678396894,1000
aa,-7.182626847919479,92.81737315208052,1000
hq,-69.82274213268286,30.177257867317135,1000
qf,-0.6891848961932094,41.31081510380679,1000
uh,-0.024718822128349416,97.97528117787165,1000
qr,-53.15218701763344,27.847812982366566,1000
re,-27.17920072822223,1.8207992717777706,1000
vi,-76.24640360885299,55.75359639114701,1000
st,-73.15547122141629,22.84452877858371,1000
gr,-79.72598813454042,52.27401186545959,1000
ms,-26.460242724034458,71.53975727596554,1000
lt,-91.99705144222874,42.00294855777127,1000
cj,-55.643909305304504,12.356090694695496,1000
mu,-90.29578584379377,68.70421415620623,1000
fp,-46.541334138436106,42.458665861563894,1000
gq,-57.89753059501981,49.10246940498019,1000
cp,-16.93602814303736,59.06397185696264,1000
rn,-28.042385234364552,58.95761476563545,1000
jn,-4.301485433377751,8.698514566622249,1000
qa,-7.744802500509762,42.25519749949024,1000
qb,-42.38505783098929,53.61494216901071,1000
xl,-70.02094551420718,79.97905448579282,1000
uz,-19.947208107804183,71.05279189219581,1000
dq,-36.746897996566446,27.253102003433554,1000
jd,-66.45800651077978,47.541993489220225,1000
ho,-51.203190750530226,69.79680924946977,1000
kc,-1.8714643112135332,49.128535688786464,1000
hb,-91.18658723218554,26.81341276781446,1000
su,-4.151730498706327,16.848269501293675,1000
xm,-71.86002853333505,72.13997146666495,1000
gv,-68.98890921583259,57.01109078416741,1000
cp,-38.00661636473912,73.99338363526088,1000
er,-66.47388461239156,83.52611538760844,1000
tv,-46.13928341953104,95.86071658046896,1000
wh,-14.20121429213866,1.79878570786134,1000
ss,-66.50067064998375,87.49932935001625,1000
pi,-89.75440181653562,70.24559818346438,1000
dj,-18.023693946414138,51.976306053585866,1000
hw,-48.16917638254779,61.83082361745221,1000
oz,-52.42394549474954,65.57605450525045,1000
op,-38.280980529666905,27.719019470333095,1000
bx,-67.4347019411236,7.565298058876388,1000
by,-10.772917104987227,65.22708289501277,1000
hv,-30.046796040055675,39.953203959944325,1000
bd,-72.00914437282046,51.990855627179535,1000
qy,-42.029255519344126,88.97074448065588,1000
jz,-41.31618928408906,42.68381071591094,1000
bo,-12.341111043865718,41.658888956134284,1000
wp,-81.73110743998602,29.268892560013985,1000
js,-73.03859415902947,53.96140584097053,1000
kb,-12.616778644930651,80.38322135506935,1000
cs,-72.58876038291557,35.41123961708443,1000
qi,-62.758054346332536,81.24194565366746,1000
mo,-30.01065369199847,40.98934630800153,1000
zu,-36.96756966525948,44.03243033474052,1000
wv,-48.165827903521716,1.834172096478286,1000
aq,-83.68077366927113,97.31922633072887,1000
ji,-54.21068364640134,39.78931635359866,1000
gu,-85.82117788845258,91.17882211154742,1000
sc,-42.48500589146477,73.51499410853523,1000
am,-63.94058423363499,39.05941576636501,1000
nv,-56.363205252628674,5.636794747371325,1000
cb,-21.874524875495666,83.12547512450433,1000
cw,-26.187518643155652,59.812481356844344,1000
wa,-36.30082929576634,66.69917070423367,1000
gc,-58.88620838471688,59.11379161528312,1000
mx,-58.923054065872435,73.07694593412756,1000
ba,-29.94153867202383,21.05846132797617,1000
ke,-56.49500925309481,98.5049907469052,1000
vr,-54.72565175189122,47.27434824810878,1000
jv,-45.480339049434114,73.51966095056588,1000
dn,-77.89321249108912,96.10678750891088,1000
wo,-63.303882267576085,88.69611773242391,1000
ko,-38.11086516075734,38.88913483924266,1000
tg,-57.163687036427305,80.8363129635727,1000
bo,-44.116063512062645,68.88393648793735,1000
er,-94.01150464050178,6.988495359498217,1000
lu,-24.075754469168515,10.924245530831485,1000
gb,-85.99974997468037,86.00025002531963,1000
vs,-37.9316718916797,75.0683281083203,1000
wr,-48.3339533682671,5.666046631732897,1000
et,0.753042361853363,48.75304236185336,1000
ot,-57.228920383394026,2.771079616605971,1000
ts,-79.8383838896367,73.1616161103633,1000
iq,-96.57326579318172,41.42673420681829,1000
ab,-64.97000964010908,42.029990359890924,1000
pp,-79.65244128983275,85.34755871016725,1000
ke,-57.76244840481635,89.23755159518366,1000
fq,-14.417213522684852,46.582786477315146,1000
va,-23.227167875016278,34.77283212498372,1000
wu,-76.91572142635384,54.08427857364616,1000
ll,-35.15792247754882,16.842077522451177,1000
tb,-70.71502952780114,77.28497047219886,1000
mt,-65.26334027714881,83.73665972285119,1000
bz,-82.61971334999986,3.380286650000142,1000
ce,-84.22359803626013,57.77640196373987,1000
ye,-36.44097949732113,82.55902050267888,1000
rx,-4.151598104924389,69.84840189507561,1000
oi,-54.88516682158527,81.11483317841473,1000
ft,-55.846383765710456,75.15361623428954,1000
lq,-40.86392078966597,40.13607921033403,1000
kh,-88.66042444044616,96.33957555955384,1000
eu,-3.4853289389858935,49.514671061014106,1000
vq,-79.2492515327071,3.7507484672928886,1000
vw,-46.17843499457864,4.821565005421363,1000
os,-17.26565926171865,59.73434073828135,1000
ws,-51.01026454607865,60.98973545392135,1000
gs,-78.40949906031317,64.59050093968683,1000
ff,-60.19522226493543,21.804777735064565,1000
jl,-63.395734332088644,39.604265667911356,1000
dj,-52.32681367579332,81.67318632420668,1000
fv,-16.458760415581136,63.54123958441887,1000
rd,-58.86684916047733,4.133150839522669,1000
pl,-27.683657854100005,28.316342145899995,1000
us,-49.94757072290398,20.052429277096017,1000
ar,-88.30945204688476,25.690547953115235,1000
by,-92.909776726188,69.090223273812,1000
gc,-41.286077123637995,53.713922876362005,1000
mz,-74.78707538746335,21.212924612536654,1000
cv,-16.09175306580031,87.9082469341997,1000
pp,-5.944124172379218,2.0558758276207825,1000
ap,-76.8772229271198,23.1227770728802,1000
ul,-3.9570182750850504,16.04298172491495,1000
xx,-13.090884292259238,5.909115707740761,1000
jg,-41.26605622801877,95.73394377198123,1000
st,-25.59549847842455,56.40450152157545,1000
la,-7.190509439796813,15.809490560203187,1000
py,-47.98312022609241,21.016879773907593,1000
uy,-73.95066479512697,6.049335204873037,1000
df,-96.9382859850258,92.0617140149742,1000
ee,-46.17644974531182,46.82355025468818,1000
lx,-36.11397004906597,61.88602995093403,1000
zk,-19.25658182255106,56.743418177448945,1000
my,-74.9033169797963,75.0966830202037,1000
ou,-89.1959506675394,90.8040493324606,1000
jh,-67.10171048834079,42.898289511659215,1000
lr,-30.616644668963943,64.38335533103606,1000
wk,-94.19015957200313,5.809840427996877,1000
oy,-34.25364089853941,35.74635910146059,1000
qi,-5.0885672481770525,91.91143275182294,1000
fb,-63.51660556738544,84.48339443261456,1000
ce,-48.55662605072375,13.443373949276248,1000
al,-66.72492777419107,13.275072225808927,1000
lv,-47.55146090919424,77.44853909080577,1000
sm,-62.32108315524104,25.67891684475896,1000
pk,-85.3127036872137,6.687296312786298,1000
up,-46.273887687491055,88.72611231250895,1000
sf,-63.7055127805328,82.2944872194672,1000
hf,-45.36929681180525,18.63070318819475,1000
zm,-0.676914763244337,15.323085236755663,1000
fh,-52.191229657033986,52.808770342966014,1000
vj,-25.03190685347766,95.96809314652234,1000
wg,-86.84663232320116,57.153367676798844,1000
zm,-0.8336832406180916,75.16631675938191,1000
he,-51.919486582339346,23.08051341766065,1000
di,-0.048960651882180906,49.95103934811782,1000
lg,-27.341790357549165,59.658209642450835,1000
eu,-19.97676019463194,61.02323980536806,1000
hk,-21.54982120230726,15.450178797692738,1000
om,-89.95490340378322,32.04509659621679,1000
wl,-58.133885719017826,73.86611428098217,1000
uc,-55.2185172110164,92.78148278898361,1000
ro,-4.200355598610933,20.799644401389067,1000
eu,-16.355612033278135,3.6443879667218644,1000
tr,-32.47011715025132,35.52988284974868,1000
he,-72.90105276848634,0.09894723151365847,1000
ei,-11.12114847548965,4.878851524510351,1000
vp,-3.5747106919154694,78.42528930808453,1000
qr,-20.56891490501974,37.43108509498026,1000
kl,-51.40754440065615,97.59245559934385,1000
yf,-15.580952621160076,47.41904737883992,1000
di,-89.108162171756,67.891837828244,1000
gv,-77.70900343176652,42.29099656823348,1000
er,-90.22411717730668,33.775882822693326,1000
oq,-0.49632472238180425,13.503675277618196,1000
nl,-3.8196653557191578,97.18033464428085,1000
tv,-1.1939244234533615,16.80607557654664,1000
fp,-40.478707609278906,11.521292390721094,1000
lj,-51.58548004458999,57.41451995541001,1000
qd,-82.42149206479533,65.57850793520467,1000
tr,-78.28382396376077,70.71617603623923,1000
hm,-30.93561184040299,28.06438815959701,1000
mw,-34.774235717991175,72.22576428200883,1000
yy,-83.70127238248209,19.29872761751791,1000
hy,-87.96010327561868,41.03989672438133,1000
bf,-12.59484781942967,97.40515218057033,1000
tc,-81.00838065123624,46.991619348763756,1000
hs,-8.823935478632492,91.17606452136751,1000
li,-66.5212002367478,83.4787997632522,1000
ef,-54.10558598317367,76.89441401682633,1000
tk,-46.597923689881185,88.40207631011882,1000
gg,-17.79770104950302,22.20229895049698,1000
rq,-29.708874222021887,35.29112577797812,1000
uh,-83.70487876504818,38.29512123495183,1000
pe,-30.40708565416005,76.59291434583994,1000
lt,-29.281376622317214,88.71862337768279,1000
gj,-83.35423911496099,97.64576088503901,1000
ws,-29.45764525228326,58.542354747716736,1000
gh,-73.00902384774774,75.99097615225226,1000
mi,-71.19898525102582,72.80101474897418,1000
kc,-60.54634914123147,66.45365085876854,1000
so,-64.22715753361399,71.77284246638601,1000
nv,-56.123157708937455,97.87684229106254,1000
rd,-89.3096163002327,6.69038369976729,1000
ii,-7.07892138441601,56.92107861558399,1000
gv,-22.482281483736845,11.517718516263155,1000
aw,-23.263103624572267,2.736896375427733,1000
mj,-97.22340886183231,51.77659113816769,1000
ch,-46.600480653007416,5.399519346992582,1000
uh,-42.36184153618288,26.638158463817117,1000
if,-9.341582992392611,73.65841700760738,1000
mz,-70.09259617309834,83.90740382690166,1000
aq,-36.40056480506455,53.59943519493545,1000
ne,-75.42830120246529,88.57169879753471,1000
bv,-31.602006413009658,67.39799358699034,1000
ip,-51.62063574903207,17.379364250967935,1000
ak,-73.70142322198329,92.29857677801671,1000
mj,-78.17469398521885,38.82530601478115,1000
nj,-80.27615877122781,46.723841228772194,1000
tx,-3.476286442608469,96.52371355739153,1000
fg,-11.955884809231929,22.04411519076807,1000
uw,-65.52380969004703,79.47619030995297,1000
rk,-65.59715714232011,37.40284285767988,1000
sf,-46.3551013268254,27.644898673174602,1000
zx,-10.96397250394218,25.03602749605782,1000
be,-43.22740871175455,51.77259128824545,1000
zy,-20.11256359345537,27.88743640654463,1000
ru,-57.39375481927065,98.60624518072936,1000
rz,-61.43850221279455,7.561497787205446,1000
to,-77.6462109174851,53.353789082514886,1000
yy,-37.472311069245904,72.5276889307541,1000
om,-12.07406016028653,94.92593983971346,1000
rb,-26.473433403400655,18.526566596599345,1000
gk,-17.622714730338004,90.377285269662,1000
iz,-88.79331794630079,7.206682053699205,1000
xp,-68.72723199360833,61.272768006391665,1000
rb,-34.26644408644361,53.73355591355639,1000
am,-38.82870812382223,19.17129187617777,1000
sl,-8.603688124151176,72.39631187584882,1000
wt,-41.51149180799902,73.48850819200098,1000
gp,-0.40059351917797803,14.599406480822022,1000
hi,-53.88182169861511,91.11817830138489,1000
zv,-10.26634617100739,6.733653828992609,1000
ww,-9.691992320752663,84.30800767924734,1000
uq,-37.15746910656458,84.84253089343542,1000
dr,-18.37455860806039,1.625441391939611,1000
rr,-82.32828115074005,48.67171884925994,1000
ff,-63.34187189908139,69.65812810091862,1000
vi,-90.38200226387984,53.61799773612015,1000
wo,-89.72336209026109,33.276637909738916,1000
xg,-0.8557558560693452,2.1442441439306545,1000
hg,-23.83677566881169,37.16322433118831,1000
oo,-9.456473929989516,14.543526070010484,1000
mv,-56.742906804311076,51.257093195688924,1000
zo,-11.566063745263461,28.433936254736537,1000
pu,-17.422451278666415,23.577548721333585,1000
la,-62.27069005913183,36.72930994086817,1000
ss,-78.42519342312512,76.57480657687488,1000
hg,-96.56461086554292,97.43538913445708,1000
af,-67.31955444606726,35.68044555393275,1000
gr,-11.532653379813686,83.46734662018632,1000
fp,-87.56061624535604,97.43938375464396,1000
ol,-60.957052282459486,68.04294771754051,1000
tq,-36.026205680281386,94.9737943197186,1000
pp,-20.416390455128486,66.5836095448715,1000
iq,-42.172210175900815,63.827789824099185,1000
qz,-17.567738200037976,69.43226179996202,1000
an,-66.21720597376134,46.78279402623866,1000
ny,-75.83021958970475,58.169780410295246,1000
xj,-3.836196009874147,20.163803990125853,1000
vb,-7.23707802024763,0.7629219797523704,1000
gd,-44.555257452496,97.444742547504,1000
vm,-36.04215412286596,6.957845877134041,1000
lt,-88.05133199588823,35.94866800411177,1000
xe,-27.314050582870046,51.685949417129954,1000
jt,-77.6238605949982,63.376139405001794,1000
vy,-70.87653682515625,97.12346317484375,1000
ef,-11.354425959240752,68.64557404075924,1000
ll,-9.374877726033372,56.625122273966625,1000
xm,-94.40024048711854,86.59975951288146,1000
ft,-47.14200068409823,20.857999315901772,1000
qx,-51.7776337839655,4.222366216034504,1000
fg,-82.67405149728734,29.32594850271266,1000
ns,-33.86124313207437,85.13875686792564,1000
af,-96.51889341350174,54.481106586498264,1000
fv,-4.347962917650469,12.65203708234953,1000
xr,-31.95724328032076,45.04275671967924,1000
qj,-69.05099016891745,52.94900983108255,1000
jt,-83.31962598103605,59.68037401896395,1000
as,-96.47183234723083,7.5281676527691745,1000
tz,-89.29319449375457,68.70680550624543,1000
br,-51.128680845868686,67.87131915413131,1000
fr,-68.22288261768485,38.77711738231516,1000
vo,-0.3916447939201987,14.608355206079802,1000
rp,-66.537189279018,76.462810720982,1000
no,-11.357657546367635,13.642342453632365,1000
qa,-51.16361559304707,1.8363844069529296,1000
pb,-24.06107267445645,24.93892732554355,1000
ky,-49.52517974194645,68.47482025805354,1000
jo,-39.82206942680962,58.17793057319038,1000
ds,-63.92324727961336,95.07675272038664,1000
yr,-12.879082797998713,76.1209172020013,1000
ce,-97.74460083887588,66.25539916112412,1000
gx,-37.892075547248474,70.10792445275153,1000
bh,-50.373543255630295,71.6264567443697,1000
vc,-92.37377215934178,64.62622784065822,1000
sv,-42.23883538573901,8.761164614260988,1000
fr,-49.174121585280325,57.825878414719675,1000
yq,-68.7792704550039,76.2207295449961,1000
vx,-42.204449575230015,86.79555042476998,1000
du,-8.552753214907945,28.447246785092055,1000
zq,-67.53912522899837,4.460874771001627,1000
ft,-1.8635080362928689,35.13649196370713,1000
rp,-74.12132636341154,77.87867363658846,1000
wn,-97.18122743011182,80.81877256988818,1000
qi,-77.46451920736595,75.53548079263405,1000
kq,-77.49420790112403,41.50579209887598,1000
tx,-28.963304983557585,7.036695016442417,1000
nq,-8.645127153194585,2.3548728468054154,1000
nd,-75.03018261967962,20.96981738032037,1000
do,-80.47184989157272,32.528150108427276,1000
th,-17.078375957188562,68.92162404281143,1000
na,-48.21791209354898,20.782087906451018,1000
mt,-0.6135378771057677,5.386462122894232,1000
pn,-38.891911664431994,8.108088335568006,1000
nx,-2.788188129081022,12.211811870918979,1000
ox,-62.04240677835033,77.95759322164967,1000
yt,-96.85068126865181,64.14931873134819,1000
lv,-91.55740940264128,75.44259059735872,1000
lm,-50.32329659689219,2.6767034031078047,1000
nf,-23.83246497774281,95.1675350222572,1000
ia,-40.97774608848376,72.02225391151623,1000
ub,-7.240900161689992,46.75909983831001,1000
bk,-6.441990382297386,58.558009617702616,1000
cx,-40.07093806133901,73.929061938661,1000
vp,-70.28465391634991,46.71534608365008,1000
hs,-14.403556275755259,32.59644372424474,1000
uz,-44.63574863411024,27.364251365889753,1000
kv,-97.14129431380226,79.85870568619774,1000
cl,-90.6256228785899,49.374377121410106,1000
uh,-18.38813734870054,3.611862651299461,1000
yc,-94.77949487590885,88.22050512409115,1000
uw,-56.660623144469525,27.33937685553047,1000
gc,-53.610998334931416,77.38900166506859,1000
cb,-70.54042337748885,32.45957662251115,1000
fl,-63.225187487627004,22.774812512373,1000
hf,-61.20346219383714,0.7965378061628582,1000
su,-22.90600972203855,17.09399027796145,1000
vq,-69.91892437824056,21.081075621759442,1000
xj,-53.9843632475233,56.0156367524767,1000
xq,-1.286485526319449,61.713514473680554,1000
up,-84.3625756106135,42.6374243893865,1000
nj,-2.949546922612411,93.05045307738759,1000
oy,-52.97911896946234,78.02088103053767,1000
ic,-13.544073432289045,32.455926567710954,1000
ya,-55.28652390670568,47.71347609329432,1000
kh,-53.371279367822424,69.62872063217758,1000
ia,-74.80055017901734,95.19944982098266,1000
jy,-39.22567287027292,37.77432712972708,1000
df,-12.909335526126661,38.09066447387334,1000
wz,-30.48839367936985,20.51160632063015,1000
bt,-21.70953029691101,23.29046970308899,1000
so,-46.15063218853463,71.84936781146537,1000
bq,-62.89000607361904,37.10999392638096,1000
wn,-43.826016066488386,1.1739839335116171,1000
ad,-49.4286460088565,81.5713539911435,1000
lx,-58.57427369809876,15.42572630190124,1000
zp,-58.41174261986955,54.58825738013045,1000
gk,-59.87189063263822,96.12810936736177,1000
za,-26.11823985552635,47.88176014447365,1000
pw,-9.117855078979645,61.882144921020355,1000
fi,-29.001877258316007,8.998122741683993,1000
qd,-65.48514827563298,60.51485172436702,1000
ff,-74.86389640621069,78.13610359378931,1000
hx,-33.765916572875376,92.23408342712463,1000
yv,-44.81403430830874,68.18596569169127,1000
cd,-70.98841285901766,33.01158714098235,1000
wv,-83.04834970005604,27.951650299943957,1000
yy,-31.86382025905748,57.136179740942524,1000
qi,-92.85255682589514,61.147443174104865,1000
ve,-3.3600483682535125,58.639951631746484,1000
xl,-66.1229438988384,97.8770561011616,1000
rz,-51.683788577205824,13.31621142279418,1000
eb,-75.60070817969779,48.39929182030222,1000
as,-84.68933124133872,36.31066875866127,1000
pj,-50.958089333080444,6.041910666919557,1000
nr,-2.742857164771554,64.25714283522845,1000
on,-36.60069624224187,54.39930375775813,1000
od,-68.41264084234518,89.58735915765482,1000
rm,-75.18105811563049,34.81894188436951,1000
bb,-32.94190356172986,30.05809643827014,1000
wr,-63.920819596737324,12.079180403262676,1000
wn,-47.33431132593121,22.665688674068793,1000
iq,-83.7128507362152,13.287149263784801,1000
mt,-19.499242674120897,86.5007573258791,1000
mi,-92.98511604644148,19.01488395355853,1000
aw,-41.55342206738538,98.44657793261462,1000
ft,-59.23207054308851,97.76792945691149,1000
ru,-94.97555196000192,57.02444803999807,1000
ia,-48.47706528875019,89.5229347112498,1000
nh,-36.74075012174785,58.25924987825215,1000
qg,-91.42569743628924,41.57430256371075,1000
mz,-57.10582919080843,86.89417080919158,1000
uu,-38.170669152805466,61.829330847194534,1000
od,-75.88447158393531,15.115528416064688,1000
nz,-5.034889319248038,21.965110680751962,1000
jh,-76.88715645064131,96.11284354935869,1000
ko,-80.46742149401203,96.53257850598797,1000
ny,-2.853394053817575,52.146605946182426,1000
ot,-88.66107809535622,98.33892190464378,1000
ea,-66.25657462031003,48.743425379689974,1000
hs,-92.14054771231342,18.859452287686583,1000
ps,-83.79283356018132,85.20716643981868,1000
rj,-89.78131902458193,87.21868097541807,1000
rb,-25.225870632314024,91.77412936768597,1000
my,-7.580126139498003,53.419873860501994,1000
mx,-68.5926705672057,86.4073294327943,1000
hb,-1.334004504476645,55.665995495523354,1000
mh,-95.21240835645484,82.78759164354516,1000
