zm,-43.56255692601765,79.43744307398235,25
tp,-57.99786918191755,33.00213081808245,25
ts,-73.11911198969783,81.88088801030217,25
da,-25.834040459891085,41.165959540108915,25
ug,-44.931351629712005,51.068648370287995,25
kw,-92.61146192960862,84.38853807039138,25
gl,-65.89900356400014,50.10099643599987,25
iq,-26.765381515562943,5.234618484437057,25
lo,-28.999265053668598,76.0007349463314,25
zr,-85.24298313390716,82.75701686609284,25
kx,-74.29484727394173,17.705152726058277,25
zl,-57.28482504599588,75.71517495400411,25
rf,-6.20830899409524,34.79169100590476,25
vr,-26.663072850751877,45.33692714924812,25
lp,-57.954546081788315,31.04545391821168,25
is,-0.8500630231420481,67.14993697685796,25
ut,-42.23797298605609,51.76202701394391,25
by,-12.937858496921566,68.06214150307844,25
iz,-34.81139524821184,15.188604751788166,25
ks,-73.80936518909034,19.19063481090966,25
zs,-72.0174139700155,16.982586029984507,25
fc,-85.7433930125153,63.25660698748471,25
el,-61.72696964197228,46.27303035802772,25
ae,-1.6641773333134198,7.33582266668658,25
jq,-41.92916895926048,56.07083104073952,25
sn,-76.81268167481639,49.187318325183604,25
yu,-0.48861455983361624,40.511385440166386,25
iq,-77.42630514074627,1.573694859253738,25
wn,-29.161245166449817,16.838754833550183,25
wy,-39.21028387926999,69.78971612073,25
am,-8.0537467283911,56.946253271608896,25
hc,-0.7126206925774318,75.28737930742257,25
me,-93.29706731311774,49.70293268688227,25
it,-50.90813442388832,16.091865576111683,25
he,-9.133866270908417,90.86613372909159,25
bg,-21.830038248011505,83.1699617519885,25
cr,-55.65372859819349,31.346271401806508,25
mu,-85.89456523710675,49.10543476289325,25
ji,-40.964819488008175,34.035180511991825,25
rp,-54.54844651225564,63.45155348774436,25
ao,-84.38897051618771,93.61102948381229,25
ta,-35.37069745968519,70.62930254031481,25
mv,-57.66395292510893,1.336047074891069,25
zx,-54.69026445581918,39.30973554418082,25
cq,-85.1778457539125,83.8221542460875,25
pd,-41.29008758250933,92.70991241749067,25
oe,-36.43553277044685,49.56446722955315,25
mq,-55.87888827763442,45.12111172236558,25
wc,-29.44799191501841,60.55200808498159,25
li,-89.99729311146433,15.002706888535673,25
ym,-61.716740606324194,96.2832593936758,25
hz,-56.710753875461705,16.28924612453829,25
jm,-64.44632545357999,9.553674546420009,25
jx,-84.24909595332207,98.75090404667793,25
mf,-68.73636174757884,96.26363825242116,25
cc,-17.09018878174747,58.90981121825253,25
au,-23.568956574384703,28.431043425615297,25
kq,-73.43193132489817,3.5680686751018227,25
gx,-94.82394705824956,15.176052941750443,25
pa,-7.5820637155899595,60.41793628441004,25
ei,-60.11151246854042,6.8884875314595835,25
ij,-36.41647403980953,30.583525960190475,25
co,-85.32696607441716,24.67303392558284,25
fr,-60.34049889392133,62.65950110607867,25
pp,-24.79796728170857,6.2020327182914325,25
ns,-2.5105205401861217,86.48947945981388,25
xf,-9.005033401074794,61.99496659892521,25
qj,-38.836004377385166,29.163995622614838,25
dv,-52.730754316186996,22.269245683813,25
yo,-15.423528410186657,53.576471589813345,25
lp,-66.09657248305717,12.903427516942825,25
yo,-89.55519222090852,47.44480777909147,25
mv,-79.51059502462684,6.489404975373169,25
pr,-42.07148499030592,54.92851500969408,25
jr,-81.66449528954264,42.335504710457364,25
hr,-42.84771877672204,17.15228122327796,25
cu,-55.28982589722013,68.71017410277987,25
ob,-72.97788752297086,12.022112477029141,25
fx,-87.91972951669698,10.080270483303025,25
vh,-92.68514270920438,17.314857290795615,25
do,-45.303372662058415,79.69662733794158,25
jo,-21.994978172739,12.005021827261,25
nu,-43.25846985168447,64.74153014831553,25
yp,-87.84549607359548,30.15450392640452,25
ba,-5.545940100394104,59.454059899605895,25
dg,-12.657333158141604,62.342666841858396,25
xs,-85.63759971142706,62.362400288572935,25
bl,-80.86993534689634,18.130064653103663,25
aj,-60.1413624664227,27.858637533577298,25
ry,-40.2412182716574,9.7587817283426,25
uq,-10.347533655957774,70.65246634404222,25
qi,-37.09274028487108,32.90725971512892,25
xu,-7.418572988599277,95.58142701140072,25
tp,-93.65822334007888,72.34177665992112,25
ql,-4.567027955968188,36.432972044031814,25
en,-10.38922270196426,97.61077729803574,25
li,-55.24309707174007,81.75690292825993,25
yo,-27.121836448955158,5.8781635510448424,25
xq,-89.0657711171829,54.9342288828171,25
wl,-39.48746117766981,9.512538822330193,25
am,-50.58351162616698,77.41648837383302,25
my,-64.70238241935913,48.29761758064088,25
yq,-80.68886949533517,79.31113050466483,25
hy,-19.119585922342058,53.88041407765794,25
nh,-52.830404240310834,3.1695957596891677,25
cx,-6.3752917662754545,63.62470823372455,25
ne,-52.824169296895185,63.175830703104815,25
lw,-46.2721545304492,57.7278454695508,25
on,-41.56450210909181,82.43549789090818,25
qf,-76.90313807450228,83.09686192549772,25
pu,-9.287481316550714,38.71251868344929,25
dt,-56.294794796963004,82.705205203037,25
km,-85.62426587435645,66.37573412564355,25
mo,-20.939753586315263,19.060246413684737,25
ns,-69.30007294152588,27.699927058474113,25
xp,-31.162785484824298,92.8372145151757,25
ih,-66.33382748923805,48.66617251076196,25
ts,-84.6928496224334,95.3071503775666,25
ku,-30.16189217312619,81.83810782687381,25
kb,-26.399325574966397,78.6006744250336,25
rh,-64.14711321905706,4.852886780942944,25
ef,-29.537154149366447,7.462845850633551,25
dp,-27.2556498774627,58.7443501225373,25
jm,-11.414537753774473,12.585462246225527,25
fs,-84.04857922884305,74.95142077115695,25
kx,-77.4204598468988,44.57954015310121,25
hs,-44.40372715656435,86.59627284343566,25
hz,-58.90220501721988,54.09779498278012,25
nd,-53.311663968392196,72.6883360316078,25
fi,-56.363379094539646,24.636620905460358,25
ow,-37.33435412747766,93.66564587252235,25
pv,-51.67882337416943,97.32117662583057,25
mn,-8.430318127236157,30.569681872763844,25
ff,-81.01059164978635,31.989408350213647,25
tw,-69.38545180643496,19.61454819356504,25
hr,-29.3766489484759,41.6233510515241,25
st,-82.4468331329838,17.553166867016195,25
vi,-74.97640492488567,42.02359507511432,25
ji,-0.6929028883605665,68.30709711163944,25
mc,-97.32062105298233,66.67937894701767,25
ya,-91.51687048147633,47.483129518523675,25
mz,-0.610923195355987,83.38907680464402,25
ob,-22.673289661722922,65.32671033827708,25
xw,-77.91505873843901,8.084941261560985,25
qi,-33.51318742280601,76.48681257719399,25
kz,-81.06198697692567,90.93801302307433,25
ro,-60.07960854207705,51.92039145792295,25
jv,-61.069702170624566,51.930297829375434,25
mp,-76.73289160639901,53.26710839360099,25
bo,-5.990801651119451,49.009198348880545,25
jj,-3.7752919415678203,81.22470805843218,25
uz,-14.159416798656842,59.84058320134316,25
qo,-1.9926027608655852,18.007397239134416,25
ql,-64.51233539593667,74.48766460406333,25
up,-66.18351891893522,78.81648108106478,25
qp,-55.069159523727734,7.930840476272264,25
ky,-44.69533439097426,74.30466560902573,25
on,-28.602684571232523,22.397315428767477,25
ui,-86.43639122397349,35.563608776026506,25
rd,-77.55249480674098,58.44750519325901,25
ib,-79.19636767528733,88.80363232471267,25
fz,-93.828567779118,52.171432220882,25
ow,-95.98735475786998,27.012645242130016,25
tu,-4.245793412141806,75.75420658785819,25
dq,-25.165115908640374,54.834884091359626,25
fh,-50.08583667642236,56.91416332357764,25
gc,-92.2313123759996,64.7686876240004,25
jp,-55.47863593807784,8.521364061922153,25
rc,-29.644100002381204,61.3558999976188,25
zh,-21.605210822997794,43.39478917700221,25
nc,-38.636756905576426,86.36324309442357,25
yp,-68.1399366994186,65.8600633005814,25
eq,-21.562215252207107,15.437784747792891,25
fx,-85.66446197780171,32.335538022198286,25
oy,-22.550465631261588,64.44953436873841,25
zx,-77.50123199549823,43.49876800450177,25
wo,-57.76383429101029,23.23616570898971,25
vq,-87.72804617240679,13.271953827593213,25
hn,-13.756222451682687,15.243777548317313,25
ng,-97.35239044485238,39.647609555147625,25
zu,-35.13823563128432,75.86176436871568,25
oo,-54.93434647161459,85.06565352838541,25
te,-50.75260731321917,42.24739268678083,25
ae,-2.3981615399567744,17.601838460043226,25
id,-27.30686043691636,76.69313956308365,25
po,-5.276584630526453,80.72341536947354,25
qs,-92.6307601171781,77.3692398828219,25
hh,-27.958897949275407,13.041102050724593,25
jp,-86.81092383024419,46.189076169755815,25
xg,-43.91108576408325,39.08891423591675,25
bg,-69.15992704687491,39.84007295312508,25
zw,-32.90836315301578,31.091636846984226,25
lq,-52.431554796888825,36.568445203111175,25
uv,-82.1474993098573,44.8525006901427,25
ie,-13.780795733828779,65.21920426617122,25
jb,-15.980683935290372,21.019316064709628,25
ym,-14.586738217363248,1.4132617826367513,25
mg,-26.555183223980354,70.44481677601965,25
np,-80.48360340439123,60.51639659560877,25
bd,-22.50054314655206,34.49945685344794,25
kd,-37.146536804782976,88.85346319521703,25
th,-87.86695842253381,71.13304157746619,25
oz,-57.79605702219793,35.20394297780207,25
wj,-20.38747575005173,15.612524249948269,25
qp,-67.5479961134271,40.4520038865729,25
wb,-16.120841271433118,89.87915872856688,25
db,-12.665910158804564,25.334089841195436,25
yk,-72.40644942946794,86.59355057053206,25
kg,-69.47086133639706,57.52913866360293,25
uo,-49.67792904088117,51.32207095911883,25
se,-57.68711815232074,53.31288184767926,25
mn,-54.17323996266023,44.82676003733977,25
zb,-55.101911584027064,66.89808841597294,25
wi,-62.31152536879576,25.688474631204233,25
xw,-16.042049446344233,8.957950553655765,25
zx,-0.9450269421092042,36.0549730578908,25
sy,-77.87034528740305,49.129654712596945,25
wz,-48.10998040780242,32.89001959219758,25
mw,-77.10648064604615,37.89351935395385,25
rp,-39.98817420418522,88.01182579581477,25
mu,-74.25568701164693,57.74431298835307,25
gr,-67.91416376234633,30.08583623765367,25
bj,-48.105560764625366,20.89443923537463,25
gf,-66.77234364802682,97.22765635197318,25
iv,-33.0117633751574,75.9882366248426,25
hv,-31.07059761081586,69.92940238918413,25
py,-74.50099602572863,1.4990039742713708,25
dm,-16.346885354827233,39.65311464517277,25
ci,-2.9935848564634733,17.006415143536525,25
wg,-51.0293498975643,52.9706501024357,25
bq,-27.333987739919124,84.66601226008088,25
hs,-5.831568568766072,44.16843143123393,25
jp,-64.9716448449755,52.0283551550245,25
iu,-96.32169585500444,92.67830414499556,25
fp,-31.945878507966437,60.05412149203356,25
ty,-86.41107555220051,42.588924447799485,25
fc,-74.53432375591946,90.46567624408054,25
id,-29.847776707860817,91.15222329213918,25
gw,-36.57391811045381,55.42608188954619,25
jp,-81.90823710891614,53.09176289108387,25
sy,-61.488861972242454,53.511138027757546,25
na,-76.64971681892389,18.350283181076108,25
gw,-87.28922890020738,68.71077109979262,25
um,-38.293314747527454,83.70668525247254,25
fz,-45.53327123570235,27.46672876429765,25
lj,-19.512324137918366,83.48767586208163,25
sh,-38.061679627906194,66.93832037209381,25
zj,-74.83209045521706,24.167909544782944,25
gg,-23.92429716630748,90.07570283369252,25
pc,0.8952034954536179,9.895203495453618,25
ow,-84.25758138382874,86.74241861617126,25
vb,-52.44024786459414,67.55975213540586,25
iz,-27.52388066611992,28.47611933388008,25
vr,-46.95697225567172,88.04302774432827,25
wh,-26.57555404775851,17.42444595224149,25
ur,-12.907816893694704,15.092183106305296,25
rs,-43.5356063252716,90.4643936747284,25
vh,-41.185903954916874,85.81409604508312,25
uh,-92.74351398276274,10.256486017237261,25
kw,-56.71445295025026,85.28554704974974,25
mb,-27.61892207361476,52.381077926385245,25
ak,-51.48872308199096,46.51127691800904,25
rw,-85.1167822076608,14.8832177923392,25
od,-81.26576694901219,15.734233050987813,25
og,-58.22359398390077,13.776406016099228,25
mp,-95.83681428383068,60.16318571616932,25
od,-9.494384850297672,49.50561514970233,25
nq,-2.227737703174046,62.77226229682596,25
yy,-22.363798562516404,54.6362014374836,25
ry,-34.91927691446599,70.080723085534,25
ko,-20.846755524125545,84.15324447587446,25
ui,-37.44545056798939,23.55454943201061,25
xt,-95.25771845881073,74.74228154118927,25
be,-44.827320108670406,1.1726798913295933,25
aw,-72.1691139816117,9.830886018388302,25
pt,-37.18596408017185,70.81403591982816,25
ds,-96.79089710054107,83.20910289945893,25
be,-95.40644667415812,92.59355332584188,25
kk,-8.535878354523987,48.46412164547601,25
re,-8.324035836846,79.67596416315399,25
pn,-22.071898589473438,78.92810141052657,25
qn,-70.54210647566101,58.457893524338985,25
bu,-53.97695407924075,60.02304592075925,25
og,-96.84214436617351,15.157855633826488,25
cq,-20.74010246238464,38.25989753761536,25
br,-18.834001233170103,82.1659987668299,25
ut,-81.92723841406782,59.072761585932184,25
mi,-97.55641042601428,71.44358957398572,25
gv,-47.57026128664394,57.42973871335606,25
co,-74.72256998605503,66.27743001394497,25
sf,-82.26194956145198,3.7380504385480156,25
ia,-17.39136269475518,53.60863730524482,25
av,-16.29690546924368,87.70309453075632,25
pz,-56.808315638097724,25.19168436190228,25
vt,-26.770673899000958,45.22932610099904,25
km,-4.917935708734841,73.08206429126516,25
mb,-9.582859774546085,14.417140225453915,25
zg,-97.20084584886644,55.79915415113357,25
lk,-45.64459981123299,61.35540018876701,25
yu,-25.745250841717358,70.25474915828264,25
ob,-61.402174889269745,8.597825110730255,25
qb,-89.12611315096005,57.87388684903995,25
zw,-86.39779171507385,3.602208284926151,25
ot,-26.825771484478505,4.174228515521495,25
uf,-52.208732992851004,69.791267007149,25
jy,-86.88525456955342,24.114745430446572,25
hd,-68.09347330039974,56.90652669960026,25
rx,-7.170823516160468,17.829176483839532,25
jy,-34.58536586145178,54.41463413854822,25
wj,-38.616160437997436,82.38383956200256,25
xr,-85.9570621573853,51.04293784261471,25
ze,-78.55679029368324,19.44320970631676,25
fs,-82.4822242212817,30.517775778718303,25
ir,-57.086788544255676,92.91321145574433,25
lf,-23.65517466142618,83.34482533857381,25
vi,-24.736196336302513,79.26380366369749,25
mf,-91.82855391833681,59.171446081663184,25
dh,-86.73420773647211,21.265792263527885,25
tg,-47.54749173219656,77.45250826780344,25
ak,-62.22564552491805,19.774354475081946,25
in,-74.81322778751873,41.18677221248127,25
qi,-79.610871644368,84.389128355632,25
kq,-3.4786170088748958,79.52138299112511,25
td,-12.592226442687009,98.40777355731299,25
qi,-75.63901043613734,0.36098956386265313,25
sq,-10.137691696638006,29.862308303361992,25
vk,-90.5308849694062,7.469115030593803,25
wv,-39.69518129921933,19.30481870078067,25
bi,-29.133696283450877,90.86630371654913,25
gt,-50.35739745987146,11.642602540128545,25
kb,-26.208461267757848,76.79153873224215,25
le,-66.25673381433079,74.74326618566921,25
qz,-28.800014636122572,19.199985363877428,25
wq,-29.890875022574576,72.10912497742542,25
hb,-83.24320055209031,73.75679944790969,25
vi,-60.592785804926514,43.407214195073486,25
qv,-4.47106322408938,56.52893677591062,25
bs,-20.063688313641233,88.93631168635876,25
zi,-11.048145130532095,11.951854869467905,25
fn,-78.19622911272701,25.803770887272993,25
pa,-56.57457003889793,67.42542996110207,25
pm,-86.10280976691098,9.897190233089018,25
ma,-84.7565052383914,93.2434947616086,25
dn,-96.12775209781056,20.872247902189443,25
bq,-40.41566380040376,64.58433619959624,25
sh,-59.947848625312766,31.052151374687238,25
kq,-54.24492365116504,68.75507634883496,25
gc,-1.5498402113448855,12.450159788655114,25
to,-68.35108794887658,37.64891205112341,25
xu,-25.088439987453825,32.911560012546175,25
qc,-5.030308328033403,22.969691671966597,25
ay,-67.14057054946447,82.85942945053553,25
xo,-64.52532237848115,23.474677621518843,25
tb,-9.822981424545254,23.177018575454746,25
sg,-34.54182444453583,5.458175555464173,25
wy,-15.025577455633513,0.974422544366487,25
wu,-81.30337648260449,58.69662351739551,25
qi,-2.036210374144006,97.963789625856,25
gl,-7.992189018714868,39.00781098128513,25
xv,-42.28422317620783,76.71577682379217,25
dn,-30.582705222755433,23.417294777244567,25
nk,-13.049349013699361,8.950650986300639,25
tu,-0.3854203855051406,52.61457961449486,25
ue,-61.79567020680358,84.20432979319642,25
tz,-8.271031538588495,37.728968461411505,25
mh,-89.50045246759309,35.49954753240691,25
va,-84.02317096097508,74.97682903902492,25
fj,-74.80612948340973,39.193870516590266,25
vc,-62.86909230601318,8.13090769398682,25
mm,-22.91547792808357,80.08452207191644,25
dk,-5.7580433563933555,77.24195664360664,25
wr,-53.98205639752631,0.017943602473693643,25
cr,-5.896130452949141,61.103869547050856,25
ep,-63.31490635092781,88.6850936490722,25
lm,-21.044646372563086,79.9553536274369,25
tz,-9.713861126597562,96.28613887340244,25
iu,-30.545012356734198,83.45498764326581,25
ro,-12.72778789965502,38.27221210034498,25
lm,-91.32378905605158,9.676210943948426,25
rk,-17.64843187871308,94.35156812128692,25
jt,-46.375212767659924,81.62478723234007,25
oh,-11.523971807980699,48.4760281920193,25
eb,-95.30167060484598,5.698329395154012,25
yj,-10.135947700988403,38.8640522990116,25
ab,-10.548214461624621,35.451785538375375,25
rn,-48.068782617807166,31.931217382192834,25
ku,-5.558140559585498,35.441859440414504,25
am,-60.026548911811574,1.9734510881884275,25
of,-53.291575037079845,24.70842496292015,25
jl,-17.802088344459506,34.197911655540494,25
ip,-95.15186950922187,21.848130490778132,25
ob,-14.856122792089273,21.143877207910727,25
jm,-76.38364568334134,14.616354316658652,25
om,-70.6829139060648,70.3170860939352,25
ap,-14.003486146435167,98.99651385356484,25
cx,-66.35384108244935,71.64615891755065,25
hm,-59.97946033091153,9.020539669088468,25
tw,-19.007288417098668,27.992711582901332,25
yv,-7.087397144214668,89.91260285578534,25
hy,-71.61515416340615,84.38484583659385,25
zd,-13.470894449345295,27.529105550654705,25
th,-76.22685959280913,2.7731404071908625,25
dn,-68.3133389992962,1.686661000703789,25
vh,-52.20762972210925,69.79237027789074,25
uq,-90.93880626558072,85.06119373441928,25
fw,-73.49343773465911,1.5065622653408917,25
ct,-82.79954999550048,73.20045000449952,25
nj,-92.7636457003299,88.2363542996701,25
ib,-43.86668963373185,93.13331036626815,25
nb,-90.39839923645451,6.6016007635454965,25
iu,-74.98229130864182,58.01770869135817,25
gn,-12.100176165505678,55.89982383449432,25
fv,-10.07302873454828,63.92697126545172,25
ig,-36.3647780908399,22.6352219091601,25
by,-91.07628912026877,65.92371087973123,25
sh,-92.05774679216103,83.94225320783897,25
kc,0.5900682295726944,5.590068229572695,25
qf,-92.5952696867607,60.40473031323929,25
cl,-48.786067849174096,13.213932150825903,25
um,-92.15791043906798,61.84208956093203,25
mq,-81.2733072000496,68.7266927999504,25
fr,-38.906167931403225,98.09383206859678,25
xu,-70.16047911765699,11.839520882343011,25
kb,-3.267193838008381,87.73280616199162,25
le,-76.45818366595316,34.54181633404684,25
gv,-59.572778460852525,77.42722153914747,25
wm,-22.393870623892884,44.60612937610712,25
in,-91.50588174578021,71.49411825421979,25
zq,-48.569891779134146,44.430108220865854,25
zr,-0.9358036687254077,97.06419633127459,25
am,-28.47458651163703,33.52541348836297,25
bn,-84.85892604585338,27.141073954146623,25
he,-44.10721751492733,36.89278248507267,25
gw,-62.61522731889819,32.38477268110181,25
vi,-4.705218393739866,62.29478160626014,25
kx,-8.596549272146968,65.40345072785303,25
ss,-4.662666630820358,94.33733336917965,25
ke,-38.62311522732999,21.37688477267001,25
aj,-87.29421758216614,41.70578241783385,25
rz,-22.165708713171412,59.83429128682859,25
lu,-80.8382981627043,53.161701837295695,25
ft,-30.583531429287408,72.4164685707126,25
el,-97.2104870774108,96.7895129225892,25
an,-42.230464635171415,84.76953536482858,25
qj,-64.25407721549523,48.74592278450477,25
qh,-35.660432353445785,56.339567646554215,25
uz,-37.626218434966816,74.37378156503318,25
zg,-6.287846253260328,7.712153746739672,25
uh,-93.15879155723071,8.84120844276928,25
xo,-80.83835551203221,31.16164448796779,25
ao,-22.364778807886207,57.63522119211379,25
yr,-0.603063618827749,82.39693638117225,25
uj,-83.90534731469421,26.094652685305785,25
ec,-21.652526239245315,40.34747376075469,25
oq,-50.59020147092491,73.40979852907509,25
zl,-75.00980828227208,83.99019171772792,25
cc,-28.573127910623217,1.4268720893767814,25
sr,-40.438285333088956,81.56171466691104,25
wr,-32.794069366418086,24.205930633581914,25
sk,-29.400282909344064,28.599717090655936,25
on,-16.952183395379937,66.04781660462007,25
vj,-3.286515044610003,4.713484955389997,25
tr,-81.25302535737747,87.74697464262253,25
bp,-0.9189174751547713,10.081082524845229,25
fb,-69.44036642476956,3.559633575230438,25
vf,-79.81872442830674,3.1812755716932615,25
js,-35.046571039320725,77.95342896067928,25
dx,-8.642616160248116,67.35738383975189,25
mu,-63.46648712628342,40.53351287371658,25
ok,-3.2975940021609973,89.70240599783901,25
ll,-97.628595856706,30.371404143294,25
ea,-79.63631538325676,13.363684616743239,25
og,-53.82382113673849,21.176178863261512,25
cj,-39.54760787666247,30.452392123337532,25
eb,-90.63630725399894,69.36369274600106,25
wk,-49.60444290478445,9.395557095215553,25
gq,-76.45765179127308,52.542348208726914,25
ae,-74.84832762803482,21.151672371965173,25
of,-85.35957034437054,25.64042965562946,25
hs,-68.50441909472714,83.49558090527286,25
sh,-82.45483111211246,70.54516888788754,25
eb,-63.78129304848392,81.21870695151608,25
wp,-41.931076427198896,26.068923572801104,25
ma,-66.90955092815534,29.09044907184466,25
wk,-80.3871059440639,57.612894055936096,25
nc,-28.906971924330417,49.09302807566958,25
cs,-79.13215953152974,53.86784046847026,25
hq,0.38545242352014475,0.38545242352014475,25
ng,-15.301491217550145,75.69850878244985,25
nn,-25.934266711992947,34.06573328800705,25
ne,-74.0342500403969,66.9657499596031,25
jg,0.9394179891811132,28.939417989181113,25
ik,-28.670775146499217,8.329224853500781,25
kx,-53.948643507180414,85.0513564928196,25
ri,-3.9041882330352307,25.09581176696477,25
jo,-41.12267639071925,91.87732360928075,25
lb,-96.50648552996317,19.49351447003683,25
iu,-9.720489884052705,98.27951011594729,25
sl,-64.61414833326181,14.385851666738198,25
od,-30.53239728358538,13.467602716414621,25
qv,-77.71619434731312,43.28380565268688,25
