vl,-13.660904855889212,98.33909514411079,500
ff,-78.68240151921614,49.31759848078385,500
bd,-41.93322081350001,7.066779186499995,500
qb,-90.16545985118759,33.83454014881241,500
ke,-45.38345528228744,72.61654471771256,500
oz,-28.89640836500183,25.10359163499817,500
bd,-49.9795637119285,84.0204362880715,500
yt,-30.580589097730563,22.419410902269437,500
nq,-45.419507877890084,27.580492122109916,500
mg,-5.044573064837425,75.95542693516258,500
ia,-46.600543652166394,35.399456347833606,500
dl,-17.75936406298223,0.24063593701777242,500
ad,-6.594506172887982,76.40549382711202,500
et,-30.3181549555653,11.6818450444347,500
vb,-1.9984848801252482,72.00151511987475,500
mi,-47.13593186914893,87.86406813085107,500
wc,-34.417605927589285,10.582394072410713,500
xm,-88.79298091837029,81.20701908162971,500
ii,-67.3545346338443,52.6454653661557,500
wv,-50.85576497786516,26.144235022134847,500
xw,-61.39687159046781,1.6031284095321898,500
gd,-48.486736351388835,57.513263648611165,500
sm,-46.302442603148954,89.69755739685105,500
ks,-59.68946471566431,2.3105352843356934,500
ox,-67.6270991947147,24.3729008052853,500
vq,-34.101848256436064,21.898151743563936,500
mo,-14.386765209173399,62.6132347908266,500
gt,-34.38942557776984,38.61057442223016,500
yh,-80.76845511412408,10.231544885875918,500
ut,-0.31569956446227565,32.68430043553772,500
so,-26.074693024716794,29.925306975283206,500
oj,-31.652220171196777,71.34777982880323,500
oi,-41.064706022414654,28.935293977585346,500
pi,-51.097069917790606,61.902930082209394,500
jj,-5.115477587869387,71.88452241213061,500
xr,-4.347936990982051,34.65206300901795,500
zg,-77.25422581242238,43.74577418757762,500
wr,0.26988025130088233,48.26988025130088,500
nr,-71.76213546690406,65.23786453309594,500
hc,-31.28060264763608,8.71939735236392,500
iy,-95.82155154982547,63.178448450174535,500
bh,-64.2240193380916,23.7759806619084,500
xg,-18.141499542758353,70.85850045724165,500
ta,-50.52612438038644,63.47387561961356,500
sq,-90.16016455006188,20.83983544993813,500
uv,-25.887631755407565,30.112368244592435,500
ib,-70.20466669187479,60.79533330812521,500
bv,-26.827776170450733,47.17222382954927,500
jo,-14.601039919934575,18.398960080065425,500
hm,-9.848647241153193,94.15135275884681,500
on,-93.46275240543504,28.537247594564967,500
zv,-46.64609666405516,17.353903335944842,500
ni,-40.34544706220765,9.654552937792355,500
kg,-10.328607321872644,43.671392678127354,500
sq,-27.912202150035075,61.08779784996493,500
tp,-33.123885649585056,69.87611435041495,500
vr,-76.38497304086323,15.61502695913677,500
io,-57.62200798104838,18.37799201895162,500
dw,-76.47460473719971,43.525395262800295,500
rp,-77.7075595273563,83.2924404726437,500
qh,-86.24386072678975,51.75613927321026,500
rj,-63.297213822329184,5.702786177670817,500
zl,-93.93767503174305,33.06232496825695,500
ry,-70.26639386118761,91.73360613881239,500
oj,-37.53452361496721,64.46547638503279,500
ti,-97.38290208920006,92.61709791079994,500
iw,-39.9928725655427,63.0071274344573,500
ga,-35.66033389807343,91.33966610192657,500
lu,-22.60758038599505,78.39241961400495,500
ht,-31.128445928051566,32.87155407194843,500
wb,-76.92590131549758,13.074098684502411,500
ip,-50.977850252719314,90.0221497472807,500
gf,-12.641568598882051,18.358431401117947,500
mw,-67.59629607587505,49.403703924124954,500
ni,-11.548153588778924,41.45184641122108,500
pk,-51.80454189991516,19.19545810008484,500
hq,-10.720538916455842,94.27946108354416,500
xh,-61.32008498584028,25.679915014159718,500
un,-69.00588747314401,86.99411252685599,500
tn,-23.376208810371253,67.62379118962875,500
kl,0.7394332693044711,47.73943326930447,500
pk,-54.19448535048296,0.8055146495170468,500
wl,-36.53367997388724,23.46632002611276,500
af,-56.323799413264396,43.676200586735604,500
zn,-68.97926835200501,14.02073164799499,500
fy,-72.53322623150892,33.46677376849109,500
lb,-86.77101917933392,96.22898082066608,500
aa,-57.467040895700414,7.532959104299587,500
vc,-43.64243842903773,88.35756157096226,500
fn,-87.20228544327232,16.797714556727687,500
oq,-56.113266937701034,68.88673306229897,500
eo,-71.63640206140508,10.363597938594914,500
hp,-21.007581183670545,55.992418816329455,500
zk,-43.592216472389055,72.40778352761095,500
vp,-46.65127756312077,43.34872243687923,500
za,-34.31990376877697,50.68009623122303,500
ff,-90.19242319996495,6.807576800035048,500
uw,-1.2009112460883062,41.7990887539117,500
xy,-42.6060214688163,2.393978531183698,500
fw,-37.28384469751683,54.71615530248317,500
ka,-51.75767617074658,0.24232382925342189,500
tc,-96.23666123054105,42.763338769458954,500
dw,-39.28815988486194,79.71184011513806,500
ql,0.6036812988455837,17.603681298845583,500
sm,-16.32150500778419,25.67849499221581,500
ly,-75.82452737370002,9.175472626299982,500
vs,-81.5617460620492,28.438253937950805,500
zo,-22.285439019417876,26.714560980582124,500
of,-36.75002772837013,59.24997227162987,500
ay,-13.443090404165787,95.55690959583421,500
ib,-4.334988199336524,20.665011800663475,500
oc,-42.310522514692806,10.689477485307195,500
kp,-43.122353522816184,53.877646477183816,500
qa,-35.22423150496829,31.775768495031713,500
dy,-32.65555359053443,65.34444640946556,500
ob,-20.927256708990132,33.072743291009864,500
dh,-64.19146764255328,25.80853235744673,500
kc,-69.09285975694839,17.907140243051614,500
gc,-84.13845997039702,21.861540029602974,500
np,-90.36381503635964,37.63618496364036,500
ih,-86.41959179226916,16.580408207730848,500
om,-85.5600105012931,83.4399894987069,500
uk,-8.57051563847381,67.42948436152619,500
ti,-5.521696860657475,12.478303139342525,500
pm,-23.819468712045367,29.180531287954633,500
nc,-28.066125447548398,7.933874552451601,500
mm,-86.77136038638956,52.22863961361045,500
lz,0.2274916716706823,37.227491671670684,500
if,-87.3757243626261,6.624275637373898,500
rz,-87.94122207672247,30.058777923277525,500
ve,-33.272347915521856,3.7276520844781476,500
bq,-82.92488625542556,97.07511374457444,500
is,-68.85401819768931,80.14598180231069,500
es,-1.3820324534996495,14.617967546500351,500
gg,-6.7155243187764295,22.284475681223572,500
dt,-48.72159041821836,45.27840958178164,500
vv,-79.19897100914929,75.80102899085071,500
rf,-28.19351968221827,56.80648031778173,500
ws,-17.536951835940165,55.463048164059835,500
kc,0.5034883545270007,93.50348835452701,500
dx,-85.50142704730123,96.49857295269877,500
hx,-41.7926281084608,73.2073718915392,500
cm,-13.383614474339085,83.61638552566092,500
fm,-4.296752280322621,14.70324771967738,500
cr,-17.713102558340214,39.28689744165979,500
zp,-58.11441951106946,57.88558048893054,500
wm,-78.75570620054745,40.24429379945256,500
ou,-78.63039818514216,25.36960181485785,500
yj,-14.238356175690765,95.76164382430923,500
gu,-56.10937692208446,66.89062307791555,500
rw,-14.793009577786066,23.206990422213934,500
fy,-60.912484032171136,45.087515967828864,500
hn,-68.74184156545488,39.25815843454513,500
cv,-41.82387374152655,70.17612625847345,500
yl,-84.82008129241677,73.17991870758323,500
fl,-17.431957067336043,46.56804293266396,500
fa,-69.95170686384962,48.04829313615038,500
ah,-75.8788215754386,48.121178424561414,500
zp,-67.78237411056229,4.217625889437707,500
rt,-40.685448168611344,73.31455183138866,500
im,-67.28162638428167,29.71837361571834,500
jc,0.14236955996559186,50.142369559965594,500
zu,-86.44490385365275,9.555096146347253,500
fa,-60.70308927350508,33.29691072649492,500
bq,-40.676832048995244,4.3231679510047565,500
dr,-96.94663262143447,31.053367378565532,500
og,-9.19925608601253,28.80074391398747,500
fr,-96.0979787227654,66.9020212772346,500
tm,-16.32450836314759,96.67549163685241,500
hp,-85.33445211528442,51.66554788471557,500
zx,-22.89927203500813,9.100727964991869,500
fw,-45.662022462193285,4.337977537806713,500
zx,-7.815933520386614,72.18406647961339,500
dx,-8.10222176986672,3.8977782301332797,500
sl,-94.00071316678955,11.999286833210443,500
qj,-81.7189505413556,26.28104945864441,500
hc,-50.723175364470166,49.276824635529834,500
yf,-32.79524553282846,32.20475446717154,500
ke,-53.672120788534336,68.32787921146567,500
uq,-87.59399791488485,26.40600208511514,500
eo,-14.735598987132096,12.264401012867904,500
jb,-14.830786076486952,23.16921392351305,500
lq,-62.414535445732625,51.585464554267375,500
ds,-77.52055760808348,17.479442391916518,500
yc,-2.2727408501588746,57.727259149841124,500
tt,-63.95243426761086,43.04756573238914,500
po,-56.152441374057354,62.847558625942646,500
fk,-8.746320765074348,30.253679234925652,500
pm,-91.39268806499037,25.60731193500964,500
br,-89.88914068434043,76.11085931565957,500
vw,-59.982706778882914,19.017293221117086,500
wa,-10.358474962565472,63.641525037434526,500
vy,-36.99684832741582,77.00315167258418,500
xj,-66.72382350924968,0.27617649075031314,500
ps,-74.98986040722288,35.01013959277712,500
ej,-45.855455344749586,17.144544655250414,500
hq,-88.72924653412065,61.27075346587936,500
sf,-69.50025677201111,51.49974322798889,500
su,-9.340240848427829,76.65975915157217,500
yr,-16.412012312020615,90.58798768797938,500
vw,-1.029320863985132,95.97067913601487,500
na,-9.472088035041645,41.527911964958356,500
ro,-50.03202079199136,12.96797920800864,500
ab,-89.27730612174032,71.72269387825968,500
ph,-73.26758093132456,30.732419068675433,500
ui,-9.22893270228362,54.77106729771638,500
ts,-27.28585423260183,30.71414576739817,500
xy,-13.106501811148958,66.89349818885104,500
un,-90.07909572338367,61.92090427661632,500
ce,-43.17687509649433,32.82312490350567,500
pi,-24.619927125887443,77.38007287411256,500
iq,-61.57105442693691,73.42894557306309,500
wt,-83.99801512526278,9.001984874737218,500
ny,-27.356379187298504,96.6436208127015,500
fd,-21.003448321757304,95.9965516782427,500
tx,-32.695685205550326,45.304314794449674,500
kl,-16.781274186727398,19.218725813272602,500
av,-90.60349690552813,45.39650309447187,500
nr,-18.173681503066582,48.82631849693342,500
rl,-73.34710394214946,71.65289605785054,500
dn,-60.48304829074947,14.516951709250526,500
ph,-50.39375769999875,49.60624230000125,500
av,-39.429116961308424,15.570883038691575,500
ni,0.8673097993795021,77.8673097993795,500
ql,-83.11319295298206,70.88680704701794,500
tj,-29.6703165087311,21.3296834912689,500
og,-30.19015964515962,90.80984035484038,500
mz,-8.697789483228235,14.302210516771765,500
os,-2.0481500223680023,73.951849977632,500
yu,-5.03073415966662,28.96926584033338,500
am,-5.933524631414091,53.066475368585905,500
je,-82.25000637898998,18.74999362101002,500
vl,-6.2396977306912635,1.760302269308737,500
fu,-95.03177049510778,10.968229504892214,500
rb,-54.459737519425296,0.5402624805747058,500
tp,-75.60880714224523,33.39119285775477,500
hy,-14.67384998205848,81.32615001794152,500
wy,-13.044250478090685,15.955749521909315,500
er,-94.50389231158385,48.49610768841614,500
ge,-16.706888841832917,7.293111158167081,500
ug,-53.43832881208088,95.56167118791912,500
gt,-51.82796798625667,76.17203201374333,500
if,-89.9499567826431,66.0500432173569,500
rr,-7.621511394338891,30.378488605661108,500
dp,-24.410684028639142,78.58931597136086,500
kp,-56.317656995897835,45.682343004102165,500
bc,-29.074924184547005,93.925075815453,500
oo,-21.30465865970954,21.69534134029046,500
dl,-28.208113514544497,1.791886485455503,500
hz,-63.79480263249687,6.20519736750313,500
ib,-34.828238164477256,51.171761835522744,500
vx,-55.843716408792126,6.156283591207874,500
sp,-53.725320198616615,74.27467980138339,500
fh,-42.393280240507,60.606719759493,500
du,-94.75052153869588,58.24947846130413,500
dq,-52.20616638141986,45.79383361858014,500
rt,-11.733864033486794,19.266135966513207,500
en,-5.421304733245906,42.578695266754096,500
yd,-86.88898696030822,87.11101303969178,500
om,-22.998669193947965,22.001330806052035,500
ni,-67.28674310518592,51.71325689481408,500
kg,-44.385643374880146,49.614356625119854,500
nt,-82.25602590700987,73.74397409299013,500
iv,-40.02538756641194,43.97461243358806,500
bh,-70.30069782259372,44.69930217740628,500
oq,-27.97144058620624,45.02855941379376,500
vd,-11.056298112386497,61.94370188761351,500
xn,-19.495476734736116,42.504523265263884,500
dz,-12.621258995342627,5.378741004657373,500
wp,-89.55889821106318,26.441101788936823,500
do,-6.902372070293314,16.097627929706686,500
qy,-78.25752639773852,32.742473602261484,500
jg,-30.728907644357214,33.271092355642786,500
kp,-57.47395165173967,71.52604834826033,500
mp,-10.124355072108738,1.8756449278912628,500
ow,-7.467537109527146,84.53246289047286,500
qu,-54.86130860597007,66.13869139402992,500
cj,-4.063233106266253,18.936766893733747,500
el,-27.08263579013179,61.91736420986821,500
hh,-30.8007229161528,7.199277083847199,500
rk,-10.003305689764487,78.99669431023551,500
pg,-81.24131549774687,39.758684502253125,500
zn,-69.44324911367197,7.556750886328025,500
uw,-12.206772127267856,45.793227872732146,500
uk,-48.99740572598745,59.00259427401255,500
kp,-6.969767925737802,56.0302320742622,500
jb,-75.59209950898652,40.40790049101348,500
yh,-13.33320085029293,13.66679914970707,500
sg,-28.40498316956419,26.59501683043581,500
tt,-80.98300463902338,71.01699536097662,500
jy,-10.350254763027431,6.649745236972569,500
kx,-1.7820012273936194,52.21799877260638,500
vu,-3.8430766874392854,71.15692331256072,500
hr,-51.24483031186094,86.75516968813906,500
dt,-66.74734095129972,56.252659048700274,500
zb,-48.38226513600945,64.61773486399055,500
uo,-87.91893901802247,94.08106098197753,500
vl,-74.77290471988844,36.227095280111556,500
eo,-8.120489948604789,52.879510051395215,500
bc,-63.912767529072106,95.08723247092789,500
rl,-48.69282451313426,13.307175486865736,500
jl,-10.494067369281664,49.505932630718334,500
uo,-30.545253499916978,72.45474650008302,500
sd,-53.56528261448304,74.43471738551696,500
td,-60.82662423642752,17.17337576357248,500
ec,-14.553468220771554,19.446531779228447,500
dt,-48.09501616929814,15.904983830701859,500
ub,-76.0631255104247,35.9368744895753,500
ag,-2.090101320665533,46.90989867933447,500
pa,-51.07066012293495,32.92933987706505,500
ot,-50.707305185394844,60.292694814605156,500
cy,-0.8391592283913837,94.16084077160862,500
ex,-38.079331523206186,52.920668476793814,500
mi,-10.296015523704417,48.70398447629558,500
rb,-6.786282601592426,60.213717398407574,500
fq,-47.655658430541955,38.344341569458045,500
dh,-20.433503178516492,96.56649682148351,500
iw,-67.32430329332674,35.67569670667326,500
ko,-20.21815239162627,50.78184760837373,500
mr,-87.69813528504929,7.301864714950717,500
qq,-83.75902495906708,26.240975040932927,500
dn,-51.91054068404048,84.08945931595953,500
db,-56.572166649328885,61.427833350671115,500
vq,-83.30324196406073,75.69675803593927,500
sj,-97.89196921497597,87.10803078502403,500
so,-21.451833466391662,42.54816653360834,500
eq,-68.7371895750746,45.262810424925405,500
vz,-35.11660016709041,32.88339983290959,500
cw,-97.66372634371496,53.336273656285044,500
zl,-91.66346055341931,45.336539446580694,500
ar,-21.17419142455899,18.82580857544101,500
gv,-24.06033191134512,55.93966808865488,500
mx,-27.642267708114456,95.35773229188554,500
kx,-77.33216971494932,79.66783028505068,500
rm,-78.5867428003039,38.4132571996961,500
su,-96.07498828587106,81.92501171412894,500
dk,-80.40066275267324,87.59933724732676,500
fu,-10.757515573591377,93.24248442640862,500
go,-64.76368029314669,24.2363197068533,500
hn,-61.40501863063503,58.59498136936497,500
fg,-7.335101840832247,88.66489815916775,500
lg,-76.87909407547055,83.12090592452945,500
wx,-7.7574189696228375,84.24258103037717,500
ma,-89.04528153122412,95.95471846877588,500
zu,-27.826869862204592,80.17313013779541,500
qd,-37.2106027814755,70.7893972185245,500
fa,-20.927698958593265,51.07230104140673,500
jn,-53.627840722914826,61.372159277085174,500
vo,-89.1893429251576,91.8106570748424,500
rh,-19.68305470570588,8.316945294294118,500
tm,-93.77213757557034,71.22786242442966,500
mi,-97.1770684508074,28.822931549192607,500
vv,-6.45629410314803,9.54370589685197,500
vd,-59.78131605287564,30.21868394712436,500
oo,-8.924517496133358,32.07548250386664,500
fa,-2.6734722532487214,24.326527746751278,500
xb,-52.6902795258148,14.309720474185198,500
ru,-25.04185456593644,0.958145434063562,500
ia,-69.02889283501123,80.97110716498877,500
wd,-7.878525054737599,51.1214749452624,500
ni,-30.527202028706526,52.472797971293474,500
wy,-28.519122467343113,22.480877532656887,500
ks,-19.872987503701548,76.12701249629845,500
zj,-84.8689655545624,74.1310344454376,500
to,-23.351416013981883,87.64858398601812,500
wl,-31.090818417795195,64.90918158220481,500
qo,-15.831292519549594,83.16870748045041,500
dx,-48.161357770756155,65.83864222924385,500
vl,-35.606775539210304,13.3932244607897,500
ou,-13.9889671977431,72.01103280225689,500
cp,-29.952754343915117,23.047245656084883,500
wz,-66.57429887127405,54.425701128725954,500
fu,-5.836556078075166,43.16344392192483,500
ou,-84.99916604824016,5.000833951759846,500
ol,-54.106804975433455,36.893195024566545,500
kb,-97.39214410738063,93.60785589261937,500
xa,-18.522284839215008,26.477715160784992,500
np,-44.31230847107576,80.68769152892423,500
rm,-16.683993717121137,92.31600628287886,500
fk,-20.299541071795232,0.7004589282047671,500
kh,-14.098716922456209,87.9012830775438,500
bv,-59.0747064870326,15.9252935129674,500
hz,-84.29581774545692,19.704182254543085,500
gc,-69.28547964982194,13.714520350178057,500
wa,-0.673661813929039,3.326338186070961,500
er,-13.777948541945996,27.222051458054004,500
dj,-52.82242121470977,84.17757878529022,500
uj,-65.73153045528234,91.26846954471766,500
kd,-80.40914528067316,9.590854719326842,500
af,-24.39845034617391,25.60154965382609,500
zd,-46.94211022881652,41.05788977118348,500
fi,-65.83115178268712,89.16884821731288,500
kz,-49.30688753446307,15.693112465536927,500
qn,-52.62745840218918,94.37254159781082,500
to,-52.87182419319954,79.12817580680046,500
yc,-28.429564282204876,40.57043571779513,500
fd,-68.46620672136463,63.533793278635365,500
jn,-16.292097468707816,83.70790253129218,500
or,-35.28614540455286,8.713854595447142,500
wv,-48.79410899192023,27.205891008079767,500
cs,-73.53275074002025,7.467249259979751,500
tr,-52.224877467549994,97.77512253245001,500
lw,-43.9057715505211,45.0942284494789,500
cy,-54.69548542133258,27.304514578667423,500
sl,-3.1399266310706775,87.86007336892932,500
no,-77.68659228039687,25.31340771960313,500
ph,-36.50766503297476,67.49233496702524,500
fp,-11.81491787736728,69.18508212263272,500
yk,-89.76592770849567,35.234072291504326,500
vx,-48.86514830909932,31.134851690900682,500
mx,-89.55913755138299,88.44086244861701,500
ex,-8.729837125964252,84.27016287403575,500
bc,-18.88760452465209,82.11239547534791,500
ox,-85.12055423630191,32.879445763698094,500
rb,-77.47535464917352,76.52464535082648,500
tp,-65.10329966718308,36.89670033281692,500
sg,-95.5025300968373,73.4974699031627,500
jw,-44.11948516961806,20.880514830381937,500
ds,-76.88891013851472,21.11108986148529,500
yp,-43.460751966389736,72.53924803361026,500
md,-35.49485759113523,94.50514240886477,500
hc,-1.4742745891576345,42.52572541084236,500
tz,-52.454162277603636,46.545837722396364,500
im,-28.067592904867805,5.932407095132194,500
lc,-13.394709618925654,79.60529038107434,500
wq,-79.21524859408106,78.78475140591894,500
qy,-21.418808491518863,70.58119150848114,500
rn,-35.287471093737395,7.712528906262602,500
tf,-65.42856392652811,23.571436073471883,500
pi,-20.893583895980225,18.106416104019775,500
it,-1.59686747762297,6.40313252237703,500
qg,-46.31669208421526,59.68330791578474,500
pg,-8.869666269436115,90.13033373056389,500
xb,-79.04221019283511,71.95778980716489,500
jv,-68.88306338666708,2.1169366133329297,500
wc,-64.99238653971561,98.00761346028439,500
eb,-30.73481693845676,64.26518306154324,500
rx,-82.35892463686206,5.641075363137951,500
ux,-56.77907036525142,87.22092963474857,500
sr,-0.4791958371194823,14.520804162880518,500
yu,-85.10487505924404,22.89512494075597,500
sz,-32.60940423210841,30.39059576789159,500
os,-48.55671001241392,23.443289987586077,500
zt,-36.305511327551955,96.69448867244805,500
le,-39.84266494285061,42.15733505714939,500
lc,-89.64666256574444,88.35333743425556,500
tp,-16.529891772220946,79.47010822777905,500
gg,-82.29370469695664,95.70629530304336,500
rr,-67.19349362719397,21.806506372806027,500
hn,-93.13642941079478,55.86357058920522,500
jk,-8.407971094351883,70.59202890564812,500
fh,-26.53454404142681,86.46545595857319,500
vf,-30.61691469113547,57.38308530886453,500
jo,-92.70068081966188,2.299319180338113,500
hk,-18.582631053445667,92.41736894655433,500
qd,-9.216733610595458,9.783266389404542,500
sn,-3.838914741737234,78.16108525826277,500
hz,-39.617561965546855,46.382438034453145,500
tc,-70.29270539965428,38.70729460034572,500
ec,-72.45450567838182,60.54549432161818,500
pq,-48.339755546318855,90.66024445368114,500
sw,-50.44731788240945,87.55268211759055,500
fl,-82.77368528801948,82.22631471198052,500
pq,-80.5183499233834,40.48165007661661,500
rq,-58.75575941329401,21.244240586705995,500
zq,-5.323056959770118,30.676943040229883,500
xg,-77.23938579256819,68.76061420743181,500
nb,-51.66938711684089,37.33061288315911,500
xq,-40.41672195303375,69.58327804696626,500
no,-0.18422356128875694,9.815776438711243,500
jp,-1.7895545360791578,78.21044546392085,500
wa,-30.152884080791797,8.847115919208202,500
us,-22.669283820055224,0.3307161799447774,500
ez,-73.58309171154647,35.41690828845352,500
zk,-78.20044502367057,53.799554976329425,500
vu,-6.101372837090327,91.89862716290968,500
ez,-8.112221795600478,77.88777820439952,500
bz,-56.6590039322981,12.340996067701901,500
ox,-95.25778562572106,55.742214374278944,500
ii,-80.30279088702567,9.69720911297433,500
yv,-65.95034311848856,71.04965688151144,500
zk,-96.93934104305822,50.06065895694178,500
ai,-42.59655490333294,27.403445096667063,500
ek,-88.90969172706225,60.09030827293775,500
jg,-96.71451845537429,43.28548154462572,500
qf,-93.90159340468092,66.09840659531908,500
im,-83.46407322128302,72.53592677871698,500
cp,-52.62492871157561,74.37507128842438,500
jb,-87.84088504866129,71.15911495133871,500
hu,-84.20061801194227,98.79938198805773,500
xs,-35.10312021268716,61.89687978731284,500
gd,-73.34289647705548,61.65710352294452,500
bw,-1.6115690424346225,4.388430957565378,500
cn,-55.36928134121888,74.63071865878112,500
zb,-93.03809009382138,90.96190990617862,500
li,-67.49943376566146,49.500566234338535,500
sz,-71.71711973318203,55.28288026681797,500
zj,-74.324694919233,70.675305080767,500
tp,-32.63354545342248,97.36645454657751,500
jd,-13.518390471066567,39.48160952893343,500
cb,-15.861693094793909,22.13830690520609,500
