zf,-35.525184410331036,6.4748155896689665,500
ne,-53.95480173108622,71.04519826891378,500
gm,-69.90109444747017,53.09890555252982,500
cr,-93.675874910574,95.324125089426,500
ku,-43.83575853605308,18.164241463946922,500
zn,-70.17824484360071,13.82175515639929,500
gt,-12.259887451791432,44.740112548208565,500
zf,-87.44178079161841,13.558219208381589,500
fk,-82.27625377129043,60.72374622870957,500
rz,-45.792742842981944,95.20725715701806,500
qg,-89.18002632098911,54.819973679010886,500
rm,-61.30819944865473,50.69180055134527,500
ca,-16.920334511856012,55.07966548814399,500
zn,-64.29247657017127,93.70752342982873,500
jc,-45.19826819280717,5.801731807192833,500
fa,-2.923626581441428,59.076373418558575,500
sg,-59.30455351673711,39.69544648326289,500
yo,-90.09269270990286,85.90730729009714,500
ph,-57.467098797985635,57.532901202014365,500
wa,-3.77726170447001,82.22273829553,500
du,-11.577382680327121,74.42261731967288,500
pp,-37.66910080779283,42.33089919220717,500
fu,-80.88943346363125,54.11056653636876,500
ll,-13.157568099912478,74.84243190008752,500
kc,-51.728845888896025,68.27115411110397,500
jn,-47.190091768732344,16.80990823126766,500
rw,-44.95829017455865,36.04170982544135,500
wx,-58.856663010987404,25.143336989012592,500
xw,-7.9532564641057695,38.04674353589423,500
bd,-63.80737786220156,66.19262213779844,500
bg,-88.99438897532035,0.005611024679653243,500
cx,-52.304356250916726,40.695643749083274,500
sv,-88.60790361750131,49.392096382498686,500
ym,-79.98512917533927,77.01487082466073,500
bu,-77.11641707744369,16.883582922556307,500
uv,-49.021430700263814,27.978569299736183,500
xb,-33.1586736069681,23.8413263930319,500
bu,-44.05885500418551,30.941144995814486,500
gf,-60.690517767591906,31.30948223240809,500
yc,-42.67436204869568,68.32563795130433,500
rz,-56.13599437097122,64.86400562902878,500
ez,-24.715291942709445,23.284708057290555,500
ch,-93.65292477747117,6.347075222528831,500
rk,-80.32518085674711,87.67481914325289,500
as,-42.19632371057026,6.803676289429738,500
yj,-79.54264473665903,46.45735526334097,500
bx,-7.770774403103949,53.22922559689605,500
zf,-14.746497763737914,21.253502236262086,500
wc,-69.892395810602,41.107604189398,500
xn,-69.70638744725493,97.29361255274507,500
un,-68.88025250006322,43.11974749993677,500
cy,-26.384296316824262,74.61570368317574,500
rx,-13.54201869047663,9.45798130952337,500
vy,-85.96446303391535,59.03553696608465,500
lj,-24.74916716860671,66.25083283139328,500
ax,-10.433202570877034,62.566797429122964,500
ra,-11.090112103517914,82.90988789648209,500
ox,-29.80108249932947,31.19891750067053,500
hk,-60.88138424904749,16.118615750952504,500
sn,-96.8206740157304,73.1793259842696,500
ti,-5.709626794192348,8.29037320580765,500
yj,-68.98015945270798,9.019840547292022,500
bi,-20.3894081248589,10.6105918751411,500
xe,-2.7889950596486184,25.211004940351383,500
mw,-90.07754262811494,5.9224573718850575,500
uv,-4.639760442587052,53.360239557412946,500
fb,-44.99913823439008,38.00086176560992,500
dv,-78.6509184813315,76.3490815186685,500
lx,-81.47788391362073,40.52211608637927,500
ch,-94.9118365449593,28.088163455040704,500
rc,-27.04547569378303,33.95452430621697,500
ws,-12.53855389997066,22.461446100029338,500
ai,-81.38345092434584,46.61654907565416,500
bm,-91.6966929988173,69.3033070011827,500
sv,-24.091737144493425,83.90826285550658,500
zr,-93.28930788887797,83.71069211112203,500
xw,-19.957933530213822,96.04206646978618,500
qb,-34.465865337591104,4.534134662408892,500
op,-60.93344969100093,60.06655030899907,500
bg,-22.20588873368834,49.79411126631166,500
ke,-88.1376101785851,86.8623898214149,500
ts,-97.22705064344811,90.77294935655189,500
nt,-28.457631756592416,88.54236824340758,500
jt,-31.480395362022577,47.51960463797742,500
qv,-71.38369084372266,88.61630915627734,500
qy,-95.32264154218092,58.67735845781908,500
wv,-20.782510837127454,28.217489162872546,500
vu,-42.68349651096635,16.31650348903365,500
ey,-66.7161724006745,95.2838275993255,500
un,-79.12185373120664,44.87814626879336,500
zf,-86.73295929889676,29.267040701103245,500
ig,-18.165333012906746,10.834666987093254,500
wo,-95.50321527444186,0.496784725558149,500
bj,-87.4501831262295,56.549816873770496,500
qr,-42.44053837861266,63.55946162138734,500
ge,-55.18924220959491,6.810757790405093,500
zt,-53.92190800106647,60.07809199893353,500
fd,-74.28156388524536,71.71843611475464,500
ts,-80.39434982067986,58.605650179320136,500
ue,-51.535930578128415,44.464069421871585,500
hr,-95.86969450730727,97.13030549269273,500
qe,-45.88403936094863,32.11596063905137,500
ib,-24.300554409988003,9.699445590011997,500
nt,-45.25185110337931,84.74814889662069,500
se,-59.75517308715196,63.24482691284804,500
ls,-41.97330045786092,54.02669954213908,500
us,-44.27099579703504,92.72900420296496,500
yu,-29.766450033483792,71.23354996651621,500
dz,-72.81632287463928,86.18367712536072,500
ux,-23.412378102910655,25.587621897089345,500
jk,-30.370308839738986,1.6296911602610156,500
du,-58.20369053468148,48.79630946531852,500
st,-81.8561229241893,68.1438770758107,500
oc,-19.309594057803004,67.690405942197,500
dc,-16.563668906870866,49.436331093129134,500
yu,-17.987056489558306,66.01294351044169,500
mm,-2.5033726482721073,52.496627351727895,500
ei,-39.89399959743117,6.106000402568828,500
oo,-78.8854214239337,93.1145785760663,500
bh,-93.79317910624086,17.20682089375915,500
re,-42.68747967806709,87.31252032193291,500
lf,-28.949411953367978,87.05058804663201,500
uf,-94.21257417078643,71.78742582921357,500
rh,-43.88390791144833,75.11609208855167,500
lb,-47.71804441891938,82.28195558108062,500
th,-62.846043097872275,28.153956902127725,500
ss,-69.4854961071237,29.51450389287631,500
pp,-56.11249036889562,37.88750963110438,500
zu,-37.056179658844776,40.943820341155224,500
by,-18.465401392858823,62.53459860714118,500
ip,-89.44610465022068,36.55389534977933,500
lz,0.4839425709137738,21.483942570913772,500
tx,-33.832147958511435,87.16785204148857,500
oj,-45.468886200407034,59.531113799592966,500
om,-7.873156267434574,35.126843732565426,500
ru,-23.900322173002802,43.099677826997194,500
dl,-50.06578579667615,40.93421420332385,500
nl,-65.84460893224792,93.15539106775208,500
fq,-7.7891264264823095,96.21087357351769,500
uq,-54.48311967411252,51.51688032588748,500
oq,-85.21726174933319,81.78273825066681,500
my,-2.115319731843274,77.88468026815673,500
uz,-91.06112752508766,94.93887247491234,500
ua,-38.932706294024285,10.067293705975716,500
vy,-40.026035853881744,89.97396414611826,500
sn,-24.833787689170173,27.166212310829827,500
yb,-18.64378266856218,36.35621733143782,500
pg,-38.84678514110328,30.15321485889672,500
tw,-86.25864374916503,36.741356250834976,500
tz,-90.00207196915453,94.99792803084547,500
oj,-51.479404608579415,83.52059539142058,500
uo,-70.12631195216066,19.873688047839345,500
ll,-62.98931910881633,11.01068089118367,500
hc,-92.39450247923257,61.60549752076742,500
pl,-93.65391758823641,90.34608241176359,500
zz,-38.34274869760934,27.657251302390662,500
ks,-37.70624529454464,28.293754705455367,500
ol,-66.77184261866006,76.22815738133994,500
pb,-4.890807459264097,59.109192540735904,500
me,-37.12067517936735,45.87932482063265,500
az,-27.93891096044019,22.06108903955981,500
tx,-85.24678303657166,59.75321696342835,500
qy,-71.22404643711214,26.775953562887857,500
br,-3.4614536923409256,38.538546307659075,500
nw,-42.17857969905972,35.82142030094028,500
xs,-12.372123504041362,60.62787649595864,500
ad,-70.51544297984702,59.48455702015297,500
jk,-42.77177593821805,71.22822406178196,500
ap,-45.27525806421449,0.7247419357855078,500
pv,-42.16494301812496,68.83505698187504,500
hy,-0.20491641057590815,79.7950835894241,500
sa,-84.69363979254206,16.306360207457942,500
cn,-29.457967664602812,42.54203233539719,500
ah,-89.67879671472352,94.32120328527648,500
uf,-81.35363679277441,30.646363207225587,500
ma,-71.0041276912066,21.9958723087934,500
hc,-71.87599854692527,15.124001453074726,500
eu,-49.052213087421684,65.94778691257831,500
ef,-93.30204548087443,97.69795451912557,500
dj,-35.09096771015003,34.90903228984997,500
ph,-37.008568178614716,43.991431821385284,500
qr,-56.277927872625284,39.722072127374716,500
kf,-52.97934429439802,94.02065570560198,500
rt,-88.24881426754928,62.751185732450715,500
kl,-93.18060890952779,38.81939109047221,500
tg,-9.013276498954351,70.98672350104565,500
sx,-79.76359589308892,66.23640410691108,500
ev,-80.88226591119889,32.117734088801114,500
nc,-33.94565931497273,66.05434068502727,500
mh,-48.142799819704756,86.85720018029525,500
wj,-78.25589273010925,41.744107269890755,500
rr,-10.131326646110272,66.86867335388973,500
id,-14.976540894379847,28.023459105620155,500
ce,-90.67729306040614,1.3227069395938524,500
as,-55.92557074561014,1.0744292543898628,500
ag,-65.12007587860734,49.87992412139266,500
sj,-61.4257868809814,90.5742131190186,500
ou,-32.21602109996361,79.78397890003639,500
hy,-30.01128464548866,81.98871535451134,500
io,-47.34908446239053,52.65091553760947,500
ku,-50.147557867157595,14.852442132842409,500
jw,-14.066324427323952,21.933675572676048,500
fc,-52.482617469443284,46.517382530556716,500
in,-24.094237320435383,47.90576267956462,500
ll,-73.95702481686918,14.042975183130821,500
cr,-97.09735786405346,64.90264213594654,500
uo,-87.58150766336357,10.418492336636428,500
ms,-25.029781018115983,64.97021898188402,500
xe,-37.26866575366465,29.73133424633535,500
dj,-56.23525488289759,4.7647451171024064,500
xn,-87.74582639813562,26.25417360186438,500
wv,-21.693077281343953,4.306922718656049,500
ly,-87.60340805107396,54.396591948926044,500
ed,-6.37282810422659,42.62717189577341,500
oq,-4.2582569414717,49.7417430585283,500
lc,-29.69069237862015,56.30930762137985,500
zp,-9.716940985767465,52.283059014232535,500
px,-8.822833244073612,42.177166755926386,500
rc,-85.00612677307846,20.99387322692154,500
nx,-91.99899198830147,79.00100801169853,500
af,-33.18920314986732,23.810796850132682,500
mx,-87.43534979737339,92.56465020262661,500
de,-12.691376240744074,50.30862375925593,500
qj,-50.583769073234606,20.416230926765397,500
pg,-89.50593802716372,65.49406197283628,500
os,-45.65569965963854,41.34430034036146,500
yi,-0.49820233499803357,37.501797665001966,500
rr,-4.64228787743655,95.35771212256346,500
rx,-12.980325614754065,6.019674385245935,500
bw,-0.5492410408511718,21.45075895914883,500
pl,-20.2056120763678,2.794387923632202,500
iw,-82.68864964935513,98.31135035064487,500
qi,-93.61058978271215,19.38941021728785,500
nq,-54.272900976775176,86.72709902322482,500
zf,-96.25012283527602,89.74987716472398,500
ql,-38.16629397295009,78.8337060270499,500
fh,-70.13327942498026,81.86672057501974,500
el,-83.08043960196719,56.91956039803281,500
te,-39.805026048485644,2.1949739515143594,500
ab,-89.47986662257651,96.52013337742349,500
kn,-77.9871159756327,39.012884024367295,500
vq,-19.325835898161774,35.67416410183823,500
lj,-41.82202041767837,47.17797958232163,500
xo,-38.51054605165785,14.489453948342153,500
sn,-0.8564603365608874,14.143539663439112,500
cs,-20.088849587635902,5.911150412364097,500
ag,-23.73358682950404,10.266413170495959,500
mm,-84.46380118556587,70.53619881443413,500
ek,-4.764671853638119,79.23532814636188,500
ob,-87.45138857220182,59.54861142779818,500
hi,-43.59578868542692,95.40421131457309,500
lt,-89.27073990022787,75.72926009977213,500
yi,-89.01230185874556,84.98769814125444,500
fu,-39.240664636872715,25.75933536312729,500
gm,-27.276085743165016,87.72391425683499,500
qg,-6.991517339267842,22.00848266073216,500
mf,-47.46207569352374,38.53792430647626,500
bs,-86.20485814156667,52.795141858433325,500
op,-9.680637312789125,39.31936268721088,500
yi,-36.10043391225815,85.89956608774186,500
et,-73.28517214251698,39.714827857483016,500
kp,-10.45871021000002,56.54128978999998,500
do,-27.238325413705706,94.76167458629429,500
yg,-78.34822171244271,76.65177828755729,500
mp,-72.91193091416201,85.08806908583799,500
ke,-76.44802318014847,94.55197681985153,500
zp,-20.558905504533683,19.441094495466317,500
an,-36.9882074710363,91.01179252896371,500
wu,-56.606027904147986,30.393972095852014,500
gw,-63.10738075510067,44.89261924489933,500
jm,-69.4331552027326,52.56684479726739,500
xy,-40.09076067925144,35.90923932074856,500
ob,-73.43607559464974,82.56392440535026,500
is,-7.2917477422246755,52.70825225777532,500
qu,-97.57081080601215,82.42918919398785,500
ir,-86.43073199980019,20.569268000199816,500
bf,-84.66082876699144,4.339171233008551,500
ax,-59.372432266559976,55.627567733440024,500
xi,-94.74677608701593,84.25322391298407,500
nz,-93.9520003438134,15.04799965618661,500
hp,-34.158622077107225,40.841377922892775,500
ov,-36.02574050653972,69.97425949346028,500
de,-37.127949446377414,64.87205055362259,500
ig,-22.018061568481688,0.9819384315183111,500
dy,-82.24941052041555,11.75058947958445,500
da,-43.19217409854218,78.80782590145782,500
zx,-54.964292441757465,46.035707558242535,500
mi,-50.51924724541768,89.48075275458233,500
vr,-27.48998968580752,41.510010314192485,500
xl,-95.11836617642842,42.88163382357158,500
xk,-12.993945015345117,48.00605498465488,500
qd,-20.168796724922327,26.831203275077673,500
wc,-1.4249320842552957,33.575067915744704,500
bl,-47.77562675102098,62.22437324897902,500
pn,-54.329149560002385,27.670850439997615,500
pt,-46.815455244577294,87.1845447554227,500
dd,-46.47039566518927,30.52960433481073,500
kr,-71.9564410979137,60.043558902086296,500
lq,-29.97935262981535,7.020647370184652,500
wp,-57.98337709025556,6.0166229097444415,500
tg,-80.6806112406659,48.3193887593341,500
un,-97.25326876437119,67.74673123562881,500
qk,-35.012124908009355,9.987875091990643,500
rs,-73.46484935004176,66.53515064995824,500
rd,-87.95664769833098,74.04335230166902,500
mg,-77.26899403630726,4.731005963692738,500
ty,-47.8016557629525,9.198344237047499,500
zt,-93.29193584513709,50.70806415486291,500
zy,-82.84408827461608,40.155911725383916,500
gc,-18.191347147796293,33.80865285220371,500
pu,-77.99157302148488,24.008426978515118,500
ss,-13.732027969499601,95.2679720305004,500
uz,-17.17240509548107,27.82759490451893,500
ca,-69.92192559985783,14.078074400142178,500
bx,-72.01858575093826,47.981414249061736,500
wk,0.5020217093696051,30.502021709369604,500
ws,-61.13679513014309,76.8632048698569,500
qc,-22.53482615092188,84.46517384907811,500
mq,-54.82129611011414,2.1787038898858566,500
mi,-93.22010557888832,84.77989442111168,500
aa,-50.18937595084419,40.81062404915581,500
wg,-76.0471434294267,50.952856570573296,500
nc,-79.69787671364183,4.302123286358163,500
pl,-79.86397771904441,24.13602228095558,500
nd,-41.05169194828281,16.948308051717188,500
om,-53.96324025851159,47.03675974148841,500
xw,-26.85372078796466,81.14627921203534,500
hb,-11.636990798544256,95.36300920145574,500
um,-32.11376117332433,55.88623882667567,500
mu,-16.75246642864752,34.247533571352484,500
dc,-11.35553145157248,15.64446854842752,500
xt,-11.710247879265914,94.28975212073408,500
ge,-43.124841911462006,70.875158088538,500
ek,-87.7548192892838,29.245180710716202,500
iv,-0.9138165713069751,70.08618342869302,500
re,-56.05992657117486,85.94007342882513,500
zc,-73.17685850468585,72.82314149531415,500
aa,-42.167046243073436,62.832953756926564,500
bh,-95.39840323889825,72.60159676110175,500
zf,-60.952547145001134,25.047452854998866,500
eq,-51.22381399525818,32.77618600474182,500
fb,-55.36048959197829,26.639510408021707,500
wf,-70.65523479375523,39.34476520624477,500
gc,-34.369668516884275,52.630331483115725,500
xp,-22.546435287133935,85.45356471286607,500
cc,-82.40047175115508,86.59952824884492,500
oj,-69.47146332242458,47.528536677575424,500
qx,-61.12338599512143,5.876614004878567,500
kx,-1.0788163937678512,73.92118360623215,500
xe,-91.44726601499862,24.55273398500138,500
gk,-95.95736782511021,32.04263217488979,500
pz,-46.61052633620838,21.38947366379162,500
zn,-80.81402196958078,77.18597803041922,500
ct,-29.512675931980574,88.48732406801942,500
zk,-96.51378114680298,31.486218853197016,500
lr,-52.26669940422285,95.73330059577715,500
ow,-78.27857043471082,11.721429565289188,500
ju,-15.085482645441626,43.91451735455838,500
mm,-60.51859692258961,68.48140307741039,500
xz,-45.18842856122677,63.81157143877323,500
mx,-58.200764750457964,16.79923524954204,500
wj,-10.370127497583322,30.629872502416678,500
ap,-11.622499777351962,61.37750022264804,500
vw,-78.79970959101003,41.200290408989964,500
bn,-11.23161545355121,17.76838454644879,500
hj,-17.46492242710312,35.53507757289688,500
rh,-31.780637221851496,67.21936277814851,500
an,-93.77640185361258,49.22359814638742,500
be,-79.12276378652184,8.877236213478156,500
dy,-2.619472332890269,7.380527667109731,500
vy,-91.50531514202044,95.49468485797956,500
nn,-92.79646706890958,97.20353293109042,500
fa,-15.421625113049831,75.57837488695017,500
rm,-9.850610434424661,31.149389565575337,500
ps,-66.63003251110852,75.36996748889148,500
sy,-91.27253013272376,76.72746986727624,500
qo,-85.58640944295071,52.4135905570493,500
yc,-11.391374979874143,15.608625020125857,500
wv,-39.2478289577016,74.7521710422984,500
pc,-18.211482717497077,39.78851728250292,500
nh,-54.10756912116633,90.89243087883368,500
oe,-87.2885551413957,67.7114448586043,500
cv,-32.69351724697401,13.306482753025987,500
cf,-40.39105060708363,25.608949392916372,500
mn,-54.66421733892301,51.33578266107699,500
xt,-83.82058555345586,53.17941444654414,500
eu,-74.47304940912959,68.52695059087041,500
pb,-93.83200112879345,49.16799887120656,500
mo,-50.76345218297701,4.2365478170229895,500
de,-14.225200755431633,76.77479924456837,500
lo,-55.99603391995248,92.00396608004752,500
yf,-40.16671349469881,57.83328650530119,500
rk,-19.948620650794137,81.05137934920586,500
ay,-37.05531846415488,48.94468153584512,500
cy,-74.83099655187839,39.16900344812161,500
yg,-8.76470802693791,16.23529197306209,500
xy,-24.555848161123336,36.444151838876664,500
id,-38.306634152513034,76.69336584748696,500
fk,-97.71079085860163,67.28920914139837,500
vp,-81.91502386335976,88.08497613664024,500
oa,-67.59343278066378,6.406567219336226,500
gz,-36.564540940334155,25.43545905966585,500
lh,-6.898978911943134,0.10102108805686605,500
bm,-47.034309248325414,57.965690751674586,500
pc,-48.8498062144593,93.1501937855407,500
da,-93.90807154700066,32.09192845299934,500
jf,-11.175777510095964,97.82422248990403,500
tx,-40.16627728827279,98.83372271172722,500
kh,-93.38150415564196,85.61849584435804,500
qj,-25.207706876748606,39.79229312325139,500
mb,-22.065957539768466,9.934042460231536,500
os,-31.884430913382367,77.11556908661763,500
ez,-93.98892641581008,28.01107358418992,500
ox,-25.732317780504758,86.26768221949524,500
tn,-1.835590479069884,12.164409520930116,500
xy,-79.7587256804058,13.241274319594195,500
vf,-48.4801594766088,26.519840523391206,500
ku,-26.606333935684017,72.39366606431598,500
jq,-75.85090477641592,82.14909522358408,500
oo,-19.8475054052458,85.1524945947542,500
vb,-64.1109936663329,0.8890063336670954,500
ll,-87.48922724805949,8.510772751940511,500
pj,-24.60585476156638,6.3941452384336195,500
jp,-93.96203319471101,77.03796680528899,500
ev,-73.24372641627254,47.75627358372747,500
lu,-58.21831946564442,18.781680534355583,500
ax,-23.72680302616548,81.27319697383452,500
fu,-71.37815033077905,95.62184966922095,500
kp,-51.38577328967226,15.614226710327742,500
uj,-73.0388175886788,40.9611824113212,500
yb,-23.53449424029488,60.465505759705124,500
ov,-96.91352730118106,61.08647269881894,500
vr,-63.54440898421558,72.45559101578442,500
bg,-43.79709662595438,16.202903374045622,500
zf,-90.86061454233426,49.13938545766574,500
ad,-65.72932832334573,23.270671676654274,500
zd,-69.48626603255292,66.51373396744708,500
ck,-45.25698777931898,32.74301222068102,500
hp,-79.32523331336027,53.67476668663973,500
sv,-57.91516944635655,57.08483055364345,500
kv,-55.4126957881637,15.587304211836297,500
sw,-92.88388757626186,60.11611242373815,500
tc,-31.513728088694766,31.486271911305234,500
qf,-89.40470986477028,82.59529013522972,500
xd,-97.78217150687952,88.21782849312048,500
re,-96.85319283190027,33.14680716809973,500
on,-26.42874111761712,59.571258882382885,500
cz,-84.09158910688986,8.908410893110139,500
tx,-69.4651341503901,59.5348658496099,500
yo,-11.94658862835161,18.05341137164839,500
ft,-33.559310075998866,42.440689924001134,500
he,-42.06700439432311,86.9329956056769,500
ve,-15.610541879687332,49.38945812031267,500
oc,-79.04890188345088,77.95109811654912,500
ep,-53.38081438381647,79.61918561618353,500
yt,-17.62192445115375,35.37807554884625,500
zi,-33.88790629021535,28.112093709784652,500
im,-0.5993821471352528,22.400617852864748,500
lb,-62.39220636041219,34.60779363958781,500
sl,-51.451372455438474,33.548627544561526,500
lj,-9.266499001857436,17.733500998142564,500
xm,-33.268072829115596,87.7319271708844,500
zh,-86.1008100247805,72.8991899752195,500
ue,-10.809198882219915,88.19080111778008,500
co,-49.57768646523073,84.42231353476927,500
hm,-8.041889430506387,82.95811056949361,500
dw,-75.2417849013565,30.7582150986435,500
hs,-96.16717147855303,52.83282852144697,500
nq,-50.92771862789825,49.07228137210175,500
xw,-45.001258794490774,45.998741205509226,500
ce,-88.3729799807838,71.6270200192162,500
ey,-8.384071557760372,87.61592844223962,500
mi,-8.57802470809316,50.42197529190684,500
nb,-95.1324975273401,26.867502472659893,500
ij,-7.69608041765068,68.30391958234932,500
tk,-64.4507808600622,1.5492191399378092,500
mp,-73.04857947742316,58.95142052257684,500
eu,-70.68895246878954,83.31104753121046,500
xt,-54.71461255626669,78.28538744373331,500
df,-74.413683794164,16.586316205836,500
qr,-54.54038793081149,88.45961206918851,500
bd,-79.44712279844975,44.552877201550245,500
is,-12.30355015424602,89.69644984575397,500
uu,-73.54244675300512,16.457553246994873,500
zc,-68.77656376620035,44.223436233799646,500
np,-67.8711633545413,62.1288366454587,500
bb,-88.78845581011167,0.21154418988832535,500
qo,-38.627363740058726,7.372636259941272,500
ga,-29.859367558359857,19.140632441640143,500
xd,-79.56810499126152,2.4318950087384836,500
tx,-81.11517283572708,35.88482716427292,500
dk,-11.04360147618709,69.95639852381291,500
qj,-86.70536903991884,80.29463096008116,500
jq,-77.26276238833856,55.737237611661435,500
sm,-39.95810243330894,27.041897566691066,500
my,-0.7746166349189244,84.22538336508107,500
us,-91.84419968294073,66.15580031705927,500
sy,-1.6769249771094321,93.32307502289056,500
xk,-35.06223443041593,30.937765569584073,500
pm,-77.80297603560895,55.19702396439105,500
mx,-84.69484106894552,1.3051589310544833,500
