pd,-8.19342153617974,4.80657846382026,500
zh,-10.297378163027807,60.70262183697219,500
cx,-48.42154202413903,97.57845797586097,500
gq,-97.2622536319289,2.737746368071096,500
os,-1.1132665543488103,37.88673344565119,500
mj,-13.609615306333975,2.3903846936660242,500
ah,-53.64233672935083,85.35766327064917,500
gp,-93.8789546049871,54.12104539501291,500
kj,-22.647546454216418,12.352453545783582,500
nr,-84.30005650331285,3.6999434966871494,500
lf,-12.105816488935103,74.8941835110649,500
kv,-81.94414737749936,25.05585262250064,500
zp,-53.28114581158159,69.71885418841842,500
lh,-21.76704585601661,14.232954143983392,500
la,-39.71327970415933,69.28672029584067,500
js,-48.865637267516405,35.134362732483595,500
ng,-15.357222901586493,77.6427770984135,500
uw,-3.2871686133066937,62.71283138669331,500
ma,-14.987290676000391,86.0127093239996,500
fe,-50.40786875276459,87.59213124723541,500
xl,-14.032345090252461,97.96765490974754,500
fl,-5.53044728521702,57.46955271478298,500
ok,-94.65994874786321,68.34005125213679,500
lb,-81.23525729890616,17.764742701093834,500
zn,-58.04834596391719,92.95165403608281,500
zp,-64.34406215811927,73.65593784188073,500
mk,-83.65230539647462,19.347694603525387,500
xn,-82.08034801339456,95.91965198660544,500
ys,-5.101496177084652,16.898503822915348,500
cs,-12.522359694658258,46.477640305341744,500
av,-55.76566163997754,25.23433836002246,500
vr,-23.523597065629126,77.47640293437088,500
ae,-7.2982607287391525,60.70173927126085,500
qo,-76.01433257768959,95.98566742231041,500
tf,-10.222057130749192,24.777942869250808,500
dt,-6.449696772246055,36.55030322775394,500
kn,-32.04651961242265,77.95348038757734,500
ht,-28.055244712459057,13.944755287540943,500
kz,-37.09711096681472,50.90288903318528,500
ox,-36.99967851133395,40.00032148866605,500
tt,-70.23741645335136,36.76258354664865,500
op,-29.10119551600239,51.89880448399761,500
cy,-75.44286897036162,51.55713102963838,500
el,-0.29276282825029853,15.707237171749702,500
mb,-56.74795821160378,83.25204178839623,500
ia,-0.48281992369241367,78.51718007630758,500
pa,-27.15468549029778,44.84531450970222,500
ah,-46.15705041992544,0.842949580074563,500
zy,-33.76050330935091,46.23949669064909,500
xz,-53.254008949643264,51.745991050356736,500
dg,-79.91725175826673,84.08274824173327,500
di,-54.1219218631486,6.8780781368514,500
ob,-90.79529363105549,42.204706368944514,500
vd,-25.223030982243973,71.77696901775603,500
sn,-30.321739377714515,95.67826062228548,500
he,-96.75368434125721,95.24631565874279,500
pj,-73.33132127862166,81.66867872137834,500
mb,-38.15384930270566,47.84615069729434,500
wj,-37.33673241085755,38.66326758914245,500
ok,-94.26571891135903,23.734281088640973,500
th,-12.93548225132827,69.06451774867173,500
aj,-22.024498166204566,86.97550183379543,500
te,-64.24700577641501,72.75299422358499,500
zq,-76.76732728506163,75.23267271493837,500
dx,-83.57281556237065,94.42718443762935,500
tu,-18.014359828975206,47.98564017102479,500
al,-42.362553648668715,5.637446351331286,500
hh,-1.601426844969072,11.398573155030927,500
lk,-54.862384483698264,57.137615516301736,500
iv,-64.9324679065703,14.067532093429701,500
ag,-47.20506500222698,71.79493499777303,500
zg,-25.9356784795255,39.0643215204745,500
iy,-30.535569989913345,21.464430010086655,500
vs,-44.13556146908952,28.864438530910483,500
ov,-72.27758825900376,77.72241174099624,500
zt,-45.18775786326674,3.8122421367332606,500
qr,-45.65011250553785,26.34988749446215,500
bp,-19.532729538918925,0.4672704610810735,500
vd,-2.6229330273632585,92.37706697263674,500
kr,-81.52560261480504,85.47439738519496,500
nz,-11.660311284583495,3.339688715416506,500
la,-30.497255608660677,9.502744391339325,500
jc,-34.45848355796085,68.54151644203915,500
js,-74.72521308211546,12.274786917884544,500
jq,-74.30515246965129,70.69484753034871,500
tm,-3.1777084713750474,89.82229152862496,500
kt,-62.70387721495797,33.29612278504203,500
eo,-18.540848470157417,34.45915152984258,500
re,-56.908772822024815,39.091227177975185,500
aw,-80.5990145369955,10.400985463004499,500
kp,-95.54616626798372,3.4538337320162724,500
nk,-44.24703959574549,44.75296040425451,500
zy,-25.754962217376093,52.2450377826239,500
yu,-66.25389441214635,8.746105587853645,500
az,-41.638351667203416,42.361648332796584,500
rl,-2.5605650362040655,17.439434963795936,500
fa,-89.50815117525337,95.49184882474663,500
np,-47.18055416511997,68.81944583488003,500
ua,-58.752806396147946,93.24719360385205,500
fv,-76.31256679256818,87.68743320743182,500
vr,-54.65725879159077,16.342741208409226,500
rb,-85.61714658919843,49.382853410801566,500
el,-70.85424707071809,61.14575292928191,500
sn,-45.44159187805708,70.55840812194292,500
om,-58.07454916927199,43.92545083072801,500
ga,-18.52475871757161,40.475241282428385,500
qs,-78.45353905580978,89.54646094419022,500
ey,-43.986774518447895,71.01322548155211,500
ub,-41.78998445150099,74.21001554849902,500
rw,-1.091241127276231,95.90875887272377,500
sy,-63.65312786697755,15.346872133022453,500
un,-18.783439336168236,44.216560663831764,500
fe,-76.43457562115536,0.5654243788446336,500
ax,-75.55220883414466,30.44779116585533,500
ts,-69.93203117608785,29.067968823912153,500
vv,-26.482432333834502,37.5175676661655,500
wn,-22.890371269270812,77.10962873072918,500
pc,-20.763780659963412,59.236219340036584,500
ss,-44.36847763489894,1.6315223651010602,500
ta,-57.27028632641499,21.729713673585014,500
xl,-12.893489012158385,94.10651098784162,500
hk,-68.49014180068555,78.50985819931445,500
yy,-19.642316565447096,34.357683434552904,500
ic,-20.47987153674324,55.52012846325676,500
vg,-30.057816203256237,81.94218379674376,500
cx,-3.1028058691235154,86.89719413087649,500
pe,-94.94137394433992,42.058626055660085,500
br,-76.18144842481622,55.818551575183776,500
ns,-59.813101397116405,20.1868986028836,500
kk,-90.68085127487335,3.3191487251266567,500
ko,-19.03294770470982,35.96705229529018,500
vx,-1.0980790224175487,89.90192097758245,500
bv,-27.28224569148654,38.717754308513456,500
tg,-51.3766021332725,90.6233978667275,500
fw,-2.188380418604054,27.811619581395945,500
mx,-61.60880094086481,79.39119905913519,500
ax,-6.609795807708647,37.39020419229135,500
rc,-23.563684001289257,62.43631599871074,500
xv,-10.98123104458187,71.01876895541812,500
zo,-17.294229311452998,22.705770688547002,500
oy,-62.28267227419087,12.717327725809128,500
wr,-4.4064076496513405,0.5935923503486596,500
rh,-43.13460350211268,27.865396497887318,500
vs,-25.408011115997148,80.59198888400284,500
qk,-94.4597380747023,89.5402619252977,500
vx,-83.22472407992373,76.77527592007627,500
qm,-80.70206057132131,15.297939428678692,500
az,-28.218708774088594,71.7812912259114,500
uf,-27.84852716093746,84.15147283906254,500
lh,-61.29319649502826,52.70680350497174,500
cw,-32.90363135844346,36.09636864155654,500
pd,-37.951122801142205,19.048877198857795,500
jl,-14.534630650622027,64.46536934937798,500
au,-15.235951102322858,17.764048897677142,500
ke,-30.533531217560217,24.466468782439783,500
zh,-89.29206623219135,66.70793376780865,500
ck,-8.782391030721955,21.217608969278043,500
ck,-52.3230937421502,50.6769062578498,500
me,-10.896754486904324,1.103245513095675,500
bp,-21.897299298744866,79.10270070125513,500
uo,-4.097676530522277,16.90232346947772,500
or,-91.59165199192869,48.40834800807132,500
yt,-79.37858359363669,38.6214164063633,500
dr,-56.05056148203835,31.949438517961653,500
if,-15.407037674806077,32.59296232519392,500
th,-62.59394473578422,37.40605526421578,500
ce,-77.97229376210605,17.02770623789395,500
py,-87.10349400981855,37.89650599018146,500
xm,-61.76222198402685,38.23777801597315,500
eb,-44.259910278942286,61.740089721057714,500
dy,-3.5436754044358842,78.45632459556411,500
uq,-67.74660132207445,0.2533986779255445,500
ku,-77.99258450383452,38.00741549616548,500
gs,-5.731757229492753,79.26824277050724,500
sa,-18.851884962684988,18.148115037315012,500
yv,-73.45787797284336,69.54212202715664,500
se,-56.67715258649831,32.32284741350169,500
nb,-97.69082609506344,10.309173904936562,500
fm,-44.68061938405769,54.31938061594231,500
ui,-78.2276717489281,35.772328251071905,500
fg,-47.72525156700535,32.27474843299465,500
do,-90.8092507043762,52.190749295623796,500
nh,-21.387002932379353,92.61299706762064,500
qq,-54.61871052372591,33.38128947627409,500
mh,-24.62099215946479,73.37900784053521,500
rk,-77.77872910824506,57.22127089175495,500
qy,-25.033533451365646,80.96646654863436,500
rl,-59.42782645425711,86.57217354574288,500
hl,-52.16201792637583,42.83798207362417,500
iy,-9.658643051339926,82.34135694866008,500
ur,-58.527785702612675,39.472214297387325,500
ga,-2.715476116463562,35.28452388353644,500
rv,-4.326554349206091,4.673445650793909,500
lr,-4.855751850238371,64.14424814976162,500
yq,-12.183845380961879,50.81615461903812,500
ly,-28.559945818944804,83.4400541810552,500
in,-1.818410867833467,92.18158913216654,500
bc,-3.5566999367770755,51.44330006322293,500
yl,-46.41929777243511,49.58070222756489,500
ty,-45.62976969561225,14.370230304387754,500
jg,-41.159525456805895,67.8404745431941,500
ar,-48.50938369541007,28.490616304589928,500
xi,-43.30838086053168,29.691619139468322,500
zf,-63.88616193565548,77.11383806434452,500
kc,-32.929428341682936,71.07057165831706,500
xr,-82.43681462151764,82.56318537848236,500
nj,-10.9937662701505,85.0062337298495,500
vs,-60.622799140404574,31.377200859595426,500
gm,-34.27270093708997,39.72729906291003,500
om,-10.547804628882162,80.45219537111784,500
ww,-78.99295931875257,91.00704068124743,500
dw,-85.46584582119121,82.53415417880879,500
af,-47.96477449678772,56.03522550321228,500
ip,-52.46783292743184,76.53216707256816,500
xa,0.5356051588509677,73.53560515885097,500
uc,-75.35990177383906,86.64009822616094,500
fe,-84.84855347241914,32.15144652758086,500
qr,-91.9685600060157,93.0314399939843,500
mk,-16.13428980185047,6.865710198149528,500
wt,-80.92797403747933,48.07202596252067,500
us,-4.11523124171913,85.88476875828087,500
ce,-84.70040917975511,61.29959082024489,500
ic,-42.954458460079145,88.04554153992086,500
yf,-69.81616477660174,90.18383522339826,500
ax,-76.78757374908817,2.2124262509118315,500
lx,-48.16979008490155,81.83020991509845,500
ew,-93.50514851405772,36.49485148594228,500
ll,-78.19359588052421,70.80640411947579,500
rd,-42.57902492707237,53.42097507292763,500
sr,-77.14500573878708,19.85499426121292,500
wf,-75.69040171190608,12.309598288093921,500
hv,-65.30263984543741,48.69736015456259,500
vj,-10.88936988102143,39.11063011897857,500
ms,-55.83204888086098,81.16795111913902,500
rn,-61.7320393548073,8.267960645192701,500
lo,-20.9740918807841,31.0259081192159,500
tg,-44.08367091499555,71.91632908500445,500
ha,-67.75240425357674,74.24759574642326,500
ht,-85.95452392814458,59.04547607185542,500
nf,-46.70092077607472,82.29907922392529,500
no,-44.536238112630926,62.463761887369074,500
ql,-37.22872545757157,41.77127454242843,500
ou,-62.93193562064444,91.06806437935556,500
ij,-4.572837812406677,94.42716218759332,500
cq,-48.49101775123661,49.50898224876339,500
ju,-73.37750869432834,58.62249130567165,500
ce,-64.96741390202348,96.03258609797652,500
hq,-73.12043553828852,36.87956446171148,500
da,-49.174338768712936,68.82566123128707,500
ym,-3.5351755503220934,65.4648244496779,500
aj,-49.93125705033917,97.06874294966083,500
aj,-27.744533880938192,0.2554661190618088,500
wu,-80.4050955566027,96.5949044433973,500
za,-56.09018882108359,95.90981117891641,500
gt,-61.20558418015267,25.79441581984733,500
tb,-76.48940564224193,76.51059435775807,500
zf,-21.279841830570877,56.720158169429126,500
tl,-23.652279736098993,14.347720263901007,500
dg,-75.61168164981582,45.38831835018418,500
zy,-14.887691331815631,16.11230866818437,500
kb,-50.27926592942498,32.72073407057502,500
lg,-63.48888528977305,19.511114710226952,500
eq,-2.5740156923868076,47.42598430761319,500
zh,-14.584996623845468,95.41500337615453,500
jy,-82.91732238269199,56.08267761730801,500
cs,-74.65451981921994,80.34548018078006,500
ro,-36.77877597150996,76.22122402849004,500
kh,-89.82686418183378,49.173135818166216,500
sg,-24.636654139240974,59.363345860759026,500
wd,-4.627022208953988,83.37297779104601,500
of,-3.7741470074595984,40.2258529925404,500
dr,-85.78758385858866,3.2124161414113415,500
nw,-57.3363655804711,64.66363441952889,500
tf,-65.43887934467051,26.561120655329493,500
qf,-20.99823654698449,33.001763453015506,500
gh,-17.099664410819447,70.90033558918056,500
yc,-19.949090480176846,8.050909519823154,500
cj,-37.94887526784963,12.051124732150372,500
wo,-35.540489050177285,89.45951094982271,500
rb,-27.941737386397246,32.05826261360276,500
lh,-6.381624819743418,70.61837518025658,500
tj,-42.31238913359092,84.68761086640909,500
ak,-85.5920397464257,26.407960253574295,500
fw,-94.50136519159032,2.4986348084096752,500
gc,-14.215442437005251,37.78455756299475,500
lu,-80.73164409896238,14.268355901037618,500
bt,-8.383504356198966,98.61649564380103,500
zm,0.6024782549040127,36.602478254904014,500
rh,-34.92105397381883,52.07894602618117,500
xd,-89.08491798737768,42.91508201262233,500
fy,-15.284338754782368,9.715661245217632,500
cp,-69.13877651939013,98.86122348060987,500
pf,-27.343471869418966,83.65652813058104,500
iq,-87.28510097110866,69.71489902889134,500
ze,-89.95430862151449,96.04569137848551,500
bu,-6.992042895041832,17.00795710495817,500
nl,-43.841513425951746,47.158486574048254,500
yc,-93.23791103051029,61.7620889694897,500
xt,-55.262456084956966,47.737543915043034,500
hn,-69.66669528514953,28.333304714850463,500
cz,-82.35073947898925,24.649260521010742,500
jo,-24.00462891573256,80.99537108426745,500
oh,-7.939031608692124,88.06096839130788,500
qj,-43.056399224328345,17.943600775671655,500
yr,-20.522839617177567,17.477160382822433,500
li,-79.9510108103572,52.048989189642796,500
qm,-66.94057703807584,68.05942296192416,500
yl,-81.76528801350412,29.23471198649588,500
lh,-38.87362934990767,71.12637065009234,500
cl,-24.742274466061964,15.257725533938036,500
ui,-21.021049738303887,85.97895026169611,500
mb,-43.86499199378787,19.135008006212136,500
on,-65.87741807303638,98.12258192696362,500
rt,-16.445081235289553,67.55491876471045,500
xw,-28.280523852222323,11.719476147777677,500
th,-22.972921674644027,84.02707832535597,500
lf,-68.97199010928544,20.02800989071456,500
vw,-35.18622868325048,59.81377131674952,500
cs,-60.1702731580888,8.829726841911201,500
fn,-63.685174178122374,90.31482582187762,500
xz,-47.02444360258151,51.97555639741849,500
nl,-90.02704634735215,43.972953652647846,500
vg,-20.61199147997597,41.38800852002403,500
mu,-64.22944158619322,20.77055841380678,500
ln,-42.056898485020426,11.943101514979574,500
nr,-91.11607820376173,89.88392179623827,500
xm,-49.30766984333092,25.692330156669076,500
oz,-62.08467768861656,5.9153223113834414,500
wf,-82.65615922825336,48.34384077174664,500
tu,-15.828825109686363,66.17117489031364,500
oi,-23.068842943174552,49.93115705682545,500
bm,-15.761697106952443,98.23830289304756,500
ob,-90.29999752413089,32.700002475869105,500
ug,-80.85268187833205,97.14731812166795,500
ji,-3.7881149932479965,49.211885006752006,500
vw,-52.269756874026776,92.73024312597323,500
pa,-50.813656898491836,13.186343101508163,500
iy,-84.79145917841858,83.20854082158142,500
us,-86.25212021951216,30.74787978048783,500
qw,-46.4925655731516,51.5074344268484,500
to,-19.725252504571532,34.274747495428464,500
ju,-7.2133854544887575,58.78661454551124,500
fd,-55.5485812308169,31.4514187691831,500
ia,-51.9004270266354,23.099572973364605,500
oy,-79.72120929367298,41.278790706327015,500
yx,-97.86188721340892,45.13811278659108,500
tz,-96.37101403403317,81.62898596596683,500
hz,-67.1474916472118,90.8525083527882,500
qa,-91.415485074065,15.58451492593499,500
je,-5.098275194962242,37.90172480503776,500
zk,-57.62953448395773,81.37046551604227,500
el,-58.158832599218734,50.841167400781266,500
yi,-3.2567675603913107,5.74323243960869,500
wy,-82.85994843109694,74.14005156890306,500
gg,-7.990815993598527,17.009184006401473,500
ho,-53.15969636211914,86.84030363788087,500
zh,-67.75949179240942,46.24050820759057,500
ui,-54.80976901125061,58.19023098874939,500
gd,-83.39672776179933,54.60327223820068,500
dp,-2.6136526771599433,29.386347322840056,500
vr,-46.13368990348468,30.86631009651532,500
lc,-38.02655322144064,82.97344677855935,500
rh,-60.04457999124979,38.95542000875021,500
by,-65.45475415239625,68.54524584760375,500
fx,-91.66579817692964,72.33420182307036,500
li,-45.24351511202719,66.7564848879728,500
fz,-43.59782561325565,20.40217438674435,500
ry,-16.42647497455139,47.57352502544861,500
ne,-17.628587301800593,67.3714126981994,500
yu,-53.40366990135301,71.59633009864699,500
ns,-13.787847993422087,58.21215200657792,500
zh,-22.18493109982501,92.81506890017499,500
ad,-24.48675241371116,93.51324758628884,500
hi,-63.97840505488105,65.02159494511895,500
mn,-22.517974023132716,1.4820259768672837,500
tz,-48.48614505248549,30.51385494751451,500
hx,-83.57839626060174,46.42160373939826,500
pi,-97.12680677901588,35.87319322098412,500
ys,-51.71904121743259,63.28095878256741,500
ey,-9.24498520102337,70.75501479897663,500
mr,-93.07179165529793,43.92820834470207,500
ot,-45.457495539432394,15.542504460567606,500
lj,-95.42588310234868,35.574116897651315,500
ad,-8.630531274694544,93.36946872530545,500
ym,-86.93651419848396,7.0634858015160376,500
sx,-92.70208741128032,77.29791258871968,500
uj,-83.55206545140497,19.447934548595025,500
db,-14.687038837931746,10.312961162068254,500
mr,-44.847851404690516,22.15214859530948,500
ii,-3.0130209085918684,87.98697909140813,500
jq,-22.489428142827915,96.51057185717208,500
ry,-12.32981158892508,52.67018841107492,500
gs,-13.521285509978167,0.47871449002183375,500
gw,-61.765117681434134,31.234882318565866,500
ml,-43.32755703276439,59.67244296723561,500
qb,-34.07531310285693,94.92468689714308,500
yn,-43.89035247059954,82.10964752940046,500
cc,-66.88934366218889,60.1106563378111,500
sd,-29.627089320933997,86.37291067906601,500
xm,-60.946931973323444,34.053068026676556,500
et,-67.17881460840246,27.821185391597542,500
nh,-45.787781902666644,50.212218097333356,500
jv,-53.915555611890944,46.084444388109056,500
kz,-74.78884414350088,0.21115585649912483,500
vd,-86.71977132707262,93.28022867292738,500
ry,-29.96119146208186,33.03880853791814,500
hr,-60.34340058655689,1.6565994134431103,500
fn,-21.290297683350815,61.709702316649185,500
ba,-53.65040513964705,33.34959486035295,500
qy,-39.39084588216447,54.60915411783553,500
pa,-47.89646600449268,95.10353399550732,500
pm,-73.04829235149512,36.95170764850487,500
am,-82.81091364029336,41.18908635970664,500
hb,-8.002345868715855,48.99765413128414,500
uy,-66.36099712659471,23.639002873405293,500
tm,-90.75658853284857,22.24341146715143,500
fw,-6.334790224681557,65.66520977531844,500
ul,-40.68448116946446,9.315518830535535,500
vr,-29.305158815528014,90.69484118447198,500
qd,-53.724307425048195,82.2756925749518,500
mw,-23.25942558138193,74.74057441861807,500
es,-13.793964710228114,90.20603528977189,500
ix,-25.36560728076451,39.63439271923549,500
st,-72.80355865687926,57.19644134312073,500
po,-17.8431112518633,62.1568887481367,500
ys,-66.92494572389188,64.07505427610812,500
en,-80.61611407945712,81.38388592054288,500
dd,-38.78521821496301,61.21478178503699,500
kc,-7.598546632221658,23.40145336777834,500
ay,-65.82156041535556,35.17843958464443,500
xo,-89.16908793163363,21.83091206836637,500
nf,-75.71097647862457,71.28902352137543,500
xy,-81.49584382432685,48.504156175673145,500
do,-83.36388538208314,60.63611461791685,500
wq,-78.48526078270939,78.51473921729061,500
in,-7.610866892295964,77.38913310770404,500
xz,-67.68678677415502,62.31321322584498,500
cg,-62.331412215912806,47.668587784087194,500
yg,-91.2469684405234,93.7530315594766,500
tz,-84.42148101648212,60.57851898351788,500
au,-91.9827516750787,68.0172483249213,500
xn,-76.54821185947884,4.451788140521159,500
ra,-78.27790635048207,65.72209364951793,500
ie,-94.25832026202352,38.74167973797648,500
mi,-48.51188599041115,48.48811400958885,500
vu,-89.25106653128218,89.74893346871782,500
ys,-23.059033514469967,23.940966485530033,500
gs,-44.72104635862972,59.27895364137028,500
ov,-3.161731902041435,25.838268097958565,500
fj,-71.09370188316439,40.906298116835615,500
kz,-54.03256878691338,76.96743121308663,500
io,-53.202735206146684,77.79726479385332,500
ev,-65.84180791531033,30.158192084689674,500
hf,-25.719657489471103,36.2803425105289,500
fr,-84.64618145981296,22.35381854018704,500
fc,-74.51530786302662,67.48469213697338,500
gg,-70.36726652547934,44.63273347452066,500
rl,-55.1937860402914,30.806213959708604,500
vm,-44.68059248225907,62.31940751774093,500
tj,-18.037188721483588,54.96281127851641,500
as,-19.28443029388618,24.71556970611382,500
pw,-19.117544085594986,27.882455914405014,500
ow,-95.68336071651586,75.31663928348414,500
ag,-62.04487605270038,83.95512394729961,500
cx,-29.407570768138886,3.592429231861113,500
pj,-92.47285849770985,17.52714150229015,500
ru,-93.97451440715457,4.02548559284543,500
fc,-82.19513075155263,26.804869248447368,500
lz,-68.32290359540181,51.677096404598196,500
kj,-64.772015841887,72.227984158113,500
fm,-78.43581086900085,25.56418913099916,500
pe,-47.229191683994685,94.77080831600531,500
lg,-51.01233558116068,46.98766441883932,500
mv,-5.8643407395782345,82.13565926042176,500
ba,-18.437325934627836,95.56267406537216,500
di,-65.99090964674511,37.0090903532549,500
ly,-93.10412638319448,16.895873616805524,500
tr,-3.6190124967162007,33.3809875032838,500
qw,-53.50649000471195,63.49350999528805,500
rr,-16.33317227923844,58.66682772076156,500
le,-52.93500280838224,57.06499719161776,500
zi,0.8816282858516085,35.88162828585161,500
xz,-39.3140412710448,6.6859587289552,500
bk,-71.79786439136025,55.20213560863974,500
vk,-36.41559946714408,74.58440053285592,500
pm,-22.28514675072422,72.71485324927578,500
fo,-10.018029833212488,28.981970166787512,500
ec,-63.4703067693347,33.5296932306653,500
kk,-15.990719775855322,66.00928022414467,500
bh,-39.88886686529347,3.1111331347065256,500
us,-37.26635653818807,49.73364346181193,500
no,-61.824821052095864,57.175178947904136,500
xs,-17.693262375400668,43.306737624599336,500
vp,-35.53538096177467,12.464619038225326,500
ud,-89.1793955661123,39.820604433887695,500
hn,-76.8395745249804,85.1604254750196,500
kr,-52.29723081625751,11.702769183742488,500
zr,-70.1541627610203,36.84583723897969,500
vj,-23.827176320834003,25.172823679165997,500
cf,-76.28868199033958,86.71131800966042,500
nw,-63.447405970849765,16.55259402915024,500
