as,-3.4420765287335113,44.55792347126649,1000
pq,-18.701937852640548,11.298062147359452,1000
rn,-34.265489535486054,29.73451046451395,1000
wc,-34.00587863041375,2.994121369586251,1000
vg,-68.10367674785596,97.89632325214404,1000
jl,-11.366097441764355,37.63390255823565,1000
jm,-54.57245994275782,9.427540057242187,1000
ey,-14.1261977407957,15.8738022592043,1000
bn,-68.89162298163234,66.10837701836766,1000
tw,-31.133964959900826,16.866035040099174,1000
nr,-24.109635387854016,66.89036461214599,1000
dc,-74.50954410367125,95.49045589632875,1000
za,-46.591430323297246,85.40856967670275,1000
cu,-89.32054733561284,25.679452664387163,1000
mb,-16.61902182708593,38.38097817291407,1000
ft,-53.85546058325423,3.1445394167457716,1000
gi,-71.92755088698088,53.07244911301912,1000
nx,-38.48530217184898,35.51469782815102,1000
dj,-18.22826683193804,48.771733168061964,1000
bj,-25.199255173024696,93.8007448269753,1000
un,-49.203292925522916,34.796707074477084,1000
fm,-85.01180146541753,41.988198534582466,1000
zc,-0.5200999806579996,88.479900019342,1000
tt,-8.650335162983152,69.34966483701685,1000
bd,-48.124262979956555,60.875737020043445,1000
gn,-57.150489275957376,4.849510724042626,1000
mn,-84.63115281880877,24.36884718119122,1000
wn,-90.25509228197906,73.74490771802094,1000
gy,-55.185241626439094,41.814758373560906,1000
yx,-90.07691192876433,63.92308807123567,1000
ov,-20.565136411321028,38.43486358867897,1000
us,-70.50397779398459,86.49602220601541,1000
rp,-3.1199082622827996,45.8800917377172,1000
ni,-3.8216805286808606,0.1783194713191394,1000
sz,-96.80836069858282,31.19163930141718,1000
wv,-9.292154806221541,62.70784519377846,1000
kw,0.774349655726284,81.77434965572628,1000
hb,-96.53327529685018,42.466724703149815,1000
am,-97.29517702263323,97.70482297736677,1000
kf,-37.18110271185059,12.818897288149405,1000
jn,-31.909813319914175,41.09018668008582,1000
vf,-44.27738489596284,64.72261510403716,1000
tm,-15.637731248670827,39.362268751329175,1000
yo,-0.3644263182951496,80.63557368170486,1000
tp,-28.02805404824282,29.97194595175718,1000
ah,-56.48838443384155,15.511615566158449,1000
rh,-32.7409160471421,14.2590839528579,1000
vq,-24.40691967384975,35.59308032615025,1000
wh,-82.82817263815801,91.17182736184199,1000
vh,-59.46446769518854,6.535532304811464,1000
ul,-65.16846561773079,29.831534382269204,1000
ya,-10.69837062665938,80.30162937334062,1000
md,-7.229095392167934,88.77090460783207,1000
wo,-13.33976935242064,46.66023064757936,1000
ho,-61.53689751482573,50.46310248517427,1000
un,-25.456781667909308,73.54321833209069,1000
ia,-71.7921690635175,88.2078309364825,1000
vt,-49.680254535558056,48.319745464441944,1000
dy,-82.52649452866675,87.47350547133325,1000
dm,-81.5816771447418,91.4183228552582,1000
ni,-91.1111613369012,75.8888386630988,1000
vc,-38.769382728643514,97.2306172713565,1000
bb,-71.31883227555197,76.68116772444803,1000
an,-45.87125886731897,81.12874113268103,1000
ln,-93.04074741761359,17.95925258238641,1000
vh,-75.1454692576026,51.854530742397394,1000
wi,-12.191881975221783,87.80811802477822,1000
ch,-75.93307761821033,43.06692238178967,1000
ky,-79.2794246512753,85.7205753487247,1000
uo,-22.89029890107761,34.109701098922386,1000
dd,-95.86280719099145,88.13719280900855,1000
ia,-38.14477926496913,47.85522073503087,1000
gl,-73.94034164461753,16.059658355382474,1000
qx,-13.311920939016078,13.688079060983922,1000
ek,-5.257887953716577,22.742112046283424,1000
ye,-44.351609129881496,53.648390870118504,1000
fv,-33.943821262784084,64.05617873721592,1000
dh,-1.848050592837441,93.15194940716256,1000
ce,-2.7322139120160944,3.2677860879839056,1000
gh,-14.416605376677166,86.58339462332283,1000
tc,-31.65130870717187,88.34869129282812,1000
sw,-38.05717735544373,46.94282264455627,1000
gb,-47.438272846024624,18.561727153975376,1000
ih,-25.70162011840506,54.29837988159494,1000
hf,-47.051159218914506,33.948840781085494,1000
pa,-71.97851295358382,20.021487046416183,1000
hd,-42.42068852152496,65.57931147847505,1000
cz,-30.14487451300135,97.85512548699865,1000
is,-76.25919753316414,7.740802466835865,1000
um,-2.460091969173025,57.53990803082697,1000
uy,-29.42565389639914,34.57434610360086,1000
at,-6.730971415019935,80.26902858498006,1000
pq,-14.90693129580861,56.09306870419139,1000
vn,-18.69093682271122,80.30906317728878,1000
eu,-27.12706497302635,30.87293502697365,1000
bh,-61.030120269232114,94.96987973076789,1000
ej,-15.821046659776057,82.17895334022394,1000
ls,-25.143892205817835,60.856107794182165,1000
sj,-4.474745663495258,97.52525433650474,1000
li,-29.06755211947943,8.93244788052057,1000
el,-86.74052364943782,80.25947635056218,1000
uj,-20.92711970814338,39.07288029185662,1000
el,-54.53299096657204,0.4670090334279654,1000
bd,-31.173198238891707,28.826801761108293,1000
ck,-2.032796868328371,84.96720313167162,1000
qd,-42.84837996718277,2.151620032817227,1000
nx,-2.480845255755705,78.51915474424429,1000
qa,-29.65987346480589,46.34012653519411,1000
hm,-16.9001809276865,1.0998190723135017,1000
ef,-86.07025784924417,5.929742150755824,1000
it,-27.65458149672262,17.34541850327738,1000
bc,-78.36573819301941,10.634261806980584,1000
au,-48.722270012074354,35.277729987925646,1000
lj,-90.3916392220398,43.60836077796019,1000
wg,-88.24112946009582,73.75887053990418,1000
wu,-23.887631091441747,78.11236890855825,1000
ys,-55.06268388342155,66.93731611657846,1000
pg,-28.464152424983745,92.53584757501625,1000
lc,-11.450554851487608,65.54944514851239,1000
bv,-27.71262851665497,26.28737148334503,1000
lv,-59.317857185992125,71.68214281400788,1000
io,-60.82842896870031,90.17157103129969,1000
ww,-24.370350726242798,15.629649273757202,1000
dq,-84.52161317560713,24.47838682439287,1000
rk,-30.511148669576478,17.488851330423522,1000
uh,-72.64239973427877,23.357600265721224,1000
bi,-15.156466773753865,98.84353322624614,1000
dz,-91.32762773580961,66.67237226419039,1000
ur,-24.512197459039818,94.48780254096019,1000
tb,-28.862813942320585,79.13718605767941,1000
qf,-50.976653156501435,58.023346843498565,1000
kq,-26.69374714734254,14.306252852657462,1000
hr,-4.583781066352113,6.416218933647887,1000
re,-17.5339793737068,15.466020626293199,1000
nv,-52.720040844567166,86.27995915543283,1000
cz,-9.712205336703706,42.287794663296296,1000
ie,-46.90586139807702,28.09413860192298,1000
ft,-53.31488211654946,5.685117883450535,1000
qa,-51.32355331337669,89.67644668662331,1000
bm,-13.7444328250166,2.2555671749833985,1000
dn,-33.809305265430915,95.19069473456909,1000
zq,-3.462243434783411,72.53775656521658,1000
rc,-88.14125797501774,63.858742024982256,1000
dv,-10.421601404796723,46.578398595203275,1000
hq,-5.699941344302498,36.3000586556975,1000
qu,-32.00221429130703,22.997785708692973,1000
hu,-81.35332566148595,89.64667433851405,1000
ml,-53.495451735413994,34.504548264586006,1000
fs,-9.323259041180377,87.67674095881962,1000
wh,-75.68195313588451,9.318046864115484,1000
rj,-97.13228918103633,23.867710818963673,1000
yy,-82.18360483891365,49.816395161086355,1000
hp,-91.42728364416503,44.57271635583496,1000
uq,-88.12514293214521,72.87485706785479,1000
dm,-76.63641070382145,48.363589296178546,1000
oy,-84.7579132801803,27.242086719819696,1000
px,-43.74913086957031,46.25086913042969,1000
iw,-77.89364327645472,70.10635672354528,1000
nf,-82.94482350010146,46.05517649989853,1000
ym,-46.93125740283229,82.06874259716771,1000
jn,0.6291330391560824,55.62913303915608,1000
av,-14.158824341423156,46.841175658576844,1000
hs,-32.06625104302035,8.93374895697965,1000
jj,-4.947826695182224,43.05217330481778,1000
cm,-22.402505447277925,11.597494552722075,1000
gu,-4.82592140771957,48.17407859228043,1000
jr,-53.92032048167917,46.07967951832083,1000
tx,-48.00997338143581,62.99002661856419,1000
ba,-9.225687297454837,76.77431270254516,1000
je,-92.77980163854569,24.220198361454308,1000
uo,-82.18649215327777,54.81350784672223,1000
vr,-54.06193340979232,85.93806659020768,1000
xc,-8.572665946656437,98.42733405334356,1000
hg,-14.578379180426893,59.42162081957311,1000
dc,-60.264037470085455,26.73596252991454,1000
xf,-43.9014781904553,40.0985218095447,1000
lu,-85.43060069973583,53.569399300264166,1000
jb,-18.556570956995934,35.443429043004066,1000
jh,-4.317275048389779,17.682724951610222,1000
zx,-28.771317651731938,81.22868234826807,1000
vd,-79.54541240657326,96.45458759342674,1000
rf,-80.41348088740813,5.58651911259188,1000
sp,-87.1730667184507,0.8269332815493001,1000
ok,-46.44202353734466,72.55797646265533,1000
uz,-92.11660753549982,89.88339246450018,1000
er,-65.51229043485745,27.487709565142552,1000
qu,-86.89650883724933,78.10349116275067,1000
sy,-34.482940258863785,19.51705974113622,1000
pq,-46.83916645095633,3.1608335490436748,1000
pw,-61.556835254350524,41.443164745649476,1000
jg,-40.75681329326505,4.243186706734954,1000
lp,-65.8431476191805,12.156852380819497,1000
rm,-40.273566195503705,16.726433804496295,1000
eg,-79.77858369755124,47.22141630244876,1000
df,-55.12828028060006,43.87171971939994,1000
vt,-42.90174079310859,70.09825920689141,1000
kv,-45.934366056627276,51.065633943372724,1000
oj,-13.56086505263088,45.43913494736912,1000
hw,-86.92669758475633,36.073302415243674,1000
ie,-13.717396876940299,18.2826031230597,1000
yd,-80.94319043414461,96.05680956585539,1000
rq,-69.82955746358557,31.170442536414427,1000
ca,-72.97593026942239,30.024069730577605,1000
kh,-52.05525172294226,63.94474827705774,1000
ls,-47.67747476643652,45.32252523356348,1000
cf,-0.40307802072323506,74.59692197927677,1000
ne,-71.75098778882595,57.24901221117405,1000
qh,-43.622777269534886,60.377222730465114,1000
nx,-50.69864564724647,48.30135435275353,1000
mo,-61.89723152721423,77.10276847278577,1000
qf,-29.744031126146115,20.255968873853885,1000
uq,0.649588890047141,34.64958889004714,1000
ah,-38.333741735121095,25.666258264878905,1000
sg,-69.66285762222053,91.33714237777947,1000
dy,-91.44589424822223,98.55410575177777,1000
wi,-28.04914202908796,28.95085797091204,1000
eg,-3.3967278987425344,9.603272101257465,1000
gd,-72.10649226362555,14.89350773637445,1000
ev,-69.09353481517145,66.90646518482855,1000
bk,-65.64612208597471,41.35387791402528,1000
cj,-61.240907440654674,6.759092559345325,1000
gu,-28.648280601274735,71.35171939872527,1000
ym,-24.610622793894986,21.389377206105014,1000
jt,-35.14259714419923,94.85740285580077,1000
wd,0.6227382431040615,40.62273824310406,1000
qz,-73.09530429647253,61.90469570352746,1000
mr,-95.29505937950923,35.704940620490774,1000
gk,-25.136568361969193,23.863431638030807,1000
ok,-31.391481369757788,21.608518630242212,1000
be,0.7330958075412298,89.73309580754123,1000
wu,-5.78859937267968,16.21140062732032,1000
us,-81.8911369439216,3.1088630560784116,1000
hx,-12.20366802552333,63.79633197447667,1000
xx,-33.22055407385485,33.77944592614515,1000
qp,-45.09380540152631,58.90619459847369,1000
mj,-2.6382452866032455,31.361754713396756,1000
lc,-50.47001840294104,27.529981597058963,1000
rx,-58.23718809089524,66.76281190910477,1000
le,-36.45779436386194,71.54220563613806,1000
mb,-84.8176456920154,74.1823543079846,1000
sn,-5.572267476396205,86.4277325236038,1000
jb,-73.28473664723334,17.71526335276665,1000
bu,-51.56264691417447,14.43735308582553,1000
bu,-63.484398382938515,95.51560161706148,1000
vd,-1.5468135293054694,78.45318647069453,1000
sw,-2.438099084510861,15.561900915489138,1000
fu,-93.35651171105806,66.64348828894194,1000
oc,-95.97569987609856,63.02430012390145,1000
wx,-85.07009237177468,42.92990762822532,1000
dx,-23.578502822020354,33.421497177979646,1000
lt,-32.824498033901435,50.175501966098565,1000
bz,-33.130772435671624,3.8692275643283773,1000
on,-12.840683068125555,53.15931693187444,1000
ck,-21.558086101842953,82.44191389815704,1000
dc,-83.17366104676883,9.826338953231176,1000
ne,-38.024761124377704,77.9752388756223,1000
wb,-87.96360847683813,41.036391523161875,1000
ma,-38.997682939894915,91.00231706010509,1000
zi,-0.9149102296150581,87.08508977038494,1000
lc,0.8684091905460972,53.868409190546096,1000
gb,-93.27617381151263,46.72382618848736,1000
qb,-81.79302929752144,96.20697070247856,1000
gu,-88.0620722530762,35.937927746923805,1000
sj,-81.69205760956312,71.30794239043688,1000
rt,-56.842122535815776,26.157877464184228,1000
de,-94.12840624774782,70.87159375225218,1000
ac,-3.2716980703709377,37.72830192962906,1000
cw,-65.45335104833109,85.54664895166891,1000
wz,-10.518322843802368,4.481677156197632,1000
bs,-68.58350938385696,73.41649061614304,1000
qt,-15.879765875592721,80.12023412440728,1000
su,-8.283637640236229,32.71636235976377,1000
uw,-0.9333337514840907,27.066666248515908,1000
ga,-68.32891788275344,62.67108211724656,1000
ba,-46.375757670442574,21.624242329557426,1000
wy,-27.993120087403653,71.00687991259635,1000
nq,-65.27025233631343,62.72974766368657,1000
mg,-55.84708155898711,10.152918441012893,1000
fy,-69.10599406123536,86.89400593876464,1000
db,-56.612052467723046,54.387947532276954,1000
oa,-33.603496862305946,68.39650313769405,1000
ej,-93.53230657097791,27.4676934290221,1000
wx,-60.87297037186867,5.12702962813133,1000
wt,-35.06217764232639,2.937822357673613,1000
ai,-77.2791990286252,1.7208009713748047,1000
pm,-89.43064611518587,15.569353884814133,1000
xh,-76.318763619153,8.681236380846993,1000
wg,-28.284434684135807,75.7155653158642,1000
zw,-63.10545303633945,30.894546963660552,1000
yi,-18.80003920717559,52.19996079282441,1000
dm,-78.80392373978027,15.196076260219728,1000
vb,-7.837578205441778,5.162421794558222,1000
ph,-6.311521153625913,20.688478846374085,1000
so,-17.848834151140228,48.151165848859776,1000
if,-7.462106153794795,4.537893846205205,1000
cr,-60.2160055997999,44.7839944002001,1000
nd,-17.395273082587025,23.604726917412975,1000
xf,-12.78916578981397,26.210834210186032,1000
ed,-54.643909742655026,48.356090257344974,1000
qz,-17.17239747642833,46.82760252357167,1000
lj,-92.83953032139445,60.16046967860555,1000
zk,-51.63315810983372,16.366841890166278,1000
rv,-48.78401193557969,97.2159880644203,1000
hq,-57.910969048056884,75.08903095194312,1000
vu,-45.61278537318821,28.387214626811794,1000
fq,-18.535639382702602,12.464360617297398,1000
va,-81.56889721063047,34.43110278936953,1000
tk,-33.2735964638663,81.7264035361337,1000
nk,-97.93494659765167,30.065053402348333,1000
fs,-96.16569541245781,27.834304587542196,1000
ui,-62.07598280351591,79.92401719648409,1000
oz,-48.02614569834362,69.97385430165639,1000
gz,-28.266747699409912,31.733252300590088,1000
qn,-59.47127626036556,5.528723739634438,1000
pv,-68.24792997658473,7.752070023415273,1000
ek,-28.5339979211599,5.466002078840099,1000
nc,-65.96569665657306,42.03430334342695,1000
sx,-48.69959411618051,80.30040588381948,1000
oe,-27.96443648208763,60.035563517912365,1000
zm,-78.54374031218877,29.45625968781123,1000
vr,-76.78796847275817,88.21203152724183,1000
ul,-25.766329194343502,36.2336708056565,1000
hl,-35.39132138359366,34.60867861640634,1000
yn,-5.014660433904881,31.985339566095117,1000
ip,-30.87148152174592,38.12851847825408,1000
sx,-89.17407513003643,81.82592486996357,1000
by,-64.42854234492866,87.57145765507134,1000
dn,-32.92279586773326,41.07720413226674,1000
ev,-82.92031009029276,13.079689909707241,1000
fh,-44.586113805423615,31.41388619457639,1000
sd,-82.27495472056778,68.72504527943222,1000
uv,-11.14829463720839,24.85170536279161,1000
nz,-92.35627291398464,41.64372708601535,1000
sy,-75.46712486518508,36.532875134814915,1000
it,-86.87261404299007,43.127385957009935,1000
bo,-49.05423477702888,5.945765222971119,1000
nj,-56.416163525326816,23.583836474673184,1000
dl,-34.18562232745282,53.81437767254718,1000
ci,-84.61237880285964,11.38762119714036,1000
ey,-65.10674707179324,28.893252928206763,1000
hw,-40.84161858068599,64.15838141931401,1000
pf,-18.624185662976668,22.375814337023332,1000
pj,-65.97158060208977,5.0284193979102305,1000
fk,-47.94926899317013,23.05073100682987,1000
sb,-12.039929798031446,20.960070201968556,1000
rx,-86.53919731551336,12.460802684486637,1000
mq,-2.571708623834332,76.42829137616567,1000
lb,-87.09077111542827,1.9092288845717325,1000
zm,-3.2078392001021943,36.79216079989781,1000
nh,-15.032611738923357,74.96738826107665,1000
uw,-10.243042795910911,1.7569572040890882,1000
ao,-92.027969245159,35.97203075484101,1000
za,-80.2578328794976,58.7421671205024,1000
mf,-77.20837820117445,76.79162179882555,1000
lk,-10.741821158225198,58.2581788417748,1000
ky,-13.48846569959509,4.51153430040491,1000
lx,-91.84108562319446,46.158914376805534,1000
fi,-71.63800993475444,78.36199006524556,1000
vz,-52.0792158867205,49.9207841132795,1000
pb,-42.74893231597702,92.25106768402298,1000
zd,-0.32482256959426925,91.67517743040572,1000
hx,-66.48044899152515,1.5195510084748518,1000
sm,-18.833820163413396,59.1661798365866,1000
hm,-58.849716616431344,25.150283383568652,1000
qu,-45.61512479120288,65.38487520879713,1000
jn,-0.9138466630768411,48.08615333692316,1000
ir,-50.45336026415564,7.546639735844358,1000
hy,-40.25763712100878,71.74236287899123,1000
bw,-1.3447732592553423,37.65522674074466,1000
na,-67.21916184660837,54.780838153391635,1000
kj,-93.83497520241676,27.165024797583243,1000
fz,-6.9512805554487045,36.048719444551296,1000
os,-72.19512623727033,43.80487376272966,1000
vx,-79.12182040893843,40.87817959106157,1000
jg,-97.60505731635696,89.39494268364304,1000
sf,-35.649166396775016,64.35083360322498,1000
vw,-97.52121537823938,40.47878462176062,1000
cc,-64.16348887857026,49.83651112142973,1000
bi,-71.23795174272485,37.76204825727516,1000
kg,-80.83596946572978,69.16403053427022,1000
lz,-76.73331606484066,2.26668393515934,1000
ev,-53.33146488872791,28.668535111272096,1000
av,-71.3099630562291,59.6900369437709,1000
pj,-23.909281537123302,19.090718462876698,1000
jy,-97.61469926482093,34.38530073517907,1000
ud,-39.47486675423149,98.5251332457685,1000
tz,-30.34834226915253,95.65165773084748,1000
mc,-80.70271370485038,69.29728629514962,1000
ll,-45.02283587088685,42.97716412911315,1000
em,-83.6158762922044,49.384123707795595,1000
nd,-90.88215756652903,85.11784243347097,1000
dy,-49.648487649520305,51.351512350479695,1000
oq,-13.63986953802224,27.36013046197776,1000
gm,-29.10597474809749,92.8940252519025,1000
of,-88.47348388107946,64.52651611892054,1000
ye,-21.657455287899946,94.34254471210005,1000
cn,-87.561447658566,6.438552341434003,1000
ft,-24.022619154727774,6.977380845272224,1000
yf,-13.278268965033858,1.7217310349661425,1000
aq,-12.428624612043194,18.571375387956806,1000
nw,-26.189963456209078,44.81003654379092,1000
pl,-42.475295637120546,35.524704362879454,1000
qi,-92.12713492295354,51.872865077046455,1000
ax,-89.20778846884205,9.79221153115795,1000
ij,-60.70678994206104,19.29321005793896,1000
id,-88.10059674483728,58.89940325516272,1000
jt,-18.099819566496976,80.90018043350302,1000
fs,-44.96042336829014,94.03957663170986,1000
pv,-58.98962925571161,37.01037074428839,1000
ja,-83.87447075059225,94.12552924940775,1000
ji,-68.87053356843757,39.12946643156243,1000
hd,-70.03597643383355,49.964023566166446,1000
do,-52.57850515657409,97.4214948434259,1000
dz,-70.92001797421673,26.079982025783274,1000
ht,-31.77678192253082,52.22321807746918,1000
fl,-72.05607835685412,72.94392164314588,1000
wp,-25.74996261399541,9.250037386004587,1000
jw,0.9748349581077056,34.97483495810771,1000
vu,-19.275178051728393,30.724821948271607,1000
tj,-53.6862201841922,26.3137798158078,1000
gc,-16.38621842542135,68.61378157457865,1000
rb,-31.328756953133137,93.67124304686686,1000
hy,-30.464368524454613,80.53563147554539,1000
ag,-15.471619898685388,35.52838010131461,1000
sk,0.837866179713642,35.83786617971364,1000
gl,-61.09476524661215,55.90523475338785,1000
dy,-75.37940045610793,87.62059954389207,1000
sk,-71.10536591819945,31.894634081800543,1000
ur,-41.05002536946872,18.949974630531276,1000
nb,-72.7270637764056,8.272936223594405,1000
mv,-31.07530797285619,22.92469202714381,1000
hg,-33.01466384195345,30.98533615804655,1000
vn,-25.2690821827064,94.7309178172936,1000
rf,-77.75632529917961,4.2436747008203906,1000
wj,-41.28391000612305,66.71608999387695,1000
ww,-46.65387905682163,64.34612094317838,1000
ar,-63.89292203233194,88.10707796766806,1000
ik,-88.93254997757994,52.06745002242007,1000
vu,-13.730255557929155,18.269744442070845,1000
ct,-61.1440952167551,2.8559047832449016,1000
lz,-2.9673897907404965,61.0326102092595,1000
bg,-97.65016674104304,16.34983325895696,1000
lt,-74.22699288488207,22.773007115117927,1000
hp,-86.97438718368365,12.025612816316347,1000
bj,-28.210164323684484,41.78983567631551,1000
ug,-90.73115664336929,24.268843356630715,1000
tk,-81.76202362506324,75.23797637493676,1000
wu,-55.20607728017496,13.793922719825039,1000
de,-17.394267181471548,87.60573281852845,1000
at,-65.5541819411838,44.4458180588162,1000
mo,-70.64910275119489,3.350897248805114,1000
cn,-40.41832781603917,82.58167218396083,1000
fg,-75.46265166853392,46.53734833146608,1000
sw,-34.08431722206555,12.915682777934451,1000
py,-67.18829526101774,90.81170473898226,1000
sz,0.00906407882289506,44.009064078822895,1000
na,-70.4200673652899,15.579932634710097,1000
zj,-87.38715853304197,93.61284146695803,1000
dg,-17.391140723938552,28.608859276061448,1000
ct,-14.220261323466053,6.779738676533947,1000
mg,-26.13743824292792,62.86256175707208,1000
oi,-31.72510081116364,42.27489918883636,1000
yx,-52.94194355153089,86.05805644846912,1000
jp,-62.44439976566269,69.5556002343373,1000
qr,-1.7424987288156952,88.25750127118431,1000
az,-80.57482170489354,71.42517829510646,1000
hp,-93.8415412041095,29.15845879589049,1000
qi,-65.141404760491,43.858595239509,1000
ud,-4.226698542553119,64.77330145744688,1000
ov,-71.42970878027594,71.57029121972406,1000
dn,-11.291722787582927,76.70827721241707,1000
ks,-8.022834362456994,46.97716563754301,1000
bz,-73.99483170789827,42.00516829210173,1000
ej,-41.11028790455033,62.88971209544967,1000
aj,-37.44576021717997,43.55423978282003,1000
ju,-2.4523086442435655,24.547691355756434,1000
pr,-29.178766832029638,1.8212331679703617,1000
wn,-20.998080284630028,62.00191971536997,1000
yv,-64.12977506631975,46.870224933680255,1000
rm,-31.98341013443785,16.01658986556215,1000
mp,-55.76779743052132,50.23220256947868,1000
rs,-52.01794801890015,79.98205198109986,1000
xh,-79.15627331888871,9.843726681111288,1000
hn,-71.54106277300131,42.45893722699868,1000
tq,-72.19121326439863,9.808786735601377,1000
wf,-68.9535584775562,96.0464415224438,1000
by,-32.31966029927521,56.68033970072479,1000
tw,-61.30214417924518,54.69785582075482,1000
rf,-2.244682242508735,37.75531775749126,1000
fh,-28.044100952928037,40.955899047071966,1000
td,-26.67171644235148,73.32828355764852,1000
bc,-74.11677907050826,53.883220929491735,1000
mt,-46.18552416549052,85.81447583450948,1000
ud,-46.08661717021009,2.9133828297899114,1000
dx,-37.22457717821145,74.77542282178855,1000
gf,-59.334992125066066,59.665007874933934,1000
zc,-85.28790301930664,6.712096980693359,1000
ar,-13.184742348263017,88.81525765173699,1000
kt,-35.61693117640353,67.38306882359646,1000
iw,-48.973726739593126,70.02627326040687,1000
xl,-92.87015772059947,57.129842279400535,1000
