xc,-86.77955888333796,49.220441116662045,1000
eh,-55.17758364346883,87.82241635653116,1000
cp,-65.59409042120154,76.40590957879846,1000
mv,-88.14450777293328,27.855492227066716,1000
dk,-97.87480406258686,19.125195937413142,1000
wy,-77.60123036804582,56.398769631954174,1000
vi,-65.55946785776888,64.44053214223112,1000
ka,-20.959673837267847,60.04032616273215,1000
sx,-14.15424078117482,92.84575921882518,1000
lp,-10.305449286951697,15.694550713048303,1000
bo,-63.56754793348389,88.43245206651612,1000
pe,-74.65342044207311,80.34657955792689,1000
kr,-94.20447174155792,93.79552825844208,1000
vz,-48.120684797069565,50.879315202930435,1000
ym,-50.7327240397908,14.267275960209195,1000
ov,-3.7811414960895013,61.218858503910496,1000
yu,-31.017085886385484,83.98291411361451,1000
rb,-92.48211350357043,1.5178864964295695,1000
sv,-46.72506613952892,13.27493386047108,1000
gq,-48.493311909131144,59.506688090868856,1000
ja,-47.38716753456265,14.612832465437348,1000
cm,-80.89049324854633,54.10950675145367,1000
mb,-8.73033374379336,3.26966625620664,1000
np,-30.821364706066493,81.17863529393351,1000
hs,-28.276215410616434,36.72378458938356,1000
ig,-76.6727101394558,74.3272898605442,1000
gz,-24.94093519683154,95.05906480316847,1000
nj,-88.99556588749174,9.004434112508259,1000
ee,-14.442584002905038,64.55741599709496,1000
lr,-60.70100977279359,56.29899022720641,1000
vo,-26.02340586602578,51.97659413397422,1000
wx,-16.370087717779914,46.62991228222009,1000
qy,-24.741917589718604,57.258082410281396,1000
ia,-19.880384979789184,79.11961502021082,1000
fu,-89.3800845153016,16.619915484698396,1000
pd,-26.04057949400163,98.95942050599837,1000
fi,-74.25555086196637,64.74444913803363,1000
cl,-2.4004164949898494,96.59958350501014,1000
xa,-70.92239014149939,93.07760985850061,1000
te,-50.7184288120023,51.2815711879977,1000
aa,-65.49426696086731,5.505733039132696,1000
ug,-79.11365927672415,17.88634072327585,1000
ok,-72.41390477616453,22.58609522383547,1000
zj,-7.726826121926457,26.273173878073543,1000
gt,-3.497061163811632,74.50293883618836,1000
cz,-56.535498197223866,23.464501802776134,1000
ix,-39.476689479129675,93.52331052087033,1000
dl,-16.457211192282323,3.542788807717678,1000
zf,-15.185972080295944,9.814027919704056,1000
bn,-14.139669313513686,80.86033068648632,1000
ga,-71.36306981977062,4.636930180229387,1000
kz,-48.72909800083073,42.27090199916927,1000
qc,-56.00482331902862,26.995176680971387,1000
xp,-47.11086363067234,57.88913636932766,1000
zm,-54.640705995944565,80.35929400405544,1000
nd,-43.88994092545691,15.110059074543086,1000
bx,-42.34622376347255,26.653776236527445,1000
os,-65.2019838861794,67.7980161138206,1000
cg,-88.66442719503439,60.33557280496561,1000
gd,-40.341314605981474,54.658685394018526,1000
bu,-90.88169091962169,0.11830908037831533,1000
pp,-18.32892743200225,4.67107256799775,1000
js,-74.56618370720885,74.43381629279115,1000
qq,-93.04736235486006,18.952637645139948,1000
yz,-10.718170027572567,23.28182997242743,1000
py,-79.36348414343135,35.63651585656865,1000
iv,-29.71499960062525,24.28500039937475,1000
kr,-11.894457801710884,31.10554219828912,1000
ll,-20.63537824263015,25.36462175736985,1000
ha,-64.52588691885755,82.47411308114245,1000
xt,-83.74992852374308,67.25007147625692,1000
ed,-75.98912362471246,95.01087637528754,1000
cw,-42.146471913283236,93.85352808671676,1000
hb,-16.51892055383933,4.48107944616067,1000
jy,-1.2522692564126827,94.74773074358731,1000
qi,-57.01330202607115,12.98669797392885,1000
ni,-59.91002668954844,74.08997331045155,1000
ex,-25.406839906830292,71.5931600931697,1000
na,-34.58110501657243,28.418894983427567,1000
sv,-19.62468457084749,20.37531542915251,1000
jb,-78.35553313997929,40.64446686002072,1000
qs,-69.79159691219823,10.208403087801765,1000
td,-19.0716854274568,65.9283145725432,1000
oc,-61.9268159004802,1.0731840995198008,1000
hl,-30.99994711640322,56.00005288359678,1000
nh,-94.05147039202745,23.948529607972546,1000
us,-77.42470337291208,3.5752966270879214,1000
zd,-45.45439328896279,18.54560671103721,1000
vp,-52.89818689619499,69.101813103805,1000
ks,-71.84648073293182,2.153519267068175,1000
vd,-63.13419945440668,92.86580054559332,1000
uo,-93.786511854811,84.213488145189,1000
pk,-27.57057883826645,83.42942116173354,1000
fx,-25.1047099464756,11.8952900535244,1000
pl,-10.080498972115572,73.91950102788442,1000
ei,-62.366423331746866,17.633576668253134,1000
hm,-83.39696552448935,7.6030344755106505,1000
du,-65.16863439538554,96.83136560461446,1000
iv,-95.7263102073336,41.2736897926664,1000
nl,-94.86693037935409,14.133069620645909,1000
tv,-72.84868195334286,50.15131804665714,1000
au,-76.95434605474068,9.045653945259314,1000
he,-45.80090451692298,51.19909548307702,1000
yj,-82.54922004032483,46.45077995967518,1000
qf,-11.539083446346382,80.46091655365362,1000
cd,-41.050663681060584,20.94933631893942,1000
tn,-13.724891494873836,20.275108505126163,1000
ga,-52.630299534177475,34.369700465822525,1000
ky,-2.768821093006939,64.23117890699307,1000
wr,-46.95025773832739,55.04974226167261,1000
nl,-17.54117004902533,37.45882995097467,1000
na,-0.09392320516629693,90.90607679483371,1000
ob,-79.5177587398077,24.48224126019229,1000
no,-66.38318151127551,37.61681848872449,1000
wb,-36.652132846218414,69.34786715378158,1000
kd,-41.98394038653719,92.01605961346282,1000
md,-88.37410065677894,37.62589934322106,1000
is,-55.372844395159326,35.627155604840674,1000
rd,-79.91393018434054,83.08606981565946,1000
mg,-26.237905429536536,75.76209457046346,1000
zq,-46.09894807997684,96.90105192002316,1000
tq,-80.90449931592408,86.09550068407592,1000
ky,-34.20264133036224,98.79735866963776,1000
ft,-7.7413790522996155,50.258620947700386,1000
vc,-10.299404590728063,62.70059540927194,1000
kv,-56.72877605470353,92.27122394529647,1000
in,-35.36971221011364,19.63028778988636,1000
nm,-82.68998582155481,40.31001417844519,1000
pa,-7.128327031641536,9.871672968358464,1000
xd,-39.49112124443574,26.508878755564258,1000
jz,-39.26184487382724,64.73815512617276,1000
dr,-18.915321683357067,31.084678316642933,1000
ip,-46.505922048647165,27.494077951352835,1000
hi,-89.87473332330966,66.12526667669034,1000
sk,-50.79546982086524,11.204530179134759,1000
cz,-65.37873693541408,74.62126306458592,1000
bw,-0.3204837286801784,43.67951627131982,1000
vc,-87.56175676559592,60.438243234404084,1000
ca,-83.36327088399766,65.63672911600234,1000
ib,-35.106933253496685,77.89306674650331,1000
wm,-7.372833872968359,9.627166127031641,1000
fs,-82.53354066118347,26.466459338816527,1000
nd,-54.545486799331506,44.454513200668494,1000
lc,-41.837360498015435,0.16263950198456445,1000
pc,-84.76095615075255,41.23904384924745,1000
fc,-71.45732522483945,2.542674775160552,1000
aa,-18.894586291524117,5.105413708475881,1000
vr,-19.14778580505241,40.852214194947585,1000
es,-41.5249207658117,81.4750792341883,1000
sm,-79.62356306954041,10.376436930459587,1000
kw,-52.74553341668563,26.25446658331437,1000
ln,-10.172773799511457,93.82722620048854,1000
dq,-42.085237527587836,51.914762472412164,1000
nf,-61.91276872896789,86.08723127103211,1000
gf,-59.39809511514847,47.60190488485153,1000
lp,-38.89975296029238,25.100247039707618,1000
bn,-54.358172538077326,39.641827461922674,1000
ws,-23.16197469273116,88.83802530726884,1000
gy,-61.938649220056135,74.06135077994387,1000
sf,-44.148267307171125,16.85173269282887,1000
ti,-76.35696732017705,27.643032679822944,1000
hq,-53.00387946797965,82.99612053202036,1000
zi,-67.07734464708977,24.92265535291023,1000
su,-86.78981435039472,1.2101856496052723,1000
od,-10.535046038677622,15.464953961322378,1000
pd,-71.61846571372472,85.38153428627528,1000
nn,-90.84192797574846,68.15807202425154,1000
pp,-39.13905450254074,2.8609454974592654,1000
sm,-52.368712953541944,6.631287046458055,1000
vj,-76.34501335738051,1.6549866426194932,1000
af,0.8467738880081419,97.84677388800814,1000
ci,-0.7063734953219524,73.29362650467804,1000
ue,-95.09354557338723,56.90645442661277,1000
de,-83.2195194519199,94.7804805480801,1000
zn,-14.383330583769608,80.6166694162304,1000
xz,-49.457784850967094,1.542215149032907,1000
jt,-4.2675084480937775,44.73249155190622,1000
vd,-15.313721190737715,42.686278809262284,1000
po,-26.288200875451064,94.71179912454893,1000
cg,-12.813762564648219,13.186237435351781,1000
no,-8.908058658880565,27.091941341119433,1000
bw,-51.35170474173685,76.64829525826315,1000
tb,-9.788219089237538,30.211780910762464,1000
yh,-54.50841868751796,96.49158131248204,1000
fu,-7.505296962562623,9.494703037437377,1000
xw,-70.91577406449024,15.08422593550976,1000
jx,-87.32164040314365,62.67835959685636,1000
sa,-41.06082432271976,36.93917567728024,1000
gx,-89.36252962802583,69.63747037197417,1000
dq,-22.746964892764705,84.25303510723529,1000
mp,-36.1367799702828,28.8632200297172,1000
ew,-23.147951687991263,97.85204831200873,1000
uo,-83.38674974463108,67.61325025536892,1000
fp,-23.41304165387372,17.58695834612628,1000
xb,-80.53498188548377,15.465018114516226,1000
nv,-55.00320677576377,84.99679322423623,1000
ak,-70.81784183557376,82.18215816442624,1000
bp,-60.41458000024289,62.58541999975711,1000
ag,-68.6621078754257,49.33789212457429,1000
po,-51.322054980789055,64.67794501921094,1000
ej,-30.43987941729356,27.56012058270644,1000
gd,-30.63109647999317,2.3689035200068274,1000
us,-84.49371800229727,37.50628199770272,1000
ey,-38.54505862666371,64.4549413733363,1000
vw,-7.131153218388305,34.868846781611694,1000
dg,-4.685509799123435,90.31449020087656,1000
th,-18.654372769721725,23.345627230278275,1000
dq,-88.64842362987504,5.351576370124956,1000
dx,-64.00933816547037,88.99066183452963,1000
io,-35.03751444775882,14.962485552241182,1000
lr,-64.33274936397551,74.66725063602449,1000
ds,-64.91161911855438,17.08838088144561,1000
mw,-56.23138387229443,17.768616127705567,1000
jz,-96.46836021927722,40.531639780722784,1000
jr,-49.63365175687453,4.3663482431254685,1000
le,-65.64723779734832,49.35276220265167,1000
xk,-51.090524285458436,58.909475714541564,1000
ml,-81.2823859717185,55.7176140282815,1000
db,-54.47002928517211,76.52997071482788,1000
xj,-29.646185891227237,73.35381410877277,1000
ym,-93.26734893914622,8.732651060853783,1000
ox,-26.49757415153224,23.50242584846776,1000
er,-34.453173494147904,47.546826505852096,1000
rx,-13.921852096299682,64.07814790370031,1000
fn,-35.32807138648775,73.67192861351225,1000
rv,-80.28952797362177,73.71047202637823,1000
et,-26.7182823213112,96.2817176786888,1000
ns,-19.89571352443951,75.10428647556049,1000
wu,-7.085450435462955,16.914549564537044,1000
xp,-17.491979335156543,16.508020664843457,1000
sq,-40.77857112062925,47.22142887937075,1000
ma,-95.39163117370943,1.6083688262905746,1000
zm,-13.068009430594058,54.93199056940594,1000
yx,-12.552063199583294,97.4479368004167,1000
us,-80.0774275624024,90.9225724375976,1000
qh,-7.549579557943068,38.45042044205693,1000
vk,-35.404094959496724,12.595905040503276,1000
rl,-5.185357898826044,4.814642101173956,1000
kh,-54.67178764952614,41.32821235047386,1000
vb,-48.52948080470918,36.47051919529082,1000
hf,-35.18811002016026,36.81188997983974,1000
tj,-97.38661370379127,86.61338629620873,1000
uw,0.5543950731459962,2.5543950731459963,1000
cs,-7.752035493169218,5.247964506830782,1000
xu,-83.91614785194092,24.083852148059073,1000
of,-22.121844304533976,5.878155695466025,1000
pf,-2.868953121809353,55.131046878190645,1000
yo,-65.79323112315063,43.20676887684937,1000
jx,-60.92141203109796,55.07858796890204,1000
sf,-31.50143486819182,24.49856513180818,1000
tp,-58.432590730802254,17.567409269197746,1000
nr,-88.85200362699558,39.147996373004425,1000
ay,-24.390631137156095,56.6093688628439,1000
mh,-26.784900748556023,46.21509925144398,1000
fp,-64.43433634938323,83.56566365061677,1000
yd,-59.682866602957695,19.317133397042305,1000
cq,-46.69033490242448,55.30966509757552,1000
ug,-52.0499804415422,56.9500195584578,1000
xb,-49.17927620361199,50.82072379638801,1000
ht,-87.44049307221695,30.55950692778305,1000
xz,-16.233353888814918,66.76664611118508,1000
nf,-65.3104869029954,62.68951309700461,1000
du,-60.259643803205776,90.74035619679422,1000
mi,-80.70057508709995,11.299424912900049,1000
fx,-45.26032952109767,66.73967047890233,1000
fj,-58.074141429337224,30.925858570662772,1000
vi,-46.17297497163466,59.82702502836534,1000
rj,-54.681569370156105,31.3184306298439,1000
vo,-3.0657179452971435,90.93428205470286,1000
ky,-22.633405721515008,0.3665942784849927,1000
qn,-51.10222411597365,25.897775884026355,1000
kd,-80.4648527719769,13.535147228023101,1000
st,-45.58105542937139,1.4189445706286086,1000
ed,-9.85695512260887,12.14304487739113,1000
an,-75.74085278310818,54.259147216891826,1000
pm,-44.93196726092946,86.06803273907053,1000
mj,-75.00227248942771,6.997727510572295,1000
mi,-75.73142921875962,43.268570781240385,1000
dd,-87.52426213621372,16.475737863786275,1000
jh,-58.07076319050422,46.92923680949578,1000
wz,-96.69957907519874,64.30042092480126,1000
rv,-76.22204593307401,25.777954066925982,1000
ld,-4.498179919808671,48.50182008019133,1000
lh,-65.05454395868178,61.94545604131823,1000
cj,-52.433677891703326,49.566322108296674,1000
pf,-11.105491026890181,69.89450897310982,1000
ch,-80.32916658790646,40.67083341209354,1000
cq,-66.14411808557414,80.85588191442586,1000
um,-45.140775583854676,50.859224416145324,1000
il,-26.389443152167015,28.610556847832985,1000
zl,-38.181857104244784,21.818142895755216,1000
es,-43.109941644438074,70.89005835556193,1000
jf,-61.135002841542324,59.864997158457676,1000
lq,-24.383099823612984,33.61690017638701,1000
bp,-83.92204680207826,59.077953197921744,1000
ar,-42.348309695628366,61.651690304371634,1000
uc,-44.56723970274209,23.432760297257907,1000
ro,-4.637982586518067,67.36201741348194,1000
wk,-89.55650237275007,16.44349762724993,1000
sw,-84.50287178347169,45.49712821652831,1000
gk,-31.057306414992155,38.942693585007845,1000
bp,-21.158464387703525,13.841535612296475,1000
ft,-27.454817522366454,68.54518247763355,1000
ue,-28.49702438807656,33.50297561192344,1000
wj,-61.63324258288484,65.36675741711515,1000
mn,-39.46978092982326,21.53021907017674,1000
ed,-70.56210245522692,28.437897544773083,1000
rd,-60.046772010849004,35.953227989150996,1000
rr,-35.1627629513915,46.8372370486085,1000
la,-63.35887703263838,71.64112296736162,1000
ni,-17.455154791262814,0.5448452087371854,1000
hf,-50.876369805611624,47.123630194388376,1000
lu,-84.54678623489795,90.45321376510205,1000
op,-30.837919871749072,58.16208012825093,1000
wg,-81.41017407248599,82.58982592751401,1000
jt,-97.19433039373675,26.80566960626326,1000
ay,-12.577528542966395,65.42247145703361,1000
gt,-66.42768883463069,16.572311165369317,1000
hs,-91.0356397737751,4.964360226224902,1000
bb,-5.0290364464806006,8.970963553519399,1000
uw,-42.215117478825775,50.784882521174225,1000
iq,-33.63172295949323,73.36827704050677,1000
za,-88.63922200164795,10.360777998352043,1000
ay,-34.637751942316775,24.362248057683225,1000
mz,-19.216383908236548,25.783616091763452,1000
zy,-7.6906826948437,75.3093173051563,1000
ic,-83.10805631477061,76.89194368522939,1000
fo,-42.1531971034587,28.8468028965413,1000
hb,-87.68814798197585,61.311852018024155,1000
by,-55.71120950168135,28.288790498318647,1000
nw,-81.20243603373054,62.797563966269465,1000
te,-55.4797947251619,56.5202052748381,1000
sq,-89.03417954182036,61.96582045817964,1000
zt,-34.652450956401005,12.347549043598999,1000
hm,-60.3595327258418,81.6404672741582,1000
lj,-94.77371618665084,53.226283813349156,1000
ho,-23.50955579896788,11.490444201032119,1000
hn,-18.17385335458699,55.82614664541301,1000
bm,-68.36874017286414,89.63125982713586,1000
dw,-22.812538398255455,48.187461601744545,1000
ds,-6.14172223961088,2.85827776038912,1000
sl,-13.761040659272567,86.23895934072743,1000
jd,-17.70995014597884,17.29004985402116,1000
lb,-20.1693199053897,87.8306800946103,1000
it,-49.30617543502134,11.693824564978659,1000
uf,-58.06610850503653,43.93389149496347,1000
sy,-14.415788120095012,0.5842118799049884,1000
pi,-18.046983931972864,96.95301606802714,1000
eq,-23.175722230156147,14.824277769843853,1000
ec,-76.22438229631362,16.775617703686375,1000
ex,-55.92814865742922,18.071851342570778,1000
jg,-36.217227468128925,70.78277253187107,1000
dj,-34.646650460895955,92.35334953910404,1000
cr,-73.34416981616887,28.65583018383113,1000
vq,-31.763226083911643,48.23677391608836,1000
uo,-35.205127273147085,81.79487272685292,1000
xu,-54.89612107117674,93.10387892882326,1000
tv,-56.71717579490642,32.28282420509358,1000
ve,-1.909628681959517,62.09037131804048,1000
oc,-46.85206614627801,16.147933853721984,1000
jo,-11.231734103454372,21.76826589654563,1000
hh,-89.67990545508592,36.32009454491409,1000
mf,-42.006534705364245,3.993465294635758,1000
lp,-30.145645793680696,77.8543542063193,1000
hc,-48.15533230236585,71.84466769763415,1000
mc,-20.131465279131454,62.868534720868546,1000
so,-74.36583874348321,29.634161256516784,1000
zp,-58.55023324626636,10.449766753733641,1000
ct,-41.60959439733934,40.39040560266066,1000
ie,-92.22306266723444,83.77693733276556,1000
oj,-9.762639864218158,77.23736013578184,1000
jh,-28.838989669088814,13.161010330911187,1000
jf,-89.46536265411116,37.53463734588885,1000
gc,-24.584675521834924,71.41532447816508,1000
sh,-7.36079706658748,41.63920293341252,1000
xo,-65.78603519524209,45.21396480475791,1000
rh,-93.23559643129846,96.76440356870154,1000
wt,-67.20313381602529,65.79686618397471,1000
xs,-9.4105425533032,67.5894574466968,1000
ee,-50.45469280833401,68.545307191666,1000
ou,-19.379258092138134,12.620741907861866,1000
go,-54.33087551711153,89.66912448288846,1000
ks,-25.62982575153482,61.370174248465176,1000
uo,-14.605074901553412,0.39492509844658763,1000
gi,-77.9529180321357,12.047081967864303,1000
ya,-52.039867524082965,52.960132475917035,1000
hw,-12.565140562521993,10.434859437478007,1000
lk,-83.98594842931075,19.01405157068924,1000
nm,-64.24633164492737,35.753668355072634,1000
bz,-46.657587972291985,83.34241202770802,1000
sz,-13.638623273127402,90.36137672687259,1000
ww,-8.495116967326336,84.50488303267366,1000
tf,-66.74168358548798,55.25831641451203,1000
na,-96.52020926426646,41.47979073573355,1000
wg,-49.42121323797121,16.57878676202879,1000
um,-95.69427867677636,97.30572132322364,1000
ym,-33.00079546279316,36.99920453720684,1000
xn,-30.046686980223896,18.953313019776104,1000
pz,-28.96724076065861,38.03275923934139,1000
cf,-86.29664818423329,70.70335181576671,1000
za,-41.126351579798595,12.873648420201409,1000
dx,-36.580888580905096,76.4191114190949,1000
wu,-91.50532245839555,63.49467754160445,1000
qp,-1.6313530830665615,47.368646916933436,1000
kp,-28.276614622683436,0.7233853773165625,1000
xm,-62.397470868256576,72.60252913174342,1000
tk,-35.53853407320578,18.461465926794222,1000
bu,-31.7659963056768,76.23400369432319,1000
nk,-14.009886942993909,37.99011305700609,1000
cy,-77.10936192271355,2.890638077286451,1000
kh,-31.595135969220653,7.404864030779348,1000
rd,-45.73189272065251,85.26810727934749,1000
zb,-79.01527388146415,70.98472611853585,1000
uv,-29.80926904875699,35.19073095124301,1000
zs,-70.64587140917953,83.35412859082047,1000
ee,-29.538414294743312,2.4615857052566863,1000
nv,-27.17635916324004,55.823640836759964,1000
lg,-80.49830926996124,66.50169073003876,1000
da,-44.90781670996306,52.09218329003694,1000
ns,-62.078813670248394,42.921186329751606,1000
ty,-87.73486670721358,82.26513329278642,1000
uy,-39.3105358628232,53.6894641371768,1000
rs,-73.48427986455357,26.51572013544643,1000
my,-53.919921493233495,49.080078506766505,1000
ik,-11.406273366551126,43.593726633448874,1000
gg,-9.074419385844921,72.92558061415508,1000
re,0.5064000042468817,91.50640000424688,1000
ae,-74.56374902150901,68.43625097849099,1000
wz,-30.20230887056284,57.79769112943716,1000
mv,-36.792124707070144,9.20787529292986,1000
mx,-3.144241213236097,94.8557587867639,1000
cy,-27.770123632418333,44.22987636758167,1000
rl,-24.74273809828277,17.25726190171723,1000
ir,-86.85508482434027,49.14491517565973,1000
aj,-35.57998776976979,5.420012230230213,1000
pi,-14.191822759615649,64.80817724038435,1000
si,-23.724667686723688,23.275332313276312,1000
gc,-95.75426937821109,5.245730621788915,1000
cs,-61.6755433252071,60.3244566747929,1000
no,-66.5964907836009,61.4035092163991,1000
is,-42.08684980577124,11.913150194228765,1000
jn,-11.306844662370027,27.69315533762997,1000
qc,-88.28628405588839,3.7137159441116077,1000
zv,-3.8109454456995655,36.189054554300434,1000
bi,-56.411404655761345,87.58859534423866,1000
qr,-24.302585394129636,92.69741460587036,1000
gx,-33.387951943390355,59.612048056609645,1000
jj,-36.49706606006234,88.50293393993766,1000
fr,-22.23255298265041,41.76744701734959,1000
sq,-16.672439227743237,55.32756077225677,1000
ex,-56.40733444601863,95.59266555398138,1000
cb,-21.12062348765027,4.87937651234973,1000
ae,-45.285664158953914,71.7143358410461,1000
tg,-25.081031122790005,14.918968877209997,1000
pp,-27.2929137904061,13.707086209593898,1000
sh,-72.99407029811344,58.00592970188655,1000
ay,-7.175163147805328,78.82483685219468,1000
oa,-65.74828260565134,12.251717394348658,1000
mf,-45.95576194177652,17.044238058223478,1000
if,-21.434074824475474,76.56592517552453,1000
qf,-32.79098472494336,79.20901527505664,1000
fh,-33.47641759435356,32.52358240564644,1000
pl,-5.768974687704757,79.23102531229524,1000
ue,-30.09984494093305,44.900155059066954,1000
rx,-21.86476762983081,9.135232370169192,1000
ab,-81.44649731462331,3.5535026853766807,1000
gq,-29.52257801943398,6.47742198056602,1000
qn,-32.619932991481505,10.380067008518498,1000
lu,-37.43577354952688,2.56422645047312,1000
bz,-44.479625076651395,64.5203749233486,1000
bw,-89.18293860606491,39.817061393935084,1000
im,-90.03467295483935,66.96532704516065,1000
tw,-75.92573369367136,93.07426630632864,1000
ob,-75.74991736467908,82.25008263532092,1000
ev,-74.85109624193583,71.14890375806417,1000
tk,-75.31888029666018,80.68111970333982,1000
gh,-96.15349851414432,19.84650148585568,1000
uy,-44.18643978066917,90.81356021933082,1000
wo,-3.072027758057786,47.927972241942214,1000
fz,-18.03593896410163,38.96406103589837,1000
uz,-89.79977860440077,53.20022139559923,1000
ji,-95.1418022024285,28.85819779757151,1000
fm,-9.480192747487509,35.51980725251249,1000
rx,-65.7080545991615,48.2919454008385,1000
wa,-19.99784721109689,29.00215278890311,1000
kn,-80.16987747558566,17.830122524414335,1000
bh,-32.987433260262755,24.01256673973724,1000
xj,-87.24619467189798,89.75380532810202,1000
xy,-20.575891984101805,23.424108015898195,1000
vc,-7.5921256233803,32.4078743766197,1000
je,-69.15663007885576,82.84336992114424,1000
kf,-76.97080983942465,29.02919016057536,1000
py,-66.31619331058401,73.68380668941599,1000
dl,-78.03411400063759,63.96588599936241,1000
ox,-18.30396856210519,60.69603143789481,1000
qb,-5.799296405052365,0.200703594947635,1000
nt,-0.6106939640465384,45.38930603595346,1000
cu,-70.6632191414746,25.336780858525405,1000
ii,-51.420033683534164,67.57996631646583,1000
rz,-92.07210210968726,47.927897890312735,1000
fv,-10.39431250427822,33.60568749572178,1000
