zi,-91.90005279481358,80.09994720518642,100
ft,-86.46047018668662,93.53952981331338,100
ux,-43.80645336952623,60.19354663047377,100
oe,-59.400427611859705,22.599572388140295,100
lr,-61.20440236174544,91.79559763825456,100
hp,-7.891495072989169,63.108504927010834,100
sd,-5.310271741728102,86.6897282582719,100
xl,-17.301395090367876,95.69860490963212,100
rm,-4.0973832645115635,63.90261673548844,100
rp,-87.38365761843464,16.616342381565357,100
ls,-90.55844182749763,12.441558172502365,100
gq,-51.50497668249951,95.4950233175005,100
zg,-9.380447874423094,51.6195521255769,100
tn,-62.7601586185945,42.2398413814055,100
zn,-70.5383755188454,60.461624481154594,100
sv,-40.27096411518438,66.72903588481563,100
bg,-96.4084876485659,97.5915123514341,100
vq,-66.6487703480693,43.351229651930694,100
rm,-68.61742173154913,59.38257826845087,100
cb,-81.40489941064791,76.59510058935209,100
tz,-81.33174841565466,61.66825158434534,100
dm,-29.951644272245503,53.0483557277545,100
yw,-9.544338792745414,29.455661207254586,100
ih,-86.93440585929136,43.06559414070864,100
yz,-23.46752027837893,38.53247972162107,100
gk,-46.08285346535777,0.9171465346422281,100
av,-15.433516324551116,35.566483675448886,100
pi,-0.46288455632055914,87.53711544367944,100
aj,-41.0774982122363,69.92250178776371,100
ay,-84.07358403211857,10.926415967881427,100
fe,-91.8710720941537,27.1289279058463,100
ul,-39.89142680073688,26.10857319926312,100
la,-9.423590523985053,96.57640947601494,100
pd,-2.2257502974016785,33.77424970259832,100
cj,0.8289607136563136,39.828960713656315,100
tq,-12.657954770470687,6.3420452295293135,100
vf,-35.779387897342886,17.220612102657114,100
yl,-35.66470579028494,39.33529420971506,100
ny,-28.501815762488707,12.498184237511293,100
xb,-95.85140752346085,75.14859247653915,100
qb,-47.18005760454657,10.819942395453433,100
hu,-27.80298777976453,10.197012220235473,100
gz,-76.61691281170964,34.38308718829036,100
iu,-51.06366348475555,11.936336515244452,100
we,-30.451676678522897,45.5483233214771,100
ml,-81.18860135494927,58.81139864505073,100
wa,-23.372154186394816,11.627845813605182,100
oe,-78.3288112894133,34.67118871058671,100
ar,-3.0249156376503414,10.975084362349659,100
cd,-60.12753104509274,79.87246895490726,100
al,-12.227585070248258,5.772414929751742,100
bt,-24.58795516556815,20.41204483443185,100
it,-22.683191142491335,70.31680885750866,100
nt,-43.73314784917327,70.26685215082674,100
cb,-93.70298194376034,44.297018056239665,100
lq,-65.31802878878895,16.681971211211053,100
uf,-3.781311661583555,94.21868833841644,100
um,-39.742048184942696,36.257951815057304,100
fw,-3.040349402267197,22.959650597732804,100
qq,-82.85303753014827,20.14696246985173,100
uq,-21.20397061125939,88.7960293887406,100
ef,-95.75624374861789,38.24375625138211,100
jh,-81.27158184750657,45.72841815249344,100
yv,-80.74889333446512,70.25110666553488,100
cw,-59.08964676340295,22.910353236597043,100
qc,-60.89575181659888,87.10424818340111,100
pv,-63.27996540640532,53.72003459359468,100
nh,-83.31430059786318,42.68569940213682,100
bs,-42.355700864954514,69.64429913504549,100
cz,-79.22590697613141,63.77409302386858,100
lc,-42.316094671526436,10.683905328473564,100
ud,-77.50023377581748,20.49976622418252,100
qj,-27.33211008302097,73.66788991697902,100
fp,-9.152823467429466,28.847176532570533,100
dr,-90.530128480613,78.469871519387,100
wy,-56.500605469704595,6.499394530295406,100
cb,-73.2465997896399,5.7534002103601,100
il,-31.657375487470627,5.3426245125293725,100
pj,-12.088504035317056,50.91149596468294,100
wx,-48.084453245862534,44.915546754137466,100
cw,-54.19231084953626,60.80768915046374,100
ao,-17.739968384400658,23.260031615599342,100
yy,-75.12834283229856,97.87165716770144,100
kl,-68.88785962465667,68.11214037534333,100
sb,-78.21039452466012,61.78960547533989,100
lk,-58.34249183081475,25.657508169185245,100
ck,-92.70044980639912,87.29955019360088,100
ea,-45.652942679790996,73.347057320209,100
ak,-51.9987298301455,22.001270169854497,100
cc,-19.056559132667015,18.943440867332985,100
ko,-81.41097616342368,11.589023836576311,100
dv,-75.50028282878374,29.49971717121626,100
bu,-96.08134250718925,16.918657492810755,100
lh,-38.066382571185216,55.933617428814784,100
va,-4.461577470528012,14.538422529471987,100
wr,-23.90401804097958,33.09598195902042,100
jt,-93.50362503947942,40.49637496052058,100
tv,-42.215577824465484,57.784422175534516,100
tb,-46.55889292321389,24.44110707678611,100
yy,-52.10038854058189,77.89961145941811,100
jv,-3.32881065583057,39.67118934416943,100
dk,-16.784548379795254,14.215451620204746,100
wb,-36.88179291772685,81.11820708227314,100
oj,-45.093376177481524,92.90662382251847,100
qj,-53.86288014666269,12.13711985333731,100
sj,-34.10832244948962,69.89167755051038,100
rf,-73.4644957231606,58.53550427683941,100
go,-41.12566944738652,10.874330552613475,100
un,-14.740618892358606,49.259381107641396,100
bt,-66.01587042930682,87.98412957069318,100
kh,-50.47205862691071,15.52794137308929,100
va,-37.45540532363453,64.54459467636548,100
vh,-66.41366714549685,83.58633285450315,100
pt,-34.10104760096358,30.898952399036418,100
nh,-67.9115682014087,20.088431798591305,100
wf,-58.596444352947024,51.403555647052976,100
mu,-44.74619238490484,93.25380761509516,100
ei,-33.743458482310416,23.256541517689584,100
nu,-66.0967739073128,30.90322609268721,100
wc,-33.01554853203087,45.98445146796913,100
cs,-62.73320828025344,73.26679171974656,100
xn,-12.712723891724897,59.2872761082751,100
cw,-82.63459556703091,76.36540443296909,100
cp,-47.26950148222926,23.73049851777074,100
is,-62.31234191290194,5.687658087098054,100
aa,-13.94544115660382,53.05455884339618,100
ca,-84.90620385874124,83.09379614125876,100
ol,-35.04186452586034,30.958135474139663,100
li,-19.124852511676583,22.875147488323417,100
xd,-10.777241968989992,30.222758031010006,100
xx,-90.38440754239994,11.615592457600053,100
db,-5.393256096974014,54.606743903025986,100
jt,-54.76455882208736,84.23544117791263,100
xl,-56.996777180164905,67.0032228198351,100
mu,-22.116549332222096,37.8834506677779,100
cx,-67.94268442083533,74.05731557916467,100
qp,-25.86088602930147,65.13911397069853,100
dn,-92.08777098682933,3.9122290131706716,100
ea,-39.101114322875226,98.89888567712478,100
km,-12.17830909461199,90.82169090538801,100
ak,-75.94519960158138,59.05480039841862,100
dn,-11.535416278657928,29.46458372134207,100
vv,-25.955357986298132,24.044642013701868,100
kx,-43.41809799116429,16.58190200883571,100
dy,-85.6501829925425,61.349817007457496,100
uu,-19.164126785023893,47.835873214976104,100
ko,-34.663241198773605,60.336758801226395,100
sb,-6.201628882791851,23.79837111720815,100
yp,-61.922853715873174,4.077146284126829,100
mx,-85.54956150914,30.450438490859995,100
jt,-25.857275679891274,37.14272432010873,100
ea,-33.357460068225436,18.642539931774564,100
ob,-7.518326953897327,17.48167304610267,100
yk,-44.351479604578046,73.64852039542195,100
bl,-22.546842160348252,22.453157839651748,100
dg,-97.66910037824555,54.330899621754455,100
od,-75.70458815188887,67.29541184811113,100
ek,-7.971981062158138,32.028018937841864,100
nu,-46.5429826704085,79.45701732959151,100
pp,-84.0771124724226,28.92288752757741,100
qi,-6.904472543416972,63.09552745658303,100
xt,-62.822793573171865,80.17720642682814,100
hg,-37.47748825863681,9.522511741363187,100
ur,-96.35907700101316,51.640922998986845,100
fg,-8.728097624294227,17.271902375705775,100
ac,-47.035238923776,26.964761076224,100
hg,-30.838922733446843,59.16107726655316,100
tt,-79.47875527907175,80.52124472092825,100
js,-2.259016101918586,68.74098389808141,100
pi,-50.77276611172375,91.22723388827626,100
is,-35.69212401600645,31.307875983993547,100
md,-96.63333848587303,53.36666151412698,100
fq,-4.270003263925163,78.72999673607484,100
eq,-52.75955337886638,18.24044662113362,100
wp,-50.413100868648414,69.58689913135159,100
my,-83.01743191006197,3.9825680899380314,100
ix,-27.79872951904413,86.20127048095587,100
wn,-22.171961273948927,88.82803872605108,100
tc,-30.796003372578536,34.20399662742147,100
vv,-19.10840574542142,7.8915942545785835,100
oo,-76.82276984709742,98.17723015290258,100
no,-19.702639810827257,88.29736018917274,100
ck,-68.52182677856541,49.478173221434595,100
hh,-7.173855428645483,12.826144571354517,100
nx,-42.59065875670018,16.409341243299824,100
sg,-60.856656348451075,96.14334365154893,100
vz,-18.194378815814837,20.805621184185163,100
se,-32.1700311869683,56.8299688130317,100
bf,-61.50891720489291,8.491082795107092,100
gw,-13.685530120849302,39.3144698791507,100
bb,-41.32667542253332,0.6733245774666816,100
tg,0.12571294448451176,22.125712944484512,100
uc,-33.10800296291354,19.891997037086462,100
pn,-19.685329307221078,21.314670692778922,100
er,-91.32114707935706,91.67885292064294,100
db,-11.89752875747024,21.10247124252976,100
dp,-49.453549891948725,59.546450108051275,100
zu,-58.79471994278007,23.205280057219934,100
tw,-8.500986850147005,39.49901314985299,100
ki,-1.7414628940963732,39.25853710590363,100
gn,-14.382121685006698,36.617878314993305,100
py,-12.436095925085441,18.563904074914557,100
qn,-90.97709049557062,74.02290950442938,100
ja,0.7441111977355058,25.744111197735506,100
sa,-27.792076068059405,0.20792393194059577,100
yf,-45.309812491707305,75.6901875082927,100
ld,-1.1225740394641677,77.87742596053583,100
ua,-71.41604379651483,63.583956203485165,100
qe,-35.17751680353951,64.8224831964605,100
qv,-1.282915042156708,62.71708495784329,100
rr,-59.54573529751582,68.45426470248418,100
vd,-91.59910018139689,5.400899818603104,100
jw,-76.98286734640932,67.01713265359068,100
ra,-68.53876952407812,98.46123047592188,100
zz,-0.006143599823274282,72.99385640017672,100
fs,-64.32845058417679,72.67154941582321,100
hg,-59.344243730960045,61.655756269039955,100
wr,-17.96999660168891,95.0300033983111,100
lz,-19.915693661001526,83.08430633899847,100
xn,-92.71581743109009,95.28418256890991,100
ja,-77.01214074709125,82.98785925290875,100
hg,-97.26245740814419,55.737542591855814,100
hz,-77.62715495036525,51.372845049634755,100
ee,-83.46471978153835,6.535280218461653,100
wu,-90.39879768271632,69.60120231728368,100
je,-12.864131033563913,19.13586896643609,100
vq,-50.43179954432343,8.568200455676568,100
zv,-0.8558874749100375,46.144112525089966,100
dp,-45.24325181051697,36.75674818948303,100
yr,-4.705237059047338,52.294762940952666,100
kh,-36.50823074310464,15.49176925689536,100
rq,-13.654561381061658,47.34543861893834,100
cl,-26.614890061635215,45.385109938364785,100
gu,-48.4866548806476,27.5133451193524,100
bc,-61.22511581652845,68.77488418347156,100
md,-43.521070349389184,43.478929650610816,100
zu,-71.33883519664262,52.66116480335738,100
yd,-60.91754744103117,29.082452558968832,100
hy,-0.870670796464475,22.129329203535526,100
vg,-55.5896574428535,81.41034255714649,100
hd,-0.8337884805391355,7.166211519460864,100
cg,-55.768673284817154,24.231326715182846,100
bl,-66.54364946373053,9.456350536269468,100
qp,-14.569692034541857,46.43030796545814,100
cp,-27.359749596792902,13.640250403207098,100
qj,-32.69249120596631,28.307508794033687,100
ye,-35.962111703321604,29.037888296678396,100
bf,-33.72387903731823,94.27612096268177,100
nr,-95.42131958756843,57.57868041243156,100
nn,-28.848813032041352,72.15118696795865,100
uz,-95.75959979596757,50.24040020403242,100
tw,-82.50503728169383,32.49496271830617,100
rp,-70.23352863051117,61.766471369488826,100
yu,-39.790428669705214,19.209571330294786,100
fq,-46.15144470127068,55.84855529872932,100
sq,-17.211470427317966,36.78852957268204,100
fn,-71.90640857487577,67.09359142512423,100
gq,-25.185791338546714,86.81420866145328,100
xm,-3.9569348173182703,59.04306518268173,100
xx,-26.92722478474614,12.07277521525386,100
hs,-11.477488292811618,89.52251170718839,100
uy,-21.456221219627057,44.54377878037294,100
wf,-65.10031512537918,22.89968487462082,100
ql,-67.2942772443095,58.7057227556905,100
eo,-97.57385293387128,44.42614706612871,100
ye,-40.775147372792134,41.224852627207866,100
on,-73.79968944481746,48.20031055518254,100
qq,-30.866761281238688,52.13323871876131,100
ag,-55.62624123183336,67.37375876816664,100
xv,-93.65882401179631,73.34117598820369,100
ao,-31.77110285811812,13.22889714188188,100
ie,-73.64500490733067,3.3549950926693266,100
xw,-10.468172362702797,35.531827637297205,100
vy,-48.79568755643565,24.204312443564344,100
ow,-92.80642132188436,48.19357867811565,100
uq,-39.76123623638766,31.238763763612337,100
hv,-41.37748503152037,69.62251496847963,100
bv,-83.37609687143731,83.62390312856269,100
mo,-86.04633036952548,93.95366963047452,100
fe,-56.238591328365544,18.76140867163446,100
dp,-52.613214613180425,76.38678538681958,100
ln,-60.671551701787806,29.32844829821219,100
dp,-21.796682924793416,81.20331707520658,100
ke,-3.2998986198987263,40.70010138010127,100
hr,-29.51377361559014,68.48622638440986,100
xi,-77.73716420302355,26.262835796976443,100
in,-97.91403291467942,27.085967085320583,100
sc,-24.468160524812554,9.531839475187448,100
dw,-75.01204674336891,47.98795325663109,100
gx,-48.788428821022094,10.21157117897791,100
jn,-59.56107902011102,60.43892097988898,100
lz,-54.33105952185353,59.66894047814647,100
yf,-52.291217863905096,36.708782136094904,100
lo,-3.67748111919747,18.32251888080253,100
dm,-81.51931545358957,23.480684546410437,100
ab,-40.339188681550034,29.660811318449966,100
rc,-82.737443711482,36.262556288518006,100
ji,-38.43948916152456,86.56051083847544,100
eg,-96.67860609268456,58.321393907315446,100
km,-5.9695205300585625,88.03047946994144,100
tg,-61.702218563853776,76.29778143614622,100
dm,-70.41274122218489,72.58725877781511,100
iy,-77.78548633966454,47.21451366033545,100
bz,-84.2687344592215,1.7312655407785016,100
vt,-12.443347659271835,37.556652340728164,100
uu,-40.32776133042619,13.672238669573805,100
sg,-93.96347244863584,94.03652755136416,100
rf,-65.43997625521929,96.56002374478071,100
ws,-1.0820202119523517,91.91797978804765,100
yq,-54.453010845526975,88.54698915447302,100
pa,-46.66682629801706,16.333173701982943,100
vk,-73.75266301477299,73.24733698522701,100
sh,-35.14570962804103,92.85429037195897,100
yz,-7.815526172078521,1.1844738279214784,100
os,-61.28840657768002,86.71159342231998,100
rb,-59.6704997586251,98.3295002413749,100
kz,-34.678517444678526,39.321482555321474,100
ps,-44.09334380713131,10.906656192868692,100
ws,-22.478078102542007,47.52192189745799,100
fo,-0.41892664925950385,50.581073350740496,100
nh,-61.9828348692606,87.0171651307394,100
dt,-2.4605983683243715,84.53940163167563,100
iw,-25.75332400748385,18.24667599251615,100
yh,-74.57577609253181,52.42422390746818,100
ba,-82.43894139207161,5.561058607928394,100
ci,-6.683044427878751,80.31695557212124,100
ta,-96.11406323465583,83.88593676534417,100
nq,-39.96712938281192,10.032870617188085,100
cw,-29.987139269032877,38.01286073096712,100
wz,-29.1114191746163,73.8885808253837,100
en,-45.53894449535231,52.46105550464769,100
ts,-84.17542828302815,0.8245717169718488,100
tr,-93.21292974790312,18.78707025209689,100
ke,-94.00822871553326,50.99177128446674,100
jb,-36.738884130112424,6.261115869887576,100
re,-82.18965538502505,98.81034461497495,100
iw,-61.366797566938985,42.633202433061015,100
ll,-93.57071489320971,6.429285106790291,100
fo,-88.81462081254074,86.18537918745926,100
uv,-96.26871518274935,32.73128481725066,100
dm,-60.82204573503061,93.17795426496939,100
pj,-93.12785572253387,52.87214427746614,100
yq,-48.93899368849169,49.06100631150831,100
my,-32.1497242855982,61.8502757144018,100
dx,-38.15660758624689,56.84339241375311,100
ef,-22.129551841058014,5.870448158941986,100
yy,-4.286511521790608,13.713488478209392,100
ro,-63.64006995834484,97.35993004165516,100
cs,-10.11582144072553,4.884178559274471,100
tv,-81.600360650618,45.39963934938201,100
ar,-0.4626598314411915,10.537340168558808,100
dq,-96.05558658198264,86.94441341801736,100
zs,-51.26849751939885,50.73150248060115,100
ro,-36.50346316579844,79.49653683420155,100
uj,-31.084305263864593,59.91569473613541,100
ok,-8.178834911733883,19.821165088266117,100
ek,-44.649084018329205,4.350915981670791,100
bx,-87.099749550394,14.900250449606004,100
wi,-34.88093521121649,14.119064788783513,100
xy,-33.92912270605385,38.07087729394615,100
mj,-70.89881989607477,6.101180103925236,100
gu,-89.41128592090665,61.58871407909335,100
vg,-27.919038522253167,35.08096147774683,100
xt,-9.665042266777892,35.33495773322211,100
xd,-50.613871639125385,67.38612836087462,100
ha,-67.0335267478766,32.96647325212339,100
ef,-95.27295775197557,25.727042248024425,100
ok,-31.129430097890708,18.870569902109292,100
jl,-18.338387545828258,63.661612454171745,100
vh,-76.70793498754416,95.29206501245584,100
ov,-92.22668235506998,86.77331764493002,100
db,-10.033472990938353,19.966527009061647,100
ib,-90.19314052117713,26.806859478822876,100
zs,-72.61657385669832,33.383426143301676,100
ju,-47.3205668680635,34.6794331319365,100
eh,-33.46964508742169,48.53035491257831,100
pa,-39.94233420016547,34.05766579983453,100
ke,-64.0754255598532,81.9245744401468,100
sl,-45.01432005381411,17.985679946185886,100
tb,-91.54387328327599,70.45612671672401,100
xi,-69.09689385178218,98.90310614821782,100
pr,-94.34102060526037,49.658979394739625,100
rl,-78.90232364796425,81.09767635203575,100
nl,-13.286033849205376,76.71396615079462,100
xu,-59.73016017266853,4.269839827331469,100
kw,-89.04729802587018,77.95270197412982,100
gk,-84.68121649407185,14.318783505928154,100
wy,-43.86219533615163,12.137804663848371,100
lj,-33.82568163191987,1.174318368080129,100
qm,-72.3288162541146,66.6711837458854,100
mg,-93.06353531872188,62.93646468127812,100
ck,-13.696630222355125,87.30336977764487,100
ns,-70.6490105240785,22.350989475921487,100
xg,-31.444235944662125,51.555764055337875,100
vl,-11.644062275308025,82.35593772469197,100
qs,-96.05147857277024,90.94852142722976,100
lf,-63.38821204262835,0.6117879573716446,100
st,-91.72800404118225,61.271995958817755,100
sg,-9.608055009137006,53.391944990862996,100
eq,-42.74561704919787,83.25438295080214,100
qv,-10.736025035708998,80.26397496429101,100
df,-76.89829870789366,52.10170129210634,100
fj,-80.9534925159983,38.0465074840017,100
ca,-7.786181864361055,88.21381813563895,100
bv,-88.34446537977703,60.65553462022296,100
il,-86.12772480223936,44.872275197760636,100
vb,-0.8497940145846726,75.15020598541533,100
aq,-39.61955079213319,24.380449207866814,100
hz,-43.719215787777124,98.28078421222287,100
og,-23.342647061333512,11.657352938666488,100
fd,-34.93428973536336,98.06571026463664,100
om,0.4041434287264596,7.40414342872646,100
au,-12.12345544100842,93.87654455899158,100
uq,-35.39521048610171,75.6047895138983,100
wv,-5.322474997748605,80.6775250022514,100
lo,-7.875512407710011,39.12448759228999,100
vb,-28.112843482035444,30.887156517964556,100
aq,-70.69877007489792,63.30122992510207,100
tx,-91.07277898676504,40.92722101323496,100
cb,-81.67059112317543,43.329408876824566,100
tx,-61.88048837686559,15.119511623134409,100
oc,-73.51792493092913,11.482075069070879,100
mj,-26.802820225156974,54.19717977484303,100
os,-53.81014566107987,50.18985433892013,100
pu,-76.7425816130862,83.2574183869138,100
sx,-64.78452255090185,93.21547744909815,100
xl,-12.78377830932109,83.2162216906789,100
wd,-28.96559434525582,35.03440565474418,100
zp,-39.002097169534785,16.997902830465218,100
zi,-11.402395540234874,1.5976044597651264,100
aw,-3.4535157835443893,83.54648421645561,100
pz,0.00564039384023185,20.00564039384023,100
mv,-47.26943949279304,18.730560507206956,100
tv,-15.693588112938263,71.30641188706174,100
jx,-66.97710662389426,95.02289337610574,100
ff,-94.35939023678398,63.64060976321602,100
xv,-92.36634955567037,56.63365044432963,100
wo,-33.44608577598582,21.553914224014175,100
pp,-38.7182134090547,53.2817865909453,100
ub,-21.076582024381107,28.923417975618893,100
pr,-2.6224290375189976,9.377570962481002,100
cc,-6.103420248581213,36.896579751418784,100
wr,-30.3756791149082,87.6243208850918,100
sn,-14.710034826566186,27.289965173433814,100
gy,-53.98820630730354,13.011793692696457,100
eh,-5.9423640847256385,62.05763591527436,100
og,-30.50170723472446,45.49829276527554,100
kg,-47.45532936307453,49.54467063692547,100
xx,-96.2285950106704,18.771404989329596,100
lq,-64.337358939152,38.662641060848,100
eb,-27.159798720974294,55.840201279025706,100
nd,-38.11030639077707,10.88969360922293,100
ql,-48.80723555356846,18.192764446431543,100
jq,-76.6357953693908,19.364204630609194,100
yv,-13.566832706267908,81.4331672937321,100
qy,-16.131814788762398,71.8681852112376,100
du,-35.47197617337661,84.52802382662338,100
ad,-93.81810119432123,44.18189880567877,100
us,-28.532039058095034,57.46796094190496,100
zs,-65.80802990804605,2.191970091953954,100
ou,-95.591764334646,22.408235665354,100
kx,-96.20678946410862,17.793210535891372,100
tk,-55.028264932047236,25.971735067952764,100
ns,-9.945504938033002,24.054495061966996,100
gw,-4.398305219005064,68.60169478099493,100
lc,-10.231580779258422,49.76841922074158,100
oy,-14.013899853203004,55.98610014679699,100
zd,-89.88078820347424,27.119211796525768,100
sr,-80.23090697974642,54.76909302025358,100
go,-79.56719829537998,95.43280170462002,100
dc,-52.329276966129854,2.6707230338701455,100
tb,-80.33307676399944,77.66692323600056,100
jr,-79.21246552273143,48.78753447726857,100
gd,-15.30604865289072,31.69395134710928,100
nz,-19.91296419749004,47.08703580250996,100
ab,-26.772759960003288,6.227240039996713,100
ei,-72.52220847699675,93.47779152300325,100
je,-7.419522161721848,23.580477838278153,100
rw,-92.84480178807557,28.155198211924425,100
sa,-38.24796563938544,48.75203436061456,100
fr,-32.708381592162795,50.291618407837205,100
no,-28.630432440263256,92.36956755973674,100
rn,-21.75560378371403,68.24439621628598,100
qp,-12.65430208391445,82.34569791608556,100
if,-37.34020235390674,16.659797646093256,100
dn,-93.72210982014693,49.27789017985308,100
jc,-6.953983709490425,28.046016290509577,100
cw,-48.304209259692776,97.69579074030722,100
is,-73.1425929691334,98.8574070308666,100
ml,-61.64953319367526,16.350466806324736,100
jo,-3.5559237032197326,43.44407629678027,100
jv,-14.093257096511579,32.90674290348842,100
vh,-27.974705942921897,89.0252940570781,100
ih,-21.60894258919917,26.39105741080083,100
yl,-44.73001670302107,74.26998329697892,100
rm,-83.11765386482243,10.882346135177576,100
px,-12.174460760636867,96.82553923936314,100
yn,-34.24795262109526,19.75204737890474,100
ik,-7.476576301369509,27.52342369863049,100
mt,-85.39128307594636,76.60871692405364,100
qv,-75.60409139548781,86.39590860451219,100
