ja,-15.099891013572453,32.90010898642755,100
ym,-4.2011277802197595,86.79887221978024,100
ls,-97.37448187538949,59.62551812461051,100
mx,-80.84852249995014,88.15147750004986,100
uq,-7.780170956669755,16.219829043330243,100
ml,-46.98269929400357,39.01730070599643,100
pe,-52.851239075079825,16.148760924920175,100
xj,-50.93222361720238,63.06777638279762,100
gw,-70.00850325643488,91.99149674356512,100
cc,-23.16760109965704,85.83239890034295,100
up,-7.669077211847236,57.33092278815276,100
zd,-34.389823978407556,36.610176021592444,100
zp,-84.5549094042729,97.4450905957271,100
jn,-33.17757878138986,35.82242121861014,100
yd,-18.286956098404456,30.713043901595544,100
pa,-4.193052815276726,95.80694718472327,100
to,-15.780436630837427,97.21956336916257,100
aw,-76.04995862397494,55.95004137602505,100
hw,-63.497942193688,5.502057806312004,100
vo,-41.55480981586733,75.44519018413267,100
zq,-50.91393080426763,60.08606919573237,100
jc,-13.251345727221441,30.74865427277856,100
ds,-68.31265037817904,2.6873496218209505,100
qp,-22.144873649789623,12.855126350210375,100
sj,-73.98943941351538,98.01056058648462,100
gn,-90.1335425322473,61.866457467752696,100
vz,-80.32657064617527,23.673429353824723,100
hi,-72.06775140384154,86.93224859615846,100
lz,-72.604813606729,36.395186393271,100
mv,-66.17347750670108,66.82652249329892,100
to,-59.86340225827259,58.13659774172741,100
qw,-23.789258471603134,39.210741528396866,100
fy,-9.77408652890173,93.22591347109827,100
qb,-35.836909768951834,87.16309023104816,100
jg,-37.781591707592355,36.218408292407645,100
gc,-1.7493794697062042,0.25062053029379583,100
qw,-36.59465441650953,77.40534558349047,100
aw,-64.57761471943776,72.42238528056224,100
jg,-5.478673895333761,4.521326104666239,100
ow,-20.841838723629845,21.158161276370155,100
xe,-91.77477782307628,13.22522217692372,100
ju,-15.938203392584647,53.06179660741535,100
eq,-24.568048977584606,96.43195102241539,100
iv,-15.009020510775688,41.99097948922431,100
yd,-91.82904865068149,38.170951349318514,100
he,-51.32416739122699,48.67583260877301,100
ac,-0.5939653832281497,36.40603461677185,100
ns,-26.12534731097468,30.87465268902532,100
vc,-56.291525150548,13.708474849452003,100
pc,-12.70415950915843,18.29584049084157,100
qq,-6.063493852820975,79.93650614717903,100
zq,-73.7134136550847,5.286586344915304,100
er,-97.4366788800848,97.5633211199152,100
aj,-97.31456333949735,60.68543666050264,100
ps,-95.09421056287285,89.90578943712715,100
sv,-3.2736925726688875,5.726307427331113,100
lg,-37.83357693723928,25.166423062760717,100
qy,-34.79586247199848,4.204137528001517,100
wo,-1.8981746227566614,30.101825377243337,100
oq,-23.819926458065627,21.180073541934373,100
uz,-52.75187293244213,11.248127067557865,100
wt,-12.677257293141794,95.32274270685821,100
nl,-70.776047321723,8.223952678276996,100
av,-9.390980206127153,86.60901979387285,100
od,-94.99219926880369,52.00780073119631,100
hm,-37.73345456337436,72.26654543662563,100
bd,-58.10994331032432,83.89005668967567,100
hg,-84.42884244141214,26.571157558587856,100
nj,-95.2554733269109,23.74452667308909,100
pm,-49.77792277448319,49.22207722551681,100
iw,-17.867165270185875,30.132834729814125,100
ze,-37.90089820023337,52.09910179976663,100
qo,-20.460380471109065,12.539619528890933,100
rp,-81.42269520339568,32.57730479660433,100
zp,-92.47262752989347,58.52737247010652,100
nw,-27.365961600425994,5.634038399574008,100
nv,-81.29140423286073,14.708595767139276,100
sk,-31.096138701264405,26.903861298735595,100
tr,-51.08250654051433,30.91749345948567,100
jo,-34.14463243938519,70.85536756061481,100
pb,-38.38779685946293,85.61220314053706,100
si,-82.08025464869215,45.91974535130785,100
me,-6.0788421783834385,88.92115782161656,100
gd,0.5822742221790176,41.58227422217902,100
jq,-48.341507247760276,57.658492752239724,100
sg,-45.000714064561556,48.999285935438444,100
qn,-77.34766554208373,14.652334457916261,100
dv,-85.22702627660493,44.77297372339507,100
it,-71.19998042996927,36.80001957003072,100
wb,-85.59712760725449,73.40287239274551,100
en,-70.77400670407246,63.225993295927545,100
ct,-3.4597965736251957,54.5402034263748,100
hr,-37.851786623612625,86.14821337638737,100
ky,-25.14003498290414,52.85996501709586,100
zg,-52.210067891399426,68.78993210860058,100
dm,-24.91308922446069,90.08691077553931,100
ob,-11.897301450147236,23.102698549852764,100
ki,-5.367075035020525,27.632924964979473,100
mt,-17.932969379112116,26.067030620887884,100
xv,-43.969821169692175,55.030178830307825,100
be,-25.3272684545673,74.6727315454327,100
yu,-44.58561866185202,7.414381338147981,100
ci,-73.2699094298892,24.730090570110807,100
xu,-85.46996831281275,82.53003168718725,100
hd,-33.56275823134033,40.43724176865967,100
vn,-71.10714567261098,71.89285432738902,100
dv,-2.7719353642624918,29.228064635737507,100
an,-30.026308238584217,6.973691761415782,100
vm,-84.31501565372814,44.68498434627187,100
yj,-82.47984630599562,66.52015369400438,100
ai,-35.758796888472894,27.24120311152711,100
jx,-50.19341714291133,52.80658285708867,100
gc,-9.639711983892944,19.360288016107056,100
bc,-16.78764010307016,20.21235989692984,100
rz,-84.99119256476682,61.00880743523317,100
lk,-13.241740483771569,53.758259516228435,100
xj,-96.87115554389439,3.1288444561056092,100
aw,-78.46053441261832,77.53946558738168,100
ds,-29.19800496964543,80.80199503035456,100
jh,-80.48956630596133,89.51043369403867,100
ua,-24.10519355394286,21.89480644605714,100
oy,-69.6927873931598,28.307212606840192,100
ik,-90.09217132706993,11.907828672930071,100
fj,-81.6622146312511,55.3377853687489,100
se,-80.57398207751065,32.42601792248935,100
rh,-63.053739175075464,22.94626082492454,100
tz,-24.058377516435915,92.94162248356409,100
cg,-36.809201495120355,75.19079850487964,100
aj,-3.7689538184788014,43.2310461815212,100
rj,-68.92909870356652,58.070901296433476,100
ox,-64.67237077182459,96.32762922817541,100
xa,-2.28734760692708,62.71265239307292,100
am,-31.371028234543935,1.6289717654560656,100
sf,0.28618718007347443,68.28618718007347,100
xa,-16.835900680021776,27.164099319978224,100
dr,-47.343296948612895,82.65670305138711,100
iv,-56.95483671312848,17.045163286871524,100
xi,-27.791902724986578,65.20809727501342,100
nw,-16.619304134205525,51.38069586579447,100
cu,-50.751755561204355,93.24824443879564,100
hk,-47.06055479312534,35.93944520687466,100
qu,-8.45181979529122,85.54818020470879,100
zs,-85.51224925975484,46.48775074024516,100
gc,-44.40005247474912,43.59994752525088,100
cm,-47.72777016401454,86.27222983598546,100
lk,-32.26806507323136,59.73193492676864,100
ht,-68.67131342983444,26.328686570165566,100
ly,-96.04147900884156,62.95852099115843,100
lv,-32.23511252023205,95.76488747976795,100
dj,-2.361162050218694,96.6388379497813,100
xw,-78.92460591772314,67.07539408227686,100
rw,-60.89905446891029,56.10094553108971,100
qd,-52.06929973839003,69.93070026160997,100
bn,-62.37739899946568,21.622601000534313,100
ql,-0.6324398550155305,76.36756014498447,100
mx,-94.74020585347625,24.259794146523753,100
jj,-31.2460892443187,31.7539107556813,100
hi,-54.506764724163794,36.493235275836206,100
mn,-0.026401902246286135,34.973598097753715,100
bf,-7.968775941640643,25.031224058359356,100
ve,-34.910688709710904,31.089311290289096,100
ng,-93.25853840301073,80.74146159698927,100
os,-33.28753771604658,41.71246228395342,100
xq,-83.08959881675426,38.91040118324574,100
xx,-39.865353749350746,75.13464625064925,100
qx,-23.359049073486467,7.640950926513533,100
lw,-24.75563307323627,17.24436692676373,100
ka,-90.71438783208772,41.285612167912284,100
xn,-57.69748107436798,65.30251892563203,100
xk,-88.84667468799603,78.15332531200397,100
bx,-43.49155554987508,26.50844445012492,100
yu,-48.62166751491053,31.378332485089473,100
ig,-60.19915829845917,91.80084170154083,100
zm,-80.3044554469179,86.6955445530821,100
vi,-41.66923491236075,0.33076508763924706,100
be,-6.713990927698593,13.286009072301406,100
mu,-17.410530252937907,41.58946974706209,100
sj,-95.73171076691172,91.26828923308828,100
cw,-62.15506587750364,26.844934122496362,100
fu,-41.22025055566282,37.77974944433718,100
im,-27.952665471762757,34.04733452823724,100
uy,-70.4067728838771,41.593227116122904,100
nz,-97.87987044814076,89.12012955185924,100
yw,-56.23265642792578,51.76734357207422,100
ua,-95.30360912874875,69.69639087125125,100
fa,-34.888454707843955,22.11154529215605,100
ii,-23.645387447546227,92.35461255245377,100
mq,-56.99294770694505,5.007052293054948,100
pg,-13.617589545445304,56.382410454554694,100
ms,-32.23428799108278,34.76571200891722,100
jf,-57.46520961773777,92.53479038226223,100
zl,-89.01852913519885,47.981470864801146,100
fi,-64.67995416314386,55.320045836856146,100
vi,-50.394031555396964,18.60596844460304,100
tm,-85.04626441529675,62.95373558470326,100
fe,-2.111114306812393,5.888885693187607,100
wg,-31.262318178036413,7.737681821963587,100
br,-12.692230353932091,88.30776964606791,100
vp,-3.001196969679897,50.998803030320104,100
wy,-71.23019138742832,94.76980861257168,100
rm,-6.968161670765247,24.031838329234752,100
di,-97.72883298094662,34.27116701905339,100
tv,-92.80465905760742,2.195340942392577,100
uy,-14.445289247740222,38.55471075225978,100
to,-51.45212039720896,49.54787960279104,100
th,-6.696503845854984,24.303496154145016,100
lx,-0.8591108147499712,22.14088918525003,100
ej,-16.660363976390578,16.339636023609422,100
ic,-6.351097273060727,58.648902726939276,100
uo,-6.966889226291321,18.033110773708678,100
mp,-1.806803354917224,58.19319664508278,100
ym,-20.250830016071326,23.749169983928674,100
zp,-18.874482097104156,16.125517902895844,100
yh,-13.6004722235537,64.3995277764463,100
si,-23.048511804058535,90.95148819594147,100
qj,-63.87601070811446,48.12398929188554,100
sw,-94.9994458268135,79.0005541731865,100
gg,-23.461762696821822,18.538237303178178,100
bj,-61.0661288279125,61.9338711720875,100
fu,-23.442020869390163,43.55797913060984,100
py,-91.29294524770049,4.707054752299513,100
va,-88.12122324184845,83.87877675815155,100
ip,-63.17761017968017,88.82238982031983,100
do,-60.44040334300755,76.55959665699245,100
tz,-86.55632350491271,33.443676495087296,100
ea,-25.810413117991523,51.18958688200848,100
al,-47.48646364000226,83.51353635999774,100
qu,-12.350372431614417,24.649627568385583,100
gm,-49.72423608778816,92.27576391221184,100
rk,-10.43958843367727,70.56041156632273,100
ov,-43.534313775252386,87.46568622474761,100
ri,-91.99518598875507,38.00481401124493,100
sg,-47.013463966195715,18.986536033804285,100
xz,-34.52122288270561,95.4787771172944,100
fk,-68.8011066038954,81.1988933961046,100
ay,-34.911724953056876,83.08827504694312,100
lp,-96.53963407500714,47.46036592499285,100
wi,-73.43868376675162,98.56131623324838,100
js,-67.71820250500456,40.281797494995445,100
mw,-33.68672650008534,45.31327349991466,100
fr,-33.32676151605215,82.67323848394786,100
ng,-49.02641742246179,5.973582577538211,100
ev,-9.1624765594891,40.8375234405109,100
ic,-28.087165985494973,89.91283401450502,100
lf,-88.50324643263593,68.49675356736407,100
ua,-84.94575239051373,83.05424760948627,100
hj,-31.86799539987633,5.132004600123668,100
vn,-49.34400975423423,69.65599024576576,100
xx,-48.64012512065089,27.359874879349107,100
pg,-7.3674697031254945,11.632530296874506,100
cn,-41.80006888974403,61.19993111025597,100
lx,-31.171931036764857,68.82806896323514,100
ud,-74.70560021190839,98.29439978809161,100
jg,-0.061852778301675126,77.93814722169833,100
nv,-93.16851243950585,13.831487560494155,100
sd,-29.22814897956915,95.77185102043086,100
nc,-71.30958626389578,48.69041373610422,100
gi,-61.20196242241566,39.79803757758434,100
kt,-30.682233541213954,22.317766458786046,100
fl,-73.18512989331572,79.81487010668428,100
mh,-45.59228088001935,40.40771911998065,100
ii,-23.74372718796854,58.25627281203146,100
xn,-62.54742496056759,92.45257503943242,100
hc,-96.11333029935115,38.886669700648845,100
bz,-15.494141183539522,32.505858816460474,100
tg,-68.14932330182377,70.85067669817623,100
za,-69.37377325958981,29.626226740410186,100
qr,-91.16956342774249,36.83043657225751,100
tv,-16.20852352773558,89.79147647226442,100
vm,-65.00866002100854,69.99133997899146,100
gd,-75.33276720331288,21.667232796687113,100
yt,-90.60308832993896,45.396911670061044,100
nx,-14.893643119177263,42.10635688082274,100
qe,-54.52394362305157,24.476056376948428,100
yh,-70.45807197782098,76.54192802217902,100
qj,-71.34030792143265,62.65969207856734,100
ym,-46.29622620359031,26.703773796409696,100
fa,-29.190814098426575,94.80918590157343,100
xy,-80.10964941202924,56.89035058797075,100
qw,-80.2609703027697,58.739029697230286,100
de,-29.709656752590476,10.290343247409522,100
nj,-9.609130753374052,88.39086924662595,100
yt,-7.521404742018637,37.47859525798136,100
ti,-62.52464625307972,46.47535374692028,100
za,-60.88725143806288,49.11274856193712,100
ax,-80.31745136623246,19.682548633767542,100
ax,-96.96436066212527,62.03563933787473,100
gp,-59.09321814732706,52.90678185267294,100
zc,-0.7922457577599036,74.2077542422401,100
gx,-7.159611075678083,26.840388924321918,100
cl,-10.980361987102288,27.019638012897712,100
zt,-51.98806755741285,28.011932442587156,100
il,-13.824036736451617,27.175963263548383,100
cb,-95.93718177713814,24.06281822286186,100
gj,-47.32363441717081,76.67636558282919,100
np,-90.73279887613388,45.26720112386612,100
zv,-67.70087787249354,59.299122127506465,100
ks,-59.54828929808843,51.45171070191157,100
gi,-9.126064624265652,79.87393537573435,100
ub,-66.97623026441866,6.023769735581332,100
ff,-18.320766199050667,32.67923380094933,100
am,-60.68190810388352,53.31809189611648,100
um,-3.7976099328251913,83.2023900671748,100
ma,-59.7200180248057,43.2799819751943,100
hc,-30.438432462404446,5.561567537595553,100
ma,-53.86398657702718,9.136013422972825,100
zb,-18.19476663117037,93.80523336882963,100
gb,-75.11926130655341,13.880738693446595,100
ko,-81.83547858395495,49.16452141604505,100
wt,-11.587856745250049,96.41214325474995,100
ny,-33.77157952707947,28.228420472920533,100
bs,-34.63161251822274,97.36838748177726,100
ue,-42.99161930223814,29.00838069776186,100
br,-92.57972821248745,34.42027178751255,100
sj,-9.881896316479583,5.118103683520417,100
lc,-2.8316810740440643,45.16831892595594,100
hu,-30.816871447621107,17.183128552378893,100
mj,-3.8166006494384783,81.18339935056152,100
gy,-6.10305422258251,67.89694577741749,100
pi,-95.42977290981926,76.57022709018074,100
mb,-2.9005665173464417,94.09943348265355,100
cy,-73.64293930038114,43.35706069961886,100
mk,-27.773634175066285,35.226365824933715,100
wa,-37.91179244851183,26.08820755148817,100
li,-73.40821569741857,94.59178430258143,100
qy,-56.99774526904215,23.002254730957848,100
ms,-24.74076034448956,29.25923965551044,100
ld,-54.62234167934066,3.37765832065934,100
xm,-38.590804074377004,81.409195925623,100
cz,-75.21402534810952,82.78597465189048,100
yy,-71.79718537596631,17.202814624033696,100
uq,-10.927244633575661,21.07275536642434,100
wf,-78.19305986294864,57.806940137051356,100
bi,-82.85469490295448,69.14530509704552,100
xh,-14.608035785555005,80.391964214445,100
kb,-5.62417140581846,31.375828594181538,100
ee,-62.90481561868631,73.0951843813137,100
dx,-25.725224902046502,31.274775097953498,100
pe,-80.51062273190831,44.48937726809169,100
ct,-30.338570829705365,47.66142917029463,100
cy,-13.345560990880639,42.65443900911936,100
pi,-91.61061963974555,81.38938036025445,100
bz,-29.224824663907995,19.775175336092005,100
kf,-61.562626966106784,63.437373033893216,100
df,-24.37282958080057,9.627170419199429,100
pt,-26.2243931999661,87.7756068000339,100
mm,-15.815091655466304,10.184908344533696,100
ge,-11.832834255279295,43.167165744720705,100
mg,-36.54607587119679,16.45392412880321,100
lp,-26.242575702853586,5.7574242971464145,100
sr,-66.1499061084297,10.8500938915703,100
rh,-22.779221285764248,75.22077871423575,100
uv,-46.02640094881173,92.97359905118827,100
yo,-18.75706820663753,80.24293179336247,100
zb,-79.73163173573873,79.26836826426127,100
gj,-64.86651434950049,97.13348565049951,100
ji,-6.558310353137707,44.441689646862294,100
sb,-20.431286630051673,68.56871336994833,100
ng,-87.49093900148429,71.50906099851571,100
lq,-16.952047023171364,82.04795297682864,100
df,-28.917919337423477,80.08208066257653,100
oh,-50.50872498670078,57.49127501329922,100
jk,-88.94950971230952,18.050490287690483,100
bt,-8.131984762498867,28.868015237501133,100
lu,-45.37824214344477,73.62175785655522,100
gh,-6.7635699493316865,6.2364300506683135,100
hr,-7.427847970603861,75.57215202939614,100
pz,-42.95124127687057,47.04875872312943,100
yh,-62.15463763741517,65.84536236258482,100
uw,-29.983823417378456,7.016176582621543,100
ut,-8.077962365249002,66.92203763475099,100
gu,-71.99647659975986,9.003523400240145,100
bz,-9.765539837164619,3.2344601628353815,100
nu,-52.65273320072398,78.34726679927603,100
dg,-89.36327101180022,60.636728988199785,100
oy,-71.74993713663389,16.250062863366114,100
ys,-52.4951814637753,7.5048185362247,100
ex,-30.930013989975212,49.06998601002479,100
gq,-16.55185400866852,75.44814599133147,100
hp,-74.65182441907473,3.3481755809252745,100
tb,-5.68589952063442,71.31410047936558,100
yk,-74.26846643843771,44.73153356156229,100
mk,-39.85143601346133,65.14856398653868,100
ok,-59.56620189385359,95.43379810614641,100
kk,-63.085210645294346,28.914789354705658,100
ol,-76.84591701889528,18.154082981104718,100
pi,-10.497203231607381,88.50279676839261,100
he,-46.35894534513882,17.64105465486118,100
aq,-2.6621439699571265,64.33785603004287,100
ql,-23.89408520263593,23.10591479736407,100
aj,-38.030624653031154,83.96937534696885,100
fj,-60.291537777043544,90.70846222295646,100
tf,-88.6646024257016,51.33539757429839,100
bz,-46.58088460879391,47.41911539120609,100
qz,-36.592775066107485,86.40722493389251,100
cy,-27.181519441889613,28.818480558110387,100
zm,-31.696376390251313,40.30362360974868,100
qn,-62.7625537743122,39.2374462256878,100
ys,-80.71330916638544,24.286690833614553,100
mb,-21.736639296665015,9.263360703334985,100
tj,-11.571915440220552,60.42808455977945,100
gh,-64.92067931618367,5.079320683816336,100
xb,-7.42471811506833,1.5752818849316697,100
qn,-69.0994992274931,24.900500772506902,100
ad,-50.773486055905366,14.226513944094634,100
bu,-1.9876703752141816,27.012329624785817,100
jk,-51.612995265379546,53.387004734620454,100
bw,-52.6690268273037,34.3309731726963,100
tc,-93.90505083497223,4.094949165027778,100
ec,-48.57863566488464,24.421364335115367,100
ks,-54.49940161007918,65.50059838992081,100
gc,-35.60936007254329,31.39063992745671,100
ql,-28.049965489267237,29.950034510732763,100
zc,-35.639405157438226,70.36059484256178,100
nl,-90.8610219298314,92.1389780701686,100
tk,-40.44926269633129,95.55073730366871,100
oh,-8.271711789965265,82.72828821003473,100
qj,-62.25762889441493,83.74237110558508,100
rv,-49.52766322327748,53.47233677672252,100
qb,-31.364082158549913,54.63591784145009,100
wh,-22.52153198708437,10.47846801291563,100
dl,-35.85846203165099,25.14153796834901,100
zy,-33.295320893113505,0.7046791068864917,100
rt,-65.66632889611522,17.33367110388479,100
ko,-15.558861092117528,34.441138907882475,100
db,-32.72161943585274,45.27838056414726,100
ap,-74.4603685546911,74.5396314453089,100
gy,-28.27868205713997,92.72131794286003,100
wb,-22.076309437380566,62.923690562619434,100
mq,-83.42178206430543,42.57821793569456,100
wu,-19.80488155108382,14.195118448916178,100
dl,-51.9764175476672,86.0235824523328,100
sb,-44.1218895189051,47.8781104810949,100
hm,-13.14284681543063,14.85715318456937,100
zg,-34.68849784313076,85.31150215686924,100
ro,-52.020559019082995,2.9794409809170066,100
xl,-83.19176461461092,19.808235385389082,100
oe,-51.24976176475421,37.75023823524579,100
ry,-29.287849062502996,54.71215093749701,100
bx,-90.01142353186404,21.988576468135953,100
eg,-82.41793950501392,51.58206049498608,100
eq,-7.26701587366311,98.73298412633689,100
tz,-60.88128759541645,42.11871240458355,100
ex,-75.16154036256917,17.83845963743083,100
gx,-50.0221573563122,51.9778426436878,100
nk,-93.35005803659456,78.64994196340544,100
kl,-35.983564207617164,37.016435792382836,100
sr,-91.32615683326996,40.67384316673004,100
mo,-52.27645399130752,9.723546008692484,100
eq,-50.180063217613004,94.81993678238699,100
tw,-64.74927186889174,52.25072813110827,100
wq,-5.659210316883741,72.34078968311626,100
vb,-69.86298675867896,69.13701324132104,100
oa,-87.6618986008431,4.338101399156898,100
so,-62.566490664669566,85.43350933533044,100
pf,-61.33878564671645,70.66121435328354,100
hm,-49.27068698656415,26.72931301343585,100
lm,-5.818472967174054,17.181527032825947,100
ex,-85.36046307878092,26.639536921219076,100
qf,-71.8759707477488,20.124029252251198,100
ny,-35.61762952003241,32.38237047996759,100
hl,-82.39215189439197,49.60784810560803,100
ss,-6.384194297427275,31.615805702572725,100
pj,-5.908967591561464,8.091032408438537,100
xe,-11.552106338587178,41.44789366141282,100
cx,-21.744123031284072,95.25587696871592,100
lz,-56.51052519292998,40.48947480707002,100
yi,-45.13618193138701,85.863818068613,100
ul,-8.418680459568742,88.58131954043125,100
ie,-35.66440674152662,94.33559325847338,100
wk,-29.389404784814747,43.610595215185256,100
zk,-14.159453696994722,15.840546303005278,100
cv,-16.437483699475013,4.562516300524987,100
dd,-38.30414873297818,97.69585126702182,100
hl,-59.69247688268535,38.30752311731465,100
wg,-66.896128779275,22.103871220724997,100
gf,-15.390619682531051,73.60938031746895,100
fn,-13.340678221459605,57.659321778540395,100
yd,-45.275695343733425,28.724304656266575,100
gb,-22.897424843960977,88.10257515603902,100
qy,-95.08549454609553,94.91450545390447,100
lt,-3.198508442834705,71.80149155716529,100
xf,-86.10917353694536,30.89082646305464,100
fl,-90.34416196545739,0.6558380345426061,100
pf,-32.789824223234035,78.21017577676596,100
kt,-42.78236506739471,66.21763493260529,100
ac,-51.21647398350609,1.7835260164939122,100
ch,-85.87536742613514,95.12463257386486,100
oq,-27.177138632485793,27.822861367514207,100
pg,-56.32679753160805,19.67320246839195,100
oq,-68.11912969409322,45.88087030590678,100
mx,-59.723702541567675,27.276297458432328,100
fq,-20.806214459228432,66.19378554077157,100
df,-43.12126743882257,32.87873256117743,100
gt,-83.43892689987659,57.56107310012341,100
rq,-94.81351302015932,88.18648697984068,100
zx,-26.924795913756682,30.075204086243318,100
eb,0.9676091265520901,84.96760912655209,100
li,-80.06539235313976,46.93460764686024,100
st,-50.463322811672754,24.536677188327246,100
zp,-84.8362815272919,54.1637184727081,100
