cq,-0.545400308261869,98.45459969173812,100
sw,-4.971018025768744,9.028981974231256,100
bf,-89.06769606350139,48.93230393649861,100
cy,-8.686463326410621,43.313536673589375,100
ff,-67.21206030100747,26.787939698992535,100
nz,-35.42389754981479,30.576102450185207,100
ta,-25.85449018454132,56.14550981545868,100
wh,-79.26022518708648,87.73977481291352,100
he,-11.384603394008082,80.61539660599192,100
sk,-21.51243524357415,17.48756475642585,100
dc,-41.9140857182775,64.0859142817225,100
cy,-93.52279868846912,80.47720131153088,100
xp,-91.12305555896306,65.87694444103694,100
ci,-29.871398653118217,45.12860134688178,100
hv,-59.39572971108303,65.60427028891696,100
hs,-19.325880288399635,55.67411971160036,100
hl,-18.730536870022984,51.26946312997701,100
ya,-77.62987772469555,15.370122275304448,100
rb,-83.6806140121736,73.3193859878264,100
ke,-82.71319205955837,73.28680794044163,100
db,0.8581634333887482,18.858163433388746,100
ix,-81.11369245759698,73.88630754240302,100
kv,-87.95349423587821,4.046505764121785,100
th,-35.58483940815721,29.41516059184279,100
sn,-50.98451425012655,76.01548574987345,100
jv,-87.48260643067097,2.517393569329028,100
wa,-47.33112110110666,63.66887889889334,100
qx,-38.264075693195345,63.735924306804655,100
gu,-76.86973408498078,9.130265915019228,100
qt,-22.844530737415553,86.15546926258445,100
eo,-1.73412692737316,71.26587307262685,100
my,-50.379204985339655,83.62079501466035,100
ux,-71.39513190843465,51.60486809156536,100
uh,-11.081388638187724,71.91861136181228,100
pj,-21.221142727220684,59.77885727277932,100
eq,-83.7182105739549,36.2817894260451,100
yk,-2.70638207396651,83.29361792603349,100
ap,-49.37004473575117,90.62995526424882,100
sd,-72.87870509872147,79.12129490127853,100
vy,-36.4808240465139,6.519175953486096,100
dx,-45.34008120661262,8.659918793387376,100
oz,-67.7180811236287,33.2819188763713,100
xw,-9.027942802619107,41.97205719738089,100
vh,-32.59006579010867,39.40993420989133,100
vb,-35.19644757808616,76.80355242191384,100
rn,-13.4828395866976,85.5171604133024,100
xz,-17.386361818104948,34.61363818189505,100
os,-18.044350494353008,19.955649505646992,100
sd,-28.43745507681324,93.56254492318676,100
gp,-62.614983962309076,39.385016037690924,100
fj,-49.38274412665448,7.617255873345519,100
xu,-19.590824929045663,63.40917507095434,100
ab,-43.45826856993402,52.54173143006598,100
up,-25.197771866807955,16.802228133192045,100
io,-66.8583820671143,81.1416179328857,100
gc,-22.829383696236505,97.1706163037635,100
ve,-47.48293556025834,11.51706443974166,100
kj,-28.08015024670211,77.9198497532979,100
zl,-26.73869953965669,28.26130046034331,100
rn,-32.22453986978015,48.77546013021985,100
zx,-30.773135640866506,92.2268643591335,100
cc,-60.56515250379483,63.43484749620517,100
zl,-76.8584950831389,26.141504916861088,100
jl,-32.666309190238685,69.33369080976132,100
gz,-95.84146463803457,92.15853536196543,100
hz,-94.2484574490542,46.75154255094581,100
ck,-84.8951349152667,96.1048650847333,100
vu,-37.79394917055967,59.20605082944033,100
xs,-92.6025680701845,16.397431929815493,100
hy,-15.36935546513164,1.6306445348683596,100
gl,-97.32283662189612,60.677163378103884,100
go,-33.945956861126014,36.054043138873986,100
lb,-84.6501770856088,82.3498229143912,100
ey,-72.14974372965271,86.85025627034729,100
ch,-6.519660773854817,79.48033922614519,100
sa,-92.28053490628487,47.71946509371513,100
mc,-29.28138389659344,62.71861610340656,100
cp,-38.31819880775854,41.68180119224146,100
qe,-18.27252595643973,25.72747404356027,100
mn,-83.48132259235351,38.518677407646486,100
zb,-54.57315688539761,23.426843114602395,100
mb,-38.28391329213854,88.71608670786146,100
sf,-76.13152420500123,44.86847579499878,100
qc,-89.28833016822303,84.71166983177697,100
lo,0.20225742757680865,36.20225742757681,100
dy,-54.85968854365731,47.14031145634269,100
pp,-56.73145353873644,49.26854646126356,100
nh,-82.88764450694508,92.11235549305492,100
pe,-97.73067740223766,22.269322597762347,100
su,0.7584029417691025,63.758402941769106,100
sk,-28.884270892972687,17.115729107027313,100
ob,-90.16350266200155,70.83649733799845,100
io,-24.39594008220044,70.60405991779956,100
ri,-90.09962394142518,8.900376058574826,100
hu,-16.26382489628358,65.73617510371642,100
yk,-38.05562371298817,22.944376287011828,100
gf,-39.05285543254765,79.94714456745234,100
xv,-10.423090624973351,24.57690937502665,100
yh,-66.03298548796533,8.967014512034668,100
be,-72.39026178352375,14.609738216476249,100
us,-67.64218012721658,23.357819872783423,100
su,-75.69682955249188,71.30317044750812,100
ji,-29.90543606045986,0.09456393954013964,100
iv,-61.72349782411332,41.27650217588668,100
xq,-43.52904520458684,65.47095479541316,100
wm,-65.33335002218703,20.66664997781296,100
ko,-63.69008280548625,66.30991719451374,100
bd,-32.43690970791479,95.5630902920852,100
vl,-85.00865428285262,77.99134571714738,100
aq,-1.0198859447262225,85.98011405527377,100
ln,-63.111570482186416,13.88842951781358,100
jp,-82.7379377861832,31.262062213816808,100
ux,-92.74776772234641,20.252232277653597,100
ji,-83.04807912301808,83.95192087698192,100
pn,-44.82954737562519,5.170452624374812,100
tl,-43.573568178479526,63.426431821520474,100
lc,-94.48223511476778,50.51776488523223,100
kx,-62.351549572762764,95.64845042723724,100
cd,-84.51369949433794,18.486300505662054,100
nl,-41.012209972774976,76.98779002722502,100
pa,-67.05670891885768,57.94329108114231,100
er,-39.60352789889716,59.39647210110284,100
nh,-73.4806223113294,49.51937768867061,100
dy,-1.7982039496714601,50.20179605032854,100
gu,-39.72958859536388,9.270411404636125,100
zi,-70.74679783344821,29.253202166551787,100
if,-95.92912310677774,77.07087689322226,100
wu,-44.14678055277804,68.85321944722196,100
hz,-29.86783734195861,27.13216265804139,100
ng,-7.9687456431447865,13.031254356855214,100
wp,-68.27882156342608,54.72117843657392,100
eh,-72.53032067679707,10.469679323202923,100
vd,-10.987853814999351,97.01214618500065,100
be,-63.813027537896744,49.186972462103256,100
wb,-46.45867772336423,16.541322276635768,100
nk,-56.408389896176864,39.591610103823136,100
am,-63.6833830592186,59.3166169407814,100
aq,-74.86485700265696,96.13514299734304,100
nx,-21.251611879780242,18.748388120219758,100
ai,-29.61320908146302,17.38679091853698,100
ey,-24.8859922438714,57.1140077561286,100
il,-77.22743837020941,51.77256162979059,100
bo,-13.353412655275209,79.6465873447248,100
uh,-27.141071785541598,49.8589282144584,100
ji,-66.94388412244166,14.056115877558337,100
sx,-57.23051470546148,3.769485294538517,100
lj,-29.96952764690106,9.03047235309894,100
uz,-26.458563131360542,92.54143686863945,100
ga,-2.7138410900377146,27.286158909962285,100
ym,-42.61899847822801,26.381001521771992,100
it,-71.4556405395512,80.5443594604488,100
jh,-15.106366630344692,83.8936333696553,100
fd,-5.539524745003093,71.46047525499691,100
rw,-31.270047573255827,75.72995242674418,100
dx,-76.24583745696255,4.7541625430374586,100
wz,-57.46950467829662,15.530495321703379,100
jg,-5.855039276944227,71.14496072305577,100
ir,-53.99988173273771,80.00011826726228,100
xl,-48.82142050570456,76.17857949429545,100
zz,-51.62084514673947,30.37915485326053,100
tb,-83.96498900350592,20.035010996494073,100
yp,-52.61059008421406,62.38940991578594,100
ev,-41.241930014042154,7.758069985957842,100
gf,-6.539226809365825,31.460773190634175,100
be,-36.38389888579198,43.61610111420802,100
zp,-95.52572334553275,20.474276654467243,100
ua,-74.66457564124053,70.33542435875947,100
tk,-65.93452039632356,58.06547960367644,100
oo,-26.247956534007653,38.75204346599235,100
ah,-23.59147944807033,3.408520551929671,100
zw,-0.23379329789588532,23.766206702104114,100
ol,-30.579523358972196,56.420476641027804,100
gj,-32.828176636424146,69.17182336357585,100
be,-96.80697279916937,10.193027200830633,100
wp,-20.649540766539424,22.350459233460576,100
ur,-79.79366778963714,93.20633221036286,100
iq,-4.020588178927126,42.97941182107287,100
ex,-7.773645120473061,46.22635487952694,100
gq,-6.043970369357447,31.956029630642554,100
hm,-67.6659670470248,36.334032952975214,100
wd,-52.96789017524139,9.032109824758608,100
xd,0.42101646499084555,19.421016464990846,100
pn,-60.9944941287555,45.0055058712445,100
al,-78.37398036841446,91.62601963158554,100
hq,-8.273822505558313,98.72617749444169,100
mj,-86.64555760666819,36.3544423933318,100
qb,-31.537043138664757,45.46295686133524,100
wg,-80.1189471530457,90.8810528469543,100
rr,-2.2269587003022533,85.77304129969775,100
tw,-48.84863015127578,36.15136984872422,100
vt,-82.2191734359522,97.7808265640478,100
hs,-35.01168881769396,43.98831118230604,100
sm,-44.20323115012406,90.79676884987593,100
rj,-95.24804339253122,15.751956607468784,100
be,-72.55104756157198,84.44895243842802,100
zx,-57.72622622403533,97.27377377596467,100
ba,-41.29605881836207,43.70394118163793,100
bb,-11.991751762470955,35.008248237529045,100
gu,-44.21594803522988,73.78405196477013,100
wo,-44.29821079001983,71.70178920998016,100
tm,-23.006371676564363,28.993628323435637,100
dt,-9.154253622529554,15.845746377470446,100
kx,-20.610037501052506,65.3899624989475,100
ew,-20.721306668349843,77.27869333165016,100
yn,-43.65297573829253,46.34702426170747,100
uf,-32.72154698602023,11.278453013979771,100
me,-96.56951844911721,74.43048155088279,100
mx,-33.26555952529426,71.73444047470575,100
ur,-65.2068784895499,70.7931215104501,100
xd,-83.99068348798052,88.00931651201948,100
wg,-37.06173166347349,62.93826833652651,100
rx,-6.019345828411223,10.980654171588778,100
ur,-80.44506196890927,81.55493803109073,100
bv,-35.93623041111119,49.06376958888881,100
vm,-89.91659567039584,21.08340432960417,100
bu,-60.87038606434325,94.12961393565675,100
jh,-8.098110438222587,50.901889561777416,100
tv,-96.74405626039349,9.255943739606506,100
zp,-61.700300567629014,69.29969943237099,100
oe,-68.44642280562914,64.55357719437086,100
mm,-10.189715934296606,4.810284065703394,100
vi,-66.957528971899,7.042471028101001,100
jl,-9.073315090043781,15.926684909956219,100
ee,-3.2676776366590934,94.73232236334091,100
wz,-61.49465642801036,64.50534357198964,100
nu,-62.59984833098494,85.40015166901506,100
jp,-37.5164833369946,3.4835166630054024,100
fy,-37.565632825917845,59.434367174082155,100
ur,-53.12167555429413,54.87832444570587,100
ip,-29.11910014054245,38.88089985945755,100
nt,-6.985593545689705,96.01440645431029,100
su,-31.543722174569343,26.456277825430657,100
ln,-83.50380201258932,57.49619798741068,100
zd,-56.89942743646277,67.10057256353723,100
ke,-84.45724966052754,87.54275033947246,100
aj,-6.499203473290528,71.50079652670946,100
mk,-43.70238850794259,30.29761149205741,100
yx,-9.162391274201624,72.83760872579838,100
rb,-5.902502596152929,94.09749740384707,100
qz,-83.2086269906245,71.7913730093755,100
cu,-81.77815443911794,23.22184556088206,100
ol,-79.75082625844401,5.249173741555988,100
ms,-59.002360493093576,6.997639506906422,100
ap,-14.368010628456137,97.63198937154387,100
fn,-70.58002313355098,28.41997686644902,100
fc,-48.654401338429636,93.34559866157036,100
eb,-73.42983423631632,85.57016576368368,100
cw,-0.4796495164136416,94.52035048358636,100
hu,-90.57774992569676,7.42225007430324,100
hb,-65.44453812469644,8.55546187530356,100
om,-69.98655465444907,59.013445345550934,100
hw,-25.890692793747352,64.10930720625265,100
ud,-93.99348694496479,22.006513055035217,100
uq,-29.098414112735217,48.90158588726479,100
eg,-72.22966871404535,48.77033128595466,100
vs,-30.115163016835922,37.88483698316408,100
el,-72.70784361076035,18.292156389239643,100
zg,-94.87721272672087,4.122787273279129,100
kh,-68.20631777652912,10.793682223470885,100
sl,-46.80820235190146,94.19179764809854,100
uh,-94.37148982248772,55.62851017751228,100
ve,-13.346442468308847,67.65355753169115,100
zl,-39.159914860944646,72.84008513905536,100
gs,-7.746539436184828,7.253460563815172,100
oz,-73.29983236569025,96.70016763430975,100
fz,-32.30401828916702,87.69598171083298,100
xv,-77.9956161448408,64.0043838551592,100
si,-64.53482523985487,60.465174760145125,100
re,-58.160638308364234,2.8393616916357627,100
zw,-69.30162295593647,26.69837704406354,100
ps,-39.19597144502221,53.80402855497779,100
kd,-70.7191235461346,81.2808764538654,100
ky,-15.314218055376545,68.68578194462346,100
gs,-42.21238402413737,55.78761597586263,100
hw,-35.37761657901013,39.62238342098987,100
qs,-91.03826501197386,25.961734988026144,100
zh,-35.6251630400766,56.3748369599234,100
zy,-23.641096381461626,58.35890361853838,100
wz,-58.90061931445713,95.09938068554287,100
lm,-87.457235959253,58.542764040746995,100
uz,-74.02347481941139,63.9765251805886,100
gp,-56.67890185345576,85.32109814654423,100
fl,-73.56165577411176,48.43834422588824,100
od,-43.804486806135095,39.195513193864905,100
mz,-74.61141258039632,29.38858741960368,100
mq,-7.853661482491355,34.146338517508646,100
yt,-41.692183555455024,9.307816444544978,100
mh,-27.14165214430212,18.85834785569788,100
tr,-2.702972810952571,87.29702718904743,100
sh,-88.84895983992254,4.151040160077459,100
ym,-93.44069325198821,56.559306748011785,100
nh,-16.176314632814226,68.82368536718577,100
yu,-44.36113583065292,83.63886416934709,100
ri,-82.33381358049284,84.66618641950716,100
oi,-33.295380626263004,81.704619373737,100
eh,-78.20436655417203,96.79563344582797,100
wc,-3.4588340506051036,31.541165949394895,100
kg,-20.38551247550991,51.61448752449009,100
ci,-53.50509604168848,51.49490395831152,100
cz,-79.85748545097084,44.14251454902916,100
ml,-54.01382970578526,16.986170294214737,100
rm,-2.4936864496392905,89.50631355036072,100
uk,-76.86892731266738,86.13107268733262,100
ip,-84.55745103294231,66.44254896705769,100
pv,-50.70946713096531,61.29053286903469,100
ul,-29.422233409252367,15.577766590747633,100
zh,-20.91514026058238,60.08485973941762,100
ev,-32.88616904453844,4.11383095546156,100
lx,-9.626814615211602,28.3731853847884,100
sp,-80.04055198918816,29.959448010811847,100
tj,-10.054000154845609,20.94599984515439,100
zt,-36.94039530305759,65.0596046969424,100
eh,-29.772093555740575,45.227906444259425,100
gz,-90.87288233815805,37.12711766184196,100
fk,-85.5392106749838,50.46078932501619,100
fw,-14.065565436405619,6.934434563594382,100
ex,-64.05423597721254,39.945764022787465,100
mb,-64.7380452898733,79.2619547101267,100
bf,-9.980926431000297,95.0190735689997,100
lr,-14.615366482589259,59.38463351741074,100
kv,-27.705641183186554,69.29435881681344,100
bi,-48.64275655955231,37.35724344044769,100
zm,-25.45445509773473,90.54554490226526,100
ag,-18.541160431554353,45.45883956844565,100
un,-2.282861080056766,91.71713891994324,100
jb,-2.7535998632961265,67.24640013670387,100
ft,-96.71142677063877,70.28857322936123,100
qk,-95.06402511174124,41.935974888258755,100
ov,-68.30410383708598,5.695896162914031,100
iu,-92.1583841518443,72.8416158481557,100
pl,-47.83769283203451,69.1623071679655,100
ma,-75.37316391314985,62.62683608685015,100
vh,-11.654333851542626,80.34566614845737,100
qp,-90.2398167430383,66.7601832569617,100
if,-55.759334420426974,97.24066557957303,100
nl,-12.232188662754755,72.76781133724525,100
il,-74.8666223830767,2.1333776169233025,100
sd,-43.15554162250754,15.844458377492458,100
op,-26.376352468168626,21.623647531831374,100
in,-81.60279143351255,35.39720856648745,100
lo,-61.8060560170296,31.1939439829704,100
zz,-35.412281460303134,66.58771853969687,100
cr,-81.44701322762158,51.55298677237842,100
nm,-18.92647482889658,79.07352517110343,100
tp,-2.7671192185313624,10.232880781468637,100
vl,-51.39743149889689,61.60256850110311,100
uo,-5.95570426335777,92.04429573664223,100
om,-93.13896686919179,13.861033130808217,100
un,-71.44938708570979,7.550612914290212,100
ze,-43.55888605775262,23.441113942247377,100
ti,-30.20898130793725,4.791018692062748,100
gn,-60.75074633726721,94.2492536627328,100
sf,-75.7551890179018,82.2448109820982,100
wa,-61.470280178231924,28.529719821768072,100
xc,-2.6096095983837877,75.39039040161622,100
wx,-17.575034009175805,85.42496599082419,100
vy,-12.267063460644671,40.73293653935533,100
ck,-60.049775667238386,19.950224332761614,100
lk,-90.30870894883165,47.69129105116835,100
jq,-69.84476934225451,79.15523065774549,100
yp,-83.97818824215216,96.02181175784784,100
dr,-71.32912189231624,40.67087810768376,100
mg,-94.85290306247732,64.14709693752268,100
jv,-85.02845988213983,24.971540117860172,100
gu,-67.09215658454877,27.90784341545122,100
mb,-67.14192689098944,98.85807310901056,100
hq,-11.790051545142687,54.20994845485731,100
ut,-60.01829846905187,13.98170153094813,100
fa,-62.13571200521671,71.8642879947833,100
ws,-59.00032910778692,76.99967089221308,100
hu,-82.36449177758988,23.63550822241013,100
lj,-50.304164621612145,96.69583537838786,100
ef,-86.36416063940369,90.63583936059631,100
ma,-21.836332247316207,87.16366775268379,100
sj,-11.80694216154625,89.19305783845375,100
gw,-21.89120217320935,46.10879782679065,100
wu,-62.439047309519,52.560952690481,100
fa,-31.37621967844377,1.6237803215562292,100
os,0.15989706211343702,40.15989706211344,100
cs,-81.36024953973731,66.63975046026269,100
en,-75.71467557071138,9.285324429288625,100
zo,-21.559710580525238,9.440289419474762,100
rw,-28.259566518445446,29.740433481554554,100
ae,-57.869532439557055,69.13046756044294,100
xk,-17.585165648977956,23.414834351022044,100
lb,-73.05842840594507,61.94157159405494,100
ok,-89.9186868804986,14.081313119501402,100
dg,-25.29897224022308,66.70102775977692,100
jp,-47.15853632660926,8.841463673390743,100
ca,-54.28094928391833,64.71905071608167,100
as,-19.783515590056634,27.216484409943366,100
md,-27.556531139413735,10.443468860586266,100
lq,-6.178428924927723,44.82157107507228,100
hp,-27.105898784855555,48.894101215144445,100
jz,-50.692074763502205,1.3079252364977965,100
cy,-67.15995427093216,31.840045729067832,100
dd,-54.592421362732274,89.40757863726772,100
mw,-59.96058411981894,69.03941588018107,100
yp,-21.53585825401586,98.46414174598414,100
co,-49.839953144381,43.160046855619,100
ap,-29.92731256616941,56.07268743383059,100
nu,-94.92884439451154,39.07115560548846,100
xe,-94.65971877360857,71.34028122639143,100
qk,-35.69045413067402,69.30954586932597,100
af,-44.789838418885765,96.21016158111424,100
bv,-45.386624741199654,41.613375258800346,100
uw,-49.25491689721902,23.745083102780978,100
ho,-67.82806176644543,80.17193823355457,100
ys,-28.17314090881151,5.8268590911884885,100
ia,-81.7079351557542,11.292064844245798,100
yz,-74.33868983452561,2.6613101654743962,100
jo,-8.99414795756952,37.005852042430476,100
be,-79.4144731718775,29.58552682812249,100
lc,-73.18939737619701,71.81060262380299,100
oy,-30.687655220150674,43.312344779849326,100
tt,-58.24001879562572,51.75998120437428,100
mv,-75.65883918543047,33.341160814569534,100
rl,-77.17043326732279,68.82956673267721,100
sb,-14.592457763493892,77.4075422365061,100
yn,-9.235022447664111,27.76497755233589,100
pk,-73.81510018897104,91.18489981102896,100
jd,-40.651327734419354,49.348672265580646,100
wd,-80.44476553946971,17.555234460530293,100
hw,-90.72134224832524,30.278657751674757,100
de,-70.74738975731273,83.25261024268727,100
hf,-22.426421481049523,31.573578518950477,100
ql,-13.659508918255089,8.340491081744911,100
kx,-77.8166514300319,15.183348569968109,100
ef,-16.914650560409477,73.08534943959052,100
po,-55.69410295327771,71.3058970467223,100
am,-40.59266572312925,64.40733427687076,100
fq,-59.09222067051351,47.90777932948649,100
df,-10.724435817352418,50.27556418264758,100
ke,-59.84726854742917,2.1527314525708334,100
gu,-25.436758898302717,29.563241101697283,100
gw,-63.58337477975888,29.416625220241123,100
lb,-8.797642206267934,39.20235779373206,100
bb,-97.70335334625457,80.29664665374543,100
vb,-20.76881210456934,54.23118789543066,100
gt,-61.25773270093396,52.74226729906604,100
au,-52.774102447981356,9.225897552018644,100
we,-92.39048801072394,49.60951198927606,100
mq,-2.186683391179733,46.813316608820266,100
qe,-36.57442557452018,29.425574425479827,100
qr,-78.43412462269944,45.56587537730056,100
xt,-39.881198863855495,86.1188011361445,100
ud,-61.650238840551374,7.349761159448623,100
xk,-62.49873473666406,57.50126526333594,100
uk,-4.271751865833228,78.72824813416678,100
ou,-82.23490343976974,76.76509656023026,100
dl,-5.494591608089635,76.50540839191036,100
vm,-43.201940837225166,18.798059162774834,100
ug,-34.37885769180178,49.62114230819822,100
ou,-86.34922032720127,83.65077967279873,100
mm,-68.36879368734512,33.631206312654875,100
ld,-97.34164298779065,55.65835701220934,100
mh,-53.247474998202215,88.75252500179779,100
qw,-41.67410356058706,48.32589643941294,100
rv,-95.91220162146224,11.087798378537755,100
pn,-8.954258906392814,83.04574109360719,100
oe,-90.27313457640538,88.72686542359462,100
ca,-32.82407821581557,2.1759217841844345,100
jg,-50.62030731096095,18.379692689039047,100
sj,-30.10981342359845,69.89018657640155,100
rw,-77.51457111297245,32.48542888702755,100
lo,-83.92877980174416,66.07122019825584,100
gs,-0.7536194410844475,65.24638055891555,100
lu,-60.72508245222745,19.274917547772557,100
yo,-16.189656777846654,79.81034322215335,100
pn,-56.063175206241134,10.936824793758865,100
rd,-71.29365153473766,21.706348465262344,100
li,-11.248633290203891,25.75136670979611,100
ix,-35.170501750153505,82.8294982498465,100
iv,-6.049544750347154,7.950455249652846,100
fs,-57.987261854200376,2.012738145799621,100
oj,-68.85601613167758,75.14398386832242,100
jk,-78.94489516415366,36.05510483584634,100
xe,-10.754929371253528,13.245070628746472,100
ym,-94.26599538208896,44.73400461791103,100
zr,-95.97992515689542,45.020074843104574,100
il,-44.686905630195206,50.313094369804794,100
cy,-10.519232248587267,32.480767751412735,100
zp,-82.47866984772735,93.52133015227265,100
yi,-8.745533694470428,36.254466305529576,100
cq,-24.01367858204069,79.9863214179593,100
fy,-55.562845827654485,20.43715417234551,100
uq,-35.47993918493526,39.52006081506474,100
si,-77.33425999217107,56.66574000782892,100
dv,-42.824641045209155,15.175358954790843,100
ob,-60.82069123845608,89.17930876154392,100
vc,-76.7175212584925,67.2824787415075,100
hs,-26.265001676760182,86.73499832323982,100
ok,-34.676778079025894,25.323221920974103,100
wr,-90.64903451275534,72.35096548724466,100
tz,-69.26541220288068,64.73458779711932,100
ea,-28.787554140356146,14.212445859643855,100
iw,-3.2208712274082307,25.77912877259177,100
at,-2.1235294634947195,22.87647053650528,100
kl,-82.47044151246526,15.529558487534748,100
cv,-9.556231806151642,4.443768193848358,100
tp,-82.3305165480879,4.669483451912098,100
