nyt,-54.89024124702104,66.10975875297896,1000
bkn,-2.2143283104138147,34.78567168958619,1000
twf,-68.17679086521564,7.823209134784369,1000
lnq,-43.29321805850479,39.70678194149521,1000
hxs,-82.48688905805727,49.51311094194273,1000
qlv,-4.735106911794487,55.26489308820551,1000
mgz,-71.10342778263413,93.89657221736587,1000
aga,-10.650822229720667,9.349177770279333,1000
rvz,-13.441846113677776,10.558153886322224,1000
vaz,-96.85549816957203,16.14450183042797,1000
gmb,-27.502285250312664,35.49771474968733,1000
ngi,-10.298829200384374,82.70117079961562,1000
lzt,-40.1954283692498,58.8045716307502,1000
bhe,-41.75502447295452,42.24497552704548,1000
sfr,-43.2218802806191,16.778119719380904,1000
tyv,-95.65592267614403,46.34407732385597,1000
ncd,-9.150765634277597,81.8492343657224,1000
bcg,-55.00378689245045,88.99621310754955,1000
bkp,-46.01211710181016,98.98788289818984,1000
vkv,-56.496461553720835,3.5035384462791654,1000
ynm,-87.2945544092835,36.705445590716494,1000
zev,-23.293334689864334,15.706665310135667,1000
ubc,-56.98286643153959,68.01713356846041,1000
biv,-19.104007334196147,33.89599266580385,1000
kcm,-52.67429991745905,18.325700082540948,1000
bwd,-95.02912727801571,50.97087272198429,1000
kwy,-34.30565348017526,73.69434651982475,1000
kny,-7.993710231513106,50.006289768486894,1000
pxq,-59.881432967225166,75.11856703277483,1000
eqk,-40.66271054462093,37.33728945537907,1000
kfy,-10.555380659594626,77.44461934040538,1000
zsd,-41.661932647002814,10.338067352997182,1000
blc,-30.649797997628077,72.35020200237193,1000
mbi,-93.53053204206387,76.46946795793613,1000
ifo,-95.22528573268406,82.77471426731594,1000
fid,-78.95506953937742,22.04493046062258,1000
dii,-85.23205747794346,51.76794252205654,1000
wcu,-25.421915875552536,28.578084124447464,1000
pxh,-46.95754624819204,71.04245375180797,1000
wmc,-23.773819212920017,55.22618078707998,1000
fhv,-91.82309023053048,43.17690976946952,1000
paw,-60.962496584645876,81.03750341535412,1000
cku,-95.97686531240393,86.02313468759607,1000
dcc,-50.23072690104946,1.7692730989505425,1000
axq,-24.601622211521832,28.398377788478168,1000
hjc,-37.681482759420255,59.318517240579745,1000
hvn,-47.508526301251024,53.491473698748976,1000
tsw,-50.20931563337059,69.7906843666294,1000
sxp,-75.99813806344369,0.0018619365563140589,1000
sxm,-7.288432517060618,15.711567482939383,1000
ufd,-63.69787227605788,41.30212772394212,1000
xjw,-46.3793760672172,87.6206239327828,1000
sqd,-32.7482003254979,57.2517996745021,1000
pqs,-23.423891502866788,78.57610849713322,1000
sze,-75.04966652600483,40.950333473995165,1000
bkg,-87.4648246696615,45.535175330338504,1000
qma,-2.2497842912518426,90.75021570874816,1000
oxl,-24.176980820654247,4.823019179345753,1000
pcy,-96.81001724349494,79.18998275650506,1000
bma,-97.29770570990426,94.70229429009574,1000
xue,-90.34030316450881,43.6596968354912,1000
etf,-92.7616726024607,71.2383273975393,1000
nim,-95.11915221861308,3.8808477813869193,1000
gpi,-1.7890836053975057,75.21091639460249,1000
asj,-86.51101525422814,46.48898474577185,1000
vyw,-14.129520349036312,39.87047965096369,1000
syu,0.22514321812324567,18.225143218123247,1000
ahc,-20.897893816471218,58.10210618352878,1000
aoe,-4.58409902216651,48.41590097783349,1000
uzw,-32.228906966239926,43.771093033760074,1000
ujo,-48.453939537458055,50.546060462541945,1000
eql,-18.527160551169,1.472839448830999,1000
unr,-43.476887759068006,78.523112240932,1000
zfh,-33.62689377519474,0.37310622480526523,1000
shc,-13.495987120779425,83.50401287922057,1000
hwi,-35.72090307182005,8.279096928179953,1000
fox,-95.9655061162772,28.034493883722796,1000
edg,-69.89631223192762,36.10368776807237,1000
qep,-65.33410334440222,49.66589665559778,1000
wlx,-35.957478729281675,22.04252127071833,1000
ubi,-17.16276888959733,69.83723111040267,1000
idy,-30.545021536398856,22.454978463601144,1000
rwc,-85.17889167822527,35.82110832177474,1000
uyo,-93.4122032247418,94.5877967752582,1000
mwb,-14.62509567675797,67.37490432324203,1000
rba,-2.441332943291445,74.55866705670856,1000
qvg,-60.66593697067713,90.33406302932288,1000
uqy,-84.09397301918091,4.906026980819087,1000
lvk,-10.016313655095585,30.983686344904413,1000
eby,-23.048639383898447,85.95136061610155,1000
dez,-45.49134300506589,26.50865699493411,1000
apw,-63.16804419620833,11.831955803791676,1000
otx,-74.150910879219,17.849089120781002,1000
vee,-24.640443775651217,72.35955622434878,1000
sgs,-80.6577407716389,9.342259228361106,1000
bqa,-64.19047696901613,52.80952303098387,1000
npf,-96.2167485575956,19.78325144240441,1000
tny,-85.39192247138081,65.60807752861919,1000
lrc,-14.766590246212708,19.233409753787292,1000
rbf,-38.70776898635927,29.292231013640727,1000
hxr,-11.272059545972377,94.72794045402762,1000
