zcf,-59.74990661119786,25.250093388802142,1000
vfk,-21.323570659077347,83.67642934092265,1000
ula,-58.84942314123753,63.15057685876247,1000
tte,-34.88624953280182,66.11375046719819,1000
zas,-61.16187666688705,37.83812333311295,1000
qsh,-53.67074495239616,59.32925504760384,1000
kzm,-30.07165380994562,58.928346190054384,1000
ifd,-16.894007782993544,61.10599221700645,1000
pwh,-5.343537575502442,53.656462424497555,1000
wkq,0.7762995608430194,77.77629956084301,1000
wcp,-6.75611327273044,51.24388672726956,1000
tek,-89.96846471496463,19.03153528503538,1000
qve,-19.78842171540461,74.21157828459539,1000
gzh,-22.95444386011624,38.045556139883765,1000
twl,-70.32410126156553,16.675898738434473,1000
son,-10.35374430596032,32.64625569403968,1000
qnu,-89.09862235992081,54.90137764007919,1000
kcd,-65.852918408792,10.147081591208002,1000
cqm,-90.5489116632838,62.4510883367162,1000
hth,-29.347632956428647,47.65236704357135,1000
xym,-26.799922922276668,41.20007707772333,1000
srf,-60.528120388714946,36.471879611285054,1000
nnb,-60.42642329470131,60.57357670529869,1000
hzh,-9.582522903416159,52.417477096583845,1000
dnt,-73.49802895998998,8.501971040010014,1000
sdl,-57.43215441117708,43.56784558882292,1000
jok,-74.01532588483133,23.984674115168676,1000
yfi,-83.37283507583277,63.62716492416724,1000
hab,-78.3072479542541,31.6927520457459,1000
hoa,-35.84595250944994,35.15404749055006,1000
wru,-81.01566449944914,3.984335500550857,1000
vhz,-52.55988359083434,54.44011640916566,1000
yik,0.9037455898174839,95.90374558981749,1000
dpo,-54.746027509595656,26.25397249040434,1000
cnx,-68.03692478571926,32.96307521428074,1000
rct,-23.321252802160107,32.6787471978399,1000
fcp,-71.39149198426244,39.60850801573756,1000
ljm,-52.751343023564885,59.248656976435115,1000
lxl,-80.39987687112848,19.60012312887151,1000
ziv,-43.83739165225907,10.162608347740925,1000
rvf,-86.40656258119436,16.59343741880563,1000
exw,-36.28906299178408,63.71093700821592,1000
cfc,-82.46373838603635,51.536261613963646,1000
cpu,-42.69601039434284,47.30398960565716,1000
flw,-95.2227116100524,70.7772883899476,1000
uoo,-96.62274408663664,7.377255913363361,1000
bet,-80.91944639913831,79.08055360086169,1000
fef,-37.030368760509184,88.96963123949082,1000
fiy,-35.633958903202924,42.366041096797076,1000
iys,-94.29488563757604,26.70511436242396,1000
gjj,-87.27716233020759,96.72283766979241,1000
fde,-63.34492480079472,58.65507519920528,1000
wlo,-38.784054140528426,73.21594585947157,1000
gsj,-45.69443639241539,58.30556360758461,1000
nmh,-33.468328918833194,1.5316710811668026,1000
uqf,-97.37490927774688,62.62509072225313,1000
wzv,-77.91535831543568,74.08464168456432,1000
qnn,-69.26010095167399,1.739899048326007,1000
lel,-4.270317573970953,75.72968242602904,1000
vbd,-89.03020786850168,24.96979213149832,1000
oti,-52.14369206617309,86.85630793382691,1000
ipw,-6.2254262918258245,76.77457370817417,1000
ypn,-97.24237531651417,67.75762468348583,1000
lwo,-70.7229649709698,17.277035029030205,1000
rea,-76.30612650483982,85.69387349516018,1000
ydz,-74.52128213162028,53.47871786837972,1000
cwe,-61.616230184829604,41.383769815170396,1000
nsy,-49.21816642804571,4.781833571954286,1000
mrr,-67.00522967057539,76.99477032942461,1000
fnb,-70.59271191567558,32.40728808432443,1000
nao,-33.37756685559498,63.62243314440502,1000
ini,-23.088579946784087,42.91142005321591,1000
gdf,-70.05865893662094,59.941341063379056,1000
fto,-10.104593947073296,13.895406052926704,1000
jdm,0.44872394809630367,90.4487239480963,1000
ajh,-5.258568111774932,1.7414318882250683,1000
yur,-5.767003460899945,15.232996539100055,1000
ajg,-74.38272853643689,78.61727146356311,1000
dvi,0.0775212292645392,9.077521229264539,1000
ikw,-6.399345394564355,43.60065460543564,1000
zkx,-9.818046259709257,17.18195374029074,1000
hof,-49.71732372512668,29.282676274873317,1000
gqn,-17.312936482721543,73.68706351727846,1000
vnr,-25.99983223289539,36.000167767104614,1000
gzn,-11.966493255269265,97.03350674473073,1000
qdy,-96.44729668681681,87.55270331318319,1000
lzb,-23.724615305587026,87.27538469441298,1000
awh,-11.539767739982144,55.460232260017854,1000
ayf,-4.097307233736951,30.902692766263048,1000
nhx,-34.67712989609053,51.32287010390947,1000
isn,-59.89289435414996,7.10710564585004,1000
mlu,-47.4122937513219,86.5877062486781,1000
vdp,-38.1461176897061,18.853882310293898,1000
hhp,-4.788329111386951,84.21167088861304,1000
wya,-11.192921595387325,15.807078404612675,1000
acx,0.8568912766683554,89.85689127666835,1000
jfx,-64.18096804939543,21.819031950604572,1000
jyi,-96.89299632091208,14.107003679087928,1000
ezy,-64.44749900157066,17.552500998429338,1000
dza,-86.63130118889944,31.368698811100565,1000
ykd,-96.2683016937385,22.73169830626151,1000
