mum,-40.619691122813805,12.380308877186192,1000
zag,-88.39778786571597,98.60221213428403,1000
ujl,-16.05705938189607,44.942940618103925,1000
vys,-80.1747071982692,95.8252928017308,1000
zcv,-89.28368973788568,28.716310262114327,1000
uac,-90.77874970319037,84.22125029680963,1000
sxh,-80.04916193344641,62.950838066553594,1000
mec,-18.799866947650383,93.20013305234961,1000
cjv,-90.87614419127327,90.12385580872673,1000
jzu,-5.907423896441627,87.09257610355837,1000
rgk,-94.77337912098724,11.22662087901276,1000
jsq,-4.066481663033947,83.93351833696605,1000
zrv,-86.225615575714,59.774384424286,1000
lbu,-20.532331357283105,68.46766864271689,1000
tmr,-17.549866284863747,64.45013371513625,1000
prq,-94.78357788702525,1.2164221129747554,1000
ttg,-67.9196845872655,91.0803154127345,1000
eqq,-84.13283900447,92.86716099553,1000
uyu,-32.71597551046387,47.28402448953613,1000
uzm,-48.44404773744964,89.55595226255036,1000
cqg,-0.15814842680035124,52.84185157319965,1000
ywe,-38.899149910548786,36.100850089451214,1000
pgt,-33.43069554061307,84.56930445938693,1000
goe,-95.62222201901663,73.37777798098337,1000
nwm,-44.429547969193955,66.57045203080605,1000
gys,-89.10845679868261,78.89154320131739,1000
evc,-37.932710918177605,69.0672890818224,1000
apd,-16.649304489572263,84.35069551042774,1000
ooq,-20.32953424108256,17.67046575891744,1000
qnq,-3.966132109311122,16.033867890688878,1000
vni,-30.72018244841871,91.27981755158129,1000
rku,-89.08129581617396,96.91870418382604,1000
kox,-28.088583650988255,18.911416349011745,1000
gmj,-48.96635798647792,44.03364201352208,1000
okx,-16.6809413001644,36.3190586998356,1000
utv,-21.744891068948395,13.255108931051604,1000
ffv,-57.63821311220375,9.361786887796248,1000
pyt,-18.762249884818267,17.237750115181733,1000
odq,-52.92690033991772,76.07309966008228,1000
laf,-33.9173385244452,16.0826614755548,1000
ton,-49.96880424103591,42.03119575896409,1000
hji,-82.02882799702446,32.97117200297554,1000
pzo,-70.46393546729276,39.536064532707236,1000
pbe,-56.9544025865402,25.045597413459806,1000
pzh,-1.4440627983319845,44.555937201668016,1000
sor,-6.394468811713226,47.605531188286776,1000
pyy,-36.95776347538875,35.04223652461125,1000
won,-53.93020552441804,32.06979447558196,1000
uha,-52.65585257823553,86.34414742176446,1000
nje,-76.39245016321404,56.607549836785964,1000
kjb,-1.474732586663901,35.525267413336096,1000
cil,-3.347594214626749,66.65240578537325,1000
uax,-7.013470458297354,45.986529541702645,1000
zbr,-73.95937277375339,89.04062722624661,1000
omk,-33.30404712522526,16.69595287477474,1000
lrs,-72.05155144847618,69.94844855152382,1000
exq,-35.99711451589687,23.002885484103132,1000
yoe,-82.7885199792127,4.211480020787299,1000
dmy,-81.62036763351485,97.37963236648515,1000
voc,-46.900751180920025,62.099248819079975,1000
yji,-78.2385044646776,44.761495535322396,1000
hfe,-42.454949585122,71.545050414878,1000
vef,-7.8596829118389415,14.140317088161058,1000
brv,-94.78532724871367,27.21467275128633,1000
iur,-48.54290218509022,42.45709781490978,1000
exg,-47.66211895976669,20.33788104023331,1000
yno,-30.976586772750355,19.023413227249645,1000
jjg,-26.702437425663362,30.297562574336638,1000
vyw,-0.934839690104546,38.065160309895454,1000
ogn,-37.97153570441573,4.02846429558427,1000
fjy,-97.6270258283536,53.3729741716464,1000
yjz,-1.8183641524875565,17.181635847512442,1000
yum,-37.696357040588865,54.303642959411135,1000
mst,-20.761535727014145,85.23846427298585,1000
akn,-87.72817198803473,15.271828011965265,1000
xha,-89.381865204313,29.618134795687,1000
oal,-14.098248872032416,8.901751127967584,1000
rtu,-32.76014462300834,64.23985537699166,1000
urd,-16.82569676840286,65.17430323159714,1000
doz,-82.1329731369216,59.8670268630784,1000
wzf,-81.42786504297679,96.57213495702321,1000
unk,-17.883022627437246,40.11697737256276,1000
dvt,-83.49649254625392,60.50350745374608,1000
ipq,-55.225339840432234,71.77466015956777,1000
bcn,-47.74476653821867,89.25523346178133,1000
xin,-12.154605169542556,61.845394830457444,1000
zsm,-27.897697747266076,55.10230225273393,1000
ell,0.672120619600547,96.67212061960055,1000
oum,-30.012006439574126,74.98799356042588,1000
osm,-93.75659762554258,31.243402374457414,1000
kzs,-62.26979588512759,36.73020411487241,1000
qyv,-4.053713316805411,27.94628668319459,1000
xrn,-90.60361922733821,38.39638077266178,1000
vyj,-42.69220302645003,91.30779697354997,1000
gqp,-86.0431927464765,18.9568072535235,1000
fop,-29.830465678459397,36.1695343215406,1000
jbw,-91.27100467069538,37.728995329304624,1000
glh,-30.263719395359992,47.73628060464001,1000
cad,-4.828902936396249,37.17109706360375,1000
pcc,-16.727076063891694,62.272923936108306,1000
roe,-32.96498541702572,79.03501458297428,1000