mig,-10.167837850647865,35.832162149352136,1000
hdr,-32.55294654465771,3.447053455342295,1000
lyx,-16.4157264484531,88.5842735515469,1000
pww,-64.22560078504817,23.77439921495183,1000
zlf,-89.24504166155411,57.754958338445896,1000
cpn,-97.9846390261149,55.01536097388509,1000
mjc,-6.485986633853621,84.51401336614637,1000
cif,-56.73414105616423,23.265858943835767,1000
lkh,-23.57538440510927,29.42461559489073,1000
rri,-90.61818243544435,12.381817564555641,1000
feh,-33.110989643387036,91.88901035661296,1000
dyf,-39.48156163731418,13.51843836268582,1000
xvz,-62.196076504984,24.803923495016,1000
kje,-91.46466829101232,23.53533170898768,1000
stm,-7.013800337352641,31.98619966264736,1000
vhh,-97.89182171496626,42.108178285033745,1000
gfp,-67.6205957866401,85.3794042133599,1000
itl,-53.06830867072287,20.93169132927713,1000
kyv,-11.943751038739988,3.0562489612600126,1000
xzk,-33.38334073967567,58.61665926032433,1000
icv,-19.895779463258933,48.10422053674107,1000
ddf,-53.141930683399146,28.858069316600854,1000
hul,-8.183536597063659,12.816463402936341,1000
hzv,-59.655695704904765,44.344304295095235,1000
bpv,-50.232536949186944,74.76746305081306,1000
ayv,-27.372044607864137,68.62795539213586,1000
duy,0.6230933784633793,26.62309337846338,1000
rdr,-41.677499949944384,85.32250005005562,1000
hcx,-37.32761763645019,74.67238236354981,1000
eqq,-57.251480293029026,80.74851970697098,1000
gml,-49.30112139191784,47.69887860808216,1000
jmk,-71.48252210182872,94.51747789817128,1000
vig,-60.34312594113585,12.65687405886415,1000
zuz,-87.03403288107184,95.96596711892816,1000
gws,-80.8229198989492,68.1770801010508,1000
aww,0.7874990072738322,66.78749900727384,1000
zwo,-72.60582393812828,22.394176061871722,1000
bpe,-44.04116896323123,89.95883103676877,1000
pwd,-57.29977711495433,18.700222885045672,1000
mtn,-52.411071445481184,1.5889285545188128,1000
rlc,-6.5448546377172345,23.455145362282767,1000
tks,-11.453509417909915,1.5464905820900856,1000
bku,-56.89032671827326,39.10967328172674,1000
pbu,-60.41070586226539,11.589294137734612,1000
awx,-65.86697381865923,60.133026181340774,1000
pau,-0.5905332614030264,11.409466738596974,1000
oza,-1.8941583257207182,95.10584167427928,1000
mmx,-17.311254016972526,36.688745983027474,1000
jvb,-60.31716193092815,71.68283806907185,1000
bki,-68.52453115717785,51.47546884282215,1000
ioy,-23.66775937941072,86.33224062058927,1000
wlv,-97.80117119836449,19.198828801635514,1000
btz,-12.073868535817518,60.92613146418248,1000
glx,-7.798244684021927,90.20175531597808,1000
tot,-9.462975450494751,30.537024549505247,1000
gas,-31.934846097552278,52.065153902447726,1000
ynx,-61.4312236295784,39.5687763704216,1000
tof,-37.874130891629086,69.12586910837092,1000
gic,-83.41577771752607,38.58422228247393,1000
eov,-53.43064182588843,52.56935817411157,1000
wrx,-23.79416128873041,20.20583871126959,1000
qmw,-26.177609923720365,57.82239007627963,1000
sxh,-89.11349303503849,33.88650696496152,1000
beg,-94.02336660050672,5.976633399493284,1000
obw,-43.6026573886933,7.397342611306695,1000
bgk,-81.74122389822544,54.258776101774565,1000
jmy,-71.09182285511466,70.90817714488534,1000
zha,-19.517040107755594,63.4829598922444,1000
uqg,-49.796749701668084,51.203250298331916,1000
qsp,-27.81407668000108,65.18592331999892,1000
ywi,-1.6407293038515802,73.35927069614841,1000
yni,-39.50186647194458,38.49813352805542,1000
qkb,-19.031510017354307,14.968489982645693,1000
sfo,-32.55489812799889,78.44510187200112,1000
std,-86.5799319375779,96.4200680624221,1000
zav,-4.4151491505173714,62.58485084948263,1000
nzd,-73.33910536792753,40.66089463207248,1000
ybl,-68.19032417732643,62.80967582267357,1000
ebi,-53.670342647279,6.329657352721002,1000
why,-15.136424507984895,3.863575492015106,1000
qrw,-40.695481343066675,85.30451865693333,1000
nqo,-50.15708583796604,29.84291416203396,1000
goy,-57.31763421191946,65.68236578808055,1000
lhp,-52.0391882221362,77.96081177786381,1000
fvg,-22.98738252064258,18.01261747935742,1000
prt,-35.71768102277894,75.28231897722105,1000
eej,-23.964167646048967,37.03583235395103,1000
vdq,-55.94566869500841,17.054331304991592,1000
col,-89.08726397401396,56.912736025986035,1000
cjz,-62.41842981032202,18.581570189677983,1000
akl,-15.397046227967246,9.602953772032754,1000
hep,-19.051334609374575,28.948665390625425,1000
lia,-95.63564002471999,47.36435997528002,1000
elc,-35.39091170112967,3.609088298870333,1000
pnt,-5.892311023012521,68.10768897698748,1000
uxs,-44.91872773255501,90.08127226744499,1000
asq,-86.28720834550163,5.71279165449838,1000
utj,-6.438482765437024,41.56151723456298,1000
cvr,-58.926257080678,4.073742919321997,1000
nme,-21.098665895919442,50.90133410408056,1000
qry,-76.4614954056232,66.5385045943768,1000
