aol,-50.47780806782451,27.522191932175488,1000
gbq,-88.20435791868493,14.795642081315066,1000
csb,-76.16423717030638,65.83576282969362,1000
isv,-2.1037941441437185,46.89620585585628,1000
ujo,-67.88281650095968,33.11718349904033,1000
tpl,-5.458343893012642,8.541656106987357,1000
zkk,-6.510629156643968,18.48937084335603,1000
ind,-37.12126035323472,47.87873964676528,1000
nad,-8.412022876068551,65.58797712393145,1000
inr,-94.53730237502087,28.46269762497913,1000
mpn,-72.78402693084738,30.21597306915262,1000
ytj,-45.47428497056731,22.525715029432693,1000
ynf,-16.30768495487041,89.69231504512959,1000
qks,-55.356237976874986,24.643762023125014,1000
jrl,-41.798374006300904,8.201625993699096,1000
nnq,-10.171400350632334,35.82859964936767,1000
mmz,-25.400036900734847,47.59996309926515,1000
rla,-89.84653904000726,66.15346095999274,1000
qua,-42.261734195102406,1.7382658048975932,1000
syg,-20.03335548252636,1.96664451747364,1000
llu,-90.90482812453585,70.09517187546415,1000
idp,-33.68122229165991,49.31877770834009,1000
cvf,-14.275378671348447,53.72462132865155,1000
tib,-71.61792343121968,49.38207656878032,1000
gnd,-41.83255052477795,46.16744947522205,1000
slv,-19.80393311362588,9.196066886374119,1000
qtk,-61.93692104768225,7.063078952317751,1000
sub,-73.60584116919561,75.39415883080439,1000
jro,-35.24184671145396,19.75815328854604,1000
rgr,-93.77963966307478,28.220360336925225,1000
rbx,-97.78259756493944,78.21740243506056,1000
uks,-73.98594896036177,3.0140510396382263,1000
kbm,-5.528315769254433,2.4716842307455678,1000
hqk,-35.01569600173695,52.98430399826305,1000
xal,-43.53273656548396,55.46726343451604,1000
eul,-59.99315198951074,31.006848010489257,1000
cdx,-80.95645145188523,60.04354854811477,1000
ton,-46.195736795656,29.804263204343997,1000
zyy,-26.318599430899773,24.681400569100227,1000
nrh,-30.735203847057026,62.26479615294297,1000
hln,-35.90941853034723,2.0905814696527716,1000
lgq,-59.853245521078755,3.146754478921246,1000
jwa,-88.15719099437992,44.84280900562008,1000
yss,-8.207249560432416,71.79275043956758,1000
vee,-88.39711228644381,18.60288771355618,1000
wow,-84.92346704388045,69.07653295611955,1000
xvk,-18.639729049584833,45.36027095041517,1000
hif,-77.98656408605265,77.01343591394735,1000
xlh,-77.42769727523026,89.57230272476974,1000
gic,-1.60102778860898,28.39897221139102,1000
joy,-13.400429580612187,77.59957041938782,1000
loh,-71.7929224716526,43.2070775283474,1000
jak,-39.777331248702325,28.22266875129768,1000
jwy,-73.49381273292727,60.50618726707273,1000
mxm,-61.176584979776884,29.823415020223113,1000
mat,-22.952191402041706,26.047808597958294,1000
toy,-20.449839688250677,22.550160311749323,1000
bge,-90.50139064498168,97.49860935501832,1000
izs,-91.24246593776978,54.757534062230214,1000
ktg,-22.662055603218413,63.33794439678159,1000
ouh,-29.5174581290357,60.4825418709643,1000
vdl,-0.08165238570364741,40.91834761429635,1000
lgm,-94.89553762970267,61.10446237029732,1000
gvg,-86.03995425301095,42.960045746989046,1000
viu,-79.4959237137213,47.5040762862787,1000
ksf,-22.714611283424333,68.28538871657567,1000
ilu,-9.922907436274166,32.077092563725834,1000
mwe,-70.88368402286329,58.11631597713671,1000
lle,-1.992438617682846,50.00756138231716,1000
nbn,-9.155970632276732,35.844029367723266,1000
jpk,-89.34183265415926,22.658167345840738,1000
pmj,-75.65215446760885,68.34784553239115,1000
cux,-9.312639820159937,94.68736017984007,1000
oiv,-18.477141982446817,35.52285801755318,1000
sru,-95.79972502728491,54.20027497271509,1000
ova,-41.52875028375887,35.47124971624113,1000
zhn,-85.40808690912505,40.591913090874954,1000
jmm,-3.255286575740848,50.74471342425915,1000
gnr,-54.056753112133535,33.943246887866465,1000
doy,-50.89483198446076,59.10516801553924,1000
wai,-10.183518020097091,88.8164819799029,1000
rwz,-35.450658302892414,26.549341697107586,1000
rxv,-67.9503035187835,60.04969648121651,1000
nfc,-30.124240522384593,1.8757594776154085,1000
tne,-75.04875240529752,74.95124759470248,1000
piv,-81.22572398397517,33.77427601602483,1000
ktf,-38.81208423182072,17.18791576817928,1000
ijo,-29.21501764529087,94.78498235470913,1000
jma,-27.87694837575943,96.12305162424057,1000
fii,-96.91748399147791,23.0825160085221,1000
iwi,-24.596092012972647,89.40390798702735,1000
fyh,-62.6371325303675,75.3628674696325,1000
dfl,-91.45723752776051,98.54276247223949,1000
bro,-16.795455783296315,94.20454421670368,1000
ibp,-55.12620723969278,12.873792760307216,1000
ohs,-17.792961097194127,35.20703890280587,1000
edy,-6.580202485489217,95.41979751451078,1000
jqs,-35.424946629282424,71.57505337071757,1000
lsn,-97.23699537876814,5.763004621231862,1000
gve,-51.555931951606475,78.44406804839352,1000
fjl,-49.60288202239162,9.397117977608383,1000
