qfr,-19.654079908681116,55.34592009131888,1000
frq,-88.39123786813721,27.60876213186279,1000
mlh,-9.760011640586605,45.239988359413395,1000
jjq,-21.013554303469146,75.98644569653085,1000
gng,-93.33369879971168,68.66630120028832,1000
vnl,-6.3418663441770775,85.65813365582292,1000
sgv,-34.830741413079835,25.16925858692017,1000
cpz,-75.31650817999726,85.68349182000274,1000
ytb,-16.326355070942004,75.673644929058,1000
doc,-72.33846162925921,52.66153837074079,1000
wvj,-0.824618642491619,97.17538135750839,1000
whp,-0.21228339960349596,39.78771660039651,1000
gcr,-52.57026378496035,12.429736215039645,1000
rfk,-14.229285317346191,63.77071468265381,1000
wmx,-15.023470866121567,21.976529133878433,1000
zbg,-15.02080990054454,81.97919009945547,1000
ypy,-9.069212178514656,35.930787821485346,1000
quv,-10.5433672057949,89.4566327942051,1000
lkb,-38.06593679176732,54.93406320823268,1000
blc,-64.07963240894897,37.92036759105103,1000
yft,-78.45634689415743,51.543653105842566,1000
qix,-58.410345846778775,35.589654153221225,1000
zvc,-75.30470509135579,42.69529490864421,1000
wei,-94.31163498873045,58.68836501126956,1000
vca,-81.69067497155756,64.30932502844244,1000
hsr,-94.58337315296872,43.41662684703129,1000
yeg,-9.295265250495778,3.7047347495042224,1000
zwe,-26.171656239843806,36.828343760156194,1000
coz,-75.9931545622375,13.0068454377625,1000
bjs,-39.308342381386375,27.691657618613625,1000
tpn,-86.82049044031547,77.17950955968453,1000
opn,-70.04273775003655,66.95726224996345,1000
ubh,-34.65570975727797,8.344290242722028,1000
yqj,-61.94790564114799,26.05209435885201,1000
rtg,-6.300259744650393,44.6997402553496,1000
oge,-63.474973184573706,92.52502681542629,1000
wdm,-48.119709317038456,21.88029068296154,1000
obd,-17.555467905844004,98.44453209415599,1000
top,-57.16489013790301,10.835109862096994,1000
exa,-94.2959876442558,8.704012355744203,1000
qmu,-45.06940601491613,46.93059398508387,1000
dkb,-63.604864887958804,95.39513511204119,1000
xkz,-67.51407598385507,18.485924016144942,1000
gho,-70.66928637504367,57.33071362495634,1000
fdk,-71.48852681353924,70.51147318646076,1000
ccv,-0.13568203303026416,58.864317966969736,1000
loq,-30.147396145951824,6.8526038540481755,1000
bar,-2.6992186210103464,19.300781378989655,1000
koh,-4.192775165081301,2.8072248349186992,1000
qph,-63.6973635115553,24.302636488444698,1000
tjq,-57.43429083976322,41.56570916023678,1000
zka,-56.23372622386301,19.76627377613699,1000
grz,-15.006828253978092,35.99317174602191,1000
yxw,-7.7056857599659425,72.29431424003405,1000
zdw,-12.764906954513862,38.23509304548614,1000
wml,-68.40827495988354,95.59172504011646,1000
uiy,-29.642103519568217,95.35789648043179,1000
sfn,-73.71978469503529,46.280215304964706,1000
rpd,-72.33032167071438,38.669678329285624,1000
omp,-59.62538659717174,55.37461340282826,1000
qng,-45.779763115417325,66.22023688458268,1000
fjd,-56.20963211115736,62.79036788884264,1000
llh,-28.61402906220473,73.38597093779526,1000
uee,-21.320485774531445,9.679514225468557,1000
qew,-36.5194182946765,77.4805817053235,1000
olr,-44.9664392267449,2.033560773255094,1000
wlr,-52.67889626446651,33.32110373553349,1000
foz,-70.59283007758667,5.4071699224133285,1000
xqb,-29.560887376604143,76.43911262339586,1000
mve,-38.544818497630935,39.455181502369065,1000
ozp,-11.759078173672824,94.24092182632718,1000
tdt,-3.3489295084888577,55.65107049151114,1000
hsq,-46.87082470489683,35.12917529510317,1000
vmo,-89.85682429089437,1.1431757091056312,1000
zpj,-0.739598700396438,42.260401299603565,1000
oow,-13.858006710627045,67.14199328937296,1000
msa,-45.79943188907569,39.20056811092431,1000
vir,-23.53723140104854,89.46276859895146,1000
llc,-65.5755169797532,3.424483020246803,1000
qcc,-1.9095421996474928,82.09045780035251,1000
bsf,-44.54544637661668,25.454553623383315,1000
dak,-11.526542819052631,17.473457180947367,1000
yhh,-47.132756436745396,51.867243563254604,1000
umr,-45.94749478685359,28.05250521314641,1000
ptv,-95.59548233832312,74.40451766167688,1000
wrd,-32.26763774095943,21.73236225904057,1000
fpd,-10.407646126404876,73.59235387359513,1000
ene,-92.69967394428541,22.300326055714585,1000
hou,0.4520977278179681,2.452097727817968,1000
nxv,-21.4356897472142,37.564310252785795,1000
ykb,-1.3661090641247502,20.63389093587525,1000
wzm,-86.27910810568144,77.72089189431856,1000
tpl,-4.322214412996375,54.677785587003626,1000
axu,-32.917286506546894,78.08271349345311,1000
dct,-43.240249328226405,18.759750671773592,1000
nvu,-81.16537885602732,52.834621143972676,1000
rkv,-86.40004991524528,3.599950084754726,1000
yom,-55.6740500533017,92.3259499466983,1000
cqi,-89.03712187670425,38.962878123295745,1000
kml,-56.41312204332197,49.58687795667803,1000
ycw,-71.09991890477666,85.90008109522334,1000
