mwl,-38.29213528303677,32.70786471696323,1000
klu,-85.76791767309501,92.23208232690499,1000
mbs,-14.052802674757169,81.94719732524283,1000
rzg,-95.99955962882149,18.000440371178517,1000
wwo,-86.89426112398823,54.10573887601176,1000
ixc,-4.982399205316855,92.01760079468315,1000
opw,-79.37774757356642,15.622252426433578,1000
ouk,-19.628737591241407,41.3712624087586,1000
uih,-32.183481370793395,12.816518629206602,1000
hbv,0.43045904536015556,32.43045904536015,1000
lle,-56.27740740011006,67.72259259988994,1000
cpq,-63.58347047598682,34.41652952401318,1000
kfa,-0.26797852215178886,69.7320214778482,1000
iga,-20.299331904977404,14.700668095022596,1000
tci,-26.03326112012269,31.96673887987731,1000
lyl,-36.45767737601835,17.542322623981647,1000
pag,-36.42373048694508,58.57626951305492,1000
dep,-73.84491511631818,17.155084883681827,1000
bcj,-16.60542669591715,97.39457330408285,1000
tad,-83.46219694382127,68.53780305617873,1000
iwv,-66.94017249876124,82.05982750123876,1000
boz,-1.9710249698422637,56.02897503015774,1000
vcl,-17.644831083117786,28.355168916882214,1000
dac,-0.48256357983602205,55.517436420163975,1000
qac,-54.11983451140895,83.88016548859105,1000
dnq,-33.76501678089284,23.234983219107157,1000
ray,-33.29689835293337,33.70310164706663,1000
dqf,-82.46302836841467,48.536971631585324,1000
hls,-97.8242781081057,83.1757218918943,1000
tao,-54.077238822961746,81.92276117703825,1000
jgy,-79.2674353033288,75.7325646966712,1000
pmc,-61.524031527938014,96.475968472062,1000
kad,-73.88139153040548,3.1186084695945224,1000
mjy,-76.84151725457343,27.15848274542656,1000
jjk,-10.123619252997365,10.876380747002635,1000
zak,-2.32911588933887,65.67088411066113,1000
sja,-76.00420751266785,81.99579248733215,1000
hou,-77.59993021814094,65.40006978185906,1000
slf,-92.56256631317234,29.437433686827656,1000
kvl,-13.658185230579772,18.34181476942023,1000
gii,-56.557310942692766,6.4426890573072315,1000
xer,-95.32910204369816,20.670897956301836,1000
uug,-56.23678292202843,98.76321707797158,1000
idv,-67.44245424522127,80.55754575477873,1000
lli,-79.63376026538262,53.36623973461739,1000
crb,-88.43963559814875,77.56036440185125,1000
mhl,-47.396518607644204,69.60348139235579,1000
bke,-74.51036148196636,71.48963851803364,1000
pda,-94.26410458861417,16.735895411385822,1000
tjx,-95.091234437506,12.908765562493997,1000
sem,-24.64009344128648,60.35990655871352,1000
xoj,-0.78683455922178,63.21316544077822,1000
wiw,-45.13462168160855,87.86537831839145,1000
ofb,0.3553292713541716,20.355329271354172,1000
kaa,-25.114833544294264,8.885166455705734,1000
mau,-29.54884500965392,18.45115499034608,1000
mhb,-60.2317409697607,79.76825903023929,1000
aih,-85.88743189711703,25.112568102882978,1000
fqc,-83.21682728922215,79.78317271077785,1000
ouj,-55.43424882048555,23.56575117951445,1000
cxx,0.5236533320409735,87.52365333204098,1000
lii,-8.827084913009507,93.17291508699049,1000
gup,-20.872910547648992,29.127089452351008,1000
ixm,-20.05394720924358,97.94605279075643,1000
dla,-0.9884090127030541,12.011590987296946,1000
xpr,-26.493921065518684,97.50607893448131,1000
dpe,-15.774531880221357,10.225468119778643,1000
jnw,-1.7573446133495358,29.242655386650465,1000
ylr,-74.3605363014392,8.639463698560805,1000
mle,-14.06147525757786,13.93852474242214,1000
dqj,-17.380573233347857,1.6194267666521442,1000
gau,-34.04995317550612,68.95004682449388,1000
lvd,-5.813998218658749,73.18600178134125,1000
tbc,-63.06289363470585,87.93710636529416,1000
tim,-29.590565856903883,69.40943414309612,1000
okn,-92.27969537635491,53.72030462364509,1000
cwg,-49.24214072210089,34.75785927789911,1000
rav,-63.53509274573358,70.46490725426642,1000
eql,-91.71920807780302,3.2807919221969875,1000
nwe,-5.862748733269792,52.13725126673021,1000
sxv,-9.827009880653419,67.17299011934658,1000
idn,-52.2301446065043,9.769855393495705,1000
jco,-75.07646080535666,76.92353919464334,1000
evc,-91.48821031088379,36.51178968911621,1000
kyv,-76.58928811680532,4.410711883194685,1000
wkd,-55.07008369940965,93.92991630059035,1000
oih,-54.08850758499427,98.91149241500574,1000
svc,-97.11112570205786,82.88887429794214,1000
vnb,-30.339664474467956,68.66033552553205,1000
zly,-73.11254906934269,8.887450930657305,1000
bwe,-30.519808735403412,48.480191264596584,1000
alt,-78.71485514338424,78.28514485661576,1000
ipb,-63.86177982750303,47.13822017249697,1000
znb,-97.46258016233212,81.53741983766788,1000
gnr,-73.27660911317717,95.72339088682283,1000
nkr,-63.51838870726113,68.48161129273886,1000
hva,-35.17834177207393,15.821658227926074,1000
xse,-60.47191476670507,63.52808523329493,1000
tde,-14.14362264320225,31.85637735679775,1000
vrl,-74.12426889308128,18.87573110691872,1000
twn,-49.311181229949376,72.68881877005063,1000
