mqt,-59.36739600044141,84.63260399955858,1000
vvw,-80.46407429782762,57.535925702172385,1000
loc,-63.483912798434396,2.5160872015656035,1000
siq,-54.5663579478682,79.4336420521318,1000
zkq,-6.658851431504186,21.341148568495814,1000
voo,-77.48961870148385,19.510381298516155,1000
dnd,-18.52295641540534,30.47704358459466,1000
ujt,-6.844851433812406,16.155148566187595,1000
tay,-1.698598271995766,54.30140172800424,1000
hwf,-32.93017360348873,75.06982639651127,1000
jus,-27.738032082596767,51.26196791740323,1000
mvf,-17.082701635241683,66.91729836475832,1000
vyh,-91.36037473182427,12.63962526817574,1000
sgo,-65.54864725700271,82.45135274299729,1000
nan,-23.0750881334193,11.924911866580699,1000
ofu,-58.261840346104755,84.73815965389525,1000
jva,-59.47896758128879,76.52103241871121,1000
wdb,-83.8750616040375,5.124938395962502,1000
yrj,-59.52918273497855,68.47081726502145,1000
xvo,-3.1083138081512622,52.89168619184874,1000
clp,-21.55426111799778,8.445738882002223,1000
cdm,-85.63820735388003,31.361792646119973,1000
fmh,-54.8146086576629,7.185391342337101,1000
ytc,-84.9526787555889,75.0473212444111,1000
pcl,-29.759897697906858,45.24010230209314,1000
tud,-59.704436282852825,73.29556371714717,1000
avs,-67.36661179347146,27.633388206528544,1000
qjx,-96.69240988735989,27.307590112640117,1000
zsp,-25.702618893064468,78.29738110693553,1000
ufx,-85.45266002223103,14.54733997776897,1000
jql,-16.13830200964632,44.86169799035368,1000
gwo,-69.83610851398834,98.16389148601166,1000
phq,-54.74497305035506,95.25502694964494,1000
gwh,-23.502156435383355,73.49784356461664,1000
vgr,-82.93929596956643,59.06070403043357,1000
vyy,-59.424580319905075,83.57541968009492,1000
zms,-93.98664906915928,73.01335093084072,1000
sex,-81.3682772521369,12.631722747863094,1000
wpy,-12.036451299889546,15.963548700110454,1000
ycm,-1.9428972312869996,98.057102768713,1000
dfg,-2.276716075055093,55.72328392494491,1000
dnh,-39.152466792513515,3.847533207486483,1000
gws,-66.58930019996708,11.410699800032921,1000
ads,-16.256819418244035,94.74318058175596,1000
jhg,-80.66865083975127,10.331349160248733,1000
qrc,-55.945233347914666,55.054766652085334,1000
qrw,-95.6564339817983,76.3435660182017,1000
qme,-3.013258317013743,67.98674168298626,1000
tmg,-70.08437391968917,58.91562608031083,1000
cwk,-56.66958601719466,46.33041398280534,1000
yzs,-22.47921431867871,60.52078568132129,1000
vew,-63.2265838878162,94.77341611218381,1000
jpv,-7.029550216787812,8.970449783212189,1000
sjf,-46.95762098707924,40.04237901292076,1000
ked,-32.62030885278057,12.379691147219434,1000
hcx,-4.0707881050356285,77.92921189496437,1000
rdn,-68.6466246686021,67.3533753313979,1000
epe,-73.51621027212937,0.48378972787063135,1000
nip,-26.786454205376728,13.213545794623272,1000
jtc,-5.179524800386003,77.820475199614,1000
bgc,-47.84296962547199,74.157030374528,1000
mmi,-91.82782230967352,75.17217769032648,1000
dtl,-36.43045994015219,62.56954005984781,1000
dmt,-71.97283526438002,76.02716473561998,1000
qlg,-15.508381464920651,19.491618535079347,1000
ynb,-84.97716698218903,67.02283301781097,1000
gfn,-24.024803023833087,43.97519697616691,1000
fpm,-45.59240347034805,48.40759652965195,1000
xoi,-47.42631431338987,41.57368568661013,1000
fvh,-65.24322160748775,57.756778392512246,1000
ndy,-56.080954290268586,40.919045709731414,1000
gun,-68.62805979641017,76.37194020358983,1000
xyk,-39.54681223259517,60.45318776740483,1000
akv,-49.61376859932976,70.38623140067024,1000
nyx,-77.46564697593232,70.53435302406768,1000
iuj,-87.83956917915307,43.160430820846926,1000
ncv,-86.22790229304421,6.772097706955792,1000
knn,-64.4707727015791,60.529227298420906,1000
sym,-67.46886747910764,29.531132520892363,1000
boj,-73.37465706173393,62.62534293826608,1000
rvk,-47.25311965018366,84.74688034981634,1000
lbf,-67.99951559688803,90.00048440311197,1000
zct,-34.7180610621071,81.2819389378929,1000
lwf,-73.189819085237,3.8101809147629995,1000
oca,-75.44877734815597,64.55122265184403,1000
ojm,-75.18722153154468,39.81277846845532,1000
pmi,-74.58706158750448,49.412938412495514,1000
krt,-71.89271665936822,50.10728334063178,1000
zli,-47.19155934156647,15.80844065843353,1000
grx,-77.57691409930707,0.42308590069292606,1000
ede,-83.30145072986241,42.69854927013758,1000
lqy,-40.23084569062074,63.76915430937926,1000
rqg,-32.226870449966384,65.77312955003362,1000
qnv,-72.10958540728392,17.890414592716084,1000
aok,-54.15115269109456,39.84884730890544,1000
kcf,0.012199038137830742,34.01219903813783,1000
gxc,-35.13647649719821,56.86352350280179,1000
sjb,-63.47186165062237,85.52813834937763,1000
ihy,-28.182700474728282,11.817299525271718,1000
nuz,-75.06427241720013,84.93572758279987,1000
lri,-8.452259633088948,40.54774036691105,1000
