dtl,-75.46159741845975,71.53840258154025,1000
pki,-51.273129192888845,16.72687080711116,1000
zze,-51.298455468185665,16.70154453181433,1000
pzm,-42.9467348360892,57.0532651639108,1000
cks,-72.00296061210284,98.99703938789716,1000
hyu,-86.48668736551748,6.513312634482511,1000
nmr,-15.044133689675508,3.9558663103244913,1000
ars,-69.71767959082538,84.28232040917462,1000
bwf,-32.113538759739775,98.88646124026023,1000
der,-64.00325587248005,42.99674412751995,1000
uzx,-43.10188395472499,92.898116045275,1000
zaz,-75.28275610636793,72.71724389363207,1000
bvn,-58.81783299521457,86.18216700478543,1000
edm,-28.83496325112223,86.16503674887777,1000
dko,-19.707284912719647,3.292715087280352,1000
bqj,-24.847805552138198,33.1521944478618,1000
dio,-29.252593610514324,21.747406389485676,1000
qyn,-29.18473827509191,69.8152617249081,1000
jmr,-43.315072381698876,82.68492761830112,1000
quv,-70.99063742294658,42.00936257705342,1000
ljy,-39.80328616975902,48.19671383024098,1000
wch,-90.73970670755314,83.26029329244686,1000
kof,-10.172130416385006,4.827869583614994,1000
odj,-0.9759670479347,24.0240329520653,1000
yas,-14.839026524310341,69.16097347568966,1000
gde,-53.023352393000586,20.976647606999414,1000
kro,-51.60755072179783,19.392449278202168,1000
fio,-57.903785920753975,51.096214079246025,1000
vnj,-55.846738577800274,64.15326142219973,1000
yio,-31.939554769964243,15.060445230035757,1000
teo,-36.70941951286129,52.29058048713871,1000
pzr,-86.51197297543648,36.48802702456352,1000
oum,-20.602626239693848,72.39737376030615,1000
fqv,-95.71987478262801,59.280125217371996,1000
jgj,-70.92464856642015,71.07535143357985,1000
ksr,-12.81477779369324,32.18522220630676,1000
igd,-24.01723909861836,89.98276090138164,1000
ydm,-92.0944984323736,98.9055015676264,1000
zdb,-86.01986930845257,15.98013069154743,1000
svw,-33.55394049239655,75.44605950760345,1000
yzq,-42.867070910076215,50.132929089923785,1000
oyb,-78.11976090436569,56.880239095634316,1000
mfg,-83.22488923215346,3.775110767846535,1000
fzj,-9.544485795648486,46.455514204351516,1000
lhu,-83.45222315263882,33.54777684736117,1000
nsd,-31.53906495512178,23.46093504487822,1000
tlq,-49.32372295961612,62.67627704038388,1000
ejh,-4.0435416628343015,55.9564583371657,1000
zlh,-30.760095352564754,59.239904647435246,1000
itz,-8.042429763351905,13.957570236648095,1000
mtq,-83.58240167947471,26.417598320525286,1000
hgj,-28.80051292130739,33.199487078692606,1000
yxk,-13.69080490778454,59.30919509221546,1000
wew,-17.84276912384297,50.15723087615703,1000
uyk,-21.850153567578737,63.14984643242126,1000
kfo,-1.7752627847531883,69.22473721524682,1000
gzc,-11.428212548050928,34.57178745194907,1000
emb,-62.78172922267368,81.21827077732632,1000
xsw,-21.94287615721005,61.05712384278995,1000
gwl,-67.94242048423357,37.057579515766434,1000
awb,-91.47523405090207,85.52476594909793,1000
cpl,-81.70280940682123,94.29719059317877,1000
ava,-27.479778664951915,0.5202213350480851,1000
qki,-26.36701220134038,94.63298779865963,1000
qih,-4.769572325146912,11.230427674853088,1000
dpb,-60.04794958808414,63.95205041191586,1000
nlv,-30.94257433276458,59.05742566723542,1000
pdq,-48.18878769699677,57.81121230300323,1000
vsu,-46.93493519890012,58.06506480109988,1000
ksf,-47.02625981212807,18.973740187871933,1000
rvp,-60.29183676090862,21.708163239091373,1000
xes,-8.638008383118558,59.36199161688144,1000
llv,-72.53956269042992,52.46043730957008,1000
ckb,-59.18317618474937,49.81682381525063,1000
bzv,-96.65363960184152,95.34636039815848,1000
rgf,-14.665590921282384,36.33440907871761,1000
xew,-55.48463227979569,22.515367720204306,1000
rqj,-16.736855822227938,55.26314417777206,1000
fjc,-23.23632220741883,38.76367779258117,1000
yah,-72.22502511222609,64.77497488777391,1000
hen,-25.45230289281376,27.54769710718624,1000
nwr,-56.60984895420563,61.39015104579437,1000
hie,-66.5423027674224,73.4576972325776,1000
baq,-20.88083946963361,42.11916053036639,1000
cpm,-88.4402676822873,8.559732317712708,1000
kci,-33.07545542292164,25.92454457707836,1000
ftf,-9.87307105679765,28.12692894320235,1000
ykx,-46.77212390677313,80.22787609322687,1000
xwg,-6.979558733082927,81.02044126691708,1000
cnr,-0.44582512189615864,19.55417487810384,1000
lmw,-75.88713317462984,47.11286682537016,1000
hal,-85.1389191470792,48.86108085292079,1000
unj,-80.67720378853053,76.32279621146947,1000
ozd,-88.43731740380001,74.56268259619999,1000
kpj,-50.79039392126616,60.20960607873384,1000
iyg,-25.08523687018664,74.91476312981335,1000
eub,-22.366675048544785,22.633324951455215,1000
obj,-16.33972681778049,27.66027318221951,1000
yoo,-80.2461515073904,36.7538484926096,1000
lii,-30.02573012060755,90.97426987939245,1000
vch,-88.82178875335609,27.178211246643915,1000
