ice,-7.310691303595849,39.689308696404154,100
dnw,-32.26352254604332,40.73647745395668,100
qvs,-5.764948345325468,9.235051654674532,100
wuw,-80.81188924581213,20.188110754187882,100
aet,-13.623650408573939,87.37634959142606,100
fcp,-81.51161916943502,15.488380830564973,100
col,-29.856316918657203,7.143683081342795,100
hff,-32.26965865432859,98.73034134567142,100
boo,-41.04464155962359,30.955358440376404,100
zwc,-78.42220518076623,94.57779481923377,100
srl,-82.92662989679395,43.07337010320605,100
isg,-5.409145442093502,69.5908545579065,100
hwb,-43.16052925731701,39.83947074268299,100
rxa,-34.572118978835896,71.4278810211641,100
icp,-46.25245982842742,83.74754017157258,100
nyg,-65.05503187362517,77.94496812637483,100
oui,-44.88703093408118,55.11296906591882,100
pgu,-25.357803985231776,46.642196014768224,100
sos,-88.52871566669157,48.471284333308425,100
nfu,-77.57683001867211,63.423169981327895,100
ljg,-2.052003801132586,81.94799619886741,100
gfv,-75.26604179072697,67.73395820927303,100
ykt,-59.51942582961262,43.48057417038738,100
fat,-62.34403491023028,17.655965089769722,100
joq,-20.249388755145628,52.750611244854376,100
muy,-89.86030014956769,8.139699850432303,100
drb,-41.04052269225054,45.95947730774946,100
sfa,-50.35523024971844,18.644769750281558,100
yyn,-45.43071211555772,82.56928788444229,100
qrg,-83.07151007469285,78.92848992530715,100
dgk,-14.898724577517225,78.10127542248277,100
jlx,-22.547199705667346,17.452800294332654,100
isv,-75.31721123984191,16.682788760158086,100
kbl,-65.5025417116986,6.497458288301408,100
svu,-15.284170351106384,39.71582964889362,100
kll,-41.148619556243176,81.85138044375682,100
fpr,-95.73267611496155,67.26732388503845,100
jth,-34.43235437658245,65.56764562341755,100
uef,-73.82613625212197,68.17386374787803,100
bet,-96.30519141801922,10.694808581980777,100
iyp,-63.03217412962281,51.96782587037719,100
wgv,-4.150279120164379,82.84972087983562,100
gcm,-12.592083584295949,35.40791641570405,100
evo,-24.83343524683979,78.16656475316022,100
hxp,-97.73158412795827,78.26841587204173,100
msd,-31.239608670969087,21.760391329030913,100
lls,-34.364041338261984,83.63595866173802,100
swg,-93.01271694317195,29.98728305682805,100
foh,-17.812018137774828,52.18798186222517,100
gsn,-55.94385306919614,72.05614693080386,100
nps,-45.42461980118924,37.57538019881076,100
qbt,-63.25054773568877,55.74945226431123,100
fvn,-66.19583764769395,23.804162352306054,100
sig,-76.16109888412282,8.838901115877176,100
dqx,-53.77592467779597,18.224075322204026,100
thg,-71.82403119505841,77.17596880494159,100
xlg,-31.96915208328447,3.03084791671553,100
vof,-33.55856417851425,12.441435821485745,100
bht,-17.76592242975219,28.23407757024781,100
wzo,-50.36676932598284,42.63323067401716,100
xev,-66.90858458453542,61.091415415464574,100
hwf,0.4336963955020262,78.43369639550203,100
grp,-0.8348709571538778,20.16512904284612,100
eqe,-21.48531113926532,70.51468886073468,100
vrh,-25.016470342993525,62.98352965700647,100
gpq,-36.95646342246159,79.04353657753842,100
gbi,-16.294182590448226,28.705817409551774,100
qml,-2.8713757800924666,81.12862421990754,100
ows,-26.094530397849276,13.905469602150722,100
kni,-77.77467059842569,36.22532940157431,100
ziu,-64.04156830220624,92.95843169779376,100
phy,-59.91541364753438,69.08458635246562,100
iyh,-6.202630486054692,26.79736951394531,100
wuz,-97.36648288755804,20.633517112441968,100
zsd,-75.55004036667235,85.44995963332765,100
ogb,-45.372670617208705,59.627329382791295,100
zue,-33.521343890036015,66.47865610996398,100
wnm,-59.581017948627704,91.4189820513723,100
xdq,-83.9296895267336,43.0703104732664,100
oln,-20.93006213899063,39.06993786100937,100
snx,-14.74519594841395,76.25480405158605,100
mcc,-19.089189767360217,42.91081023263978,100
mzy,-36.19628741741421,64.80371258258579,100
hhm,-78.40725730767593,81.59274269232407,100
jkf,-20.1954879462822,74.8045120537178,100
ncn,-41.00068254859491,88.99931745140509,100
voj,-48.40943593232481,53.59056406767519,100
mrm,-32.08402406033985,43.91597593966015,100
gra,-92.30996515044068,42.690034849559325,100
xin,-12.929766527774492,93.07023347222551,100
qsm,-37.015516851755216,42.984483148244784,100
ste,-84.01279117540211,76.98720882459789,100
fsc,-97.96276976301672,93.03723023698328,100
tun,-58.02869054919649,46.97130945080351,100
asg,-25.30496360245368,65.69503639754632,100
kix,-53.93319659321454,18.06680340678546,100
reg,-29.654764151623503,4.345235848376495,100
fqe,-60.89620809973524,55.10379190026476,100
cli,-16.95092514358196,69.04907485641804,100
acw,-23.85738508106053,56.142614918939465,100
rxp,-17.589549191199268,14.410450808800732,100
