szv,-52.935994542683,4.0640054573170055,100
ccg,-19.531025651209212,73.46897434879078,100
pki,-21.258835283986617,51.74116471601339,100
hph,-4.315147562464567,49.68485243753543,100
lvr,-90.71955893853169,72.28044106146831,100
pcl,-90.63850578331271,54.36149421668729,100
eoc,-33.99420029926335,40.00579970073665,100
plh,-47.84757212759327,28.15242787240673,100
hec,-26.89958196792177,48.10041803207823,100
kxz,-21.78365479832614,67.21634520167386,100
qtu,-67.99929666273951,94.00070333726049,100
cix,-33.631849803762826,51.368150196237174,100
bny,-21.110638792828667,85.88936120717133,100
eej,-55.89220962214744,12.10779037785256,100
efe,-2.2693114298786883,86.73068857012132,100
zft,-45.88998271845871,15.110017281541289,100
hzq,-57.68625062684623,50.31374937315377,100
fss,-49.14366792351316,23.856332076486837,100
bur,-31.355516772057744,10.644483227942256,100
vdg,-0.3819715157443748,7.618028484255625,100
pyv,-44.58128738830593,46.41871261169407,100
upa,-96.00565823625439,42.994341763745616,100
xkv,-25.14923198552021,11.85076801447979,100
ody,-73.84061487621399,44.159385123786016,100
cag,-60.488603013392854,46.511396986607146,100
lgz,-25.83245110843223,5.167548891567768,100
bcs,-55.860976144374426,34.139023855625574,100
iza,-72.91153003291419,57.08846996708582,100
uhj,-3.7534862104216935,32.24651378957831,100
gwi,-27.679098099697008,6.320901900302992,100
dkp,-48.446335492069245,71.55366450793075,100
ddu,-15.334869371123437,69.66513062887657,100
eew,-86.84496676052893,31.15503323947106,100
mac,-27.355455737776005,43.644544262223995,100
gva,-13.392542752111082,4.607457247888918,100
vuv,-76.07899525328686,7.921004746713135,100
hjf,-94.92651573431966,34.073484265680335,100
znp,-96.93771812896907,73.06228187103093,100
sla,-64.38015134686755,78.61984865313245,100
law,-73.47677153741039,74.52322846258961,100
okv,-90.45208856106598,58.54791143893403,100
ged,-22.950852587891543,61.04914741210846,100
cgf,-57.14558175226513,41.85441824773487,100
vbv,-38.80244675369207,1.1975532463079361,100
rrv,-43.14909306917818,33.85090693082182,100
jbq,-69.31300757363539,81.68699242636461,100
upr,-12.507739921413847,45.49226007858615,100
krl,-48.84837785158611,70.15162214841389,100
sum,-44.585805941575614,54.414194058424386,100
chp,-40.24321475375074,2.7567852462492586,100
toe,-86.11727563662764,34.88272436337236,100
amq,-32.85127297939589,49.14872702060411,100
uhq,-33.22206441290902,47.77793558709098,100
juz,-40.56590746279618,4.4340925372038145,100
lme,-15.647479709464486,86.35252029053551,100
iwd,-0.19984319996774758,0.8001568000322524,100
zci,-91.00734837259475,60.99265162740526,100
oyn,-96.11064421878807,75.88935578121193,100
ivn,-39.876124201804686,0.12387579819531558,100
hqc,-70.09322121676318,55.90677878323682,100
bhg,-9.162800325082165,17.837199674917837,100
ena,-8.942116469860975,83.05788353013902,100
pky,-95.07948696972998,49.92051303027001,100
ibr,-54.39313524852854,76.60686475147146,100
dam,-72.62824748294013,93.37175251705987,100
ihm,-33.49715136316695,58.50284863683305,100
fep,-54.25379096698362,23.746209033016374,100
nza,-48.02106582983803,16.97893417016197,100
cke,-28.49833805072402,93.50166194927598,100
uft,-28.09364236495331,69.90635763504669,100
yyb,-2.9946685047404484,30.00533149525955,100
rxk,-36.91320796309082,74.08679203690917,100
kya,-22.733487616695196,36.2665123833048,100
wtr,-95.04731081518338,45.95268918481662,100
iqm,-29.107568526807015,33.892431473192985,100
spn,-82.10609174374935,16.89390825625066,100
tcb,-8.960168859899914,68.03983114010009,100
mrm,-14.750070540150302,78.2499294598497,100
qcr,-60.82491826421642,53.17508173578358,100
jbo,-44.265879626820585,13.734120373179419,100
cbx,-48.47435967489691,45.52564032510309,100
izf,-53.22231245200504,98.77768754799496,100
ymb,-88.93904512671185,93.06095487328815,100
ecy,-92.41276059314546,1.5872394068545317,100
tcm,-16.628077410518692,95.3719225894813,100
pei,-49.34688482443259,89.65311517556741,100
bvj,-67.27206684102063,18.72793315897937,100
dzw,-14.909466067829761,10.090533932170239,100
otm,-37.279181669092395,98.7208183309076,100
fia,-75.46116372208549,55.53883627791451,100
csa,-40.05511609086947,87.94488390913052,100
koc,-10.598462344462266,90.40153765553774,100
pmc,-45.81937190222542,85.18062809777459,100
brb,-40.16027641790277,27.83972358209723,100
ciz,-58.60238207219079,82.39761792780921,100
vyo,-6.043081969769763,6.956918030230237,100
bxf,-19.26474696478914,16.73525303521086,100
ayk,-78.28790227595398,47.71209772404602,100
uhw,-19.928586721132426,78.07141327886758,100
bib,-77.8182009214916,98.1817990785084,100
ogt,-67.87753814014768,45.12246185985232,100
