vnd,-61.16417207397992,74.83582792602009,100
fpv,-78.1620899241299,22.837910075870102,100
zyq,-5.769094262612373,12.230905737387628,100
mtg,-75.16089156499426,28.83910843500574,100
ebk,-45.27535415998988,42.72464584001012,100
ywf,-50.49887029738754,59.50112970261246,100
kkv,-30.750258712168097,57.2497412878319,100
qbs,-75.03888519598077,77.96111480401923,100
gri,-32.8361913364586,91.1638086635414,100
bwx,-22.193220531099314,24.806779468900686,100
and,-29.838573591433818,34.16142640856618,100
uwb,-41.35034724735748,86.64965275264251,100
gih,-66.5700067317634,8.429993268236595,100
zxm,-60.97965841928784,8.020341580712161,100
qmt,-71.34046139563331,62.65953860436669,100
unn,-34.137963361379306,71.8620366386207,100
ins,-29.25032381581612,34.74967618418388,100
eqd,-9.600097035520388,23.39990296447961,100
vdb,-90.57662235699561,41.423377643004386,100
mbm,-2.6665275703595945,26.333472429640405,100
qcq,-94.48363886270394,76.51636113729606,100
jnv,-8.124229574328092,32.87577042567191,100
lux,-27.541512512782766,25.458487487217234,100
qfy,-55.86372124611336,92.13627875388664,100
bjv,-73.86928797018416,32.13071202981585,100
gbt,-94.84448914840642,56.155510851593576,100
bif,-38.199545872208404,49.800454127791596,100
vrl,-71.02407523758012,49.975924762419886,100
wol,-16.817015788749302,72.1829842112507,100
bbb,-24.22409512760716,7.775904872392839,100
jdd,-11.081230413013008,73.918769586987,100
mmr,-31.34475757562471,57.65524242437529,100
qyc,-53.444251477859076,16.555748522140927,100
yix,-93.04626398253077,3.953736017469219,100
ehb,-71.39793109445166,35.60206890554834,100
nbg,-70.69732642300141,80.30267357699859,100
jbu,-56.10369407632239,66.8963059236776,100
sjy,-34.6847878014972,29.3152121985028,100
qrr,-8.330476654292317,83.66952334570769,100
ueh,-13.036574377239662,20.963425622760337,100
nke,-30.730386577041358,56.26961342295864,100
ulm,-74.2307862576432,77.7692137423568,100
qxx,-2.485215443450411,14.51478455654959,100
vqy,-39.92873417961037,6.071265820389629,100
ofn,-73.33087711189532,51.66912288810468,100
wqv,-15.30667316753505,21.693326832464948,100
wgn,-84.59645431759353,88.40354568240647,100
pvb,-43.4081116204838,17.5918883795162,100
jxr,-89.9841791356146,89.0158208643854,100
plm,-38.75680063645331,40.24319936354669,100
oxf,-65.54702120583978,23.452978794160213,100
rgn,-69.91460717898968,4.085392821010313,100
lzv,-83.52777513138038,1.4722248686196155,100
oot,-89.76758447367983,73.23241552632017,100
ptp,-24.140868121569493,36.8591318784305,100
sjm,-52.830492830668405,66.1695071693316,100
sqz,-81.90095492839646,93.09904507160354,100
gxc,-93.21001336390974,25.789986636090262,100
xyg,-60.88753429188186,11.112465708118135,100
dlq,-73.96679731735524,17.033202682644756,100
ovt,-76.2746066061556,35.72539339384439,100
pgd,-62.30826035494953,33.69173964505047,100
fuo,-51.51024474412549,89.48975525587451,100
zsj,-11.438156667853914,42.56184333214608,100
ubv,-8.685099016771483,32.31490098322852,100
zsq,-51.510887086466255,88.48911291353375,100
taz,-68.87988551394736,19.120114486052643,100
xih,-35.37428159926041,88.62571840073959,100
nwn,-64.26974583074899,59.73025416925101,100
qsq,-11.035457575006832,38.96454242499317,100
djd,-44.21665463291327,17.783345367086735,100
wdx,-61.60927920238553,70.39072079761448,100
pta,-89.88803744320693,78.11196255679307,100
prk,-8.502417155125757,76.49758284487424,100
nmk,-75.48801558702051,1.5119844129794813,100
vxv,-11.037122841840155,19.962877158159845,100
zlu,-47.29813530886994,41.70186469113006,100
bqz,-9.717225299242473,98.28277470075753,100
xpj,-18.0109471818128,72.9890528181872,100
wzj,-14.592075747368211,4.407924252631788,100
fjl,-70.60012947970404,57.39987052029596,100
dtv,-84.56453040830858,95.43546959169142,100
evn,-32.62996324833363,91.37003675166638,100
ugb,-16.10462529620008,4.895374703799919,100
dpm,-29.467222883346267,87.53277711665373,100
pxi,-72.86316467363447,43.13683532636553,100
wbi,-46.10243604491558,38.89756395508442,100
prt,-74.79516772637817,21.204832273621836,100
dlu,-62.20361134855325,30.796388651446748,100
xiu,-29.066855780293636,71.93314421970636,100
oub,-59.33197088071844,4.668029119281565,100
izv,-61.47436723973807,27.52563276026193,100
xqh,-35.53668566286593,70.46331433713407,100
trc,-6.955830917888258,81.04416908211174,100
xsa,-54.91308531881342,66.08691468118657,100
znm,-16.609835942581995,32.390164057418005,100
vbt,-2.5756912031055106,90.4243087968945,100
xuy,-0.08817668558710678,43.91182331441289,100
rib,-88.765579884053,97.234420115947,100
qpc,-40.16752227163407,62.83247772836593,100
mnm,-70.8594710911146,74.1405289088854,100
