dkb,-45.38792907233886,31.612070927661133,100
set,-49.041750354148164,27.958249645851833,100
sye,-37.401408341590674,12.598591658409324,100
fnc,-43.75246633006543,24.247533669934572,100
gxs,-51.28752051329188,1.7124794867081197,100
wik,-24.056430842346,24.943569157654,100
iuq,-50.002275175623446,13.997724824376554,100
xdx,-79.67446646852822,11.325533531471775,100
qis,-8.994985635402081,40.00501436459792,100
pbq,-5.361134546500726,98.63886545349928,100
zzi,-95.86050085342707,16.139499146572927,100
zyc,-40.46871151111105,10.531288488888949,100
kod,-1.871385210242153,4.128614789757847,100
tqs,-20.682105416795434,0.317894583204568,100
pax,-42.04692579760466,1.9530742023953418,100
qua,-85.90715890257887,33.09284109742113,100
mmu,-50.78268766378859,81.2173123362114,100
mir,-39.654982697929476,17.345017302070524,100
hrk,-16.327493124214577,84.67250687578542,100
tyb,-58.6112764309506,57.3887235690494,100
ear,-25.415200275350095,15.584799724649903,100
oxm,-22.060755734998388,28.939244265001612,100
xqh,-29.338456593679474,3.6615434063205257,100
wfz,-63.77831125785631,11.221688742143687,100
vyw,-22.76206064355291,70.23793935644709,100
hya,-10.308309364515651,74.69169063548435,100
wzl,-86.50451324648813,53.49548675351186,100
xuj,-22.080420171618456,95.91957982838154,100
hkx,-44.714929363092324,42.285070636907676,100
rpk,-45.01826887870699,85.98173112129301,100
zmi,-17.87045242845007,90.12954757154994,100
nnl,-88.51139346299772,42.48860653700228,100
zhw,-11.812679919363914,62.187320080636084,100
kbo,-25.05163794339468,30.94836205660532,100
uuk,-71.33274703102143,0.6672529689785799,100
bxc,-65.69651265763805,37.30348734236195,100
alq,-29.94419028051525,4.055809719484749,100
rfo,-67.91208627163542,70.08791372836458,100
uie,-35.06337531753186,14.936624682468146,100
dxk,-54.12082056895959,84.87917943104041,100
sch,-45.61872217886509,40.38127782113491,100
als,-29.33078543386741,70.6692145661326,100
ftd,-71.21489434474569,55.78510565525432,100
mfa,-86.46502776331087,13.534972236689125,100
ezf,-21.145595518943253,90.85440448105675,100
den,-71.51569575975564,26.484304240244352,100
kdn,-63.888904241096824,80.11109575890318,100
kvv,-7.313470141934326,49.686529858065676,100
sul,-96.99509274131618,74.00490725868382,100
drm,-24.315583819778105,17.684416180221895,100
gyt,-86.2603187918042,65.7396812081958,100
tzg,-80.93636326845018,49.06363673154981,100
zaz,-36.26775280796541,58.73224719203459,100
hly,-85.38778885730855,89.61221114269145,100
mdn,-18.137313142332818,38.862686857667185,100
nig,-33.462741100072265,68.53725889992774,100
wir,-90.84268713891638,80.15731286108362,100
tnf,-11.860860291825015,46.13913970817499,100
gsj,-39.595873576005914,64.40412642399409,100
tpu,-84.79596320357739,51.20403679642261,100
hsv,-14.447062511298821,4.552937488701178,100
gou,-74.49456354979593,78.50543645020407,100
lcv,-75.59260098685056,77.40739901314944,100
hca,-90.21821461431634,22.781785385683666,100
xqo,-16.876840418828355,21.123159581171645,100
jvi,-25.739010709471966,40.26098929052803,100
kef,-39.78595660991088,9.21404339008912,100
yzo,-80.25962914027131,9.740370859728682,100
dmn,-68.82527886606084,12.174721133939153,100
xiz,-31.381336547223313,14.618663452776689,100
ncm,-68.33762451958893,17.662375480411075,100
asn,-30.84431172432401,30.15568827567599,100
xdq,-77.05671352139431,48.943286478605685,100
two,-93.25779185637944,1.7422081436205632,100
vrz,-65.40651675608115,15.59348324391885,100
smz,-48.71921811847634,55.28078188152366,100
dkb,-28.551994859778784,77.44800514022121,100
sbx,-0.4753014229420067,55.52469857705799,100
qyk,-52.663648126164425,6.336351873835577,100
xlf,-22.15891906198815,16.84108093801185,100
kvy,-3.6458602536378737,65.35413974636212,100
tld,-80.18342102063438,75.81657897936562,100
oqu,-3.637766975282176,28.362233024717824,100
vxm,-59.58613635177639,0.4138636482236102,100
zwl,-21.776112575482564,96.22388742451744,100
hel,-74.09631930059251,17.903680699407488,100
abz,-8.248104343420385,45.75189565657961,100
xjp,-6.811194073804562,90.18880592619544,100
hrq,0.3290240059105525,60.329024005910554,100
dzi,-12.233471311636857,76.76652868836314,100
hwj,-29.621408121238716,19.378591878761284,100
kgn,-56.836352157083994,19.163647842916006,100
ubs,-57.12614598684965,34.87385401315035,100
qer,-50.98487975365104,35.01512024634896,100
hek,-24.345530123593665,17.654469876406335,100
nmq,-19.474219580733664,42.52578041926634,100
ojz,-80.0190180737094,12.98098192629059,100
qir,-87.69801906756899,0.3019809324310019,100
itu,-97.28430758667982,27.71569241332018,100
gtq,-50.639623043174105,32.360376956825895,100
zhf,-32.539973703722325,39.460026296277675,100
