mld,-16.807469236729247,60.19253076327075,100
rqv,-55.118526869547196,29.881473130452804,100
oca,-47.20988073657803,67.79011926342197,100
gns,-80.58491089863759,31.41508910136241,100
zog,-24.095655792237856,95.90434420776214,100
tvy,-11.014782902847783,35.985217097152216,100
hxp,-20.213426013257717,17.786573986742283,100
lsj,-68.24684066705288,79.75315933294712,100
xgf,-58.743940931972936,30.256059068027067,100
bhl,-46.95791858513454,18.042081414865457,100
aji,-11.359081492768773,11.640918507231227,100
iyn,-24.073134511675725,4.926865488324274,100
meo,-63.38477669737762,12.61522330262238,100
bdb,-73.04969367065816,89.95030632934184,100
ffr,-84.68113031061291,26.318869689387085,100
arc,-51.06097316955469,89.9390268304453,100
ysj,-20.12155156779868,1.878448432201321,100
rlu,-34.992554127115675,17.007445872884325,100
hop,-26.795383075873715,33.204616924126285,100
abd,-45.29298717421949,63.70701282578051,100
whd,-15.874513688668106,63.12548631133189,100
esq,-78.50885557040205,9.491144429597956,100
yoe,-40.968359835622884,83.03164016437711,100
grq,-28.73966014945405,25.26033985054595,100
won,-5.424264557054755,6.575735442945245,100
dqr,-94.40308052356517,68.59691947643483,100
kff,-20.87426670013148,32.12573329986852,100
umz,-37.352422173981815,13.647577826018182,100
aoa,-27.061313193242814,68.93868680675719,100
jwc,-42.67286353843605,23.327136461563953,100
qzh,-95.01617408950175,73.98382591049825,100
adh,-44.96087915173601,3.0391208482639875,100
dnh,-96.26375959501969,4.736240404980308,100
owa,-19.081601553445076,73.91839844655492,100
pch,-23.4718183151046,60.5281816848954,100
cid,-94.4652794871682,81.5347205128318,100
lia,-87.04137346905515,56.958626530944855,100
uwa,-32.36309158756078,6.636908412439219,100
gnx,-89.55265484629552,93.44734515370448,100
qkd,-46.36772486741686,97.63227513258313,100
aak,-97.08371106927032,76.91628893072968,100
srt,-92.99547317831647,75.00452682168353,100
izv,-75.48346035857435,55.51653964142565,100
wxi,-68.20874149335181,59.791258506648184,100
rqe,-11.304849858118736,48.695150141881264,100
bpj,-41.568302829155314,86.43169717084469,100
dyr,-89.70727819781604,40.29272180218396,100
flo,-32.53808576642994,84.46191423357006,100
nxn,-39.531152003084465,94.46884799691554,100
sla,-21.99871285707604,40.00128714292396,100
zog,-48.46221602339337,17.537783976606637,100
uzo,-25.19147610794532,41.80852389205468,100
sil,-18.534029853203066,41.465970146796934,100
ood,-34.197291730227676,1.8027082697723236,100
wof,-58.46302982542775,5.536970174572244,100
ehp,-32.485057058174824,49.514942941825176,100
ivd,-52.49450479222906,89.50549520777093,100
wdm,-9.191112639839403,41.8088873601606,100
mwk,-4.6278538844246375,89.37214611557536,100
ttw,-86.08311260707423,45.916887392925766,100
crp,-24.721488313072808,34.278511686927196,100
deg,-71.78401657572323,39.21598342427677,100
rph,-7.2366479314875445,20.763352068512454,100
enc,-80.04140736162836,47.95859263837164,100
xrp,-50.61970941030396,56.38029058969604,100
cvs,-91.62007635116791,40.3799236488321,100
dxz,-46.138423657475315,67.86157634252469,100
bos,-47.25773891272976,92.74226108727025,100
xsd,-77.62802688514373,77.37197311485627,100
slc,-3.7831788113226548,30.216821188677343,100
bqn,-1.9333840005023755,50.06661599949762,100
cvp,-52.66316697991092,16.33683302008908,100
iht,-85.80058372527535,73.19941627472465,100
lfq,-55.510948767628115,11.489051232371882,100
kns,-51.1167484729334,74.88325152706659,100
onx,-18.507587927649595,57.492412072350405,100
rod,-18.360453476255117,14.639546523744885,100
nbs,-4.343554901027928,69.65644509897207,100
liw,-53.03732525951396,96.96267474048604,100
dsi,-39.48171763810042,33.51828236189958,100
qam,-97.80077792748213,28.199222072517866,100
rwf,-18.98504316452462,51.01495683547538,100
uio,-94.92639388094206,75.07360611905794,100
udl,-55.8150371379245,2.184962862075502,100
vpg,-52.03863355377263,27.96136644622737,100
xbm,-93.69357224660574,52.30642775339425,100
eyc,-8.976974288817239,40.02302571118276,100
vgr,-69.64186714417293,48.35813285582706,100
uyt,-74.87070723229179,38.12929276770821,100
hgo,-7.095097130844861,9.904902869155139,100
hgd,-34.663483898799456,97.33651610120054,100
swk,-84.0510842210299,46.948915778970104,100
wsa,-26.18004361641516,94.81995638358484,100
obt,-81.1452650632603,4.854734936739699,100
ybx,-68.4120914988598,2.587908501140203,100
qjl,-27.16868896054621,86.8313110394538,100
yfw,-13.025498918237545,70.97450108176245,100
hap,-46.873738657393254,58.126261342606746,100
bsf,-19.92512076979843,70.07487923020157,100
ldi,-46.119507812139105,61.880492187860895,100
rpm,-40.8780022670893,55.1219977329107,100
