urt,-74.71405058172294,33.285949418277056,100
ksm,-41.16317479259226,2.8368252074077436,100
web,-14.495173604367647,77.50482639563235,100
nbz,-34.63747009262001,87.36252990737998,100
rhu,-85.15227301974035,12.847726980259647,100
kse,-53.36084159888259,78.63915840111741,100
ldx,-67.47380428520805,55.52619571479196,100
odj,-4.249952066445555,52.75004793355445,100
lov,-83.87732146493089,5.122678535069112,100
dio,-66.66561378989007,52.334386210109926,100
bgy,-31.811156144671276,57.18884385532873,100
loo,-55.43057590230304,53.56942409769696,100
gyx,-51.016157234217985,84.98384276578201,100
alh,-9.00806752299473,49.99193247700527,100
sbf,-42.01632333478884,91.98367666521116,100
vjx,-67.49992864783707,81.50007135216293,100
qeb,-43.75383537220282,94.24616462779719,100
rsx,-32.49058643627168,68.50941356372833,100
vhb,-48.7162958332108,90.28370416678919,100
ejz,-36.740773823253924,23.25922617674608,100
aju,-79.6876424094553,25.312357590544707,100
arc,-4.010928296499062,22.98907170350094,100
qiy,-93.35315608897423,37.646843911025776,100
zwj,-84.06674992522578,4.933250074774222,100
efl,-39.465535235540365,39.534464764459635,100
npn,-39.80967981543033,23.19032018456967,100
jks,-68.65117933978988,10.348820660210126,100
rom,-28.239939624083114,11.760060375916886,100
mgs,-31.52407252787818,58.475927472121825,100
wvb,-60.97792255902701,96.02207744097299,100
cwn,-89.64942595651007,0.35057404348992394,100
ofl,-71.23162183504067,33.76837816495932,100
qqz,-54.68606756528876,23.313932434711237,100
toe,-4.373646342842159,83.62635365715784,100
ieg,-7.974639609829475,87.02536039017052,100
wxy,-50.43276246670434,65.56723753329565,100
vnu,-39.52002715369496,14.479972846305039,100
owe,-7.20728559797443,8.79271440202557,100
cax,-63.55951044096186,18.440489559038145,100
cir,-40.342105858391974,46.657894141608026,100
wgp,-36.47903852763899,98.52096147236101,100
jgd,-12.772533979959885,57.22746602004012,100
khm,-83.3539437404228,55.64605625957719,100
sse,-77.64991433251573,8.350085667484262,100
jtu,-84.2105893423721,2.7894106576278914,100
jza,-74.83630512906292,7.163694870937073,100
xdl,-18.069120952255265,51.93087904774473,100
evo,-40.49511427728619,74.50488572271381,100
wdg,-10.46874060641676,90.53125939358324,100
uka,-92.64269113616692,45.35730886383309,100
kql,-56.788731972955375,48.211268027044625,100
wyn,-44.0768541770149,47.9231458229851,100
fli,-9.489371573827688,81.51062842617232,100
emv,-75.36395650892457,96.63604349107543,100
arj,-58.857314875116195,67.1426851248838,100
zhh,-43.34383462890352,18.65616537109648,100
cqk,-26.74195459096137,1.2580454090386302,100
syc,-51.194266051639445,73.80573394836055,100
tnq,-9.715375563710241,52.28462443628976,100
gdw,-19.96591488672322,87.03408511327677,100
ifl,-66.19693368733307,70.80306631266693,100
fmr,-27.909340454777354,25.090659545222646,100
qgn,-87.57502542488514,59.42497457511486,100
ush,-72.05061407055986,14.94938592944014,100
gtz,-47.21064403458623,93.78935596541378,100
atp,-30.632030294388375,18.367969705611625,100
enq,-36.05062611501379,16.94937388498621,100
bzu,-14.31755007956458,14.68244992043542,100
iea,-21.888281852007246,46.111718147992754,100
wnh,-14.83575041279927,87.16424958720073,100
vmc,-58.36825668276942,86.63174331723059,100
rzi,-24.17936509030297,34.820634909697034,100
lxx,-63.23272054179484,26.76727945820516,100
kmm,-56.80470922472206,12.195290775277938,100
tir,-38.18607241066662,25.81392758933338,100
dks,-91.87217032836398,23.127829671636025,100
yxr,-8.796856653182466,49.203143346817534,100
amt,-25.133644165569308,7.866355834430693,100
ipb,-27.159287830003745,76.84071216999625,100
nxj,-71.1620189889814,48.837981011018606,100
hax,-11.242894277992802,60.757105722007196,100
gyh,-19.806860326465564,18.193139673534436,100
fhp,-17.62634821199509,70.3736517880049,100
hsu,-0.24435875108235483,51.75564124891765,100
pam,-0.329281286649314,3.670718713350686,100
bue,-37.91143995175497,94.08856004824503,100
rqa,-20.258396529512297,93.7416034704877,100
tad,-19.596367275424548,64.40363272457546,100
lre,-52.35014596645525,98.64985403354474,100
ujx,-4.140432565924702,27.8595674340753,100
ixe,-68.30035161390796,88.69964838609204,100
ozc,-95.0899873266005,49.9100126733995,100
zcv,-44.91462481368467,59.08537518631533,100
oul,-10.10336664167501,67.89663335832499,100
iic,-48.43169324840628,56.56830675159372,100
wmw,-81.38251810407586,67.61748189592414,100
xxm,-19.038471669841755,86.96152833015825,100
ohu,-13.058749339209038,32.94125066079096,100
vwf,-97.97095797413516,16.029042025864847,100
kjh,-22.56415300082952,19.43584699917048,100
sqz,-42.82743230308793,13.172567696912068,100
