qdv,-4.689691019667237,36.31030898033276,100
bkx,-65.80043439803475,71.19956560196525,100
sjg,-89.30844768415443,92.69155231584557,100
tjs,-38.98821390970529,36.01178609029471,100
nar,-40.13138367171503,79.86861632828497,100
snf,-76.16615863608462,84.83384136391538,100
tfo,-5.21934852643654,4.78065147356346,100
sld,-72.54401098683965,96.45598901316035,100
sbz,-13.940462257596263,87.05953774240373,100
eds,-80.12092114952085,60.879078850479154,100
fwf,-19.84638580470206,51.15361419529794,100
ayx,-90.54104758269604,77.45895241730396,100
rvr,-42.39983377212343,61.60016622787657,100
ozt,-27.810085524216138,0.18991447578386256,100
kud,-29.499832131487537,56.50016786851246,100
hkt,-49.56616734124563,56.43383265875437,100
uci,-60.19906503367,8.800934966329994,100
ivk,-14.585087776271346,35.414912223728656,100
rqc,-44.330935275132006,83.669064724868,100
zks,-91.74598487933054,13.254015120669465,100
kcz,-56.65977992133522,22.340220078664775,100
cpw,-42.31129090633573,45.68870909366427,100
wck,-60.524748954991736,64.47525104500826,100
ooa,-80.24982295051268,72.75017704948732,100
llb,-29.23268301800182,36.76731698199818,100
dly,-37.13025969221154,41.86974030778846,100
fkz,-7.141876806672368,63.85812319332763,100
lpn,-87.34349308190076,22.656506918099247,100
pkz,-38.923173516765644,82.07682648323436,100
vuo,-4.151729620669393,55.84827037933061,100
vrh,-51.99170626423774,46.00829373576226,100
aku,-87.56615918564556,62.43384081435443,100
bkk,-69.71143502837613,11.288564971623876,100
sav,-57.161493100771224,89.83850689922878,100
efj,-41.18233123842214,11.817668761577863,100
tqh,-74.18345045244303,96.81654954755697,100
arc,-79.30164567788195,21.69835432211805,100
wiy,-54.69729912122892,27.302700878771077,100
yop,-25.275169140230453,4.724830859769549,100
ktk,-85.11278388180492,67.88721611819508,100
whg,-8.551569395731121,53.44843060426888,100
qkc,-32.39722084722351,22.60277915277649,100
zwa,-53.10907550233519,84.89092449766481,100
oyl,-40.75721777360098,84.24278222639903,100
vri,-54.097886628227066,76.90211337177294,100
pao,-50.55724725132647,82.44275274867353,100
tnk,-58.66070183439385,7.339298165606153,100
dmf,-79.8902842584647,69.1097157415353,100
aue,-39.28030937606853,0.7196906239314682,100
uak,-66.37334683486749,26.626653165132506,100
uyu,-54.755868007928,25.244131992072,100
uug,0.7003477270502143,15.700347727050215,100
zrd,-91.79047846873497,3.20952153126502,100
wzp,-0.9353820577579448,95.06461794224205,100
nhy,-49.503582338345176,49.496417661654824,100
jcq,-67.93115365095896,46.06884634904104,100
czp,-39.6018963526527,41.3981036473473,100
hfp,-32.94536407511523,64.05463592488478,100
swz,-35.69693716808104,43.30306283191896,100
syx,-27.392897435784988,75.60710256421501,100
nyp,-75.16162645059767,53.83837354940234,100
zey,-46.429831356595166,62.570168643404834,100
tmv,-42.65000003719552,65.34999996280449,100
jsu,-62.53063638695009,38.46936361304991,100
ckw,-65.26099623850479,53.739003761495205,100
ybn,-9.645808509319728,78.35419149068026,100
tdw,-13.241336470745258,85.75866352925475,100
jwg,-22.65453658240724,47.34546341759276,100
uks,-72.49770277471092,72.50229722528908,100
vlr,-29.919397724237793,58.0806022757622,100
heq,-45.62142125842706,20.378578741572934,100
ror,-70.0774308210545,5.922569178945489,100
kny,-73.04163676794322,22.958363232056776,100
lzt,-82.39807780005636,66.60192219994364,100
gpd,-2.8565000269828116,29.14349997301719,100
nrm,-12.738479528613093,28.26152047138691,100
dnj,-73.90524720235756,91.09475279764244,100
ell,-37.46084687985638,91.53915312014361,100
msi,-10.951445088544213,95.04855491145578,100
oem,-0.36179009201326895,1.638209907986731,100
oaf,-53.0378683656583,66.9621316343417,100
rxy,-54.059073691242716,84.94092630875728,100
scv,-47.28106773270905,41.71893226729095,100
olr,-57.964890132580564,53.035109867419436,100
jkj,-49.91034278524447,40.08965721475553,100
dfe,-60.44803440447532,2.55196559552468,100
rro,-11.297138019859535,8.702861980140465,100
jwt,-63.40804596295772,47.59195403704228,100
tpg,-5.210892929693041,47.78910707030696,100
zyr,-17.65091777216422,29.34908222783578,100
qxt,-37.63163632843219,78.36836367156782,100
ufx,-8.017601171791295,17.982398828208705,100
pts,-95.44486671580734,25.555133284192664,100
bcw,-93.11347946861633,73.88652053138367,100
ubl,-89.56741264571625,35.43258735428376,100
rgk,-6.002891991436569,29.99710800856343,100
pyp,-6.490171246606078,29.509828753393922,100
sqz,-4.259233479008581,75.74076652099141,100
fmz,-95.45688155500542,46.54311844499458,100
nsr,-64.6110262854657,63.3889737145343,100
zxc,-53.118322773221294,87.8816772267787,100
