zty,-91.76480152125363,16.23519847874637,100
xrw,-54.352327582876995,26.647672417123005,100
fpv,-74.81323063465533,76.18676936534467,100
cbg,-54.53355366660007,5.466446333399931,100
vel,-97.44825196223861,6.551748037761381,100
fuq,-1.8992449861289655,41.10075501387104,100
eon,-55.14980684927293,85.85019315072707,100
ukt,-27.59702897387065,60.40297102612935,100
dtz,-85.95675631417502,15.043243685824981,100
tuw,-74.22608733782732,64.77391266217268,100
cqk,-96.04557270346255,79.95442729653745,100
cmi,-41.18702410276984,33.81297589723016,100
ksc,-69.7949114892851,16.2050885107149,100
kgq,-96.90595978504014,55.094040214959854,100
mry,-67.2526336702334,60.747366329766606,100
lwc,-64.69539488258953,40.304605117410475,100
kkl,-55.026840921372646,90.97315907862736,100
olt,-65.40898222911413,96.59101777088587,100
cxz,-69.46308962482885,0.5369103751711395,100
hvp,-70.45497104845875,6.545028951541257,100
tzv,-46.51880082486126,80.48119917513874,100
xuf,-23.962307491838075,88.03769250816192,100
fhd,-67.95576817856768,71.04423182143232,100
udc,-32.682639998181,91.317360001819,100
gcr,-59.91024259793219,64.0897574020678,100
pzw,-65.67741661032507,90.32258338967493,100
eiz,-20.986067922862226,15.013932077137776,100
orm,-89.24935404446833,58.750645955531674,100
axk,-60.432722807253015,9.567277192746982,100
vhd,-52.35815700877338,3.6418429912266186,100
lsf,-2.1201585468772732,71.87984145312272,100
pey,-37.839488433892996,19.160511566107004,100
idw,-19.379389590611165,38.62061040938883,100
elg,-27.55800728877,12.44199271123,100
xia,-6.866905516255741,27.13309448374426,100
eeq,-51.43895887480737,15.561041125192633,100
vyy,-61.16103837051494,30.83896162948506,100
sbl,-26.414366193472496,74.58563380652751,100
vuu,-8.080465606034446,97.91953439396555,100
awy,-50.95346621173363,47.04653378826637,100
pvr,-42.291762405410395,93.7082375945896,100
dus,-83.7566902646315,56.243309735368506,100
rke,-12.33653598396747,24.66346401603253,100
eub,-79.15320528169863,18.84679471830137,100
fdx,-88.33894655162575,38.66105344837425,100
qer,-20.646318508063068,78.35368149193692,100
ozl,-59.7413621136754,8.258637886324598,100
apg,-57.552415323417755,8.447584676582247,100
hvy,-90.62597470809393,4.3740252919060625,100
pdw,-33.06088039351665,91.93911960648336,100
ryr,-58.31267899658208,86.68732100341792,100
nyx,-60.07119398016001,35.92880601983999,100
qkl,-96.17324658164344,71.82675341835656,100
eru,-2.283490771812564,50.716509228187434,100
nrx,-16.58096851865958,4.419031481340418,100
vpo,-28.657812823890023,53.342187176109974,100
iiv,-27.1134919534595,82.8865080465405,100
dvl,-70.90130810817858,97.09869189182142,100
orf,-66.97363864236088,28.026361357639118,100
gyn,-61.056065711157075,88.94393428884293,100
xkd,-69.8370752516057,25.162924748394303,100
abf,-33.86456160736407,3.135438392635934,100
dxu,-86.1562766698178,40.8437233301822,100
zwq,-6.342337352726854,12.657662647273145,100
hmc,-9.200585374121696,61.799414625878306,100
qsv,-73.56950318620589,48.4304968137941,100
lxe,-35.51864566394843,93.48135433605157,100
kby,-77.68578662944734,18.31421337055267,100
iii,-47.32552504723897,67.67447495276103,100
lyf,-5.903280582179478,25.096719417820523,100
cww,-47.55537604301376,2.444623956986242,100
fmq,-40.90645566997846,30.093544330021537,100
szu,-92.65615958105404,53.34384041894596,100
gmn,-29.840528849905432,97.15947115009456,100
aey,-59.33386937815196,37.66613062184804,100
mhw,-64.06611171303244,47.933888286967566,100
igb,-67.53492942665991,9.465070573340084,100
ltj,-26.036706729163512,38.96329327083649,100
xro,-95.54127656106701,40.458723438933,100
gfk,-73.7093915992861,98.2906084007139,100
wvd,-33.11809338908043,5.881906610919572,100
hty,-12.318726414291005,35.68127358570899,100
qlb,-66.57368304261483,97.42631695738517,100
hvh,-50.15173947548175,44.84826052451825,100
rgr,-96.81421803679197,86.18578196320803,100
gjc,-32.27234734122381,40.72765265877619,100
ihy,-51.50302442144092,80.49697557855907,100
fvv,-84.27694982363244,95.72305017636756,100
olk,-42.20663384384126,12.793366156158742,100
cds,-9.992625854586613,21.007374145413387,100
bfm,-76.19307344248774,37.80692655751225,100
vin,-92.54306682995608,5.456933170043924,100
jtp,-60.06406318571712,71.93593681428288,100
mul,-0.5384953172396822,29.461504682760317,100
rfq,-13.722283208542992,48.27771679145701,100
jbm,-2.790340703758334,89.20965929624167,100
jhl,-24.630696970254828,3.369303029745173,100
sdu,-33.534716631579776,41.465283368420224,100
url,-50.344773867783076,46.655226132216924,100
svu,-52.18154168468312,39.81845831531688,100
kpw,-25.365673370781263,35.634326629218734,100
