odx,-72.20037778242688,51.799622217573116,25
wql,-52.3899698437554,24.610030156244598,25
nkl,-15.136331948345767,3.8636680516542325,25
pee,-75.79852657208028,98.20147342791972,25
xta,-51.22489241232323,41.77510758767677,25
epj,-11.840790359292876,67.15920964070712,25
eoc,-85.85922846913425,79.14077153086575,25
xrh,-95.41302120038677,60.58697879961323,25
zmr,-68.86463837750941,88.13536162249059,25
tuw,-72.49288479004258,44.507115209957426,25
yrv,-12.08433614703204,90.91566385296797,25
rbo,-2.9708236925192906,16.02917630748071,25
idi,-38.774738910454936,39.225261089545064,25
uis,-75.01461362043057,0.9853863795694368,25
sva,-80.70700912144763,23.292990878552374,25
dlg,-58.71877976880065,75.28122023119934,25
vlg,-61.29883415161264,88.70116584838736,25
rvc,0.6634627997409233,52.66346279974093,25
vst,-0.12358859321234161,15.876411406787659,25
psi,-1.3118703412533028,10.688129658746696,25
vgp,-60.002513698752885,61.997486301247115,25
pcx,-27.370143162378152,55.62985683762185,25
xsw,-33.60509075604534,70.39490924395466,25
tpd,-5.315225316157127,50.684774683842875,25
myb,-34.19851603308044,1.8014839669195617,25
edb,-30.639387870811117,74.36061212918888,25
ieu,-34.663654511969334,26.336345488030666,25
jow,-91.63288498214239,20.36711501785761,25
vtq,-61.62501242226212,10.37498757773788,25
pbr,-42.95527608376262,91.04472391623739,25
hxl,-0.06804971005227678,86.93195028994772,25
wbt,-85.4454042987517,1.55459570124831,25
muo,-50.48960428437894,19.510395715621055,25
lif,-48.72778196210026,98.27221803789975,25
tzg,-78.34361054602648,7.65638945397351,25
seg,-24.719794660192303,25.280205339807697,25
uly,-10.82618795748204,44.17381204251796,25
uym,-48.341210879804855,59.658789120195145,25
qnj,-76.25655878541575,48.74344121458425,25
qdl,-14.442979198736754,86.55702080126325,25
oau,-62.34401426177407,81.65598573822592,25
xug,-51.585521192710274,64.41447880728973,25
apk,-30.94697127353067,12.053028726469329,25
gdk,-74.79260885249393,84.20739114750607,25
wpc,-58.51104900884306,18.48895099115694,25
ssp,-67.43645148194858,32.56354851805142,25
nfd,-86.47852210649374,22.521477893506262,25
ewb,-44.79836855791025,19.20163144208975,25
bfi,-31.85433168019458,2.1456683198054205,25
oli,-93.03013103003566,32.96986896996433,25
bit,-9.572993516572405,72.42700648342759,25
ort,-72.20221857587667,42.79778142412333,25
ljl,-16.15144368304568,37.84855631695432,25
xjv,-41.81095026562444,50.18904973437556,25
oqw,-76.47649759273553,81.52350240726447,25
eim,-2.7707310062472454,55.229268993752754,25
azf,-94.88712449013514,8.11287550986486,25
ncd,-89.71892608508577,65.28107391491423,25
rmn,-33.951438290294185,71.04856170970581,25
dxq,-41.897569511551275,1.1024304884487228,25
clx,-71.70498816343094,36.29501183656906,25
rvd,-30.24086071835595,96.75913928164405,25
dop,-66.71158492338333,64.28841507661667,25
gyx,-6.493524738892065,75.50647526110794,25
zda,-72.35612268826247,3.643877311737533,25
syn,-47.09960986570985,46.90039013429015,25
egl,-18.695286004384116,83.30471399561588,25
rmg,-52.94589100537567,66.05410899462433,25
maa,-21.996620366595533,79.00337963340446,25
eyb,-80.08222598035613,89.91777401964387,25
jrr,-14.220597440166479,36.77940255983352,25
plk,-73.80686566087859,17.193134339121418,25
qiy,-48.35692816687784,65.64307183312215,25
reb,-88.49904068807626,62.50095931192374,25
fni,-80.15393225196352,27.846067748036482,25
fxm,-38.40679373189278,15.593206268107215,25
hke,-24.385370141459834,45.61462985854017,25
qdx,-11.43424226266477,89.56575773733523,25
bdi,-45.34992448470947,19.650075515290528,25
tye,-42.982955767729116,80.01704423227088,25
ciw,-4.04889689411321,79.95110310588679,25
cxo,-64.59126569613034,53.40873430386966,25
fsj,-64.65747440536163,45.34252559463837,25
vhw,-45.08312209107359,64.91687790892641,25
ouj,-17.4030730617314,62.5969269382686,25
xrb,-57.43159439993407,84.56840560006593,25
bbs,-92.59249714639226,30.407502853607735,25
juq,-77.16040677914611,13.839593220853892,25
ahz,-35.54299551238397,87.45700448761603,25
hhs,-70.39173000497706,96.60826999502294,25
xzy,-63.46726165583597,86.53273834416403,25
hjm,-8.934197711785751,2.065802288214249,25
cuk,-75.56353626658351,62.43646373341649,25
uco,-23.7501649220997,0.24983507790030035,25
gwp,-95.72525583564388,39.274744164356115,25
wvt,-4.473809472829267,7.526190527170733,25
cos,-7.622741451086554,41.377258548913446,25
ilk,-71.62696496214804,89.37303503785196,25
lpx,-1.3445161496184035,25.655483850381597,25
qai,-49.01958655096654,96.98041344903346,25
itq,-22.05272857883661,39.947271421163386,25
