uwx,-35.617782351341454,94.38221764865855,25
puv,-54.96416858284204,90.03583141715795,25
zoh,-68.62295068778907,46.37704931221093,25
nuz,-44.63810260896623,90.36189739103376,25
gfn,-46.98349674967679,21.016503250323215,25
ier,-42.38291092124271,47.61708907875729,25
jqz,-18.35333475252599,22.64666524747401,25
gru,-61.74390305587602,76.25609694412398,25
qbu,-46.03674431281746,92.96325568718254,25
ymd,-63.81053441647759,83.1894655835224,25
dex,-54.742457956605655,46.257542043394345,25
iio,-49.69549126307091,52.30450873692909,25
wka,-5.1287226560021155,16.871277343997885,25
lss,-48.441544167719854,45.558455832280146,25
mgl,-94.78518081871188,38.21481918128813,25
paq,-18.189011388271364,45.81098861172864,25
scl,-92.32577916721664,63.674220832783355,25
ftd,-22.60332934120171,67.39667065879829,25
csl,-3.9752927332857286,5.024707266714271,25
les,-57.89828135560637,76.10171864439363,25
pjm,-45.530188799240015,92.46981120075998,25
hoh,-93.02917491359581,61.97082508640418,25
zlm,-44.12174416148145,21.878255838518548,25
mha,-86.59417820858647,43.40582179141354,25
hyr,-64.44718104806473,40.55281895193526,25
dcz,-18.935193692927783,17.064806307072217,25
nlt,-19.899654234580296,66.1003457654197,25
izi,-5.104434263842377,69.89556573615762,25
ici,-47.44117779189405,73.55882220810595,25
pze,-66.45101498592237,32.54898501407764,25
ecw,-51.221482354620946,81.77851764537905,25
onk,-20.712659891137985,22.287340108862015,25
rlt,-83.5328451357559,64.4671548642441,25
rvm,-48.29205841543712,25.70794158456288,25
nrg,-9.580261537714224,94.41973846228578,25
lnj,-15.471102425686627,17.528897574313373,25
zsf,-80.97507474286185,15.024925257138149,25
bgz,-38.458284691898605,72.5417153081014,25
ujh,-58.79835826671947,35.20164173328053,25
itc,-1.7081252153352544,87.29187478466474,25
rpw,-19.73814989586809,90.26185010413191,25
xbg,-5.710319821600251,76.28968017839975,25
slb,-10.147647941727469,11.852352058272531,25
bfl,-8.673883375453793,29.326116624546206,25
xro,-31.65240426241249,35.34759573758751,25
eqt,-0.4935811502508335,68.50641884974917,25
mui,-13.537809874877897,7.462190125122103,25
imb,-2.210596672825943,61.78940332717406,25
zau,-13.469891082972207,0.5301089170277927,25
pil,-89.54179210346842,57.45820789653158,25
gne,-18.58462893266726,24.41537106733274,25
rre,-13.004157191051437,57.99584280894857,25
gkw,-9.499377636423201,69.5006223635768,25
akq,0.2747077565646924,94.2747077565647,25
ijr,-46.61408153020467,86.38591846979533,25
mjs,-79.51883541622318,59.48116458377682,25
ubw,-94.71555704591815,28.284442954081854,25
dlw,-9.658638651030587,23.341361348969414,25
omv,-87.4231387415507,22.57686125844929,25
xrd,-97.71087034815996,57.28912965184004,25
bwg,-34.428174526711615,25.571825473288385,25
gjj,-55.331020452339324,96.66897954766068,25
lya,-67.93201874158012,90.06798125841988,25
que,-91.18314384565296,92.81685615434704,25
owg,-12.572935686058162,72.42706431394184,25
vhj,-59.1753124986607,46.8246875013393,25
iao,-42.72098720752234,68.27901279247766,25
rog,-61.97598349582994,42.02401650417006,25
nnr,-65.53971878450938,47.460281215490625,25
apd,-81.58119590849292,3.4188040915070887,25
xsy,-13.588425288636378,63.41157471136362,25
nmi,-11.755996306357641,33.244003693642355,25
twx,-7.422152181750841,93.57784781824915,25
ald,-89.59715784054401,47.402842159455986,25
cuf,-20.51886820785868,49.48113179214132,25
aet,-38.86233962072152,53.13766037927848,25
snh,-8.803781680111278,25.19621831988872,25
eij,-19.688499909576464,23.311500090423536,25
juh,-3.5443011653288425,49.45569883467116,25
nho,-78.45421037961891,80.54578962038109,25
dlq,-50.01353393512609,45.98646606487391,25
xwh,-14.079633928633,38.920366071367,25
iyl,-94.72178566759425,98.27821433240575,25
ydl,-74.95843674446944,81.04156325553056,25
tzz,-43.17748767590974,1.82251232409026,25
ptj,-8.1321640507613,86.8678359492387,25
mna,-68.77295625961177,39.227043740388226,25
rya,-63.782874345960686,37.217125654039314,25
rxu,-30.276094843556393,90.7239051564436,25
sxt,-53.87140908068427,52.12859091931573,25
lak,-26.76384423221741,65.23615576778259,25
lmg,-97.44482459475697,96.55517540524303,25
wna,-66.87196157283205,61.12803842716796,25
erd,-73.23978721625781,74.76021278374219,25
lom,-40.77650407101826,11.223495928981741,25
pjf,-90.9270625094454,17.072937490554594,25
mhr,-53.99064270587522,84.00935729412478,25
rvx,-97.96225810912756,83.03774189087244,25
jqz,-20.190201031207884,27.809798968792116,25
kzh,-67.6616733644165,95.3383266355835,25
xet,-62.72403586621465,61.27596413378535,25
