iwl,-86.3979036850413,92.6020963149587,25
hjt,-23.775462427019022,56.22453757298098,25
ybu,-45.26358207211523,40.73641792788477,25
gdb,-15.659529003890347,17.340470996109655,25
otk,-35.46800806617398,69.53199193382602,25
plt,-55.07300830392801,51.92699169607199,25
qgs,-18.592434908004996,43.407565091995004,25
nhh,-37.732491093072944,97.26750890692706,25
jfn,-53.292528059797434,92.70747194020257,25
nxo,-15.900532189691237,39.09946781030876,25
rei,-77.33024210837377,11.669757891626238,25
zrz,-79.79626382716916,13.20373617283084,25
pdr,-40.463892362012764,19.536107637987236,25
bcl,-55.01969784931236,53.98030215068764,25
lvo,-13.633589827980684,58.366410172019314,25
wjj,-20.078695725556784,8.921304274443218,25
zyi,-57.80745145419247,72.19254854580753,25
yum,-24.149838542714892,58.850161457285104,25
awk,-53.06932151665103,13.930678483348972,25
ply,-88.0322616813887,79.9677383186113,25
sfz,-53.821318933473016,47.178681066526984,25
oxj,-55.659612756959156,18.340387243040848,25
fxu,0.7627519072676622,23.762751907267663,25
rko,-12.452699776819221,66.54730022318078,25
hln,-54.621038688305106,15.378961311694894,25
yji,-73.95186757968565,95.04813242031435,25
ano,-35.155280582346926,25.844719417653078,25
zkw,-36.265471782596386,40.734528217403614,25
xmj,0.9321927023894142,80.93219270238941,25
aez,-5.368951556045101,52.6310484439549,25
mhs,-5.066184192377657,2.9338158076223433,25
bgx,-16.692079536718733,50.30792046328127,25
dae,-43.921556206014785,3.078443793985218,25
hdt,-67.21377258313379,70.78622741686621,25
tpx,-37.851845198658005,96.14815480134199,25
ryo,-11.964961220629345,32.03503877937065,25
tkr,-87.88159447790055,65.11840552209945,25
hwt,-97.75788851812115,22.242111481878847,25
irc,-76.81803216250245,11.181967837497547,25
yho,-14.159145052287709,64.84085494771229,25
urm,-53.02303484607079,40.97696515392921,25
cdu,-37.985025701830395,81.0149742981696,25
euc,-95.5474897242135,23.452510275786498,25
olz,-80.07573122128842,86.92426877871158,25
zlc,-75.31045320193402,7.689546798065977,25
ben,-13.938413626286641,28.06158637371336,25
cmo,-74.3765008969668,60.6234991030332,25
ftf,-12.628643069714919,4.3713569302850805,25
oyu,-47.08236564387595,96.91763435612404,25
urn,-97.11344427221971,19.88655572778029,25
aul,-4.7132605133676035,64.2867394866324,25
mxf,-83.17264100242922,51.827358997570784,25
sen,-97.15095162516788,39.84904837483213,25
mdt,-42.903187458856756,22.096812541143244,25
kxq,-63.763154777890534,35.236845222109466,25
yod,-41.265350293924264,95.73464970607574,25
ppg,-13.094575269222137,51.90542473077787,25
kze,-15.441434540245456,66.55856545975455,25
tww,-5.5343448077518,75.4656551922482,25
vda,-5.068803810055042,1.9311961899449588,25
aza,-44.429748633646874,13.570251366353125,25
rhb,-61.1433175602773,16.856682439722697,25
xoh,-71.94917305190978,71.05082694809022,25
pkq,-67.41112771432715,38.58887228567284,25
sfw,-71.43749304055142,82.56250695944858,25
ddq,-20.040132470034766,28.959867529965234,25
imf,-65.46417249860995,92.53582750139005,25
qho,-84.38479017147449,42.61520982852551,25
rta,-8.576417564254845,95.42358243574516,25
ypr,-47.30512940662401,96.694870593376,25
wbp,-83.23090753964973,51.76909246035027,25
ccp,-8.375774613554581,3.624225386445418,25
xxp,-58.96976297289627,20.030237027103727,25
edm,-71.78100447521912,91.21899552478088,25
zqx,-57.6961146920072,27.3038853079928,25
tns,-31.505815655687577,95.49418434431243,25
kke,-38.322795949045684,81.67720405095432,25
nkd,-70.67937835988528,85.32062164011472,25
dgl,-34.82654284730613,80.17345715269387,25
cvo,-93.40741312524472,76.59258687475528,25
qjn,-76.97856057901797,68.02143942098203,25
ssq,-85.24946688250603,33.75053311749397,25
zua,-38.705109221580415,56.294890778419585,25
hsd,-20.13707539359227,77.86292460640773,25
xqo,-92.75957894534454,23.240421054655457,25
teg,-46.465393621077986,70.53460637892202,25
rpx,-59.433737390126275,84.56626260987372,25
hau,-52.412709348717186,93.58729065128281,25
ixo,-81.69554291417411,83.30445708582589,25
toi,-52.85436779130455,73.14563220869545,25
bwy,-24.397549378407867,54.60245062159213,25
yap,-6.498641006446999,33.501358993553,25
gkz,-94.16331750686474,68.83668249313526,25
pjf,-73.28266721620007,85.71733278379993,25
ayl,-9.647622321091859,1.352377678908141,25
yrv,-79.88566581191347,66.11433418808653,25
ayp,-55.912292261351375,57.087707738648625,25
sqj,-14.070469962280857,57.92953003771915,25
qdt,-36.795398365157176,42.204601634842824,25
yqw,-89.41110534006769,13.588894659932304,25
pdo,-7.229791492727855,17.770208507272145,25
