jmb,-10.48550648569153,47.51449351430847,25
mef,-6.2112163275546886,98.7887836724453,25
fnc,-34.6931690659321,80.3068309340679,25
cit,-21.33903686362481,80.66096313637519,25
wmj,-3.113998990047992,28.886001009952007,25
wlz,-73.28452955552355,73.71547044447645,25
rwu,-64.18267059066584,62.817329409334164,25
pqc,-85.97168320838959,41.028316791610415,25
fmw,-97.79645771746455,10.203542282535455,25
tbi,-57.861206006706254,59.138793993293746,25
ptx,-80.85700530050897,46.14299469949103,25
pal,-79.91956817064741,67.08043182935259,25
rmk,-41.60657805797469,1.3934219420253129,25
pby,-97.56545434136432,0.43454565863568617,25
ssl,-41.05849573226126,60.94150426773874,25
ura,-93.94890086314263,35.051099136857374,25
zyp,-59.206556336385056,25.79344366361494,25
raz,-60.43436984470891,58.56563015529109,25
hpe,-20.65803263050484,83.34196736949515,25
kxn,-37.02759212828358,65.97240787171643,25
hie,-25.1119355174923,67.8880644825077,25
rfu,-18.573210246042276,43.42678975395772,25
ayv,-73.42017066626009,98.57982933373991,25
zya,-7.879130559995005,16.120869440004995,25
iis,-16.30891961353527,31.69108038646473,25
ppk,-34.446883823067346,60.553116176932654,25
arh,-57.312806272804586,70.68719372719542,25
tpw,-29.38011832146368,0.6198816785363193,25
ufd,-28.491783908290603,78.5082160917094,25
pvj,-76.18846020341964,89.81153979658036,25
kbx,-61.17879104808431,29.821208951915693,25
pqd,-28.627847214198056,67.37215278580194,25
muo,-75.65788061670932,7.342119383290686,25
qmy,-8.220977882776799,84.7790221172232,25
ixf,-73.13330063621808,50.86669936378192,25
zif,-82.69780030177111,37.30219969822889,25
qkg,-63.03888571378637,22.961114286213625,25
dpe,-3.6829968937972994,0.3170031062027008,25
zcf,-49.92543718929235,2.07456281070765,25
cdx,-29.92320466430657,6.076795335693431,25
afj,-51.169107584641566,62.830892415358434,25
goj,-10.146217973516086,47.85378202648391,25
cgk,-5.279576216588779,86.72042378341122,25
kly,-69.28639783986847,4.713602160131525,25
tcf,-34.38721875539979,67.61278124460021,25
fqx,-95.14162751298278,84.85837248701722,25
ljc,-32.617150373071205,66.38284962692879,25
ngl,-1.6488236100310125,37.35117638996899,25
qnu,-76.5048461946264,86.4951538053736,25
nie,-50.44442945932691,4.555570540673087,25
bgw,-17.798915161715296,34.20108483828471,25
anh,-51.309835095918125,52.690164904081875,25
ewv,-29.873298962336797,83.1267010376632,25
kni,-23.883735010470346,38.116264989529654,25
uqc,-82.7879374156789,35.21206258432111,25
wul,-8.390458263861579,21.60954173613842,25
rxw,-35.58302166048561,46.41697833951439,25
jmj,-79.128771240975,85.871228759025,25
wqb,-47.50890776822274,7.491092231777262,25
jfk,-35.880903466697355,10.119096533302647,25
dfq,-56.48893213195969,12.511067868040309,25
tdp,-44.549304389560795,42.450695610439205,25
quw,-96.05225545525906,66.94774454474094,25
rmi,-21.970190780135013,66.02980921986499,25
knj,-67.4028623536987,41.597137646301306,25
yws,-84.40159503393888,25.59840496606113,25
ani,-10.175695526364969,43.82430447363503,25
ypl,-43.486705791936814,59.513294208063186,25
ked,-3.291997177170984,19.708002822829016,25
lzp,-17.35057082579789,8.649429174202107,25
xqc,-16.474213087241967,64.52578691275804,25
eia,-80.79392957971615,28.206070420283854,25
ppb,-92.32733399370711,62.67266600629288,25
gys,-74.4663279477953,40.53367205220469,25
qip,-59.15035778882463,67.84964221117538,25
luj,-33.13868268124236,6.861317318757641,25
hbp,-8.180335855198958,51.81966414480104,25
ynb,-32.304829636091604,46.695170363908396,25
izg,-66.80683749464028,72.19316250535972,25
ywm,-65.962342170012,39.03765782998801,25
xoo,-91.394740106741,41.605259893259,25
dwr,-80.2274175498133,83.7725824501867,25
atb,-3.3690659744177482,27.630934025582253,25
wav,-12.349771218114878,71.65022878188512,25
pdu,-46.28026865786136,26.719731342138637,25
mwf,-79.55210201229906,41.44789798770095,25
rmm,-83.50527042484876,85.49472957515124,25
fty,-54.16531585865844,97.83468414134157,25
gkn,-7.492195538740652,2.507804461259348,25
ufb,-60.62534634050569,27.37465365949431,25
omh,-13.520960895172063,42.47903910482794,25
rsj,-96.22991579548945,23.77008420451055,25
sde,-70.87807043547095,46.121929564529054,25
tnz,-83.99552461161575,37.00447538838425,25
ifl,-22.14874426966562,95.85125573033439,25
eya,-73.08432883492168,25.91567116507832,25
dde,-27.096200678751874,69.90379932124813,25
kkd,-84.41762536814258,33.58237463185743,25
vre,-66.51338597879456,88.48661402120544,25
ual,-22.299433036620457,42.70056696337954,25
fhr,-9.002652583683696,28.997347416316305,25
