fhh,-58.231037845842344,50.768962154157656,25
ywg,-41.710702386674605,64.28929761332539,25
rti,-29.047817356968245,87.95218264303176,25
cqm,-73.99045652890129,75.00954347109871,25
pho,-63.35218865312146,2.64781134687854,25
jgt,-6.33371482967097,70.66628517032903,25
imw,-80.69317734178873,4.306822658211276,25
owh,-89.42207803261863,86.57792196738137,25
eel,-35.64282643849881,55.35717356150119,25
ync,-22.02736812700459,33.972631872995414,25
zry,-61.245473583488206,16.754526416511798,25
zgw,-42.295018259240784,58.704981740759216,25
gta,-27.86582590718731,60.134174092812685,25
yqo,-38.43370286509549,65.56629713490452,25
ags,-65.17354688927485,74.82645311072515,25
wop,-88.33527799924522,74.66472200075478,25
tyi,-76.2112386455422,82.7887613544578,25
lsx,-33.16468961623693,32.83531038376307,25
lfe,-76.05624068894086,36.94375931105913,25
rlf,-38.72343519502708,42.27656480497292,25
qvk,-46.13623044112968,60.86376955887032,25
axf,-89.57733468173043,15.42266531826956,25
jox,-10.177850950299575,27.822149049700425,25
bvt,-53.97501951154335,75.02498048845665,25
ntt,-37.91340113958168,61.08659886041832,25
ibg,-21.74864003231255,12.251359967687447,25
ohc,-29.25552010670381,10.744479893296191,25
iqp,-91.90355461840375,71.09644538159625,25
gje,-14.570139693994266,29.429860306005736,25
kku,-19.67156024587065,32.32843975412935,25
kvm,-19.920515826712464,45.07948417328754,25
yoi,-48.9483680387599,71.0516319612401,25
muv,-38.83334498222963,13.166655017770367,25
ebm,-55.93958937546143,75.06041062453856,25
jts,-61.270456590990236,38.729543409009764,25
ejw,-88.4602617507249,39.539738249275096,25
cfl,-10.224049225774957,66.77595077422504,25
mpo,-44.58886381029526,89.41113618970475,25
zrp,-27.011401511510517,0.9885984884894838,25
mua,-44.36585035690896,66.63414964309104,25
vrk,-33.84403364999324,71.15596635000675,25
oyo,-29.114755167505265,50.885244832494735,25
jwe,-23.635951698549462,14.364048301450538,25
cra,-34.77802814429307,27.221971855706933,25
wcs,-97.5656856148155,83.4343143851845,25
xqi,-8.51470040745015,45.48529959254985,25
fil,-22.81357344344532,14.18642655655468,25
bpp,-36.6975653163962,32.3024346836038,25
gag,-10.75972858111807,68.24027141888193,25
lzu,-80.78447415399751,33.2155258460025,25
rel,-46.347746752961044,53.652253247038956,25
otl,-4.787319365729741,94.21268063427026,25
lwo,-77.73247206843479,83.26752793156521,25
zvo,-76.24602571178647,73.75397428821353,25
chj,-1.7817395693680995,45.2182604306319,25
azh,-82.25390576361806,26.746094236381936,25
opb,-71.5474181555397,13.452581844460294,25
laf,-80.0725462009629,89.9274537990371,25
vfl,-89.96684439463796,14.03315560536204,25
iek,-73.4649142496673,18.5350857503327,25
dhu,-22.304934924509507,20.695065075490493,25
mwj,-55.50352694836639,94.49647305163361,25
kld,-88.88031320821426,16.119686791785742,25
hcn,-0.38673507452508316,85.61326492547492,25
rgw,-6.234955642531164,32.76504435746884,25
uli,-94.64085672539117,11.35914327460883,25
fyu,-27.34315067712457,59.65684932287543,25
iid,-76.66990168266203,48.33009831733797,25
slc,-47.50693211865439,84.49306788134561,25
tci,-90.51360291233385,33.48639708766615,25
rqa,-33.91384631961198,69.08615368038802,25
vcu,-71.28665538712536,76.71334461287464,25
zhu,-47.08663296450358,3.913367035496419,25
whg,-6.770729053914769,17.229270946085233,25
seg,-65.46907835840013,67.53092164159987,25
adm,-38.14742492927414,97.85257507072586,25
ocu,-77.67616777863157,63.32383222136844,25
spm,-23.30875033370648,67.69124966629352,25
upe,-32.683702783458536,47.316297216541464,25
cpo,-89.81586685063435,92.18413314936565,25
sum,-56.7869974136286,92.2130025863714,25
qxf,-90.96249229809766,16.03750770190234,25
nvc,-23.938658011036644,97.06134198896336,25
sao,-49.49010835936191,73.50989164063809,25
ovm,-8.068318434872541,23.93168156512746,25
kbo,-16.023866972136325,44.976133027863675,25
xbi,-62.422999334950084,33.577000665049916,25
ibu,-90.20927186300719,17.79072813699282,25
ojj,-76.51535425791093,61.48464574208907,25
gqt,-33.13929619012205,88.86070380987795,25
glp,-21.174598255339088,96.82540174466091,25
rfo,-16.783725545074205,28.216274454925795,25
bce,-10.89384900880182,60.10615099119818,25
oao,-57.933849258588324,81.06615074141168,25
vtq,-87.84566629147383,58.15433370852617,25
qec,-52.33613835849347,54.66386164150653,25
zme,-75.85837729258841,27.14162270741158,25
ozr,-54.12490715009833,55.87509284990167,25
msi,-34.845690772095494,98.1543092279045,25
ufm,-7.999901638006896,94.00009836199311,25
fiu,-75.0197250491359,97.9802749508641,25
