nzr,-39.365274281244,49.634725718756,25
vmz,-22.05323568483082,59.946764315169176,25
gyr,-48.06803924956413,36.93196075043587,25
lck,-26.832381255922865,6.167618744077137,25
otg,-93.54490162856361,29.4550983714364,25
axc,-9.168306112403597,51.8316938875964,25
hmz,-95.07140576581703,71.92859423418297,25
ylw,-35.19446510431978,5.805534895680218,25
yvi,-47.67175086070431,86.32824913929569,25
yjd,-6.352512651872529,95.64748734812747,25
khm,-43.733197617003526,12.26680238299647,25
ygg,-76.60131334048548,24.39868665951453,25
tpm,-28.700215471015103,74.2997845289849,25
mcg,-21.85472928824559,22.14527071175441,25
mvg,-70.30853550360176,36.69146449639824,25
gfv,-59.429383457210704,12.570616542789294,25
bqd,-35.75107947040854,4.248920529591457,25
ydr,-56.632874510332464,51.367125489667536,25
yyo,-66.42693661519975,93.57306338480025,25
anx,-55.098732409140844,37.901267590859156,25
mcj,-73.07635134405456,40.92364865594544,25
xyn,-17.156829449745093,7.843170550254908,25
org,-7.906247693436158,72.09375230656384,25
dvv,-63.8026919286461,59.1973080713539,25
vjl,-75.64252319140057,64.35747680859943,25
ztf,-10.211985433481384,79.78801456651861,25
era,-32.96374282330922,20.03625717669078,25
kgl,-53.15048026883996,88.84951973116004,25
plu,-48.291546822708305,52.708453177291695,25
kyl,-66.40251191594145,6.5974880840585595,25
ibm,-20.69496376436831,61.30503623563169,25
vhy,-85.27154142829873,92.72845857170127,25
nqd,-78.61808437794176,43.381915622058244,25
uld,-37.22305394174068,89.77694605825931,25
oci,-60.63879612195691,34.36120387804309,25
bzt,-55.04926067405012,30.95073932594988,25
oam,-13.914349339002658,30.08565066099734,25
ljz,-14.943991447902045,82.05600855209795,25
xdr,-50.74958355129533,67.25041644870467,25
lnw,-12.539513100782855,55.460486899217145,25
diu,-59.14336791097544,22.85663208902456,25
eea,-58.908554916906986,54.091445083093014,25
uah,-4.4296140681009115,44.57038593189909,25
sgp,-33.53946321490783,94.46053678509216,25
ydp,-95.91696573956314,29.08303426043686,25
nzk,-91.01365747783453,3.9863425221654714,25
ybl,-96.3053929744251,94.6946070255749,25
kze,-24.743756774978685,73.25624322502132,25
tuj,-48.25536155705988,47.74463844294012,25
bbr,-22.5420773900057,34.4579226099943,25
nix,-12.954442638051622,84.04555736194838,25
ner,-64.56675241404596,54.43324758595404,25
hvb,-3.6449698575356204,58.35503014246438,25
rhv,-79.88986541049707,89.11013458950293,25
ydz,-55.88074682299676,15.119253177003237,25
iko,-52.099262001237584,54.900737998762416,25
rob,-70.0767628402073,17.92323715979271,25
aaf,-76.53136245865433,78.46863754134567,25
khm,-49.04178580571833,24.958214194281673,25
vdt,-54.875032935000036,58.124967064999964,25
uqy,-60.06415117888923,1.9358488211107694,25
tfe,-48.452996629478726,42.547003370521274,25
xjw,-43.58470315510775,9.415296844892243,25
byq,-28.392077306657658,86.60792269334235,25
pcv,-64.61976872540967,87.38023127459033,25
zyq,-84.84395440557145,24.15604559442855,25
pdi,-60.10687019009422,38.89312980990578,25
gvz,-2.5505858585792796,64.44941414142072,25
mej,-41.63862236873055,64.36137763126945,25
uuj,-30.86862205930121,21.13137794069879,25
zad,-7.052342367187518,88.94765763281248,25
rry,-40.94153264162016,21.05846735837984,25
ziu,-64.7976826124159,50.2023173875841,25
fec,-78.19633798135185,1.8036620186481511,25
lwj,-41.46818301263638,78.53181698736361,25
ojm,-91.60233618255685,39.39766381744314,25
cgl,-71.76488870550608,14.23511129449392,25
lqp,-73.43134217091202,39.56865782908798,25
ncf,-23.166204283587685,21.833795716412315,25
uza,-35.58153142002362,41.41846857997638,25
usw,-13.038399963414468,51.96160003658553,25
nzf,-27.064825753924403,13.935174246075597,25
vdz,-79.47795701502551,30.522042984974487,25
kep,-3.5845425727364892,32.41545742726351,25
inb,-84.30752393768242,3.6924760623175796,25
hpx,-53.08216407143915,55.91783592856085,25
qrf,-67.12971274805813,23.87028725194188,25
lnq,-51.14805960114294,18.851940398857064,25
pxu,-40.09573839593327,13.904261604066734,25
gxg,-76.97456921785796,40.02543078214203,25
otq,-29.89527247248421,56.10472752751579,25
pke,-39.23080554011757,62.76919445988243,25
nbb,-85.96907832554808,16.030921674451914,25
qpz,-42.436710523314595,50.563289476685405,25
uvf,-12.085839902910763,10.914160097089237,25
pek,-1.3759380376672543,0.6240619623327456,25
hip,-29.647950727294678,96.35204927270532,25
omg,-20.135353516972195,44.864646483027805,25
xdl,-40.85295467693535,69.14704532306465,25
otl,-33.98577457680187,46.01422542319813,25
czw,-47.293150914102306,59.706849085897694,25
