dnp,-79.54483601538874,36.45516398461126,25
vbd,-87.06623074543509,4.933769254564909,25
qnj,-72.7670693364274,61.2329306635726,25
ktd,-63.50748102850692,44.49251897149308,25
nkw,-47.564719486211374,71.43528051378863,25
jki,-31.97465606959968,63.025343930400325,25
yiq,-83.43879719287085,24.561202807129142,25
vdg,-62.12883936902749,74.87116063097251,25
jvx,-9.693035708660405,56.3069642913396,25
uvb,-51.8488602843171,1.1511397156829033,25
bvj,-85.81533650646696,95.18466349353304,25
apa,-36.27174235323028,43.72825764676972,25
vpa,-25.906191017490656,87.09380898250934,25
tpv,-82.04260165611116,94.95739834388884,25
afg,-96.72097738244386,74.27902261755614,25
eiw,-95.08719996168615,50.91280003831385,25
zxf,-95.60186459599782,58.39813540400218,25
jlq,-44.47285069395928,17.52714930604072,25
pqg,-57.827261057810674,86.17273894218933,25
kpt,-97.4872914071565,85.5127085928435,25
wzh,-27.23304264235368,46.76695735764632,25
ihz,-53.99761355135284,36.00238644864716,25
ega,-83.3426341035848,59.6573658964152,25
hsn,-48.11514826192112,84.88485173807888,25
wkt,-40.246287349971624,28.753712650028376,25
yiy,-64.05987858931272,29.940121410687283,25
sjg,-4.63198466792424,45.36801533207576,25
eql,-44.90850490596417,49.09149509403583,25
coy,-7.915447555042318,61.08455244495768,25
thh,-49.85054949226576,89.14945050773423,25
vdt,-11.226488388739945,79.77351161126005,25
jtq,-68.9518612694355,0.048138730564500576,25
hfl,-28.36745434613277,87.63254565386723,25
ujl,-64.02345853990963,71.97654146009037,25
cxc,-4.431895248910652,65.56810475108935,25
xgh,-69.40785779810167,33.59214220189832,25
drz,-39.51329574367938,4.486704256320624,25
tyo,-74.58689881603429,96.41310118396571,25
kfg,-81.83182750192063,17.16817249807938,25
euc,-1.1297494312947176,65.87025056870529,25
hgq,-31.01891718747598,72.98108281252402,25
heg,-36.72790653199777,57.27209346800223,25
sqx,-55.06349675465747,14.93650324534253,25
vds,-32.00177619755848,64.99822380244152,25
wnn,-40.09275121942581,79.90724878057419,25
smd,-90.56524323858967,82.43475676141033,25
xfz,-72.06185950648457,40.938140493515434,25
igs,-35.99543306011721,51.00456693988279,25
flb,-63.514720848260936,16.485279151739064,25
bol,-74.59372351166992,66.40627648833008,25
oaa,-15.69504279077281,57.30495720922719,25
cfa,-48.05540302398286,35.94459697601714,25
jwd,-37.61783784462746,82.38216215537254,25
hhm,-57.22716529963521,34.77283470036479,25
vdo,-20.534789707591663,76.46521029240833,25
rjk,-3.331531244612315,72.66846875538768,25
ftf,-39.95663738399914,58.04336261600086,25
juy,-65.629977738722,79.370022261278,25
lde,-63.40845823943638,35.59154176056362,25
byh,-55.04239236930135,85.95760763069865,25
ysm,-56.65336484752158,61.34663515247842,25
kvn,-25.06170234191193,69.93829765808808,25
mgf,-14.52761355127765,90.47238644872235,25
rlo,-97.5053514470388,57.49464855296119,25
blf,-73.64057701238657,11.359422987613431,25
mri,-12.234604096991333,17.765395903008667,25
miz,-89.97468413018109,55.02531586981891,25
fex,-59.47104130272182,12.528958697278176,25
ceo,-1.8206553744542615,64.17934462554574,25
hui,-80.25383299064275,67.74616700935725,25
mdl,-38.55282678501249,64.44717321498752,25
hmd,-44.260840749092246,7.739159250907754,25
rfy,-44.28845902781138,96.71154097218863,25
lbz,-90.10190453318646,3.898095466813543,25
llp,-43.539655875483696,42.460344124516304,25
bzu,-79.47825699639282,91.52174300360718,25
zmo,-46.19294534481936,90.80705465518065,25
jnl,-78.24468750339835,36.75531249660165,25
uqs,-12.456910337641574,68.54308966235843,25
wtj,-32.81309606930897,8.18690393069103,25
zqw,-5.113244899787701,53.8867551002123,25
rbx,-40.26887005087308,81.73112994912691,25
lir,-53.67348062519373,23.326519374806267,25
ztc,-91.43612148988736,86.56387851011264,25
uyq,-46.899811898927844,79.10018810107216,25
qcj,-74.20521665805015,94.79478334194985,25
afe,-29.355488523807118,73.64451147619287,25
pgh,-10.622845826501473,89.37715417349852,25
qpg,-94.68397266141324,7.316027338586769,25
xfe,-32.25254332543494,23.747456674565054,25
qmc,-26.057485373119835,38.94251462688016,25
vrl,-65.6122706518924,58.387729348107605,25
etn,-14.29896943664752,33.70103056335248,25
cto,-50.923384789924185,62.076615210075815,25
rrb,-59.71369976485745,56.28630023514255,25
eyr,-69.00955016290199,60.99044983709801,25
mrp,-13.786037391167909,65.21396260883209,25
jvh,-52.850977902184894,27.149022097815106,25
vjo,-25.783511489208,39.216488510792004,25
eyc,-9.956299025018525,47.043700974981476,25
vrl,-25.36513322483863,83.63486677516137,25
