ubq,-60.178812285977166,69.82118771402283,500
kjg,-16.05526779700631,90.94473220299369,500
cmf,-13.315975912208433,50.68402408779157,500
evp,-75.05074985541815,93.94925014458185,500
ier,-14.349850867234034,38.65014913276597,500
ofg,-46.5640074809324,22.4359925190676,500
oai,-61.9596442784781,41.0403557215219,500
wrm,-93.69412404886246,38.305875951137544,500
vns,-27.29718844715741,14.702811552842588,500
acw,-14.622017053300121,61.37798294669988,500
zvt,-76.19753476922911,56.8024652307709,500
syf,-44.151423164917766,92.84857683508224,500
lbk,-67.75537355803714,87.24462644196286,500
lrl,-54.38990925857733,74.61009074142267,500
kya,-51.86330808254378,86.13669191745622,500
rbo,-88.41788200293377,42.58211799706623,500
kcf,-74.24972225961393,39.75027774038606,500
tox,-59.82995558609088,9.170044413909121,500
ohb,-75.68503353199752,87.31496646800248,500
eft,-97.19170003524324,63.80829996475676,500
orx,-50.3893956492777,55.6106043507223,500
wie,-85.09076168402584,30.90923831597416,500
zof,-45.39973245322518,15.600267546774825,500
hjp,-57.661476653651306,89.3385233463487,500
tvq,-39.59593846965185,83.40406153034816,500
ybf,-72.84599908449741,89.15400091550259,500
yvt,-16.024717764180394,37.975282235819606,500
qhc,-47.64084568472799,7.3591543152720105,500
eia,-59.97731142177652,97.02268857822348,500
boh,-44.89051147682493,40.10948852317507,500
czi,-68.25173066104769,1.748269338952309,500
big,-80.15944504823126,39.84055495176874,500
mbl,-79.362557412471,13.637442587528996,500
mkb,-31.778253770200568,91.22174622979944,500
ujp,-45.30089487499215,5.699105125007845,500
npo,-84.31482019840614,93.68517980159386,500
rrp,-22.17453997929419,7.825460020705809,500
yul,-47.28667465781925,79.71332534218075,500
tfk,-53.43302704382532,81.56697295617468,500
isk,-9.27655872660842,91.72344127339159,500
juz,-28.12752463148376,95.87247536851625,500
rrw,-42.336902898823695,62.663097101176305,500
gul,-23.382764943292354,74.61723505670764,500
vaz,-32.82885703241252,91.17114296758749,500
pyp,-74.3181585870305,37.68184141296951,500
flc,-51.036628610872945,43.963371389127055,500
opj,-45.62462062332626,59.37537937667374,500
vcd,-35.682237427588234,60.317762572411766,500
nzu,-30.041636248762195,62.958363751237805,500
xcl,-34.13929286183484,0.860707138165161,500
tte,-42.43489180177418,19.565108198225822,500
riz,-3.6990393520303746,89.30096064796963,500
mcw,-9.749886686007818,26.250113313992184,500
oeb,-44.85181975588694,64.14818024411305,500
cec,-3.572465554017274,45.42753444598273,500
djw,-59.54657977532357,22.453420224676428,500
cnq,-0.5738759700020636,98.42612402999794,500
vuy,-45.832169184756616,60.167830815243384,500
fqh,-28.189882525576973,64.81011747442302,500
yoe,-47.74157686468536,58.25842313531464,500
hbq,-16.66173837398855,29.33826162601145,500
cgg,-0.2979454822542488,5.702054517745752,500
aaz,-51.74036390975063,51.25963609024937,500
zow,-0.7780975790645708,50.22190242093543,500
ger,-43.78029100918804,84.21970899081197,500
ivk,-3.617864901179072,46.382135098820925,500
led,-62.75006787443407,34.24993212556593,500
ogy,-56.112504752606114,5.887495247393885,500
cuf,-84.5064396866443,27.493560313355697,500
lku,-55.99816827653108,48.00183172346892,500
tsx,-14.100911882956852,11.899088117043148,500
caj,-26.55299837841713,76.44700162158287,500
nlj,-67.18384651385294,18.816153486147055,500
vqr,-19.757206124777912,98.24279387522209,500
yin,-64.13906586763947,49.86093413236052,500
iyz,-96.23879541916502,67.76120458083498,500
vbv,-16.372589531051158,93.62741046894884,500
rcl,-12.344087490129809,2.6559125098701903,500
mnc,-1.8365241620365511,53.163475837963446,500
oqe,-94.49711996262724,89.50288003737276,500
rbq,-85.60364890108427,34.39635109891572,500
bwf,-86.00807553415164,38.99192446584836,500
bon,-79.19155506575063,62.808444934249366,500
pat,-30.2880671037447,17.7119328962553,500
gln,-47.93213419822952,81.06786580177048,500
lnq,-21.74808759355502,7.25191240644498,500
qlv,-25.55989512615376,6.44010487384624,500
hzk,-83.38114537365777,2.618854626342225,500
ugd,-47.425249798583934,46.574750201416066,500
omj,-57.91279853192432,39.08720146807568,500
ycj,-38.3044941268567,24.695505873143293,500
biz,-51.48264800633694,20.517351993663063,500
gki,-20.696990376019073,31.303009623980927,500
kev,-64.64632034555892,64.35367965444108,500
noe,-97.71093125728129,23.28906874271871,500
wxg,-19.423363336912757,9.576636663087244,500
ynh,-0.228926066993155,6.771073933006845,500
mhb,-88.27154336587301,65.72845663412699,500
hvc,-48.99687613687029,68.0031238631297,500
ocy,-39.296136854262684,73.70386314573732,500
qrs,-93.54835647317886,39.451643526821144,500
