jlr,-4.000417404544275,21.999582595455724,500
jus,0.041039262013882305,93.04103926201388,500
qjg,-45.376376455222264,38.623623544777736,500
bza,-81.7946010114239,47.20539898857611,500
wrd,-30.744005940776002,49.255994059223994,500
dsj,-82.29046957410473,10.709530425895272,500
ums,-22.15926250925134,17.84073749074866,500
uux,-68.97627260894464,24.023727391055363,500
rgc,-58.81851903695258,15.18148096304742,500
lhl,-25.4592810086098,72.54071899139021,500
hxe,-16.327678659117048,92.67232134088295,500
cxh,-34.91226545106432,68.08773454893569,500
xmc,-90.5037464136306,85.4962535863694,500
axp,-69.76357920492859,22.23642079507141,500
aga,-87.63979738176353,13.360202618236475,500
ypx,-23.677663483377124,65.32233651662288,500
jby,-89.54438579032441,79.45561420967559,500
ysp,-39.70034924456942,49.29965075543058,500
crz,-85.56855165856072,35.43144834143927,500
vix,-73.92160870304113,58.07839129695888,500
ixo,-62.976442664622816,30.023557335377184,500
vjv,-24.66028509277676,25.33971490722324,500
xyj,-92.56066302641072,83.43933697358928,500
dza,-7.152691877894333,15.847308122105666,500
xjm,-64.66610395364881,11.333896046351184,500
jbs,-92.5733352554638,47.4266647445362,500
dwi,-86.60805258287719,17.3919474171228,500
fit,-70.35867147813465,95.64132852186535,500
dyq,-25.047168568083666,28.952831431916334,500
lad,-27.08678173491951,54.913218265080495,500
zgj,-77.53382256105296,7.466177438947041,500
vri,-68.11700740457307,65.88299259542693,500
zan,-19.833287863499642,97.16671213650035,500
sgd,-1.9170624360186455,58.08293756398135,500
efl,-56.71242188703278,44.28757811296722,500
kvh,-94.1819255461436,32.8180744538564,500
gqr,-71.90714845892595,9.092851541074058,500
qfc,-30.897707122702954,62.102292877297046,500
jlt,-22.576744966477733,13.423255033522267,500
maj,-93.71508726900086,33.28491273099913,500
ebp,-85.35107844907057,11.648921550929431,500
dzc,-32.667132138244966,64.33286786175503,500
tfj,-63.09205760170455,7.907942398295444,500
pwb,-35.06729033064313,40.93270966935687,500
nax,-38.66759653995402,38.33240346004598,500
pzo,-23.155177101229448,87.84482289877054,500
pib,-21.75106116585882,24.24893883414118,500
vny,-32.67939106528675,57.32060893471325,500
fhv,-88.83620798310214,39.16379201689786,500
rgo,-17.568971323757886,41.431028676242114,500
kjx,-63.36250233005723,76.63749766994276,500
gpm,-71.02416598724781,5.975834012752186,500
qzc,-29.41401244446295,75.58598755553705,500
mjl,-28.34465853678803,13.655341463211968,500
mta,-95.61341856067342,69.38658143932658,500
igw,-67.8956939816605,50.1043060183395,500
pnu,-10.49080153065667,11.50919846934333,500
arh,-78.9600325687284,83.0399674312716,500
krr,-5.414712949918491,79.5852870500815,500
oig,-70.78246481913743,66.21753518086257,500
kul,-20.342817418633683,30.657182581366317,500
ifr,-62.50352419262652,45.49647580737348,500
bxe,-21.914075528077127,32.08592447192287,500
rxf,-62.13296346868742,24.867036531312582,500
ksg,-63.15844524125998,6.841554758740015,500
cdz,-27.29902986605576,19.70097013394424,500
kqc,-53.09498963209217,95.90501036790782,500
mta,-81.65794692637414,75.34205307362586,500
lat,-29.011777007026232,37.98822299297377,500
izz,-31.70623064789184,46.29376935210816,500
taa,-52.63737217308161,60.36262782691839,500
sgg,-84.53429033983568,89.46570966016432,500
tqb,-70.3476857230704,78.6523142769296,500
npv,-35.4064635813785,23.5935364186215,500
tmv,-84.65177355447145,23.34822644552855,500
cgr,-37.39127142194299,66.60872857805701,500
evj,-43.99376335049205,34.00623664950795,500
pda,-73.13242651763038,66.86757348236962,500
hhl,-93.18374823229028,79.81625176770972,500
mit,-75.49931420338388,64.50068579661612,500
wss,-86.84212105709862,82.15787894290138,500
giw,-72.33662538444023,35.66337461555978,500
uwx,-54.78233370752556,64.21766629247445,500
kbi,-11.675351506796602,8.324648493203398,500
nta,-87.95224078402842,9.047759215971578,500
fmk,-45.96066191994859,5.039338080051408,500
nct,-60.66065985015098,28.339340149849022,500
eld,-51.00409654013341,32.99590345986659,500
wdi,-10.659975952868917,73.34002404713108,500
omz,-16.65594350060891,13.34405649939109,500
fti,-56.049987453651156,31.95001254634884,500
tyo,-7.021942305445368,24.978057694554632,500
yys,-25.27619473117623,3.723805268823772,500
tin,-26.44387185864874,74.55612814135125,500
agh,-15.232122080988198,10.767877919011802,500
gof,-23.525056827082086,12.474943172917914,500
yyy,-65.30133146230642,14.698668537693575,500
ygi,-27.897672387730815,74.10232761226918,500
pyl,-74.98198107560827,7.018018924391729,500
kkc,-50.65016066958285,2.34983933041715,500
rzv,-13.78653773393548,15.21346226606452,500
