tuu,-55.292883612024546,58.707116387975454,500
wen,-40.50775556176984,15.492244438230161,500
ddw,-76.19348681183189,54.80651318816812,500
pib,-35.35508399445701,85.644916005543,500
lgv,-53.939072590252536,48.060927409747464,500
ktj,-31.257955251237117,92.74204474876288,500
rvy,-77.57983756243571,79.42016243756429,500
jag,-75.5642886323846,54.4357113676154,500
mlz,-23.62195954389412,73.37804045610588,500
ely,-47.58230772645141,6.417692273548591,500
qzq,-59.490239346375105,39.509760653624895,500
mnk,-33.137101831846834,41.862898168153166,500
fuo,-86.42160163793864,33.578398362061364,500
tsi,-9.023934800019592,85.97606519998041,500
cpw,-0.09104097277102885,37.908959027228974,500
gow,-90.72830423701616,12.271695762983846,500
qhz,-82.03030831857451,40.96969168142549,500
kez,-64.8024796322957,64.1975203677043,500
pnv,-89.27367317844644,28.726326821553553,500
goo,-41.5843281084231,22.4156718915769,500
ljg,-48.65892128223221,58.34107871776779,500
aix,-19.2743856977674,9.725614302232598,500
nsj,-81.93743936614769,78.06256063385231,500
jzy,-53.084989314169285,71.91501068583071,500
zxo,-79.94904042498835,85.05095957501165,500
ead,-97.97382528341623,31.02617471658377,500
qyp,-80.67208224135838,28.327917758641618,500
acb,-7.023830612045908,31.97616938795409,500
fgw,-19.72978116606585,95.27021883393415,500
sao,-18.842084688688644,87.15791531131136,500
jsn,-66.05868148884998,87.94131851115002,500
svw,-44.92253931903584,46.07746068096416,500
etd,-7.208992732021649,24.79100726797835,500
xwu,-27.7398907638038,24.2601092361962,500
sve,-49.185941105600016,69.81405889439999,500
ghi,-37.082919926341674,7.9170800736583224,500
dbt,-63.42393911485671,46.57606088514329,500
ayf,-70.66611220130075,35.33388779869925,500
jtw,-87.9798940235282,4.020105976471802,500
nnr,-85.56748970837944,58.43251029162056,500
fae,-45.9213233702169,91.07867662978309,500
zbr,-80.04938648450462,35.95061351549538,500
iue,-64.31900051234142,49.68099948765858,500
gjf,-71.23396007939736,53.76603992060263,500
pdd,-94.36227427806985,16.63772572193015,500
znk,-50.41837826133072,0.5816217386692782,500
efi,-88.71040028503369,35.289599714966315,500
uga,-85.33231201090904,68.66768798909096,500
eaj,-36.39989073530557,17.600109264694428,500
saf,-76.97401270249797,59.02598729750203,500
bsj,-54.83983442722431,85.1601655727757,500
tca,-22.647149638823077,78.35285036117692,500
umi,-5.921560169695535,9.078439830304465,500
kwi,-91.62780892004247,49.37219107995753,500
huu,-64.122257868884,19.877742131116,500
yjj,-95.07860017349097,14.921399826509035,500
ywo,-61.061294465719,37.938705534281,500
dox,-96.69515853750204,58.30484146249797,500
zcr,-84.49952505443402,29.50047494556598,500
brt,-8.299873847713538,51.700126152286465,500
nhk,-50.66205498334495,87.33794501665504,500
aqj,-9.271426577124089,65.72857342287591,500
paz,-92.39187183916327,65.60812816083673,500
akw,-15.409037269938786,18.590962730061214,500
fct,-80.41243078223289,98.58756921776711,500
mmu,-45.5799294294621,37.4200705705379,500
isi,-82.5873186610702,72.4126813389298,500
cuf,-27.65217312775688,60.34782687224312,500
eux,-76.9558406913757,78.0441593086243,500
nsf,-84.75261164106344,34.247388358936554,500
ial,-42.87526975567082,59.12473024432918,500
qex,-11.032846376061432,8.967153623938568,500
jfg,-59.08815556140795,6.911844438592051,500
jru,-83.10942228031729,82.89057771968271,500
gwi,-44.45567086018318,20.54432913981682,500
ebo,-34.15436923828704,13.84563076171296,500
ung,-46.17737258305318,94.82262741694682,500
ygs,-15.645018144075845,88.35498185592415,500
cso,-10.021450392700407,92.9785496072996,500
aqv,-70.55303277306278,18.446967226937215,500
msj,-26.453584641369453,63.54641535863055,500
yji,-56.77600160401547,4.22399839598453,500
puv,-40.58955220823552,55.41044779176448,500
udj,-39.957298056955906,62.042701943044094,500
tis,-11.689980024880366,87.31001997511963,500
idf,-11.448364286757236,96.55163571324276,500
ucp,-71.38598670325035,75.61401329674965,500
xvu,-84.09162331762711,29.908376682372896,500
nvv,-75.11687718545043,34.88312281454956,500
amq,-30.112511050664043,5.887488949335958,500
jcu,-70.18573643015664,67.81426356984336,500
igv,-96.95223662843037,13.047763371569625,500
wia,-54.571799149496876,82.42820085050313,500
fgx,-14.233501222145684,96.76649877785432,500
jrx,-89.41200634343434,79.58799365656566,500
kvs,-39.054343361471965,32.945656638528035,500
mxo,-43.478862803825514,88.5211371961745,500
pei,-76.48316372418194,0.516836275818066,500
mwc,-2.464773287645896,87.5352267123541,500
uhy,-82.37657557046873,56.62342442953126,500
azi,-28.124366423532113,18.875633576467887,500
