foo,-12.018421060503929,17.98157893949607,500
cpn,-88.8801940378858,6.119805962114194,500
yit,-57.29030804485996,64.70969195514004,500
ied,-33.612669597754774,3.3873304022452246,500
igr,-71.78355922424367,3.2164407757563267,500
dwa,-51.884125076530296,22.115874923469704,500
koj,-31.65882786152138,8.34117213847862,500
ykx,-27.194818962011635,15.805181037988365,500
ffw,-12.346922693799195,39.65307730620081,500
qjf,-94.45839079904576,12.541609200954245,500
chu,-44.01059681486739,9.989403185132609,500
reu,-9.142314018243827,41.85768598175617,500
vhy,-74.29150530529054,96.70849469470946,500
rda,-6.048082354980274,79.95191764501973,500
mdo,-22.144214168313916,32.855785831686084,500
iiu,-60.58251814775675,64.41748185224326,500
alz,-91.47402406467558,77.52597593532442,500
hbs,-73.43640307053202,22.563596929467984,500
yji,-72.95981341622812,36.04018658377188,500
wqf,-13.674694321679159,60.32530567832084,500
byp,-3.1867882565115884,61.81321174348841,500
sgi,-3.8502245606722836,71.14977543932771,500
vps,-9.576408744501475,24.423591255498525,500
zbc,-41.38211352704899,91.617886472951,500
jwu,-63.782406676398075,3.217593323601922,500
gha,-90.49693261829209,81.50306738170791,500
rpc,-3.6649253515551004,49.3350746484449,500
qir,-27.447319113904957,18.552680886095043,500
nhn,-28.755555990960048,78.24444400903995,500
xes,-23.285640901128488,15.714359098871514,500
czl,-45.11537847120551,45.88462152879449,500
enq,-14.77527180311001,52.22472819688999,500
eui,-57.9752563383584,76.02474366164161,500
lju,-24.117041007315517,83.88295899268448,500
oxx,-16.383245677107222,7.616754322892776,500
xmb,-75.26364327902266,11.73635672097734,500
iyz,-69.87055470055866,41.129445299441336,500
tzh,-72.60283943848378,86.39716056151622,500
ccx,-42.67880627857122,74.32119372142878,500
zzi,-17.600006274435877,25.399993725564123,500
tkm,-56.10923438324893,82.89076561675107,500
yvt,-28.106804427967067,4.8931955720329325,500
opx,-90.99240639725598,54.00759360274403,500
lip,-2.9372783268544085,75.06272167314559,500
bmu,-48.19865555509154,60.80134444490846,500
pfr,-8.332995563429016,71.66700443657098,500
gpc,0.4877387886701169,68.48773878867011,500
kdf,-81.78225862704689,70.21774137295311,500
nre,-67.08618878116602,33.91381121883398,500
czy,-78.30001227145102,93.69998772854898,500
kra,-31.724736401354743,8.275263598645257,500
cub,-74.55092367196856,45.44907632803143,500
owm,-5.507637556297553,71.49236244370245,500
pzs,-32.71614590065161,90.28385409934839,500
fls,-86.19717091075408,72.80282908924592,500
qwu,-29.80788146641477,50.19211853358523,500
ark,-92.46948154215531,41.53051845784469,500
zbo,-52.01809276558145,90.98190723441856,500
nvh,-76.64560651170626,81.35439348829374,500
dts,-73.50610795084877,2.493892049151223,500
exv,-74.52399579906252,32.47600420093749,500
liq,-83.79610841725018,32.20389158274982,500
ksy,-26.87472233457722,15.125277665422779,500
jfv,-4.397195822829113,30.60280417717089,500
ksx,-41.36853377672634,67.63146622327366,500
llh,-64.78887166039951,19.211128339600496,500
jpu,-12.453537980338558,68.54646201966145,500
jby,-72.68269399302218,9.317306006977814,500
tha,-63.39687780453622,28.603122195463783,500
ver,-7.543564512759238,15.456435487240762,500
noy,-37.360788584743815,16.639211415256188,500
ukg,-0.17583998389263356,95.82416001610737,500
htk,-77.42561159064913,73.57438840935087,500
puu,-78.07508720228118,79.92491279771882,500
gnm,-67.37524583730917,70.62475416269083,500
izn,-22.697464271312583,49.30253572868742,500
hxk,-86.90514943668981,22.09485056331018,500
fjv,-88.82863574369487,15.17136425630513,500
gvn,-25.350088147714875,6.649911852285126,500
rdu,-1.9891863663484706,67.01081363365152,500
rte,-45.987090327022806,39.012909672977194,500
spg,-57.994902118460324,37.005097881539676,500
whr,-28.003542314859992,5.99645768514001,500
mqg,-23.456313427292354,92.54368657270764,500
dvs,-75.22934181345347,61.77065818654653,500
eud,-13.75550290396093,46.24449709603907,500
ydp,-72.79689031813997,74.20310968186003,500
juz,-12.527819930718586,4.472180069281414,500
vqv,-30.65235293981719,14.347647060182808,500
hpd,-46.212098812843784,13.787901187156212,500
wqa,-38.63721952822073,13.362780471779269,500
ihk,-34.37140680906913,35.62859319093087,500
bdi,-36.562471596162716,26.437528403837284,500
ked,-89.6830379492143,48.31696205078571,500
cjp,-53.78203866930321,40.21796133069679,500
hey,-28.470663953956368,38.52933604604363,500
ekr,-57.25527012605222,90.74472987394778,500
gmh,-17.310058970686523,49.689941029313474,500
etw,-29.986902042871115,75.01309795712888,500
sjj,-57.78941589636724,37.21058410363276,500
zxh,-30.43166202049791,80.56833797950209,500
