jta,-77.75179994556171,77.24820005443829,500
emx,-34.08514656778229,63.91485343221771,500
tjs,-85.9844662198391,52.0155337801609,500
iob,-95.32349150693277,95.67650849306723,500
tpr,-87.43050859305603,66.56949140694397,500
juf,-16.061853348956895,3.938146651043107,500
vrs,-27.363826734065714,21.636173265934286,500
nkq,-56.83180149276035,45.16819850723965,500
qnz,-33.85588765502425,66.14411234497575,500
ish,-34.41607613735573,4.58392386264427,500
svg,-66.17447935704578,13.825520642954215,500
dna,-95.66132644381142,4.33867355618858,500
qyc,-23.01305270018417,71.98694729981582,500
eko,0.23773721602435827,88.23773721602436,500
iec,-42.588708860334435,83.41129113966556,500
lrq,-83.58738204115595,75.41261795884405,500
boz,-57.60582523844701,87.39417476155299,500
wqq,-82.57451144039293,7.42548855960707,500
tet,-57.92571959730828,29.07428040269172,500
bry,-61.14918222394672,62.85081777605328,500
ipu,-41.890500001598475,47.109499998401525,500
biv,-30.547212297680513,9.452787702319485,500
rzx,-65.99844877440862,95.00155122559138,500
ajl,-81.68556385541638,19.314436144583617,500
ofm,-68.35508852107864,41.64491147892136,500
xrj,-89.28583006320714,71.71416993679286,500
qrn,-77.35143508011409,75.64856491988591,500
ayz,-83.03262800160783,51.967371998392174,500
fpm,-92.29599345805273,3.7040065419472685,500
zzn,-80.67628306074735,42.32371693925265,500
pfh,-41.90666086966277,71.09333913033723,500
thy,-0.06289612639224462,2.9371038736077555,500
hdd,-82.88599497392464,45.114005026075354,500
bka,-95.33159445818467,46.668405541815325,500
ors,-90.60760415558173,53.392395844418274,500
jes,-26.802496823841846,72.19750317615815,500
tpa,-77.6443967586525,27.35560324134749,500
kur,-47.959305421844846,91.04069457815515,500
vbw,-90.68088753219887,77.31911246780113,500
tho,-53.59896033708854,41.40103966291146,500
zrf,-88.30724631123654,59.69275368876346,500
jyj,-61.871135246412756,8.128864753587248,500
htp,-67.39512748973907,24.604872510260932,500
kcr,-46.24358239894821,14.756417601051789,500
rdn,-7.802865795540902,76.1971342044591,500
txv,-79.80448071515613,89.19551928484387,500
awz,-32.42627687259649,24.573723127403508,500
zbn,-81.81318046281594,82.18681953718406,500
ruf,-61.643987093169656,85.35601290683034,500
vjl,-86.99769990268256,63.00230009731745,500
xqs,-16.888062283929248,50.11193771607075,500
yko,-88.05307796683812,44.94692203316188,500
oxx,-47.797022643313085,43.202977356686915,500
ffg,-75.83395243143283,87.16604756856717,500
iky,-33.59316097739136,21.40683902260864,500
lnp,-62.75253862832142,1.2474613716785856,500
tbq,-89.49531021544823,6.504689784551778,500
thb,-80.12579491699033,62.87420508300968,500
ojb,-75.94543367129738,32.05456632870261,500
vnt,-8.77040767596262,64.22959232403738,500
snx,-66.27001441697502,13.72998558302499,500
vax,-44.51273964485813,41.48726035514187,500
enz,-6.769802200114196,89.2301977998858,500
rhf,-3.325560208371858,27.674439791628142,500
uki,-96.40562499704608,55.594375002953925,500
fxd,-47.62319087162132,39.37680912837868,500
zjg,-46.99665200226034,32.00334799773966,500
apa,-73.67309621275174,78.32690378724826,500
eoq,-10.908318768775603,14.091681231224397,500
umy,-54.35179283082365,6.6482071691763505,500
dki,-90.911050236171,95.088949763829,500
jsf,-67.35710142353878,59.64289857646122,500
unl,-61.90908568055826,78.09091431944174,500
dzo,-76.25836081393325,20.741639186066756,500
qwz,-31.22559468556552,33.77440531443448,500
dcs,-78.61008353181448,2.3899164681855227,500
mts,-93.97963306692576,16.02036693307424,500
wkm,-88.8178613034382,69.1821386965618,500
lmq,-80.3289992899543,16.671000710045707,500
djk,-17.879139145694122,16.120860854305878,500
aip,-74.94026500641232,43.05973499358768,500
uhu,-50.75093275879785,12.249067241202152,500
qry,-82.97959753637898,74.02040246362102,500
tfy,-89.1036401294799,94.8963598705201,500
zdn,-90.76685070791666,27.23314929208334,500
bwm,-63.431056681862415,86.56894331813758,500
wcj,-7.32115039205544,13.67884960794456,500
lzd,-4.086742443486707,94.91325755651329,500
hnl,-96.34577799808525,94.65422200191475,500
vii,-20.07870063990698,75.92129936009302,500
gtd,-97.56780533593366,23.432194664066348,500
btk,-43.2720198717745,98.7279801282255,500
flx,-83.11892413397932,52.88107586602068,500
bav,-4.002718236624521,30.99728176337548,500
vuk,-79.60304960843645,23.39695039156355,500
tef,-43.93248287132452,9.067517128675483,500
ryc,-14.383740631264946,24.616259368735054,500
acm,-79.90553456159702,0.09446543840298272,500
bxg,-16.77632283173266,95.22367716826734,500
rme,-10.351321590962149,80.64867840903786,500
alt,-90.86202423193176,88.13797576806824,500
