zx,-44.487527621125004,11.512472378874993,100
fd,-67.67840659040971,43.3215934095903,100
uk,-44.06790152762669,61.93209847237331,100
nj,-42.12325222835868,54.87674777164132,100
sg,-68.5941660884021,3.4058339115978993,100
kg,-42.62459079638897,37.37540920361103,100
qh,-59.248994198281245,43.751005801718755,100
gr,-75.22478040967692,70.77521959032308,100
zg,-56.570879534613944,82.42912046538605,100
lw,-10.672032320554973,44.327967679445024,100
qm,-45.35969563571058,81.64030436428942,100
yy,-6.483783283499586,32.516216716500416,100
ci,-86.9562686591909,41.0437313408091,100
ez,-5.179390469680307,50.82060953031969,100
mw,-31.290279455957666,98.70972054404234,100
vt,-80.10415823257193,49.89584176742807,100
em,-30.569832826256498,57.430167173743506,100
dh,-7.243978862405444,31.756021137594555,100
ps,-25.805422492935087,47.19457750706491,100
rx,-43.43344965004873,42.56655034995127,100
tx,-62.51553575966696,19.48446424033304,100
ml,-31.957812131494595,42.04218786850541,100
ib,-62.771245406794826,30.22875459320517,100
eq,-22.247062261225476,75.75293773877452,100
sg,-72.05871250386969,15.941287496130315,100
iq,-37.45514086530887,31.54485913469113,100
ch,-24.44234394081739,11.557656059182607,100
sf,-89.82159407708644,46.178405922913555,100
ns,-61.95671577319181,34.04328422680819,100
ck,-32.1935378500045,94.8064621499955,100
ua,-76.99943171015396,58.00056828984605,100
cu,-10.484860336257011,97.51513966374299,100
tm,-30.64601148297185,28.35398851702815,100
kh,0.40893195899761825,52.40893195899762,100
de,-96.02743602648329,64.97256397351671,100
mk,-45.40543872286061,84.59456127713939,100
uo,-69.08253401413103,32.917465985868965,100
sk,-70.28066802654924,29.719331973450764,100
gp,-43.872644894417014,58.127355105582986,100
gs,-94.50837630476745,94.49162369523255,100
hd,-16.225767785176817,98.77423221482319,100
pu,-55.63827854217974,71.36172145782025,100
dh,-19.304653432177336,71.69534656782267,100
qk,0.048335851125263285,66.04833585112526,100
ki,-86.32476598944191,39.67523401055808,100
mg,-56.39180074650881,34.60819925349119,100
to,-36.47172476717954,51.52827523282046,100
xk,-43.03416128155524,38.96583871844476,100
dn,-36.78072992304117,33.21927007695883,100
wb,-18.227185792955012,36.77281420704499,100
by,-64.88258964873978,85.11741035126022,100
wk,-95.7484738423238,47.251526157676196,100
id,-25.464298422355682,69.53570157764432,100
pk,-80.86300167002923,10.136998329970764,100
qs,-21.91388150881328,20.08611849118672,100
qv,-69.81783757961364,36.182162420386355,100
vd,-39.16506840023624,35.83493159976376,100
lx,-3.395209906132201,32.6047900938678,100
zc,-59.93356124541749,69.0664387545825,100
gp,-36.71743347220021,75.28256652779979,100
mz,-49.66055354180051,59.33944645819949,100
nz,-84.15118894361238,6.848811056387613,100
jp,-18.09788068446604,80.90211931553395,100
xh,-1.1993184755530946,98.8006815244469,100
cy,-71.49288391335676,86.50711608664324,100
aj,-41.13002285488097,14.869977145119028,100
gd,-43.379858751618585,63.620141248381415,100
ym,-3.9540510734663474,46.045948926533654,100
qf,-39.70950708471218,22.29049291528782,100
gv,-9.969844208907398,54.030155791092604,100
yg,-12.333852719027687,81.66614728097231,100
xb,-87.9981579270849,52.0018420729151,100
ta,-64.33616834273175,18.663831657268243,100
bd,-55.227660248533496,3.7723397514665034,100
yt,-7.135079219462407,55.864920780537595,100
dq,-19.281546731621145,84.71845326837885,100
fj,-32.07484654352452,14.925153456475474,100
wx,-29.87209987908094,15.127900120919058,100
gr,-5.77390739363482,23.22609260636518,100
yw,-56.58623494673499,7.413765053265008,100
vy,-85.61230812625558,43.38769187374442,100
cv,-54.24333900132223,56.75666099867777,100
ya,-20.965998613269786,29.034001386730214,100
bn,-78.78008678733718,69.21991321266282,100
fz,-89.8202572173365,43.17974278266349,100
lf,-50.40568441090886,40.59431558909114,100
uv,-73.42678807552905,12.57321192447096,100
em,-0.22401500703792399,82.77598499296208,100
xl,-21.897016214287092,25.102983785712908,100
ci,-38.905453089278765,32.094546910721235,100
ow,-42.23883143569688,82.76116856430312,100
by,-46.74469654022005,13.255303459779952,100
iy,-26.317884804436087,72.68211519556391,100
lr,-38.367234309016176,12.632765690983824,100
kg,-10.175734835396758,12.824265164603242,100
bg,-0.4006979320269245,43.59930206797308,100
zc,-13.753914744219085,78.24608525578091,100
mx,-86.1808145410205,95.8191854589795,100
du,-54.34418891524965,89.65581108475034,100
tx,-35.63366331815722,90.36633668184278,100
hf,-21.54455904027237,22.45544095972763,100