fz,-3.993712679961816,7.006287320038184,100
zd,-82.0858919785983,59.914108021401695,100
ny,-71.4476581801168,64.5523418198832,100
eg,-23.98322080277022,5.016779197229782,100
wd,0.570765200022986,1.570765200022986,100
sd,-33.58035478638205,52.41964521361795,100
wy,-37.44019372564844,22.55980627435156,100
wx,-73.7941079820268,76.2058920179732,100
je,-74.32420191789002,57.67579808210998,100
eb,-34.54925290871691,33.45074709128309,100
fx,-51.526192770281476,32.473807229718524,100
qt,-50.69281770359424,37.30718229640576,100
lx,-33.43972001778024,63.56027998221976,100
oq,-36.21499144551146,54.78500855448854,100
dc,-13.610831954647061,5.389168045352939,100
ta,-34.59181215319681,13.408187846803187,100
ur,-89.66404946803257,21.335950531967427,100
ed,-17.447992288956286,67.55200771104371,100
qj,-33.463611059464796,23.536388940535204,100
be,-54.50210872710526,27.49789127289474,100
rc,-33.812973028264636,48.187026971735364,100
vr,-22.161144825225886,61.83885517477412,100
oj,-45.5531810219976,44.4468189780024,100
md,-63.16637349123414,82.83362650876586,100
br,-50.40864231579216,35.59135768420784,100
di,-87.88945615402908,92.11054384597092,100
to,-22.062621908200136,97.93737809179986,100
gk,-58.24070286116921,16.75929713883079,100
rc,-2.543224269914869,94.45677573008513,100
nq,-92.26543027752804,65.73456972247196,100
pl,-75.01616615755744,30.983833842442557,100
sr,-82.24253882895667,26.757461171043328,100
xg,-44.22939936759157,8.77060063240843,100
vj,-7.453137368866583,77.54686263113342,100
yu,-23.582383118069394,73.4176168819306,100
di,-84.41855452770095,96.58144547229905,100
kv,-2.8894790830458996,86.1105209169541,100
bn,-64.66426119100055,3.3357388089994577,100
or,0.04705092704794023,9.047050927047941,100
xq,-36.44861072049229,83.5513892795077,100
tx,-81.30384059936942,47.69615940063058,100
tl,-7.917005422997518,40.08299457700248,100
nf,-45.40406447798972,20.59593552201028,100
gy,-3.406918728153477,93.59308127184653,100
eb,-78.0565429436204,21.943457056379597,100
tq,-76.21757394672031,37.7824260532797,100
kd,-88.38487380104327,76.61512619895673,100
xq,-56.53764141466759,16.462358585332407,100
bt,-46.84790138162389,96.1520986183761,100
as,-29.983951194526536,58.01604880547347,100
bt,-81.1163230161101,41.8836769838899,100
zk,-14.82036396911327,39.179636030886726,100
ch,-4.074761154349268,33.92523884565073,100
lx,-54.2004319314931,17.799568068506897,100
ry,-82.40392118601389,94.59607881398611,100
iv,-43.900909967780784,25.099090032219213,100
kv,-64.11023848032116,55.88976151967884,100
ak,-48.93010037087467,55.06989962912533,100
hh,0.9524030132234691,87.95240301322347,100
tz,-29.559768849259715,38.44023115074029,100
qg,-66.97144952617046,75.02855047382954,100
xf,-77.43790048122015,71.56209951877985,100
gg,0.0017429858702557866,91.00174298587025,100
hq,-71.04818537987738,70.95181462012262,100
ua,-19.555861119408263,19.444138880591737,100
vs,-17.725965334331423,85.27403466566858,100
pb,-88.08004552660525,21.919954473394757,100
jz,-94.9390130468761,37.0609869531239,100
dn,-78.24272701546644,2.75727298453356,100
qi,-54.554834720233096,20.445165279766904,100
us,-86.09783223778075,86.90216776221925,100
dm,-47.813367961835915,89.18663203816409,100
id,-83.74517510606447,2.254824893935539,100
ff,-17.23123616215295,57.768763837847054,100
bt,-61.80428703067514,43.19571296932486,100
af,-67.84619529747563,53.15380470252437,100
fv,-8.179980209178316,62.82001979082168,100
am,-32.535773399588884,20.464226600411116,100
qq,-83.2869893677047,5.713010632295295,100
sx,-31.686566860735695,81.3134331392643,100
up,-15.602323547195681,49.39767645280432,100
ev,-89.23338696153874,82.76661303846126,100
fr,-8.42529327440618,35.57470672559382,100
kk,-40.1678081148458,39.8321918851542,100
qa,-53.59856722922911,32.40143277077089,100
jw,-1.7902193361799514,62.20978066382005,100
rk,-24.18886519577721,90.81113480422279,100
ku,-67.42441984384926,9.575580156150732,100
wx,-14.704329895775839,33.29567010422416,100
wh,-50.506245913098034,5.493754086901967,100
ki,-75.5320451083053,73.4679548916947,100
fg,-10.937446940003541,70.06255305999646,100
nd,-71.78998024149983,97.21001975850017,100
ub,-87.84118990700591,1.1588100929940903,100
ia,-12.418916491005072,79.58108350899492,100
tt,-30.43594605799767,16.56405394200233,100
sq,-20.737109820265125,4.2628901797348755,100
zw,-34.64198519948049,24.358014800519513,100
dp,-76.07255651128361,75.92744348871639,100
rw,-45.53203967043425,53.46796032956575,100
gd,-92.62911907152966,42.37088092847035,100