ssm,-55.272319058311695,81.7276809416883,1000
ekq,-22.512635599579433,22.487364400420567,1000
nkv,-83.44485808112677,71.55514191887323,1000
dxk,-12.361950223432322,5.638049776567677,1000
bus,-41.84163722977769,69.15836277022231,1000
taq,-79.300385722627,74.699614277373,1000
tyr,-78.65846666023076,16.341533339769246,1000
bop,-58.38310068102528,61.61689931897472,1000
qkt,-78.73843836012004,3.261561639879957,1000
joa,-25.84788159032205,86.15211840967795,1000
ewh,-4.803169117477202,30.196830882522796,1000
mux,-12.581904705126128,11.418095294873872,1000
bjx,-22.949359203951627,98.05064079604837,1000
awo,-84.33464916649848,73.66535083350152,1000
vxb,-7.438093082137504,78.5619069178625,1000
adg,-79.32938954067856,64.67061045932144,1000
qkc,-6.868532643761661,78.13146735623835,1000
bng,-80.97685190067975,5.023148099320251,1000
vvl,-53.24918128694492,8.750818713055084,1000
pqp,-30.285997394104225,73.71400260589577,1000
vfb,-78.61512864125439,43.38487135874562,1000
gpk,-81.0375823153171,68.9624176846829,1000
ioi,-0.9780727588142965,66.02192724118571,1000
xjd,-4.91867789952716,24.08132210047284,1000
zmf,-72.92864361403218,70.07135638596782,1000
lyy,-69.19170799506061,93.80829200493939,1000
uuo,-84.32117633692118,84.67882366307882,1000
cti,-1.1843181260196238,42.815681873980374,1000
mwc,-60.280312622247074,75.71968737775292,1000
xrp,-91.02611439745387,64.97388560254613,1000
ewr,-92.17133902701894,91.82866097298106,1000
lbg,0.04998409812390514,57.04998409812391,1000
trd,-35.291530344192466,45.708469655807534,1000
vfh,-24.65890988872771,75.3410901112723,1000
kzj,-42.45647481932203,81.54352518067797,1000
gei,-43.057919174463066,83.94208082553693,1000
tks,-48.77262693542487,44.22737306457513,1000
fdg,-93.2493714510021,55.750628548997895,1000
frn,-95.15399903376532,89.84600096623468,1000
zjh,-97.91647670545562,81.08352329454438,1000
lam,-1.173340628213491,18.82665937178651,1000
bwz,-85.25601370995179,23.743986290048213,1000
tvt,-96.26850125079653,24.731498749203467,1000
uiq,-6.014503666090984,61.98549633390902,1000
jrq,-0.11382194078887953,65.88617805921112,1000
bdm,-92.06342861446751,20.93657138553249,1000
dym,-23.56057980788808,77.43942019211192,1000
mjk,-71.84016615738634,20.15983384261366,1000
vok,-46.717193054466826,79.28280694553318,1000
ozs,-96.87046201264077,30.129537987359228,1000
jez,-63.80619436568446,27.193805634315538,1000
qfj,-89.17679660404254,79.82320339595746,1000
wxu,-88.31403570600735,3.685964293992654,1000
egi,-48.20694851183104,46.79305148816896,1000
bav,-17.12367453725067,32.87632546274933,1000
pqe,-61.37623533905749,35.62376466094251,1000
mkz,-65.20671507402231,61.793284925977694,1000
uwf,-96.79915516417164,62.20084483582837,1000
nie,-41.53653643041217,45.46346356958783,1000
syq,-47.35283670384808,96.64716329615193,1000
ull,-81.3155687604323,17.684431239567704,1000
jwl,-97.12996895602772,19.870031043972276,1000
bku,-17.26819650264536,11.731803497354639,1000
rxv,-22.66172605902383,20.33827394097617,1000
hlf,-92.87982179017845,75.12017820982155,1000
yti,-18.690846690305836,63.30915330969417,1000
tql,-77.8175748249245,79.1824251750755,1000
omt,-23.836762885299517,29.163237114700483,1000
val,-36.48631973326528,20.51368026673472,1000
hun,-21.597262121637414,34.402737878362586,1000
dkm,-46.31556822657672,5.684431773423278,1000
qds,-22.650945790977495,16.349054209022505,1000
bgp,-29.655747892810385,66.34425210718962,1000
qdq,-96.65939152779318,28.34060847220682,1000
inw,-42.51499271034371,61.48500728965629,1000
ziq,-72.9683459082275,24.031654091772495,1000
ews,-77.55526892227317,67.44473107772683,1000
lwl,-37.14240326831686,64.85759673168315,1000
won,-56.688421538238735,57.311578461761265,1000
jtm,-66.36144441507541,85.63855558492459,1000
vni,-19.432217733857684,77.56778226614232,1000
sif,-87.24576319846739,48.75423680153261,1000
eat,-95.15298379674375,96.84701620325625,1000
jyu,-61.915113874729435,95.08488612527056,1000
rcy,-97.05803131834935,31.941968681650646,1000
jgh,-28.409179568089854,60.590820431910146,1000
tyq,-72.30544310152236,95.69455689847764,1000
bqs,-29.552454570711674,54.447545429288326,1000
sig,-68.60032516372537,34.39967483627463,1000
bpb,-29.55110885092124,10.44889114907876,1000
inf,-25.29463869751657,82.70536130248342,1000
obv,-72.85245883007117,40.14754116992883,1000
kln,-77.37977688256947,10.620223117430525,1000
udt,-27.366981624585307,25.633018375414693,1000
yzt,-39.56797387144413,81.43202612855586,1000
wtv,-36.37451828774995,17.625481712250053,1000
uax,-32.82828948187572,68.17171051812427,1000
lvb,-33.358659116219705,50.641340883780295,1000
rab,-70.83618118820395,25.16381881179605,1000
wqi,-52.96494388921204,7.035056110787959,1000
rve,-55.074072016165296,60.925927983834704,1000
yqk,-53.823933891240884,0.17606610875911488,1000
lsa,-58.7760419498993,63.2239580501007,1000
nyf,-95.2058739342934,11.794126065706607,1000
ptp,-10.157470618119275,65.84252938188072,1000
gog,-39.19368177614726,79.80631822385274,1000
xtn,-25.152500670330376,77.84749932966963,1000
upn,-24.964067781911794,19.035932218088206,1000
wwq,-52.38351808950741,96.61648191049258,1000
wik,-13.084989288417145,97.91501071158285,1000
ubo,-95.49068641302183,10.509313586978163,1000
ojk,-79.6841965424283,45.315803457571704,1000
ssq,-77.10443896246169,76.89556103753831,1000
jdl,-8.329739607314457,41.67026039268554,1000
imn,-8.288186428313498,74.7118135716865,1000
tlq,-7.949901006549199,46.0500989934508,1000
vlu,-2.059690095477021,2.940309904522979,1000
htz,-37.21619699284166,55.78380300715834,1000
gzd,-64.66905675105501,96.33094324894499,1000
khe,0.22392132711625012,57.22392132711625,1000
ysy,-76.07778336385535,95.92221663614465,1000
dta,-76.58034671013006,72.41965328986994,1000
tii,-23.077178140599674,71.92282185940033,1000
wco,-7.862375329879665,11.137624670120335,1000
qli,-32.014631413737575,26.985368586262425,1000
bif,-8.886018638645721,25.113981361354277,1000
cxs,-36.41622855316352,97.58377144683648,1000
bzz,-39.45949602508042,3.54050397491958,1000
gof,-14.192709645531862,38.80729035446814,1000
sht,-43.90945387938418,19.09054612061582,1000
ddp,-90.11347804365619,5.8865219563438105,1000
fpd,-58.500499602769295,40.499500397230705,1000
csa,-79.38680633818542,10.61319366181458,1000
xkp,-96.9175783761809,85.0824216238191,1000
cvl,-83.99520091811371,39.00479908188629,1000
cie,-15.120085587170117,51.87991441282988,1000
wzn,-46.16468219465668,31.835317805343323,1000
ejl,-5.3139072999662975,66.6860927000337,1000
fna,-5.894570820584078,9.105429179415923,1000
xta,-91.10256831805398,60.897431681946024,1000
xtm,-3.049618646422185,30.950381353577814,1000
rty,-35.48739689965095,14.512603100349045,1000
xip,-11.532166232532902,12.467833767467098,1000
myn,-17.882331171864454,73.11766882813555,1000
avk,-58.275481233303566,32.724518766696434,1000
zti,-35.858334686790535,7.141665313209467,1000
yvk,-71.97521436918866,76.02478563081134,1000
rca,-9.06378079965294,11.93621920034706,1000
hyc,-74.54440207352114,51.45559792647886,1000
awo,-49.67502638285391,3.324973617146093,1000
gpm,-29.420386674406753,73.57961332559324,1000
fjb,-63.059464473610696,20.940535526389304,1000
vlc,-85.80175410673259,64.19824589326741,1000
bpp,-77.76766538030058,33.232334619699415,1000
ucv,-88.1423784313516,10.857621568648392,1000
chq,-53.868978280057426,51.131021719942574,1000
dxu,-71.2045336282053,33.795466371794696,1000
kzc,-28.713000125372357,72.28699987462764,1000
zmq,-95.45898049802355,20.54101950197645,1000
kxf,-45.30450806000329,26.695491939996707,1000
wec,-54.12901282437751,44.87098717562249,1000
uct,-4.1820559664669625,80.81794403353304,1000
ifm,-11.332827990372154,69.66717200962785,1000
rul,-61.769791086656625,40.230208913343375,1000
kuw,-17.371847926892535,19.628152073107465,1000
lwv,-10.283379537379927,51.71662046262007,1000
zot,-35.29081172050454,83.70918827949546,1000
fzt,-65.573741602146,45.426258397854,1000
mfe,-57.80729898141597,57.19270101858403,1000
emi,-90.98706607295584,41.01293392704415,1000
fuu,-29.659782082024734,97.34021791797527,1000
vec,-63.46763397696242,37.53236602303758,1000
nld,-24.839011516321687,3.160988483678313,1000
zmo,-47.70452190181738,61.29547809818262,1000
akb,-17.58993914002025,41.41006085997975,1000
oly,-35.801866636397136,56.198133363602864,1000
tbb,-81.65624662861694,53.34375337138306,1000
wsr,-73.6974821375846,15.302517862415394,1000
jog,-76.96396234810594,84.03603765189406,1000
jaa,-74.94876271541801,67.05123728458199,1000
gld,-68.27217272945569,5.727827270544305,1000
lcy,-7.333566658258256,83.66643334174174,1000
hbf,-80.4117712993423,93.5882287006577,1000
mad,-70.78279661526096,30.217203384739044,1000
ytw,-59.90849597970439,40.09150402029561,1000
esr,-40.942990250223694,55.057009749776306,1000
xxe,-78.01092345340328,47.98907654659672,1000
qox,-92.96189884527185,54.03810115472816,1000
mmm,-28.49045525657527,14.509544743424728,1000
rzn,-24.615594940183172,95.38440505981683,1000
vgy,-49.85248173947749,16.14751826052251,1000
jfa,-46.81652918919708,61.18347081080292,1000
tte,-48.927351749178065,1.0726482508219362,1000
mll,-2.3451698667141065,23.654830133285895,1000
pyv,-39.284407336525284,75.71559266347472,1000
muq,-38.24365392799269,47.75634607200731,1000
uyb,-28.58413216541738,78.41586783458263,1000
mju,-68.94253436708196,64.05746563291804,1000
jds,-75.00369448803345,16.996305511966554,1000
bgi,-50.61194332022092,56.38805667977908,1000
znf,-51.86086271831055,11.139137281689452,1000
ilf,-26.837532906799623,47.16246709320038,1000
wau,-50.75148637037163,78.24851362962838,1000
zus,-73.74841072804372,88.25158927195628,1000
goi,-40.99170532587184,79.00829467412815,1000
hnh,-64.5572320757249,32.4427679242751,1000
fdd,-46.16801137081999,91.83198862918002,1000
gzj,-34.46295740691042,18.53704259308958,1000
eao,-17.186172535699832,4.813827464300169,1000
trx,-89.63083951267305,36.36916048732696,1000
aln,-69.0769705085356,17.923029491464412,1000
frj,-19.360561096887285,77.63943890311272,1000
rua,-5.656041593593316,36.343958406406685,1000
wqi,-71.63521826314859,53.36478173685141,1000
wbo,-5.234945340010441,22.76505465998956,1000
jvp,-2.1650501388203396,15.83494986117966,1000
rmq,-90.56728120078483,78.43271879921517,1000
dok,-46.40409498523982,51.59590501476018,1000
wqn,-67.0989000536572,34.9010999463428,1000
njx,-33.79533052129703,19.20466947870297,1000
gej,-8.861935440422116,84.13806455957788,1000
pny,-50.200702044840774,53.799297955159226,1000
zae,-14.708928897408185,65.29107110259181,1000
wzc,-12.756720141345323,75.24327985865467,1000
rjq,-41.43408046138905,98.56591953861096,1000
yva,-0.1697566209136223,31.830243379086376,1000
rey,-19.56430001215083,85.43569998784918,1000
wie,-10.812130881266793,61.187869118733204,1000
hqc,-80.3672177451819,9.632782254818094,1000
hai,-80.67377913835398,35.32622086164602,1000
clk,-83.40723689513663,58.592763104863366,1000
pwo,-53.764063429815714,14.23593657018429,1000
yva,-83.27195513968445,21.72804486031555,1000
cdd,-54.509011726642164,28.490988273357832,1000
yay,-29.56732360077015,60.432676399229855,1000
bfd,-46.904369510237075,17.095630489762925,1000
mtw,-35.72916918413648,57.27083081586352,1000
bdn,-65.51505900390056,44.48494099609944,1000
mke,-31.238324958818872,5.76167504118113,1000
ent,-0.8388205835425165,59.161179416457486,1000
ofl,-97.7559662055903,89.2440337944097,1000
auh,-63.75130984069891,16.248690159301095,1000
fwr,-54.27809220954027,88.72190779045972,1000
dcu,-31.086346845213832,15.913653154786168,1000
lqv,-27.354198406257144,90.64580159374286,1000
fwx,-23.80170370854506,80.19829629145494,1000
hvg,-21.633681548730532,3.3663184512694664,1000
inl,-0.05638419749537371,13.943615802504626,1000
dtd,-14.746766161408976,50.25323383859102,1000
uso,-46.38620387573675,97.61379612426326,1000
imz,-95.19825378034331,57.801746219656685,1000
nko,-60.05338577579908,25.94661422420092,1000
uvr,-47.73942506845072,54.26057493154928,1000
dzz,-55.10805877395502,48.89194122604498,1000
cnm,-15.02002423503303,98.97997576496697,1000
cxr,-72.3661707236908,37.6338292763092,1000
xah,-68.578725643889,42.421274356111006,1000
kiw,-84.29327429025328,16.706725709746724,1000
mgd,-72.07877751693134,29.92122248306866,1000
opv,-57.085573192297986,64.91442680770201,1000
lqk,-78.70910562718021,41.2908943728198,1000
hlj,-22.693468427580246,48.30653157241975,1000
img,-15.59130378944816,12.40869621055184,1000
pny,-58.56089824606434,72.43910175393566,1000
wsb,-21.18835660434305,19.81164339565695,1000
zsb,-92.24582225547088,43.75417774452911,1000
rsk,-19.618276409719794,16.381723590280206,1000
bym,-58.79735797449232,62.20264202550768,1000
ndi,-12.340770973983753,86.65922902601625,1000
zeb,-90.87377427020908,30.12622572979091,1000
ido,-62.19893249432321,78.80106750567678,1000
mih,-38.971465564580456,0.028534435419546145,1000
tpg,-59.154755873541646,30.845244126458354,1000
gvr,-72.58551216130061,4.414487838699384,1000
kqb,-42.73360429751023,21.266395702489763,1000
vei,-55.58613545566973,3.413864544330276,1000
pvu,-42.231980318745606,30.768019681254394,1000
stf,-4.058918174382646,77.94108182561736,1000
zgu,-63.18471178101709,32.81528821898291,1000
iwk,-28.306830994406223,6.693169005593776,1000
gcu,-27.887374683665435,42.112625316334565,1000
rzf,-77.97300712758701,22.026992872412993,1000
rwz,-74.21481868840893,95.78518131159107,1000
ffn,-59.523293305223056,33.476706694776944,1000
vyu,-73.02709631929028,8.972903680709717,1000
iml,-39.31845990755418,52.68154009244582,1000
mvu,-60.23903040530127,29.760969594698732,1000
npv,-89.60815169982848,82.39184830017152,1000
wbu,-11.889201519263883,41.110798480736115,1000
bft,-34.281573998058576,90.71842600194142,1000
btn,-70.92595632194809,96.07404367805191,1000
srw,-81.7964882924666,55.203511707533394,1000
spl,-16.587809887310385,48.412190112689615,1000
lin,-41.9723367936341,36.0276632063659,1000
mnw,-1.2729569963241913,78.7270430036758,1000
fkg,-40.638343607432816,4.361656392567185,1000
dym,-61.32392774001455,29.67607225998545,1000
vla,-73.9709775204675,93.0290224795325,1000
yni,-41.83766195108413,7.162338048915872,1000
cuj,-79.35987980739306,10.640120192606938,1000
pvn,-57.293581100186366,47.706418899813634,1000
ncq,-64.49460147940152,89.50539852059848,1000
cfl,-95.14643362501674,65.85356637498326,1000
jfm,-21.086468843058853,47.91353115694115,1000
hgm,0.24895017149172394,61.24895017149172,1000
czs,-22.070258940361402,26.929741059638598,1000
vfv,-84.52919127348977,80.47080872651023,1000
yiy,-37.95494010826324,37.04505989173676,1000
vzy,-83.30691594537404,52.693084054625956,1000
zfm,-50.643387414876024,6.356612585123979,1000
bvk,-35.745913619487645,83.25408638051235,1000
kbm,-18.218153733470793,11.781846266529206,1000
hrk,-41.958764295293975,89.04123570470603,1000
ndr,-37.299021034543955,95.70097896545604,1000
wyi,-6.632658925217882,58.36734107478212,1000
jjn,-5.676771100303347,19.32322889969665,1000
las,-74.59979881840198,69.40020118159802,1000
vzs,-68.3405266418752,71.6594733581248,1000
ysh,-97.43714241135514,32.56285758864485,1000
zpw,-33.05851442160057,23.941485578399426,1000
xhv,-84.88954294547999,74.11045705452001,1000
olo,-39.18293361396105,34.81706638603895,1000
ypa,-85.6318974120883,62.368102587911686,1000
vfi,-67.0474561017822,75.9525438982178,1000
gqv,-87.52206705574422,71.47793294425578,1000
bjj,-52.733807027420056,81.26619297257994,1000
vaq,-67.39109262044438,90.60890737955562,1000
vhl,-20.312362801586055,61.687637198413945,1000
xtj,-79.46746634479967,86.53253365520033,1000
ttn,-70.05391694897934,85.94608305102066,1000
eno,-11.218866058632463,5.781133941367537,1000
jfz,-93.51403326767569,67.48596673232431,1000
atn,-17.86257360148861,27.13742639851139,1000
trs,-97.71841121824927,86.28158878175073,1000
etm,-73.29518266211943,67.70481733788057,1000
lno,-81.10781892706734,70.89218107293266,1000
jdi,-93.93994469110964,13.060055308890357,1000
hsn,-26.030230391915904,90.96976960808409,1000
vdy,-61.43175576817263,18.568244231827375,1000
whk,-86.96552685807976,45.03447314192024,1000
ake,-74.29160920156859,70.70839079843141,1000
ihf,-44.14183856673785,45.85816143326215,1000
hiy,-88.18292357900664,10.817076420993365,1000
phw,-60.045270258688745,24.95472974131125,1000
qkr,0.04356319148013521,75.04356319148013,1000
adc,0.45540224862709866,67.4554022486271,1000
qmf,-37.47622551487595,36.52377448512405,1000
ssz,-14.286421811217625,27.713578188782375,1000
bql,-41.15611266385122,80.84388733614878,1000
rre,-31.64436895668078,32.35563104331922,1000
xaj,-81.93320909635716,61.06679090364284,1000
yhr,-74.35658129140232,49.64341870859768,1000
nkr,-67.2593667029383,89.7406332970617,1000
tjm,-76.57120869913172,1.428791300868286,1000
tab,-96.57369667685421,67.42630332314579,1000
ejh,-81.88678748066924,40.11321251933075,1000
fju,-91.96217050163285,14.037829498367147,1000
cho,-2.8717413467000297,23.12825865329997,1000
rwr,-69.64297475481666,53.35702524518333,1000
bkw,-85.37170474975245,36.62829525024754,1000
lgd,-14.207237289521109,30.792762710478893,1000
yoe,-19.57016547353228,54.42983452646772,1000
auf,-80.30580926838162,57.69419073161837,1000
ill,-42.43782679754377,82.56217320245622,1000
vzo,-56.852147591140636,8.147852408859366,1000
xns,-0.6391208782600145,25.360879121739984,1000
uim,-80.212624514732,57.787375485267994,1000
myc,-59.75667607381597,16.243323926184033,1000
dwf,-27.403132228987705,5.596867771012296,1000
uxc,-47.59627235367014,93.40372764632987,1000
nnq,-36.843122013117714,54.156877986882286,1000
xrb,-39.29985064737756,30.70014935262244,1000
sxd,-6.881187353436808,63.11881264656319,1000
vkq,-57.92242225866966,32.07757774133034,1000
tin,-85.88385565659712,68.11614434340288,1000
kuz,-68.57434291826053,38.42565708173947,1000
gez,-17.179808059720425,43.82019194027958,1000
fdq,-66.64624695550677,22.35375304449323,1000
ciw,-29.497128198996037,65.50287180100396,1000
umq,-42.8753301491255,50.1246698508745,1000
qvl,-72.79827339367495,8.201726606325057,1000
khw,-49.95470475484363,97.04529524515637,1000
wcw,-38.028829181793796,69.9711708182062,1000
lzp,0.9591350148575157,1.9591350148575157,1000
ydc,-74.95322642509151,60.04677357490848,1000
kze,-78.48328166148492,43.516718338515076,1000
snm,-91.0783820749101,82.9216179250899,1000
zmb,-45.40462863282776,26.59537136717224,1000
xzo,-61.71136257253649,44.28863742746351,1000
kfj,-4.2448079211134635,24.755192078886537,1000
tgd,-22.629508751201517,86.37049124879849,1000
mde,-96.69207291258991,19.3079270874101,1000
ipi,-50.60213799737971,27.397862002620293,1000
ted,-47.60655568859363,91.39344431140637,1000
duy,-38.78166109145593,69.21833890854407,1000
xww,-6.296634445908715,24.703365554091285,1000
ywf,-43.62320974032178,91.37679025967823,1000
soi,-7.610102762822876,94.38989723717712,1000
ofh,-94.75173946439538,64.24826053560462,1000
wmf,-34.05359169069053,78.94640830930948,1000
gxb,-62.41922155602917,49.58077844397083,1000
flg,-2.4747571630770406,74.52524283692296,1000
njl,-63.33084082744122,51.66915917255878,1000
qtr,-16.481904839073437,33.51809516092656,1000
ncs,-66.00526556327752,98.99473443672248,1000
fld,-31.859088570956573,70.14091142904343,1000
hoa,-51.77279614017521,55.22720385982479,1000
jkq,-77.42579657262985,46.57420342737014,1000
pkz,-11.783822499868748,95.21617750013125,1000
zoq,-6.1496628030555005,51.8503371969445,1000
djk,-78.8812525218967,83.1187474781033,1000
mmn,-12.75934229860623,60.24065770139377,1000
htg,-39.09249872802704,82.90750127197296,1000
zyk,-71.04888138856708,12.951118611432912,1000
fit,-79.32025611585317,37.67974388414683,1000
ylh,-8.21031499790692,87.78968500209308,1000
lnk,-63.925056175230836,74.07494382476916,1000
idn,-4.512460068095025,0.487539931904975,1000
fll,-95.36261958646344,19.637380413536558,1000
vno,-51.332407807247826,71.66759219275218,1000
qxo,-46.20988678236234,90.79011321763765,1000
fsu,-66.24845131731011,74.75154868268989,1000
stu,-54.13229006072971,37.86770993927029,1000
enk,-61.11945004661484,25.880549953385167,1000
lou,-49.7243734828597,69.2756265171403,1000
gwt,-14.766881213848254,65.23311878615175,1000
kjj,-20.496252691134238,66.50374730886575,1000
isc,-15.228836975392332,2.7711630246076675,1000
ovn,-15.066861502602212,19.93313849739779,1000
see,-34.78105081275196,40.21894918724804,1000
ele,-95.25993986213199,71.74006013786801,1000
pko,-67.83031549018658,63.16968450981343,1000
kfo,-38.55583405767437,45.44416594232563,1000
cbz,-24.410273110970895,59.58972688902911,1000
bjx,-23.543636238056784,95.45636376194321,1000
ygh,-75.69521046071401,30.304789539285988,1000
uhr,-95.86315677178197,89.13684322821803,1000
zxf,-89.37224394679674,17.627756053203253,1000
xeu,-86.32181168263354,35.67818831736646,1000
pgo,-74.0832817783551,33.91671822164489,1000
obv,-60.970431971232834,21.029568028767166,1000
sbz,-61.369752178131144,26.630247821868856,1000
hfk,-46.49508875073757,91.50491124926243,1000
cdn,-11.055586062460527,46.94441393753947,1000
hcz,-75.60226345292418,12.397736547075828,1000
nvh,-51.511736850801555,65.48826314919845,1000
bns,-41.12345254854383,26.876547451456165,1000
bhg,-94.25348106204414,52.74651893795585,1000
mhq,-18.920798249804548,3.079201750195453,1000
ora,-73.05209847233442,61.94790152766557,1000
deb,-93.27122680427532,36.728773195724685,1000
mjy,-37.03751456704173,1.9624854329582644,1000
ahn,-28.878912408380614,23.121087591619386,1000
gru,-53.14084842650469,47.85915157349531,1000
zyo,-55.00447826383036,19.99552173616964,1000
fsc,-91.96964359094527,19.030356409054725,1000
pjd,-62.737563395467156,81.26243660453284,1000
fnr,-62.26332092938611,87.73667907061389,1000
gyi,-95.66221692772316,9.33778307227683,1000
vhy,-82.99546815317197,83.00453184682803,1000
viu,-76.80766615153263,63.19233384846737,1000
bgt,-9.660120503461139,98.33987949653886,1000
ubn,-59.094501026036966,19.90549897396303,1000
lda,-7.527639979193234,27.472360020806768,1000
ffp,-31.526789204088793,80.4732107959112,1000
rln,-74.89081864774607,5.109181352253932,1000
ijj,-79.27740684778342,26.722593152216575,1000
mqx,-86.93795820233487,22.062041797665128,1000
yfc,-37.33745081773808,68.66254918226193,1000
exe,-67.73904014220562,18.260959857794372,1000
iga,-9.424157290336902,30.575842709663096,1000
syi,-86.01368262971606,93.98631737028394,1000
mav,-94.37934984160331,76.62065015839669,1000
mrj,-56.04643878949464,20.953561210505367,1000
gqi,-68.77510553865963,22.224894461340366,1000
kdw,-54.43127358203283,93.56872641796717,1000
rdr,-52.43125406089671,90.56874593910328,1000
itq,-9.441917195617833,43.55808280438217,1000
fmr,-89.97469113407223,63.02530886592776,1000
nvm,-37.55096839966449,74.44903160033552,1000
moo,-83.54558118095584,35.45441881904417,1000
ajl,-17.086106898321372,10.913893101678628,1000
wjq,-57.66462750990994,48.33537249009006,1000
qli,-82.91004023689287,30.08995976310713,1000
pyh,-93.06247537104329,71.93752462895671,1000
tyj,-38.6823825076647,69.3176174923353,1000
cqq,-70.18637526454152,52.813624735458475,1000
bax,-82.72138920498469,38.27861079501532,1000
qma,-81.0128321642296,72.9871678357704,1000
kvx,-89.73382567012105,15.266174329878945,1000
hvd,-59.80688864389124,93.19311135610876,1000
nti,-89.9484888471616,13.051511152838405,1000
tdk,-22.933850566291344,20.066149433708656,1000
yur,-88.65541265493194,53.344587345068064,1000
snq,-4.349188173876004,50.650811826124,1000
xkb,-97.5020100325023,47.4979899674977,1000
con,-78.60742853266281,28.392571467337195,1000
bko,-33.30873314206692,4.691266857933082,1000
rnl,-65.24876793455539,46.75123206544461,1000
ano,-81.31291698994063,63.68708301005936,1000
lyw,-20.670564925799482,69.32943507420052,1000
owb,-43.662953448154866,21.337046551845134,1000
leg,-32.18321396224789,95.81678603775211,1000
efv,-43.290847251134274,41.709152748865726,1000
pzc,-3.666860646458276,1.333139353541724,1000
lvg,-70.96326349916862,69.03673650083138,1000
ycm,-57.50904940634615,85.49095059365385,1000
paw,-77.28996409811688,13.710035901883115,1000
bhw,-14.967230356458888,0.03276964354111256,1000
bwq,-5.599586169480741,14.400413830519259,1000
dev,-2.43293149752993,43.56706850247007,1000
dlg,-42.76746980596796,73.23253019403204,1000
eif,-82.1672267396341,30.832773260365894,1000
llu,-75.88173032981818,97.11826967018182,1000
tub,-92.83114973826827,53.16885026173173,1000
xoh,-30.805631263518016,85.19436873648198,1000
zrq,-34.76379111241209,33.23620888758791,1000
mtc,-21.570353055608653,89.42964694439135,1000
fjd,-13.437059226307682,88.56294077369232,1000
dsn,-81.03892501637814,59.961074983621856,1000
ppz,-44.50476123307411,68.49523876692588,1000
mhg,-87.6304596619534,4.369540338046609,1000
ktu,-24.430954903101764,0.5690450968982378,1000
oje,-52.403364454875835,22.59663554512417,1000
ygo,-61.86863279828607,77.13136720171393,1000
tlx,-10.087253494214195,54.912746505785805,1000
cid,-67.30699596466363,53.69300403533637,1000
mzn,-22.76219932178564,96.23780067821436,1000
uai,-69.78392625145034,71.21607374854966,1000
flk,-90.65294542784733,14.347054572152677,1000
osa,-53.029193758026175,88.97080624197382,1000
spw,-79.58407289947178,53.415927100528215,1000
hom,-51.40078759230402,91.59921240769597,1000
qbm,-88.08987683241295,3.9101231675870456,1000
xqt,-2.753186436775292,49.246813563224705,1000
xqv,-32.20050400414058,34.79949599585942,1000
wza,-30.974373568000054,41.025626431999946,1000
sca,-53.64261413584018,88.35738586415982,1000
rdm,-40.11411055667384,27.885889443326157,1000
xel,-21.700449842038726,53.29955015796128,1000
gss,-67.99838824311628,0.0016117568837168417,1000
haz,-17.30804165555031,1.691958344449691,1000
bxt,-65.29472707998463,4.705272920015368,1000
hpx,-2.0407699171560427,94.95923008284396,1000
lvb,-18.848090337315032,93.15190966268497,1000
kga,-49.20153003277368,42.79846996722632,1000
wbx,-93.22064454963758,51.77935545036242,1000
gth,-95.27605466989466,71.72394533010534,1000
pen,-42.922415153660374,45.077584846339626,1000
toh,-5.597456133345824,53.40254386665418,1000
ova,-56.94676207705423,32.05323792294577,1000
wke,-49.15555844574493,45.84444155425507,1000
cla,-18.653323135341996,75.34667686465801,1000
key,-87.56559390252464,20.434406097475364,1000
gnt,-58.31646721074588,74.68353278925412,1000
gsp,-66.05928740770023,10.94071259229978,1000
sgl,-56.63597055234061,84.36402944765939,1000
axp,-1.6225535559385753,42.37744644406143,1000
exz,-27.381953371201273,48.61804662879872,1000
gsz,-5.964739562576067,70.03526043742393,1000
zvu,-26.100173530673548,79.89982646932646,1000
jnp,-76.10373009675618,50.89626990324382,1000
qil,-65.32536150756955,78.67463849243045,1000
tli,-67.2689745934873,39.7310254065127,1000
fhc,-4.987804585093452,38.01219541490655,1000
dfs,-38.51259628835505,18.48740371164495,1000
txf,-48.73205115111088,59.26794884888912,1000
quj,-36.185624458214214,79.8143755417858,1000
mmu,-33.52787021928545,78.47212978071455,1000
sul,-3.7695883794549454,43.230411620545055,1000
gph,-66.873096369049,96.126903630951,1000
nmf,-96.4739473646176,34.5260526353824,1000
ott,-67.1298930407123,22.8701069592877,1000
ibv,-50.224294515956196,61.775705484043804,1000
beh,-71.39796646385668,91.60203353614332,1000
ttp,-80.2444581097917,75.7555418902083,1000
hbz,-37.32734948533383,98.67265051466616,1000
fvz,-56.393681447983035,1.6063185520169618,1000
lpo,-21.122998640924713,64.87700135907528,1000
taz,-16.761144609620185,33.23885539037982,1000
lxb,-67.87545942201042,10.12454057798957,1000
sno,-25.35951656034592,72.64048343965408,1000
yro,-73.25124970518817,26.74875029481183,1000
abe,-78.77655110975438,45.22344889024563,1000
aex,-12.207835569491424,89.79216443050858,1000
mug,-65.24634385128066,9.75365614871935,1000
uvy,-7.18973276214695,98.81026723785305,1000
ygs,-49.229925967468944,53.770074032531056,1000
nod,-91.1978773863596,53.80212261364041,1000
wnt,-43.036533856808035,15.963466143191967,1000
cvf,-37.431902523224316,97.56809747677569,1000
zsg,-21.806759452991805,85.19324054700819,1000
qss,-30.407057026271637,56.59294297372836,1000
dig,-33.119771516474884,15.880228483525114,1000
ffe,-28.400782109765117,75.59921789023488,1000
rng,-73.80397342429964,46.196026575700365,1000
wny,-70.72265271784998,67.27734728215002,1000
qch,-9.586768062565056,93.41323193743494,1000
rmd,-23.25082228737196,6.749177712628039,1000
fsg,-63.497952929416556,17.502047070583444,1000
fev,-14.910702363130635,21.089297636869365,1000
zib,-57.947666984907286,52.052333015092714,1000
gvp,-2.175746147058706,63.8242538529413,1000
yvn,-0.9897729235600007,88.01022707644,1000
xkc,-71.36939492074919,46.63060507925082,1000
ysz,-53.8255974917503,82.1744025082497,1000
ifr,-97.57595282190464,8.424047178095357,1000
plb,-39.053137280103634,51.946862719896366,1000
kbd,-34.29578240126601,45.70421759873399,1000
yjc,-66.1928314584909,63.8071685415091,1000
rri,-74.24623421728558,97.75376578271442,1000
phi,-90.09957637933307,22.900423620666935,1000
oho,-42.51249817884842,28.487501821151582,1000
sle,-47.80325458240841,37.19674541759159,1000
jbk,-8.656518614277239,85.34348138572275,1000
qib,-68.01537107692837,97.98462892307163,1000
blm,-85.69731234880852,65.30268765119148,1000
hpu,-14.461294005941678,91.53870599405832,1000
vib,-70.54642810862192,42.45357189137808,1000
ltn,-12.343158787657645,88.65684121234236,1000
yug,-42.35884360602,18.64115639398,1000
jad,-58.42703332170157,4.57296667829843,1000
ykn,-91.73585926417408,39.264140735825926,1000
sda,-58.095436736727244,65.90456326327275,1000
sox,-43.23810462563006,17.761895374369942,1000
qme,-9.418849423196574,18.581150576803427,1000
zuh,-71.48867044138632,38.51132955861368,1000
kej,-34.207884425598685,32.792115574401315,1000
vah,-55.17397368213079,33.82602631786921,1000
iah,-81.57564064929392,74.42435935070608,1000
foj,-20.240554994341387,38.75944500565861,1000
ldk,0.9815845126095085,43.98158451260951,1000
oux,-61.966785662091226,22.03321433790877,1000
kfw,-59.57182394051722,97.42817605948278,1000
owp,-69.30602435453609,63.69397564546391,1000
fne,-69.58127435595858,14.418725644041416,1000
llq,-49.018319108702315,62.981680891297685,1000
pvk,-28.66103909065597,56.33896090934403,1000
tnz,-67.23111526815133,28.768884731848672,1000
ckw,-20.891454841331907,78.1085451586681,1000
cxl,-18.67293267866061,12.327067321339387,1000
bkg,-83.0528547104059,63.947145289594104,1000
rqm,-63.357229140855466,93.64277085914453,1000
bcr,-63.71705920445753,66.28294079554247,1000
cgi,-62.819180006121314,72.18081999387869,1000
okh,-60.31886536313892,97.68113463686109,1000
egi,-35.71452741569316,56.28547258430684,1000
ulg,-70.24149921106665,38.758500788933354,1000
oxs,-43.12919998499466,52.87080001500534,1000
hdx,-88.65101312851525,52.348986871484755,1000
hqc,-74.41386186999206,67.58613813000794,1000
ksz,-22.509534521938914,81.49046547806108,1000
bow,-81.59731233900742,64.40268766099258,1000
vjj,-62.762557117296254,18.237442882703746,1000
wzo,-80.95073945060409,16.049260549395907,1000
gkd,-64.022732431314,54.977267568685996,1000
bzn,-78.25903172409967,44.74096827590032,1000
paz,-65.1224908501064,66.8775091498936,1000
gex,-59.941968529831406,95.0580314701686,1000
uqg,-33.62061651290337,90.37938348709663,1000
nkm,-25.87301361699554,5.1269863830044615,1000
rls,-83.66589946090689,96.33410053909311,1000
iuc,-5.705078185449069,90.29492181455093,1000
mvr,-39.8441694031841,65.1558305968159,1000
ojp,-68.80401886101981,95.19598113898019,1000
kfb,-94.3489688371074,16.651031162892597,1000
ihf,-91.82770363048819,32.17229636951181,1000
gbq,-73.39927343745077,49.60072656254923,1000
ckd,-32.186356794194026,59.813643205805974,1000
ouh,-83.76207811666215,73.23792188333785,1000
uva,-66.14510710124159,96.85489289875841,1000
bhn,-84.72648864636304,30.27351135363696,1000
tud,-19.392287896607797,50.6077121033922,1000
ftc,-69.15416613643607,4.845833863563922,1000
aul,-15.48075679630064,18.51924320369936,1000
zii,-88.2982901778034,23.701709822196605,1000
amu,-72.93847636385048,9.061523636149522,1000
teg,-49.72667468516336,70.27332531483664,1000
wie,-15.670136443428328,12.329863556571672,1000
yda,-68.34572330403421,89.65427669596579,1000
bhi,-94.61477427436849,9.385225725631518,1000
wsz,-28.560259603148904,59.4397403968511,1000
xun,-1.4350041625369685,19.56499583746303,1000
ucs,-19.990840234208445,41.00915976579155,1000
kfk,-73.07985702144346,58.92014297855654,1000
hew,-84.6421950014618,66.3578049985382,1000
bwm,-94.36050050085663,18.639499499143366,1000
wbc,-45.03536255156073,8.964637448439271,1000
ned,-33.737766902981,86.262233097019,1000
ogk,-48.511234481211524,96.48876551878847,1000
dtz,-71.57722285479466,12.422777145205348,1000
zrc,-30.81886292357112,27.18113707642888,1000
ofr,-31.104400139138622,3.895599860861377,1000
moe,-12.45416277178644,62.54583722821356,1000
sal,-77.72362376287943,59.27637623712057,1000
rkr,-83.69196110642858,64.30803889357142,1000
rka,-11.652077925373264,21.347922074626734,1000
okh,-81.4030650006707,10.5969349993293,1000
cjv,-62.138690251919485,16.86130974808051,1000
orb,-91.96099469891135,34.03900530108865,1000
gbv,-15.39004583482228,67.60995416517773,1000
ine,-62.29619299174881,56.70380700825119,1000
yef,-90.28492705280324,33.71507294719675,1000
yqr,-32.45493467453096,24.54506532546904,1000
fgm,-83.8149280433922,46.1850719566078,1000
rad,-13.744735709655469,62.255264290344535,1000
vag,-88.78090353644312,88.21909646355688,1000
sxs,-41.01535342238867,26.984646577611333,1000
hym,-32.591266626541916,10.408733373458087,1000
mpk,-53.268797836426415,88.73120216357358,1000
kgl,-64.30605193695902,48.69394806304098,1000
yvy,-79.2370473341795,33.7629526658205,1000
jkh,-20.11720366489123,96.88279633510876,1000
cuw,-59.08520847743417,40.91479152256583,1000
hct,-15.14062846360849,92.8593715363915,1000
vwg,-46.77493986560796,38.22506013439204,1000
fyv,-64.05161061937821,24.948389380621794,1000
mxu,-56.335388435183724,90.66461156481627,1000
brg,-91.79374061265146,23.206259387348535,1000
osf,-73.64402653612323,42.355973463876765,1000
ism,-95.36783452574507,98.63216547425493,1000
skh,-57.762936316266725,78.23706368373327,1000
jpe,-35.969840090961426,21.03015990903857,1000
grb,0.11162929025956214,47.111629290259565,1000
zmv,-23.018157954631537,8.981842045368461,1000
aak,-42.78302062620432,15.216979373795677,1000
yiv,-84.7706221352836,28.229377864716398,1000
tnz,-48.309857508726466,36.690142491273534,1000
awf,-14.784162363498636,47.21583763650136,1000
vux,-61.20662442398946,60.79337557601054,1000
ihm,-6.042267055976764,2.9577329440232356,1000
hcz,-7.4984285965101325,19.50157140348987,1000
xzk,-1.2239958108217408,45.77600418917826,1000
awp,-76.47163601451716,14.528363985482835,1000
iyq,-84.1917420264445,24.808257973555506,1000
oce,-59.57711267402472,60.42288732597528,1000
lhu,-22.649041738143517,87.35095826185648,1000
qyn,-49.375913331437324,70.62408666856268,1000
etm,-12.520520636144404,51.479479363855596,1000
omh,-56.111793272787175,58.888206727212825,1000
imq,-54.49730732316597,29.502692676834027,1000
vpe,-25.514564299457735,90.48543570054227,1000
vph,-75.69754029863826,58.30245970136174,1000
naj,-46.902627809354414,45.097372190645586,1000
hjn,-94.65961501960773,15.340384980392276,1000
mzq,-81.55230488794069,9.447695112059305,1000
szn,-13.128378583902258,63.871621416097746,1000
xwj,-4.642415791432828,6.357584208567172,1000
uha,-16.280176963244823,25.719823036755177,1000
xgq,-10.609606388936438,9.390393611063562,1000
zog,-46.15037788326035,97.84962211673965,1000
hfq,-63.122918150954796,40.877081849045204,1000
fkm,-83.05702917877548,55.94297082122452,1000
gnn,-77.12975808300003,62.87024191699998,1000
dsh,-76.91721552509489,82.08278447490511,1000
hin,-90.21672652213036,17.783273477869642,1000
grl,-27.068680888575685,68.93131911142432,1000
knc,-88.87998652568854,26.120013474311467,1000
yxh,-36.19977266648053,78.80022733351947,1000
szl,-97.36177883601667,33.63822116398333,1000
zww,-63.079084341154484,40.920915658845516,1000
vao,-74.85026135489532,84.14973864510468,1000
hlt,-95.0028377413674,27.997162258632596,1000
vvo,-63.11060857080178,7.889391429198217,1000
hck,-19.489137219337742,30.510862780662258,1000
ltg,-57.92274332112449,38.07725667887551,1000
svl,-77.96609453841776,28.033905461582236,1000
cfr,-21.50427312774151,28.49572687225849,1000
nsy,-65.8537996846656,81.1462003153344,1000
sds,-37.90942153400223,40.09057846599777,1000
tgn,-92.51036775714468,37.48963224285532,1000
vmd,-49.329714772257034,84.67028522774297,1000
tom,-34.82863294202706,32.17136705797294,1000
omi,-57.231766283904655,69.76823371609534,1000
xdn,-97.24450820762084,61.75549179237916,1000
ipm,-66.5132622292423,59.48673777075769,1000
exp,-16.080637910178613,88.91936208982139,1000
oxe,-20.750760687404473,43.24923931259553,1000
gbu,-97.84901312910407,64.15098687089593,1000
ltg,-86.10262689381217,94.89737310618783,1000
eop,-2.173268067411716,26.826731932588284,1000
mwc,-13.918734011796527,10.081265988203473,1000
jrq,-58.17225370783669,86.82774629216331,1000
piv,-86.24140711514791,71.75859288485209,1000
dwj,-26.891152442127332,20.108847557872668,1000
qvs,-97.70405556998008,44.295944430019915,1000
shd,-63.15301484297857,18.84698515702143,1000
jji,-29.05203845338911,93.9479615466109,1000
bbo,-25.84009387477512,7.159906125224879,1000
brh,-46.079838301369676,62.920161698630324,1000
tdr,-92.07632529428798,95.92367470571202,1000
nzc,-49.34802053882874,90.65197946117125,1000
ypa,-47.8260037777188,60.1739962222812,1000
qoy,-81.80049647963871,81.19950352036129,1000
wkc,-42.18992028898662,54.81007971101338,1000
deb,-1.7521976337058454,92.24780236629415,1000
taf,-65.87644891236584,97.12355108763416,1000
skv,-25.8350919955442,33.164908004455796,1000
mko,-36.18295145969994,24.817048540300057,1000
rmh,-97.351440994737,61.648559005262996,1000
rcc,-8.157134692626403,55.84286530737359,1000
pkh,-94.58242506117492,54.417574938825084,1000
gmf,-17.34314295491133,72.65685704508867,1000
riy,-29.298689840083266,62.70131015991673,1000
fds,-11.874876038618538,98.12512396138146,1000
joo,-91.8306086663019,51.1693913336981,1000
bwb,-94.62364128550843,33.376358714491566,1000
sgi,-13.142333526657618,72.85766647334238,1000
jhh,-35.226618725329566,19.773381274670434,1000
tmv,-18.53691465194111,1.4630853480588915,1000
feu,-90.75954474115788,0.24045525884212327,1000
dpr,-26.956308085617728,38.04369191438227,1000
ede,-30.171685580633753,95.82831441936625,1000
isy,-31.070519824415555,47.929480175584445,1000
gnm,-96.95429471074675,33.04570528925325,1000
fmw,-28.01775200512556,67.98224799487444,1000
cqx,-28.754082717574434,87.24591728242557,1000
asg,-4.060594056910207,93.9394059430898,1000
rlf,-85.1230386470356,74.8769613529644,1000
fnp,-29.035256175474032,76.96474382452597,1000
xig,-16.34470151266884,71.65529848733117,1000
bdd,-62.7843379418041,21.215662058195903,1000
edi,-85.21765719146104,4.782342808538958,1000
quu,-54.90938575425453,9.090614245745472,1000
ntp,-4.175325572304156,93.82467442769584,1000
sju,-29.694656066673808,17.305343933326192,1000
nym,-54.09000030369026,38.90999969630974,1000
xdz,-92.05821181448107,3.9417881855189374,1000
bww,-96.95544404746258,58.04455595253743,1000
ncl,0.12416014869843883,55.12416014869844,1000
vwf,-77.41031316261262,68.58968683738738,1000
yrq,-62.95433315636065,42.04566684363935,1000
jbl,-2.4421435082126983,52.557856491787305,1000
yki,-19.254173555576777,5.745826444423221,1000
jqv,-92.72126422064976,41.27873577935024,1000
kfx,-36.54437409945517,56.45562590054483,1000
cob,-91.81606917413632,40.183930825863676,1000
jeq,-62.19033688065485,23.809663119345153,1000
ezh,-40.347477183892124,90.65252281610788,1000
lqd,-24.11829418804842,67.88170581195158,1000
aqd,-8.301684047822416,87.69831595217758,1000
soi,-5.031963839350652,93.96803616064935,1000
syn,-73.59654766625768,57.40345233374232,1000
zha,-26.803440328858045,34.196559671141955,1000
gdl,-45.05728082104671,26.94271917895329,1000
jcr,-96.85054700512768,62.14945299487231,1000
pfq,-28.511544275768685,67.48845572423132,1000
zqx,-2.1658080103470274,42.83419198965297,1000
lbi,-2.9190661898594086,91.08093381014059,1000
fvc,-19.249961218528803,89.7500387814712,1000
zps,-39.571555942048604,19.428444057951392,1000
dqc,-41.72345160066341,33.27654839933659,1000
pok,-15.259914641532173,68.74008535846782,1000
vbf,-64.40389091318303,95.59610908681697,1000
psd,-68.33858769145486,32.661412308545145,1000
sff,-44.048501132330266,33.951498867669734,1000
nco,-9.312969209723272,59.68703079027673,1000
hdx,-39.53939152963602,81.46060847036398,1000
gaj,-35.35025427698541,70.64974572301459,1000
gkg,-43.608916246408775,76.39108375359122,1000
gvz,-84.09768358135338,56.90231641864661,1000
oyw,-97.03752685718511,59.962473142814886,1000
bxo,-90.12142007282215,52.87857992717786,1000
sqf,-71.24413828450652,95.75586171549348,1000
qqj,-15.208680445576062,6.7913195544239375,1000
rui,-7.2410667321638025,14.758933267836198,1000
pzk,-17.256093727835665,41.74390627216433,1000
dqz,-64.4828585063826,10.5171414936174,1000
wro,0.6788186592804095,0.6788186592804095,1000
jxq,-38.76876630509313,11.231233694906868,1000
ids,-18.556553186413794,74.4434468135862,1000
hqx,-84.35301684570582,3.6469831542941753,1000
rly,-91.29006548046078,44.70993451953921,1000
nyz,-86.79032144446604,43.20967855553396,1000
ags,-89.13285240022839,20.867147599771613,1000
zsi,-57.91753445183323,67.08246554816678,1000
dug,-2.2307291006670273,58.76927089933297,1000
qze,-20.550553026346485,10.449446973653515,1000
mub,-68.02256474238047,94.97743525761953,1000
ruk,-93.13964524628423,0.8603547537157633,1000
wun,-24.5738846781892,12.426115321810801,1000
jzt,-23.289860383921628,16.710139616078372,1000
dvo,-62.937959389769226,43.062040610230774,1000
quz,-74.90732115557606,88.09267884442394,1000
ygz,-42.89004432152629,38.10995567847371,1000
ioh,-21.490396615627503,15.509603384372499,1000
tfn,-69.22559847687704,63.77440152312297,1000
uxu,-6.810855876354674,62.18914412364533,1000
frq,-11.807713296020669,97.19228670397933,1000
kax,-70.52046297372696,34.47953702627304,1000
wwm,-46.486645670974006,38.513354329025994,1000
kaz,-80.93714220698689,6.0628577930131105,1000
lvc,-16.54481406982592,54.45518593017408,1000
dit,-63.96999657263588,39.03000342736412,1000
anz,-80.99795093558288,58.00204906441712,1000
fpw,-3.5253092378243958,27.474690762175605,1000
ezh,-33.96710000088921,58.03289999911079,1000
ajc,-3.310293331611118,87.68970666838888,1000
wpu,-80.05871693546823,75.94128306453177,1000
jae,-32.031562918197025,62.968437081802975,1000
rjz,-2.7930862644199586,82.20691373558004,1000
zsf,-76.22595168012637,95.77404831987363,1000
mgj,-38.65094759219806,83.34905240780193,1000
phu,-18.308949523010565,31.691050476989435,1000
ujr,-9.091763184415994,76.908236815584,1000
kgo,-9.518669825654312,90.48133017434569,1000
yaf,-27.89868901785637,76.10131098214363,1000
qdo,-69.9050378384698,81.0949621615302,1000
jsj,-15.02438735072017,41.97561264927983,1000
civ,-51.260523949375624,95.73947605062438,1000
glf,-43.46765472266846,92.53234527733154,1000
kld,-91.11863751610852,91.88136248389148,1000
icd,-55.09336277020595,7.906637229794052,1000
gpn,-91.47413792829212,38.52586207170788,1000
ddr,-65.5063340747256,95.4936659252744,1000
ifz,-6.466738762116973,51.533261237883025,1000
mua,-87.65496439626344,7.345035603736568,1000
wao,-59.639631516580955,89.36036848341905,1000
wga,-49.40592267122544,24.59407732877456,1000
jxs,-62.33742679856265,80.66257320143735,1000
pek,-65.88606713790718,56.113932862092824,1000
ger,-60.54215123740643,92.45784876259357,1000
hbw,-44.14482096728196,31.855179032718038,1000
ywc,-61.1103237520631,20.889676247936897,1000
pvg,-59.30640633949202,30.693593660507982,1000
fkm,-85.05107668150832,57.94892331849168,1000
mwr,-8.033319230360908,85.9666807696391,1000
jlz,-41.06425757801941,56.93574242198059,1000
lgr,-18.556510528720516,65.44348947127948,1000
gun,-56.44123972690805,87.55876027309195,1000
sii,0.4006227569840535,49.400622756984056,1000
vau,-65.35871508553801,52.641284914461984,1000
jvn,-66.54584348081409,39.45415651918592,1000
tzc,-47.641361509295976,87.35863849070402,1000
fcz,-25.327602044598372,49.67239795540163,1000
vux,-56.97625490803158,25.023745091968422,1000
pvd,-37.80724754456748,51.19275245543252,1000
mfo,-72.5964268644152,1.4035731355847918,1000
iwj,-38.91533558841431,28.084664411585692,1000
mft,-64.91683206316304,41.08316793683696,1000
qun,-40.128330909953554,83.87166909004645,1000
onf,-25.056792378952025,74.94320762104797,1000
ybe,-48.20963233546246,41.79036766453754,1000
fyi,-48.2163353343582,37.7836646656418,1000
mqf,-81.17559514076994,15.824404859230057,1000
zeo,-48.131518426921964,32.868481573078036,1000
vii,-30.48910133545555,47.51089866454445,1000
vts,-5.592989106401196,37.4070108935988,1000
tju,-67.95820393571674,57.041796064283254,1000
vud,-70.74340878187176,15.25659121812823,1000
kvr,-81.75174226373076,53.24825773626923,1000
jcr,-71.5512706807302,74.4487293192698,1000
fbx,-8.156292047148696,1.843707952851303,1000
ajr,-42.88268132889882,28.117318671101177,1000
uuf,-89.80169303586793,70.19830696413207,1000
hhv,-45.850671267377365,71.14932873262264,1000
zej,-91.49599437125194,26.504005628748065,1000
hzg,-87.65944027167333,70.34055972832667,1000
eum,-38.98541875634623,8.014581243653774,1000
nfx,-71.72808139565007,41.27191860434993,1000
vnd,-22.063214141322796,40.936785858677204,1000
qff,-88.67350774326977,13.326492256730234,1000
smo,-87.34765345318824,84.65234654681176,1000
tlo,-19.86091954645696,77.13908045354304,1000
xwi,-41.37640002114853,6.623599978851473,1000
wid,-84.72295665947054,49.27704334052945,1000
rrv,-80.08625179272711,47.91374820727288,1000
ghc,-67.41475078494203,2.5852492150579707,1000
mlq,-85.88053548695538,92.11946451304462,1000
lqr,-14.186527968980274,54.81347203101973,1000
tul,-59.51388048826108,16.48611951173892,1000
qdv,-53.62427709828881,68.3757229017112,1000
fri,0.6680864517874595,11.66808645178746,1000
zsn,-67.63372910137281,6.366270898627189,1000
ccu,-11.006089994071381,18.99391000592862,1000
cvk,-50.7214188852963,68.2785811147037,1000
jwv,-35.21926287255521,40.78073712744479,1000
xav,-35.17337167637419,35.82662832362581,1000
xcz,-28.926538021382456,75.07346197861754,1000
ukx,-4.642512454611489,66.35748754538851,1000
qdi,-5.52438239465644,1.47561760534356,1000
mde,-80.92004426508962,33.079955734910385,1000
wco,-25.574688876915303,22.425311123084697,1000
xsm,-92.07135172725373,23.92864827274628,1000
nhd,-2.843957387852318,95.15604261214769,1000
fiv,-72.19090169195212,65.80909830804788,1000
xns,-4.132575712079764,55.86742428792024,1000
cwx,-36.5118477924073,74.4881522075927,1000
nhn,-59.34227769796996,56.65772230203004,1000
hrh,-14.85856542624236,53.14143457375764,1000
oae,-6.414385522092266,36.58561447790773,1000
wcn,-35.6246510573039,12.375348942696096,1000
xyn,-57.80935667831119,51.19064332168881,1000
gfk,-8.293765909923952,68.70623409007605,1000
cgy,0.5034104079059489,48.503410407905946,1000
drn,-25.823115378472522,19.176884621527478,1000
old,-77.84831390358916,64.15168609641084,1000
ypg,-56.819653412525355,44.180346587474645,1000
ikl,-48.368116771379206,28.631883228620794,1000
myj,-45.82493864336384,20.17506135663616,1000
eym,-90.30601017461966,28.69398982538034,1000
