wbm,-60.744528307664055,40.255471692335945,1000
tsv,-92.09817428442837,35.90182571557164,1000
gpz,-79.00665713628354,90.99334286371646,1000
jkc,-44.70990049374843,43.29009950625157,1000
wuo,-21.112907914374734,27.887092085625266,1000
qrq,-92.25613777253795,45.743862227462046,1000
tcq,-24.25236398078778,66.74763601921222,1000
eyq,-92.61009968927519,27.38990031072482,1000
red,-45.09498228042619,69.90501771957382,1000
vmv,-78.83868132468395,46.16131867531605,1000
apq,-32.189327594695996,14.810672405304004,1000
aby,-46.85252957522235,48.14747042477765,1000
ixj,-80.2539848412678,87.7460151587322,1000
mfq,-97.38652860677462,10.613471393225385,1000
amj,-40.587731212880975,71.41226878711903,1000
awr,-47.660839797277326,22.339160202722674,1000
wfw,-31.112621884754162,63.88737811524584,1000
wpb,-6.024376214156975,79.97562378584303,1000
lec,-19.02261447761479,63.97738552238521,1000
rqa,-10.093738239973373,29.906261760026627,1000
knm,-96.12608736848351,57.87391263151648,1000
hqh,-34.95607410148631,41.04392589851369,1000
xpi,-0.4374369023122683,65.56256309768773,1000
ghz,-9.199509265367578,1.800490734632422,1000
gmg,-68.67885692797554,4.3211430720244515,1000
ahf,0.724984450887699,76.7249844508877,1000
vsn,-10.178835196590295,67.8211648034097,1000
eui,-9.833704906935573,90.16629509306443,1000
xxp,-76.87760327796158,56.12239672203842,1000
uih,-94.46757639663244,41.53242360336756,1000
ovd,-8.995059684678195,84.0049403153218,1000
vzg,-31.076672269562742,75.92332773043725,1000
rqv,-63.91230731254522,78.08769268745478,1000
dkm,-48.22216386263966,53.77783613736034,1000
cxx,-26.362706644063145,55.637293355936855,1000
qlp,-41.47314692334411,3.526853076655887,1000
zrv,-1.0027115067832364,21.997288493216764,1000
nus,-95.71229926578751,61.287700734212486,1000
cmd,-54.90769010738997,47.09230989261003,1000
rdd,-92.25021294304398,31.749787056956027,1000
stl,-80.6454966259955,1.3545033740044938,1000
bwd,-2.3188300119051624,10.681169988094837,1000
kxm,-81.82669466599843,55.17330533400157,1000
rsk,-22.212417039129804,43.787582960870196,1000
uxh,-62.40201833274827,16.59798166725173,1000
yfk,-69.15739996225034,12.842600037749659,1000
gbq,-70.63257181746239,52.36742818253761,1000
tls,-1.0714702254084543,42.928529774591546,1000
okn,-17.94582627343313,30.05417372656687,1000
qxa,-53.26676959693155,73.73323040306845,1000
cjg,-11.878921480949897,71.1210785190501,1000
toa,-57.52421623420646,62.47578376579354,1000
qpz,-10.68891012628042,55.31108987371958,1000
hvz,-19.14683613354301,84.853163866457,1000
ovn,-95.77801130899968,49.22198869100032,1000
qdg,-44.80384089407793,69.19615910592208,1000
rua,-40.130555908198744,26.869444091801256,1000
lky,-38.73286427930442,83.26713572069558,1000
qvv,-75.07801240008457,59.921987599915425,1000
pjw,-30.511780517169868,3.4882194828301323,1000
hov,-27.8550718419315,27.1449281580685,1000
ome,-3.745078900735706,51.254921099264294,1000
atk,-1.3314038693639845,39.66859613063602,1000
yvs,-75.57943258116518,88.42056741883482,1000
yxi,-8.707719353016769,58.29228064698323,1000
ink,-30.377502640112308,81.62249735988769,1000
qrs,-4.526474173379302,48.4735258266207,1000
ivd,-81.36824744464394,70.63175255535606,1000
rnv,-95.37037075724756,45.629629242752436,1000
kxb,-49.59461751055187,4.405382489448127,1000
gtl,-31.37189197623213,53.62810802376787,1000
cyf,-48.55948722103641,6.440512778963585,1000
dec,-7.788589995803061,0.21141000419693845,1000
wkk,-15.701381903559552,25.29861809644045,1000
ibi,-60.25108684734508,40.74891315265492,1000
gqp,-71.06562177851495,2.9343782214850522,1000
uqx,-86.7724580827834,74.2275419172166,1000
fqa,-7.1280749429684045,11.871925057031595,1000
ous,-3.2492187579140315,73.75078124208596,1000
jvt,-91.89566884191349,27.10433115808651,1000
zhn,-69.60012382777062,89.39987617222938,1000
dkz,-36.05162004870032,25.948379951299675,1000
lsj,-91.04364381965699,55.956356180343015,1000
lor,-88.03582758842636,62.96417241157365,1000
hli,-67.02836027378842,9.971639726211581,1000
poa,-56.77810674597306,50.22189325402694,1000
lbg,-40.48024943935642,88.51975056064359,1000
miy,-67.14302056275383,88.85697943724617,1000
ogq,-25.182088940365677,27.817911059634323,1000
tmd,-3.113888938626933,27.886111061373068,1000
nuy,0.9111993080143285,70.91119930801433,1000
gdv,-46.172320834383825,64.82767916561617,1000
nnt,-6.210236195625649,90.78976380437435,1000
lrv,-68.17088879971978,79.82911120028022,1000
tjg,-72.971518125087,83.028481874913,1000
hck,-96.73739596473861,26.26260403526139,1000
wak,-65.9458543871191,78.0541456128809,1000
qnt,-68.96660876852705,13.033391231472951,1000
npo,-18.390722363539847,26.609277636460153,1000
jui,-16.41582475567564,10.584175244324362,1000
iju,-31.657017114598254,77.34298288540174,1000
ziv,-95.87110645463709,15.128893545362907,1000
nun,-74.75917776579871,2.2408222342012896,1000
ulx,-4.013198968630643,81.98680103136935,1000
hjv,-14.540734106361143,92.45926589363886,1000
eyn,-94.23846893674062,8.76153106325938,1000
xoy,-87.31379850958,35.68620149042,1000
ljs,-56.39808050764319,7.601919492356807,1000
kui,-14.188701752011541,93.81129824798846,1000
wuy,-36.867080799151964,84.13291920084804,1000
qct,-19.746968696682714,31.253031303317286,1000
wys,-53.85486562138671,47.14513437861329,1000
hbd,-17.979590066719368,55.02040993328063,1000
jxv,-0.4948389544426448,11.505161045557355,1000
jqk,-5.604198189619174,52.395801810380824,1000
hjb,-50.20171986849407,82.79828013150593,1000
kvu,-79.09616617538796,72.90383382461204,1000
rhc,-43.153557446782486,22.846442553217514,1000
wqb,-57.22463298923287,45.77536701076713,1000
fms,-95.22312945419733,40.77687054580266,1000
fqf,-9.478754200217614,95.52124579978239,1000
def,-84.44134300326333,40.55865699673668,1000
fny,-71.29150155216584,87.70849844783416,1000
xkh,-59.45647379342698,48.54352620657302,1000
ggv,-21.115803786300685,75.88419621369931,1000
ldk,-36.307564417107926,96.69243558289207,1000
xxz,-79.8673401375328,83.1326598624672,1000
tcx,-69.92467405326626,34.07532594673374,1000
egi,-26.70226099548927,4.29773900451073,1000
nff,-33.916019540032735,79.08398045996726,1000
rqe,-28.383277947146162,35.61672205285384,1000
uth,-64.71407234147964,86.28592765852036,1000
cwd,-28.110879512241432,50.88912048775857,1000
gdh,-14.865284516268707,13.134715483731293,1000
pjc,-83.46314122184774,66.53685877815226,1000
ndk,-22.01972008879924,65.98027991120077,1000
nxh,-54.56462594023918,0.43537405976081645,1000
fxn,-80.228819328346,35.771180671653994,1000
ock,-21.71510083734409,11.284899162655911,1000
qud,-26.519020499511793,79.4809795004882,1000
cts,-66.07061158305838,16.929388416941613,1000
mop,-91.85375859370177,80.14624140629823,1000
zsc,-43.366384334905874,44.633615665094126,1000
prg,-71.68474780834765,88.31525219165235,1000
mei,-91.9058724790432,25.094127520956807,1000
toj,-57.77407665601693,16.225923343983073,1000
rfu,-54.74797232005931,4.2520276799406895,1000
smh,-38.10390365074809,81.8960963492519,1000
stv,-37.86861230215588,89.13138769784412,1000
tpw,-68.92005321181728,36.07994678818273,1000
ldt,-35.43875566812945,74.56124433187055,1000
vqh,-83.4266769411092,45.57332305889079,1000
zsf,-68.57405358372205,35.42594641627795,1000
nnd,-52.03710168150446,96.96289831849555,1000
vwb,-42.68456012661595,46.31543987338405,1000
eej,-75.99552858972493,63.00447141027507,1000
hry,-75.35427163245504,87.64572836754496,1000
eli,-59.990295272632316,24.00970472736768,1000
eef,-97.51702921321873,47.482970786781266,1000
rdv,-19.353284947634634,81.64671505236537,1000
nje,-76.09657901514647,69.90342098485353,1000
lwg,-23.997329556845212,59.002670443154784,1000
uba,-86.69190282056249,48.30809717943751,1000
haf,-22.06180425999974,1.938195740000261,1000
psb,-46.738360009436555,67.26163999056345,1000
cxv,-96.61248565140792,29.387514348592077,1000
ynb,-10.777563713549146,49.22243628645085,1000
iog,-46.14829215750502,6.851707842494979,1000
cwj,-64.76536188337627,28.23463811662372,1000
qrq,-75.83965193907214,83.16034806092786,1000
vtu,-26.34067388781734,60.65932611218266,1000
ewc,-97.86619900020017,9.133800999799826,1000
bsj,-38.415247760245265,92.58475223975474,1000
xah,-81.49298982218004,16.507010177819964,1000
yyc,-66.18783818624301,26.81216181375698,1000
sbi,-87.45269173483517,2.5473082651648253,1000
zch,-48.178707442758295,45.821292557241705,1000
vws,-5.091521181313404,35.908478818686596,1000
wfw,-35.74173443807852,37.25826556192148,1000
qyb,-79.59763442320909,48.40236557679091,1000
prl,-97.14760781552434,33.85239218447566,1000
bif,-3.9143470183318367,34.08565298166816,1000
rvm,-14.283374359168324,52.71662564083167,1000
fgg,-95.8352183368238,75.1647816631762,1000
isd,-14.207236980231771,21.79276301976823,1000
wyg,-56.042782550737776,12.957217449262222,1000
rka,-48.9665982727774,65.03340172722261,1000
nuu,-64.96919509340384,51.03080490659617,1000
meq,-11.246972835367398,46.753027164632606,1000
yfq,-43.43052646584362,0.5694735341563826,1000
oni,-13.682503316080139,59.31749668391986,1000
ihw,-90.68254616493039,1.3174538350696199,1000
jum,-88.34536593804374,38.65463406195625,1000
afc,-58.260494873860765,62.739505126139235,1000
bcb,-56.051607752189696,21.948392247810304,1000
huj,-6.855187889936882,72.14481211006311,1000
nie,-24.233784832361383,18.766215167638617,1000
wiz,-17.312637502457314,64.68736249754268,1000
sjw,-95.68388859624895,26.316111403751044,1000
zgi,-87.61202108352094,3.387978916479056,1000
vgi,-28.034157924781415,77.96584207521859,1000
kdr,-42.40652274889384,78.59347725110617,1000
cvg,-1.7908820279274167,94.20911797207258,1000
dfo,-59.05502092663332,42.94497907336668,1000
tnk,-46.57467062404494,46.42532937595506,1000
lmi,-42.665566115259296,98.3344338847407,1000
dys,-27.13508189333763,46.864918106662365,1000
tkg,-29.43955073721109,63.56044926278891,1000
knh,-21.120565161186498,13.879434838813502,1000
xfm,-1.4958013487950357,81.50419865120496,1000
xeh,-77.43334856188254,25.56665143811746,1000
gbp,-13.803282065668744,20.196717934331254,1000
txd,-69.83138046517331,73.16861953482669,1000
oyk,-86.860089096564,14.139910903436002,1000
ubz,-81.07015054029873,8.929849459701272,1000
xpr,-53.98078803335984,92.01921196664016,1000
zzd,-21.920528263371185,80.07947173662882,1000
xhd,-23.56803921107385,87.43196078892615,1000
nll,-78.30826491159402,29.69173508840598,1000
wms,-57.171999540817076,82.82800045918293,1000
dcu,-36.20395573481418,89.79604426518581,1000
xyi,-54.068276312338924,14.931723687661078,1000
nso,-10.774823458774103,30.225176541225895,1000
xda,-73.13264420695833,51.86735579304166,1000
qpb,-29.867058418707394,85.13294158129261,1000
nqq,-58.914635402158865,29.08536459784114,1000
rwy,-66.81242141044432,64.18757858955568,1000
nwr,-7.482867923320939,54.51713207667906,1000
txb,-89.09516039629774,44.90483960370225,1000
xdy,-86.36538373620066,45.63461626379935,1000
ixf,-53.12780791035079,56.87219208964921,1000
lpb,-78.85864997494643,24.14135002505357,1000
zao,-5.859930324772967,66.14006967522704,1000
iaa,-80.57067876173429,20.429321238265715,1000
vtx,-48.15724484817226,81.84275515182775,1000
trw,-94.49190583302224,90.50809416697776,1000
bfb,-24.862285734543914,84.13771426545608,1000
rmo,-72.39945779267372,63.600542207326285,1000
ttu,-95.76693132643777,21.233068673562226,1000
czw,-59.65414503457493,31.345854965425065,1000
hur,-67.77063071499859,11.229369285001413,1000
fgg,-90.5522166822076,25.4477833177924,1000
pzp,-23.724363532790743,31.275636467209257,1000
eiy,-3.0256651106035455,42.97433488939645,1000
rcv,-92.13944507300093,87.86055492699907,1000
fpn,-72.89844281472448,78.10155718527552,1000
fup,-37.00291391184483,71.99708608815517,1000
iol,-5.3461020192346185,88.65389798076538,1000
gag,-87.69722452674536,46.302775473254634,1000
ewk,-5.422441049539897,15.577558950460103,1000
ezu,-66.17761854314912,79.82238145685088,1000
xsm,-31.92731030378779,73.07268969621221,1000
ybt,-45.81656954958964,8.183430450410363,1000
kdr,-78.33625875626814,82.66374124373186,1000
rkc,-51.74334886182338,45.25665113817662,1000
rvg,-83.27529900755597,16.724700992444028,1000
hgu,-89.01558365759124,3.984416342408768,1000
tll,-67.24016126342651,4.759838736573479,1000
gsa,-87.63132440039685,49.36867559960316,1000
ctq,-96.2269009791625,6.773099020837512,1000
snh,-97.29467985664844,68.70532014335156,1000
hiq,-11.665530148518943,42.33446985148106,1000
bpr,-75.20621835439826,5.793781645601742,1000
lgi,-77.47784570935002,1.5221542906499732,1000
pja,-47.80194725453567,95.19805274546434,1000
djz,-7.520991951776519,52.47900804822348,1000
xsl,-68.33520877456004,45.66479122543995,1000
ofd,-56.45672221118211,76.54327778881789,1000
clj,-77.39646824142687,51.60353175857312,1000
itc,-32.329651190326096,17.6703488096739,1000
rzf,-41.58094237066785,71.41905762933214,1000
csg,-47.14728069462708,14.852719305372924,1000
oda,-95.17590219751142,74.82409780248858,1000
fvv,-9.315244596064181,63.68475540393582,1000
raz,-15.344096408228534,57.65590359177147,1000
bbx,-62.06319490713515,92.93680509286484,1000
whs,-43.344684404711295,65.6553155952887,1000
rkm,-85.42652347713108,86.57347652286892,1000
wms,-42.51919393584935,31.480806064150652,1000
uam,-91.22289335329963,73.77710664670037,1000
qxx,-26.520490203396935,48.47950979660306,1000
pis,-83.2116779267806,72.7883220732194,1000
tou,-13.275353744940805,81.7246462550592,1000
oxd,-72.5268635983085,74.4731364016915,1000
jbs,-1.075866498759416,31.924133501240583,1000
qia,-29.495011138340665,2.5049888616593345,1000
irw,-26.21841365569733,72.78158634430267,1000
umm,-0.3080063107678076,40.69199368923219,1000
fei,0.9544943980348569,94.95449439803485,1000
wmp,0.501394190031718,49.50139419003172,1000
mgs,-70.30134030911934,6.698659690880659,1000
oyb,-53.20419581311015,69.79580418688985,1000
ycv,-43.39945496947424,5.600545030525758,1000
iri,-51.54559519427153,70.45440480572847,1000
wqd,-46.606947257702494,1.3930527422975056,1000
iep,-28.191139430513214,18.808860569486786,1000
fjd,-5.502845657368961,30.49715434263104,1000
cta,-14.544635167834269,98.45536483216573,1000
ucr,-20.978574903836524,56.021425096163476,1000
iul,-61.64382482284246,27.35617517715754,1000
wpu,-84.87584691675482,10.124153083245176,1000
uui,-94.31564815217004,72.68435184782996,1000
rnu,-17.885071596869402,93.1149284031306,1000
kkm,-43.57796547395752,85.42203452604248,1000
gwq,-78.16381248667385,70.83618751332615,1000
lqt,-40.403192896484406,19.596807103515598,1000
kei,-49.373554932703236,43.626445067296764,1000
tcx,-67.0374209178109,1.9625790821890932,1000
xea,-40.07258411483347,21.927415885166532,1000
zxa,-54.99718018289493,76.00281981710508,1000
smm,-8.632281787773142,96.36771821222686,1000
pgl,-24.681079983056467,88.31892001694354,1000
eoq,-52.810690935032454,17.189309064967546,1000
uzb,-23.695755205487696,34.30424479451231,1000
bbu,-44.1722289554177,11.8277710445823,1000
yzw,-85.73909912745357,36.26090087254643,1000
obj,-59.47387071043579,73.52612928956421,1000
who,-41.503177303411164,7.496822696588836,1000
xim,-41.45122582367287,91.54877417632713,1000
ice,-13.499644367457972,12.500355632542028,1000
gbd,-81.74671158363857,67.25328841636143,1000
tta,-50.7427132060374,26.257286793962596,1000
dgm,-48.46733813081357,8.532661869186427,1000
ujo,-22.5382514689748,53.4617485310252,1000
vpe,-57.206746491447674,98.79325350855233,1000
buc,-14.340407933558978,69.65959206644102,1000
oxd,-73.93113760124025,52.06886239875975,1000
eor,-51.799736519257706,86.2002634807423,1000
lzr,-88.9205287170902,59.079471282909786,1000
ryw,-4.089854556817205,63.91014544318279,1000
exn,-80.53894200874332,86.46105799125668,1000
bmo,-86.37257888213684,11.627421117863168,1000
nnx,-39.80490476229624,42.19509523770376,1000
zod,-89.47180869690008,60.52819130309991,1000
sfz,-94.41664729014059,48.58335270985941,1000
rne,-41.10279210869241,17.897207891307588,1000
uiu,-94.4201061241212,68.5798938758788,1000
kuq,-28.915121528490367,26.084878471509633,1000
ulq,-71.74798811598372,93.25201188401628,1000
zdz,-41.530624401632366,49.469375598367634,1000
yrd,-43.94483681129345,15.055163188706551,1000
aib,-34.70323308466773,77.29676691533227,1000
rpt,-44.39412904242765,10.605870957572353,1000
dmq,-97.9568882919445,91.0431117080555,1000
dss,-57.36712832888895,93.63287167111105,1000
mrk,-27.25752301547111,93.74247698452889,1000
iba,-47.30782637163557,74.69217362836443,1000
wky,-19.266239136702858,38.73376086329714,1000
ozy,-22.73551413531171,72.2644858646883,1000
tpm,-58.25692989224331,31.743070107756683,1000
eoz,-10.191022030340642,45.80897796965936,1000
xda,-87.00526723865282,6.9947327613471755,1000
zxk,-27.331512891864673,24.668487108135327,1000
qib,-14.465648710244812,46.534351289755186,1000
xco,-3.0613997609478263,54.93860023905217,1000
yqd,-80.41742400270981,83.58257599729019,1000
iis,-19.497100509212416,84.50289949078758,1000
jdv,-34.124952056464736,94.87504794353526,1000
nik,0.7191937857829324,44.719193785782934,1000
aek,-71.47301403446869,16.526985965531306,1000
itt,-52.6900374600674,71.3099625399326,1000
wqt,-39.55837383314294,54.44162616685706,1000
hby,-75.87462944545868,12.125370554541325,1000
gze,-34.60497396602174,1.3950260339782634,1000
tno,-13.420220792452614,94.57977920754739,1000
clm,-60.6220031842599,74.3779968157401,1000
qom,-69.9817248003402,97.0182751996598,1000
hod,-23.129240396446814,65.87075960355318,1000
quv,-78.5371225138745,26.462877486125507,1000
wto,-48.508266666032085,97.49173333396791,1000
nhp,-49.94540199390179,70.0545980060982,1000
zvj,-44.468370592530356,66.53162940746965,1000
flx,-32.791553905609995,10.208446094390004,1000
snu,0.606022016050325,77.60602201605033,1000
pdj,-74.06022494680427,60.93977505319573,1000
isw,-81.01892693034956,33.98107306965043,1000
usv,-13.47077852864591,30.52922147135409,1000
yjk,-46.167965857285466,26.83203414271453,1000
wen,-51.20294025501029,38.79705974498971,1000
fuh,-78.66226844717981,57.33773155282019,1000
jko,-13.535522751946814,54.464477248053186,1000
ulg,-34.796197441810975,57.203802558189025,1000
sde,0.898975016929861,30.89897501692986,1000
uoj,-54.91129876026284,9.088701239737164,1000
xwn,-63.50965320473161,76.49034679526838,1000
qyw,-42.89344295001962,28.106557049980378,1000
obq,-65.5147454720823,41.485254527917704,1000
ltn,-60.009886084661616,37.990113915338384,1000
dqd,-48.69454533492611,97.3054546650739,1000
ity,-62.99726554268097,24.002734457319026,1000
zxn,-22.041784208287915,28.958215791712085,1000
rjc,-74.65412752382686,38.34587247617314,1000
hsr,-92.73322396476308,43.26677603523692,1000
wos,-14.547951804779053,85.45204819522095,1000
mpr,-72.43158110366727,52.56841889633273,1000
wqc,-12.636112030317182,29.363887969682818,1000
tca,-91.30553080265072,8.694469197349278,1000
pgw,-11.50726820043233,49.49273179956767,1000
oac,-95.77150473437774,30.22849526562226,1000
cqw,-76.64304041941328,26.356959580586715,1000
ewx,-96.73151110180974,57.26848889819026,1000
hzu,-86.72382263031348,93.27617736968652,1000
bxi,-7.2646438693220485,21.735356130677953,1000
wlk,-69.6470950610013,39.35290493899871,1000
qck,-48.82344073591635,36.17655926408365,1000
iqi,-97.8936360434348,91.1063639565652,1000
ypz,-77.12539620275871,13.874603797241292,1000
zwc,-16.290177900412214,97.70982209958778,1000
quv,-87.48060397669477,41.51939602330523,1000
ytj,-83.21483220806644,95.78516779193356,1000
ycm,-48.00619089410663,46.99380910589337,1000
pik,-29.133102299299797,1.866897700700205,1000
ais,-52.802826655137046,77.19717334486296,1000
cpj,-31.367048294005947,72.63295170599406,1000
hnx,-25.850498534476635,94.14950146552336,1000
ocg,-93.0474562139878,8.952543786012205,1000
nbk,-15.581936431372835,68.41806356862716,1000
nvg,-63.17854201936244,54.82145798063756,1000
hho,-68.6181408136841,95.3818591863159,1000
dja,-87.86744517435217,25.132554825647826,1000
vve,-82.30989818262186,24.69010181737814,1000
hsy,-4.059220584666301,69.9407794153337,1000
qmo,-52.402567051807665,10.597432948192331,1000
fff,-26.88157861679861,70.1184213832014,1000
kdu,0.873329750830337,38.87332975083034,1000
tas,-50.812054917395436,74.18794508260456,1000
aob,-90.89055081262335,13.109449187376658,1000
uyb,-6.062507944534259,48.93749205546574,1000
ydm,-59.417890900567265,33.582109099432735,1000
kah,-61.10370910658141,7.8962908934185885,1000
ypn,-74.05781808274114,82.94218191725886,1000
fhe,-82.87255266005891,28.12744733994108,1000
pnl,-96.83393294171036,38.16606705828965,1000
dge,-24.618943366393424,56.381056633606576,1000
vmt,-68.36828693587013,92.63171306412987,1000
mei,-84.41394438738917,93.58605561261083,1000
nnj,-17.95524224130272,73.04475775869729,1000
fej,-86.05666799119571,67.94333200880429,1000
wze,-39.498494264124254,24.501505735875742,1000
jtc,-21.302165459532873,29.697834540467127,1000
koy,-69.2675806602613,8.732419339738698,1000
bfh,-59.31475803238718,67.68524196761282,1000
hnf,-75.97028256727269,95.02971743272731,1000
krn,-52.943263311176416,84.05673668882358,1000
xmh,-84.84364678918845,52.156353210811545,1000
gmo,-13.710580814360439,27.289419185639563,1000
swi,-63.70692389329675,74.29307610670325,1000
ukw,-8.746463870298475,67.25353612970153,1000
ejp,-8.896599710945008,13.103400289054992,1000
yiw,-4.367547906046653,9.632452093953347,1000
iai,-22.02856750585766,25.97143249414234,1000
tqu,-35.882353126530184,76.11764687346981,1000
mkt,-42.04270067976155,62.95729932023845,1000
von,-38.61860910818922,15.381390891810783,1000
wod,-59.81675271182278,72.18324728817721,1000
sbq,-34.4372022547463,96.56279774525369,1000
bmv,-33.49265114184855,3.5073488581514525,1000
yrf,-64.29230563964097,25.707694360359028,1000
evi,-74.34571885042979,55.65428114957022,1000
gjz,-38.79382374416588,54.20617625583412,1000
vlj,-78.91818667808214,26.081813321917863,1000
niw,-28.98110478677473,65.01889521322528,1000
qrn,-46.65074018302685,3.3492598169731496,1000
cvc,-23.15517421075414,38.84482578924586,1000
dxq,-89.3129975625545,38.68700243744551,1000
inu,-61.0226921205968,73.9773078794032,1000
quc,-15.322079226727398,46.677920773272604,1000
ueh,-82.90918605442047,62.09081394557953,1000
nac,-9.145752978924751,49.854247021075246,1000
hqd,-68.6390039750591,74.3609960249409,1000
vmq,-15.903686359776579,87.09631364022341,1000
hhv,-50.96590112637154,5.034098873628461,1000
wzm,-49.730547748981714,60.269452251018286,1000
yaj,-87.13686733576047,25.863132664239526,1000
cny,-51.077212698497085,55.922787301502915,1000
biy,-43.683027389760454,0.31697261023954315,1000
bee,-91.32407822518874,52.67592177481126,1000
pjx,-84.62184812159643,5.378151878403568,1000
gfu,-9.147620267059061,16.85237973294094,1000
phc,-57.889343749692124,43.110656250307876,1000
zjc,-0.9370168455564456,77.06298315444356,1000
ccq,-74.3674507775649,66.6325492224351,1000
jza,-15.036030399246231,69.96396960075377,1000
mng,-37.434309389990396,5.5656906100096,1000
hdf,-48.060234008304505,31.9397659916955,1000
eav,-75.59413009828491,13.405869901715091,1000
ong,-57.1193345143478,30.880665485652198,1000
stg,-97.70802577440394,54.291974225596064,1000
tin,-93.41436605414977,18.585633945850237,1000
txl,-44.11504414369897,36.88495585630103,1000
hiw,-9.551175226159192,15.448824773840808,1000
euz,-87.6165718599492,94.3834281400508,1000
erf,-20.741853181384215,68.25814681861578,1000
fov,-53.080156360315556,0.9198436396844435,1000
bin,-6.402544967832071,66.59745503216793,1000
wes,-86.99110963636934,20.00889036363065,1000
rfr,-57.32249632413712,79.67750367586288,1000
rcu,-11.80699449798337,10.19300550201663,1000
zao,-0.7457491297568557,28.254250870243144,1000
jwq,-74.28374946813497,98.71625053186503,1000
gmz,-43.012694800318656,36.987305199681344,1000
ocf,-81.84892298391816,92.15107701608184,1000
vzc,-50.30175980369156,78.69824019630843,1000
yvx,-15.396049045919398,7.603950954080602,1000
cuu,-10.47103592332276,6.52896407667724,1000
igl,-55.224625894604394,43.775374105395606,1000
nln,-56.727060365952994,3.2729396340470074,1000
juq,-29.145365100905813,14.854634899094187,1000
uvh,-69.78316891594899,62.21683108405101,1000
hgn,-11.647567531507713,78.35243246849228,1000
gad,-57.891807068158165,47.108192931841835,1000
xxk,-30.50939552872146,7.490604471278541,1000
dfh,-56.40347337678959,95.59652662321041,1000
wao,-17.535388172852567,25.464611827147433,1000
xtv,-26.980858302299165,92.01914169770083,1000
kkr,0.13650839134649217,41.136508391346496,1000
mlo,-3.869799492419745,36.130200507580255,1000
tzw,-32.97143223123449,48.02856776876551,1000
zsw,-65.2724613730921,57.7275386269079,1000
rkc,-8.058908356707407,27.94109164329259,1000
bmu,-91.42492734430624,45.57507265569375,1000
vgr,-60.427949410577554,52.572050589422446,1000
mhv,-52.66304284463351,43.33695715536649,1000
aha,-34.57240814986263,66.42759185013738,1000
blz,-95.74978817866015,48.250211821339846,1000
qpj,-45.975524624757924,82.02447537524208,1000
kxf,-89.62656827518839,9.373431724811606,1000
qlm,-96.94700197894069,57.05299802105932,1000
mrv,-12.50066450532379,57.49933549467621,1000
lbr,-7.357768500441357,39.64223149955864,1000
dkc,-38.05813136948433,98.94186863051567,1000
exu,-79.32250847093015,57.67749152906986,1000
nyd,-44.631481046547165,3.368518953452834,1000
smz,-53.47379335274179,32.52620664725821,1000
ycw,-5.07250423228106,45.92749576771894,1000
xwi,-45.57784504646902,42.42215495353098,1000
wpp,-71.07900167271451,40.920998327285496,1000
dbn,-94.09485930610303,61.905140693896975,1000
pyf,-49.04730447553266,11.952695524467334,1000
qhh,-31.1601326258656,8.8398673741344,1000
fwt,-71.17921639820004,9.820783601799965,1000
mrq,-39.92944804901218,7.070551950987818,1000
mdz,-51.15455198236135,31.845448017638653,1000
diw,-64.61153406199256,47.38846593800744,1000
ely,-76.24613718321251,92.75386281678749,1000
cxp,-39.98498907057148,15.015010929428518,1000
xei,-7.80273910285022,68.19726089714977,1000
pht,-50.15645790989203,65.84354209010797,1000
kqk,-33.941373722395504,47.058626277604496,1000
civ,-68.62516176882437,39.37483823117563,1000
pkp,-49.77012501209305,54.22987498790695,1000
aai,-21.082217934791654,31.917782065208346,1000
yxi,-63.12814568318502,3.871854316814982,1000
onw,-87.04602541055455,74.95397458944545,1000
kws,-33.20820807830201,67.79179192169799,1000
fhz,-33.029395650609125,75.97060434939088,1000
ygb,-97.74164196551534,4.258358034484662,1000
dbe,-78.72630511477867,36.273694885221325,1000
ukb,-59.41409235627476,51.58590764372524,1000
cnd,-76.11694924788168,53.88305075211832,1000
jze,-46.39325419943822,51.60674580056178,1000
mxo,-10.001714296103867,80.99828570389613,1000
aho,-70.31869569444078,69.68130430555922,1000
zio,-52.68682668928597,42.31317331071403,1000
nof,-90.61443040481866,7.385569595181331,1000
qyt,-28.988185482856796,48.01181451714321,1000
dxl,-53.90356927594157,51.09643072405843,1000
stl,-4.133050693215591,84.8669493067844,1000
kgk,-78.36903183228505,21.630968167714954,1000
csm,-0.27493910230314145,62.725060897696856,1000
lez,-63.25335565262254,74.74664434737747,1000
tuz,-53.14792892234076,80.85207107765925,1000
bvb,-52.85124630559878,17.148753694401222,1000
swb,-87.28523698819765,17.714763011802344,1000
cif,-63.56562383030897,58.43437616969103,1000
uva,-71.75291392600988,65.24708607399012,1000
odz,-42.27396732632118,90.72603267367882,1000
mdd,-60.9280017002193,77.0719982997807,1000
ldd,-43.852968322183486,3.1470316778165146,1000
qmv,-90.19420951790934,58.80579048209065,1000
jyn,-51.755772065122414,95.24422793487759,1000
gnc,-11.988847649054035,82.01115235094596,1000
nbt,-25.785931645538295,8.214068354461705,1000
ovo,-86.33993185748227,96.66006814251773,1000
yxy,-38.273017660752494,85.72698233924751,1000
ljz,-63.78183599343615,70.21816400656385,1000
gtx,-79.56490001737508,34.43509998262492,1000
awg,-26.186102409914167,92.81389759008583,1000
kqz,-93.68789059879134,36.312109401208666,1000
lxc,-58.36343286652134,68.63656713347865,1000
eym,-71.46471182387903,63.53528817612097,1000
fnu,-55.83763053998503,17.162369460014972,1000
akl,-67.24049534212487,74.75950465787513,1000
ytu,-11.114203721206648,9.885796278793352,1000
xdc,-8.971080823478797,52.0289191765212,1000
yfz,-41.27634226084982,10.723657739150179,1000
ckb,-32.615213681958984,66.38478631804101,1000
nxx,-72.36202330772912,95.63797669227088,1000
utn,-2.2605470130052674,55.739452986994735,1000
rsw,-41.19914767440881,72.80085232559118,1000
wcv,-32.26283844055829,31.73716155944171,1000
foh,-40.34281506517781,84.65718493482218,1000
fhx,-82.2832472022007,24.7167527977993,1000
nlt,-9.024332804900338,92.97566719509966,1000
mfw,-44.303680825049824,13.696319174950174,1000
pvb,-46.14425392316016,11.85574607683984,1000
yml,-81.40873911527977,62.59126088472022,1000
dbg,-92.47936518199253,96.52063481800747,1000
rup,-31.023104339663448,85.97689566033655,1000
udb,-37.16940598197638,15.830594018023618,1000
fer,-90.01853584684739,23.981464153152608,1000
rem,-19.318342360159125,9.681657639840875,1000
ywl,-43.47839438344184,15.521605616558164,1000
hps,-76.59475033718304,6.405249662816952,1000
ced,-59.7408826894754,62.2591173105246,1000
lvq,-74.79106130348433,60.20893869651567,1000
phx,-16.516989476380807,52.48301052361919,1000
ebz,-39.278148487686906,4.721851512313092,1000
epe,-47.89074062969464,95.10925937030535,1000
hiz,-75.1169344482027,34.8830655517973,1000
jki,-30.64432282520863,72.35567717479137,1000
jhq,-77.48324280388178,98.51675719611822,1000
zqq,-50.95566487816354,42.04433512183646,1000
hyu,-39.604274331204635,69.39572566879536,1000
qji,-56.028217511135,97.971782488865,1000
nuq,-45.72757986374121,56.27242013625879,1000
hwp,-1.9618771557413557,5.038122844258644,1000
ewa,-75.04637393635102,6.9536260636489855,1000
zaa,-4.43518288714258,15.564817112857419,1000
bak,-11.122143319216184,64.87785668078382,1000
yby,-82.6156083398735,77.3843916601265,1000
ezo,-75.35085846321229,69.64914153678771,1000
zyw,-40.40315577797503,39.59684422202497,1000
vxj,-11.721893637693224,69.27810636230677,1000
git,-44.439150877386226,97.56084912261377,1000
kxu,-0.4473680471232131,18.552631952876787,1000
ozm,-23.785540284075207,54.21445971592479,1000
mjn,-60.47304752134712,6.526952478652882,1000
pes,-53.611023915127504,39.388976084872496,1000
wqe,-45.7059491472333,41.2940508527667,1000
koa,-3.1855751555636593,19.814424844436342,1000
cuv,-97.15156916562357,95.84843083437643,1000
jos,-72.30614534965757,54.69385465034242,1000
wzn,-95.01557407635154,54.98442592364846,1000
ned,-35.713095501996904,2.286904498003093,1000
rkn,-34.308739741343246,22.691260258656754,1000
hpy,-68.6847838106998,58.315216189300195,1000
cgk,-2.0228162767728923,2.9771837232271077,1000
xvs,-93.81646740086747,43.18353259913253,1000
iho,-42.51744858933098,6.4825514106690205,1000
ryb,-41.69658911084406,0.3034108891559426,1000
ynr,-82.1294297334192,9.870570266580792,1000
jnd,-14.160677409057904,23.839322590942096,1000
yir,-66.99256551502717,57.00743448497283,1000
rnf,-3.2865505600523193,66.71344943994768,1000
pqk,0.42691010348444014,42.42691010348444,1000
pia,-30.46250687227366,14.53749312772634,1000
nxh,-87.17846965803888,86.82153034196112,1000
gph,-69.37717514927004,75.62282485072996,1000
txk,-95.87132467277972,10.128675327220279,1000
zfv,-68.38891560728862,13.611084392711382,1000
zav,-5.120562610976732,56.879437389023266,1000
btk,-31.900631241146083,7.099368758853917,1000
boc,-72.74880046850662,35.25119953149338,1000
pkm,-31.62409265743465,54.37590734256535,1000
klv,-57.881130872791445,95.11886912720855,1000
yir,-23.560978122626715,88.43902187737328,1000
viq,-70.03763917710587,60.962360822894134,1000
vwv,-1.941009506170539,0.05899049382946098,1000
xwb,-21.080086428987165,77.91991357101284,1000
xrh,-40.21012155891056,29.78987844108944,1000
gpb,-34.984997865925,0.015002134074997842,1000
elz,-58.26252713687001,72.73747286313,1000
fog,-41.958998794973674,54.041001205026326,1000
tec,-49.38813081771562,16.611869182284376,1000
xic,-69.18355594151332,68.81644405848668,1000
xuy,-57.209153742522034,86.79084625747797,1000
ejl,-73.9534804610771,2.0465195389229005,1000
nwy,-1.838435977427381,8.16156402257262,1000
eun,-89.68918585042395,12.310814149576041,1000
tip,-13.300151600165933,36.69984839983407,1000
acf,-59.04340109736074,64.95659890263926,1000
yux,-78.94598597017593,48.054014029824074,1000
wga,-47.650592022394086,39.349407977605914,1000
kwp,-84.74512929649137,63.25487070350864,1000
zxx,-68.4579485711808,2.542051428819213,1000
kmw,-39.36414287854212,5.6358571214578825,1000
ldx,-14.543220985096477,65.45677901490352,1000
ppu,-18.649227751216895,13.350772248783105,1000
kxf,-19.986384949567483,59.01361505043252,1000
oja,-81.06503904909361,79.93496095090639,1000
iid,-59.00209457460816,45.99790542539184,1000
yer,-39.888959295171944,18.11104070482806,1000
kbo,-29.88371879661466,55.11628120338534,1000
nle,-35.53779765849768,91.46220234150232,1000
slm,-43.579004746644,20.420995253355994,1000
mqn,-77.88481231029763,18.115187689702374,1000
wfj,-62.10529643875794,81.89470356124207,1000
dxv,-55.66738435851615,24.332615641483848,1000
spf,-75.35021313969307,42.64978686030693,1000
sem,-1.4378039351762766,72.56219606482372,1000
tov,-35.33164424850081,11.668355751499194,1000
vsw,-0.30373405017144983,7.69626594982855,1000
xpp,-48.694359532931415,77.30564046706859,1000
ifo,-7.171151897205646,43.82884810279435,1000
epp,-88.27233750170802,30.72766249829197,1000
spa,-65.41339401478973,13.586605985210277,1000
qin,-68.27076726253236,66.72923273746764,1000
njg,-9.17682307292538,96.82317692707461,1000
fcm,-83.36422890832982,11.635771091670184,1000
cjt,-19.947256325137047,27.052743674862953,1000
rke,-73.7431316579603,13.25686834203969,1000
aas,-20.54609127869406,59.453908721305936,1000
hcu,-94.72436652994196,24.27563347005804,1000
nky,-82.37008753961527,0.6299124603847349,1000
elg,-63.03061765151578,40.96938234848422,1000
ddr,-21.295750501189495,60.704249498810505,1000
ddg,-79.09229796847588,15.907702031524126,1000
dbh,-4.753995161996114,52.246004838003884,1000
oyw,-83.86366717784149,86.13633282215851,1000
bvr,-70.40543895031445,35.59456104968556,1000
tmu,-13.315117885178989,61.684882114821015,1000
jzz,-28.6880362181972,33.3119637818028,1000
wwb,-72.66892882617667,48.33107117382334,1000
ruc,-78.93228689854978,51.06771310145022,1000
sxi,-67.3777444646047,49.62225553539529,1000
frl,-86.17548736437105,1.824512635628948,1000
naf,-36.345887880448984,55.654112119551016,1000
upk,-73.33401690393687,93.66598309606313,1000
rup,-82.74042951908574,18.25957048091427,1000
bex,-39.13995291452962,25.860047085470377,1000
naa,-93.401110396911,88.598889603089,1000
vjc,-10.708702688889023,3.291297311110977,1000
dmr,-77.02123396967225,9.978766030327748,1000
usj,-34.182644466682135,2.8173555333178646,1000
ggv,-94.59659840454206,50.403401595457936,1000
fiq,-23.83879586751959,93.1612041324804,1000
ylj,-71.4865437412859,90.5134562587141,1000
qok,-52.21503563917503,24.784964360824976,1000
dnc,-27.712536799080862,39.287463200919134,1000
bfu,-25.38176470725853,80.61823529274147,1000
yma,-61.48136436522284,66.51863563477717,1000
szq,-50.25357738060946,92.74642261939054,1000
bfv,-59.41463526429668,81.58536473570332,1000
gej,-73.71571364533929,30.284286354660704,1000
uby,-29.993775316613316,18.006224683386684,1000
ehz,-35.221350418969564,21.778649581030436,1000
avl,-77.61809704761485,71.38190295238515,1000
aos,-32.394214909927136,13.60578509007286,1000
zpp,-12.021249618336828,8.978750381663172,1000
gce,-34.96396946083096,24.036030539169044,1000
pqu,-51.418700548754714,73.58129945124529,1000
ghn,-19.255873626574555,21.744126373425445,1000
xoi,-16.720144166164015,42.27985583383598,1000
sqq,-80.7949138348872,54.20508616511281,1000
mmb,-1.6554600252999734,45.34453997470003,1000
yxy,-6.22757216891228,91.77242783108773,1000
eri,-83.33497356211475,61.66502643788525,1000
nqa,-33.0286808207875,56.9713191792125,1000
ugx,-29.607788156844318,9.392211843155682,1000
ukp,-77.13893710681086,47.86106289318915,1000
ywj,-78.72215367552599,4.277846324474015,1000
udp,-57.644531669863824,98.35546833013618,1000
cph,-57.41702389338516,76.58297610661484,1000
qph,-6.445502515305172,92.55449748469483,1000
oxd,-44.30077653991941,71.69922346008059,1000
rwr,-19.399079531054312,56.60092046894569,1000
mef,-3.3415822830092874,30.658417716990712,1000
smj,-59.23733403037935,26.76266596962065,1000
qqt,-25.776205273029014,43.223794726970986,1000
cag,-59.03563486508637,46.96436513491363,1000
gse,-19.74894806703794,75.25105193296206,1000
yri,-47.82360295351293,44.17639704648707,1000
soj,-32.017789246328334,74.98221075367167,1000
pez,-88.69273807103964,0.307261928960353,1000
wrm,-29.410493559496324,9.589506440503678,1000
tlo,-71.91473116552119,61.08526883447881,1000
zwu,-22.629530461900064,68.37046953809994,1000
bdn,-67.23078680369096,45.76921319630904,1000
gdd,-62.16743102445312,78.83256897554688,1000
puc,-72.0466437920073,65.9533562079927,1000
mwk,-73.06065300244354,10.939346997556456,1000
cpw,-8.464673536667261,11.535326463332739,1000
lfx,-86.90626393974708,62.09373606025292,1000
zpg,-11.268226941148601,14.731773058851399,1000
reh,-59.37835113277976,79.62164886722023,1000
oml,-34.4536764963189,84.54632350368111,1000
fau,-37.969878431631024,27.03012156836898,1000
wds,-67.92941220323203,55.07058779676796,1000
pxz,-11.775690512386147,96.22430948761385,1000
zzy,-41.21045112747355,21.789548872526456,1000
sgv,-89.67917508478071,10.320824915219283,1000
rvd,-17.075213021155957,50.92478697884405,1000
rqd,-20.76571532548502,62.23428467451498,1000
ccx,-66.90058113140145,73.09941886859855,1000
yto,-8.317500602840607,71.68249939715939,1000
khv,-37.19426323493261,19.805736765067387,1000
tlg,-79.11463034024916,49.88536965975083,1000
dig,-30.361928072133747,69.63807192786625,1000
ekt,-56.17223414749983,27.82776585250017,1000
osy,-63.96446758292897,87.03553241707104,1000
dex,-52.2758037170397,63.7241962829603,1000
hyu,-28.119547016305052,39.880452983694944,1000
ygx,-96.55848176436352,26.441518235636487,1000
lgj,-67.72920155117015,97.27079844882985,1000
git,-10.268944898916352,68.73105510108365,1000
lik,-12.817931599354067,48.18206840064593,1000
eal,-70.15528591037766,34.84471408962235,1000
tnt,-60.382217838517015,23.61778216148298,1000
ala,-56.74975574425704,94.25024425574297,1000
wmp,-97.40230902215296,27.59769097784703,1000
apw,-36.52637778541947,14.473622214580532,1000
abw,-2.1122945884562814,49.88770541154372,1000
pmj,-0.7955338621149834,64.20446613788502,1000
ska,-7.733187137287005,18.266812862712996,1000
vtb,-54.98621660549417,61.01378339450583,1000
grg,-15.71149226483481,85.2885077351652,1000
xbj,-57.642193520420804,7.357806479579193,1000
plj,-1.0521360245495721,92.94786397545043,1000
fpa,-6.222303209528185,27.777696790471815,1000
kna,-30.119444528095457,59.88055547190454,1000
uzv,-33.348112083475925,88.65188791652407,1000
pnc,-20.767086311969155,91.23291368803085,1000
vqb,-79.52054557451018,96.47945442548982,1000
joo,-43.387116687055745,34.612883312944255,1000
sxr,-30.861142976395453,80.13885702360454,1000
etp,-43.23033778149724,3.7696622185027606,1000
vyg,-9.53901488807417,4.4609851119258295,1000
isr,-70.95399367244276,1.0460063275572307,1000
fvr,-69.6560492439884,43.343950756011594,1000
kbu,-37.64489873813298,51.35510126186702,1000
tqq,-26.698458105655913,71.30154189434408,1000
oac,-38.63902936261795,80.36097063738205,1000
ukd,-6.347084864746057,78.65291513525395,1000
cra,-61.80430917724937,85.19569082275062,1000
uzj,-94.12390233356896,37.87609766643104,1000
vre,-71.74347243544055,37.25652756455945,1000
yhm,-34.58345801417446,51.41654198582554,1000
zic,-57.612076896132066,73.38792310386793,1000
ugw,-26.68410765462604,84.31589234537395,1000
vfm,-76.50203456924831,2.4979654307516865,1000
foh,-46.137854114705526,6.8621458852944714,1000
atf,-95.91492355839814,96.08507644160186,1000
vzw,-5.93353223663176,3.0664677633682396,1000
fwt,-32.90324991513282,40.09675008486718,1000
fgg,-67.58482521882819,76.41517478117181,1000
eig,-41.90930560288341,96.0906943971166,1000
yhq,-96.55759862906702,88.44240137093298,1000
zoh,-37.9123269092034,8.087673090796603,1000
axa,-70.35002392888765,98.64997607111235,1000
yyh,-46.24371471698266,86.75628528301735,1000
wyt,-65.52469604868503,96.47530395131497,1000
npb,-24.071998626873395,27.928001373126605,1000
idy,-47.375473475977294,23.62452652402271,1000
izj,-76.95398145484042,25.046018545159583,1000
zwl,-22.491737347507442,91.50826265249256,1000
rvl,-45.026884803963064,67.97311519603694,1000
fpt,-14.995942794287688,69.00405720571231,1000
oxo,-31.843541774734003,42.15645822526599,1000
ykp,-48.12495073882208,90.87504926117792,1000
qzy,-18.049282382428363,21.950717617571637,1000
uvp,-86.71207804382166,47.287921956178344,1000
ucv,-6.375255786694026,65.62474421330597,1000
ykb,-9.273296867491394,26.726703132508607,1000
dgb,-60.13421409550117,35.86578590449883,1000
zio,-22.815095298734906,22.184904701265094,1000
rxz,-43.352890584251746,5.647109415748252,1000
vzo,-69.03813529369123,18.96186470630877,1000
aok,-96.79006230463207,25.20993769536793,1000
olz,-20.26153804858313,81.73846195141687,1000
uhy,-41.47993153530436,13.520068464695642,1000
ixg,-55.64630356331692,37.35369643668308,1000
wyb,-65.56000958358928,49.43999041641072,1000
vrn,-49.917805456277094,6.082194543722906,1000
nay,-3.8724112971293403,73.12758870287065,1000
sye,-41.194880981121294,66.8051190188787,1000
wmh,-60.5505021857906,82.44949781420941,1000
vtf,-16.265346047164627,50.73465395283537,1000
ydp,-84.81056362745488,83.18943637254512,1000
nbg,-48.02185628182762,67.97814371817238,1000
ykf,-48.33055922009481,17.669440779905187,1000
dlx,-80.4922066940519,14.507793305948095,1000
kdw,-22.960244141025548,29.039755858974452,1000
zpy,-83.18335373895442,38.81664626104557,1000
cpn,-22.82957663936607,72.17042336063393,1000
jug,-94.65956694734918,94.34043305265082,1000
pbb,-41.78692235671445,3.2130776432855526,1000
xsk,-32.83561391177645,71.16438608822355,1000
fev,-87.18326730847589,23.816732691524113,1000
hgs,-61.75211233331409,0.2478876666859129,1000
hgu,-11.661619567782266,89.33838043221773,1000
bym,-37.97595968166083,63.02404031833917,1000
rsw,-38.36139537644701,26.638604623552993,1000
wkd,-27.26188632453894,1.7381136754610607,1000
xsg,-31.40829538322531,95.59170461677469,1000
dwe,-53.711370556808305,78.2886294431917,1000
tzu,-91.32675619212554,40.673243807874464,1000
naj,-38.950556300994705,60.049443699005295,1000
qps,-44.38329980631076,9.61670019368924,1000
nid,-51.263828447131644,66.73617155286836,1000
dkg,-71.81212766926541,76.18787233073459,1000
ice,-45.461233080090885,13.538766919909117,1000
run,-69.13275850576449,44.867241494235515,1000
kep,-23.39994554628549,92.6000544537145,1000
lho,-37.60341783570635,20.396582164293644,1000
mvq,-34.373546586692726,71.62645341330727,1000
tzk,-48.8661782605627,7.133821739437305,1000
bzj,-56.46221998619024,97.53778001380975,1000
awj,-36.811743447195894,53.188256552804106,1000
nsz,-7.579673119238427,69.42032688076158,1000
bwu,-86.85708422168825,98.14291577831175,1000
qip,-35.87788475997939,73.1221152400206,1000
azp,-70.52266227660394,42.47733772339606,1000
hjs,-43.2488578927568,79.7511421072432,1000
vpd,-95.69931848057081,18.300681519429187,1000
rgh,-5.894803037531647,6.105196962468353,1000
vkr,-71.98426214932618,36.015737850673816,1000
boe,-5.453318482920814,43.546681517079186,1000
iou,-3.733112747439292,18.266887252560707,1000
cse,-69.292668021262,70.707331978738,1000
rwe,-94.3915255434124,59.6084744565876,1000
pvt,-47.188738244191455,72.81126175580854,1000
xxl,-36.08255112467762,72.91744887532238,1000
xhi,-0.3818505700931426,83.61814942990685,1000
bst,-81.1456179560653,6.854382043934701,1000
loa,-11.347485343328982,69.65251465667102,1000
awk,-72.45035805232637,92.54964194767363,1000
afs,-29.037879604152376,67.96212039584762,1000
hag,-12.336041797565308,14.663958202434692,1000
kqi,-32.7917743630857,39.2082256369143,1000
mhb,-19.63471978391535,82.36528021608466,1000
awk,-20.483066967369925,84.51693303263008,1000
boe,-52.488943750929266,4.5110562490707355,1000
rec,-95.84874933446089,14.151250665539106,1000
kos,-79.59585386510774,45.40414613489226,1000
bjx,-36.532417107931714,14.467582892068288,1000
ejx,-41.473901290614364,54.526098709385636,1000
brp,-15.81767159852072,44.18232840147928,1000
jds,-14.63423703807438,12.36576296192562,1000
aru,-70.92788232717339,68.07211767282661,1000
ztq,-31.631418498364983,93.36858150163502,1000
fpc,-96.75613379105546,19.243866208944535,1000
jog,-77.71730270328513,46.28269729671488,1000
smr,-78.44647732773532,69.55352267226468,1000
chf,-22.088191216861606,88.9118087831384,1000
fmv,-43.61977558510648,80.38022441489352,1000
zhv,-77.00418200028552,32.99581799971448,1000
upd,-14.596904088024324,9.403095911975676,1000
ngd,-92.49847363067882,82.50152636932118,1000
xyy,-5.6284777580979,0.3715222419020998,1000
qrg,-57.18745760745249,37.81254239254751,1000
man,-14.059551830837705,3.940448169162294,1000
ujl,-53.60177621724169,32.39822378275831,1000
kzi,-43.40117556692755,66.59882443307245,1000
rmv,-57.34129708899271,1.6587029110072924,1000
uli,-0.4051940185960158,17.594805981403983,1000
cut,-72.77359952188898,63.226400478111024,1000
ykh,-41.91697555261409,58.08302444738591,1000
pzy,-60.12414433964255,23.875855660357455,1000
yyn,-84.91658374174688,26.083416258253127,1000
exe,-53.355785921387486,31.644214078612517,1000
zjh,-75.6023892851471,75.3976107148529,1000
qbi,-36.98217485982264,95.01782514017735,1000
kor,-83.4937273786784,38.5062726213216,1000
thb,-19.17859242887162,5.821407571128377,1000
pos,-64.29903830664904,14.700961693350969,1000
sln,-69.8953941794369,69.1046058205631,1000
gyf,-60.927476410345776,1.0725235896542253,1000
bld,-21.568475218464766,85.43152478153523,1000
cyv,-9.026697806176546,13.973302193823454,1000
tin,-28.98870437782771,31.01129562217229,1000
sug,-3.6911091414508133,20.308890858549187,1000
xmw,-61.54727306532972,93.45272693467028,1000
svz,-5.199163156129906,71.8008368438701,1000
wkb,-36.910892976689546,25.089107023310454,1000
dnu,-1.7565862301250552,72.24341376987495,1000
hcc,-62.22726123862958,22.77273876137042,1000
bao,-61.75163214657516,23.248367853424842,1000
qki,-74.87081689717348,91.12918310282652,1000
ysy,-24.666860395737935,13.333139604262065,1000
ldl,-81.67967131857078,47.320328681429224,1000
rvf,-57.363430067205186,36.636569932794814,1000
til,-5.848901822531715,88.15109817746828,1000
hut,-96.60325822663401,3.396741773365993,1000
uix,-1.2622956072226925,42.73770439277731,1000
vso,-24.489736228202638,18.510263771797362,1000
gcj,-30.994976311458004,80.005023688542,1000
jlg,-58.695092820865476,50.304907179134524,1000
jmf,-4.492644923436441,8.50735507656356,1000
zlc,-30.292762365353664,92.70723763464633,1000
ghs,-41.16928799263555,85.83071200736444,1000
fyn,-35.54724929987096,67.45275070012904,1000
rfz,-51.11888765183226,15.881112348167738,1000
fcr,-13.573300521543912,35.42669947845609,1000
mtp,-11.712695787712738,7.287304212287262,1000
tbq,-71.18673934572726,6.813260654272743,1000
kov,-87.8642140856857,37.1357859143143,1000
hry,-4.14171332576931,20.85828667423069,1000
vxp,-82.92321013305413,27.076789866945873,1000
mkx,-34.80160155098406,19.19839844901594,1000
nbg,-52.33911500450576,80.66088499549424,1000
