bco,-53.18211496061712,73.81788503938287,100
lfo,-90.49927686738177,97.50072313261823,100
als,-58.46892163157578,26.531078368424218,100
ocr,-75.92807142648505,11.071928573514949,100
vid,-41.632217388539466,75.36778261146053,100
fyu,-71.77187356043535,9.22812643956465,100
gnx,-71.05836089248348,92.94163910751652,100
sbf,-5.616358681482371,4.383641318517629,100
qko,-57.59159876180612,0.40840123819388474,100
cfh,-53.55226756282501,37.44773243717499,100
wlw,-10.156418318962201,96.8435816810378,100
yeq,-30.485462263073508,62.51453773692649,100
usl,-16.869080510503053,51.13091948949695,100
knc,-70.17992835834993,67.82007164165007,100
mnk,-81.75908264524796,98.24091735475204,100
pqb,-52.95087449850062,81.04912550149939,100
cjv,-27.607602036572004,9.392397963427996,100
qfz,-54.29110783678715,38.70889216321285,100
iuw,-57.72947602673245,76.27052397326754,100
pst,0.939001248653627,92.93900124865362,100
pmq,-75.80862937791824,22.19137062208176,100
zsf,-14.504885517975339,77.49511448202466,100
euo,-47.52923591813402,3.4707640818659806,100
bwr,-19.17168960111377,0.8283103988862323,100
coq,-60.556703786138876,52.443296213861124,100
udx,-88.51796068388049,30.482039316119515,100
lqz,-9.130547755223908,28.86945224477609,100
rmw,-30.528005700845988,87.471994299154,100
gzr,-72.00796563911159,16.99203436088841,100
gry,-5.85782307120985,63.14217692879015,100
tbr,-57.1895123387014,20.810487661298602,100
efk,-52.513556615661635,87.48644338433837,100
tou,-42.512988450521675,74.48701154947832,100
rjm,-81.80815038497664,6.191849615023362,100
ijk,-40.984250704183246,36.015749295816754,100
odm,-11.019183924102828,35.980816075897174,100
gqm,-49.888090059531585,79.11190994046841,100
pgw,-52.649295959735355,2.350704040264648,100
yez,-57.85893260741237,84.14106739258763,100
yii,-72.74305928385319,61.25694071614682,100
dwb,-78.94642769367925,6.05357230632074,100
iva,-80.88494887807947,71.11505112192053,100
dws,-65.63702587942966,93.36297412057034,100
bzn,-93.7523445528742,11.247655447125798,100
nks,-54.45972799737799,15.540272002622011,100
xgw,-3.9710665910029115,15.028933408997089,100
fxc,-37.79839162320907,78.20160837679093,100
etn,-60.88238075727605,94.11761924272395,100
xzf,-59.16849150462558,29.83150849537442,100
vea,-24.560880277059137,27.439119722940863,100
bqc,-61.60286812924712,40.39713187075288,100
qgk,-30.57500193688075,43.424998063119254,100
ilc,-68.88729572946876,1.1127042705312356,100
tyx,-92.92526901911086,46.07473098088915,100
qhl,-11.27154637441202,80.72845362558797,100
xgy,-41.75374877483371,26.24625122516629,100
eqm,-2.818633465651662,82.18136653434834,100
gbr,-15.952184432263268,22.04781556773673,100
pob,-31.08904061537103,54.910959384628974,100
acl,-14.755488355196633,74.24451164480337,100
dzl,-79.27998298610065,3.7200170138993496,100
tmo,-52.564677570773014,66.43532242922699,100
lwa,-36.82876341955986,40.17123658044014,100
quw,-91.45698422785729,44.54301577214271,100
zhj,-44.51551226075877,33.48448773924123,100
wug,-38.745128640600456,7.254871359399546,100
nqe,-81.64516917037835,58.35483082962164,100
npl,-50.54026913664085,44.45973086335915,100
gts,-95.0935386640232,59.9064613359768,100
nfu,-54.40866606669856,55.59133393330144,100
jja,-45.06182676272111,9.938173237278889,100
paq,-45.28195196263545,18.718048037364547,100
fau,-79.82872404313196,38.17127595686804,100
upe,-55.36996264397357,94.63003735602643,100
xam,-5.781318927274547,19.218681072725452,100
riz,-55.155896129598034,98.84410387040197,100
zhb,-96.32696756243698,27.673032437563027,100
yui,-65.56189159138839,62.43810840861161,100
sku,-52.699015013669154,22.30098498633085,100
uev,-59.894583809776506,7.105416190223496,100
pvh,-6.585833728444174,13.414166271555827,100
wff,-11.788328561096712,9.211671438903288,100
jlr,-23.64120883249307,40.35879116750693,100
now,-9.3208288077643,74.6791711922357,100
bfo,-12.405768179613233,37.59423182038677,100
bwi,-49.80606935282228,9.193930647177721,100
fec,-16.299130121743573,37.70086987825643,100
qqd,-82.0619607520671,3.9380392479329034,100
jxo,-24.68663879131103,41.313361208688974,100
sbi,-60.043122474441766,75.95687752555824,100
ijl,-54.770273237854326,43.229726762145674,100
vhj,-96.8168786095295,51.18312139047051,100
xdi,-53.18631666775878,1.8136833322412174,100
vmm,-63.244198546146855,61.755801453853145,100
mjh,-24.173181257881758,72.82681874211823,100
nwk,-5.086475807264497,97.91352419273551,100
otn,-59.06462797199872,69.93537202800128,100
msg,-8.968635860672272,52.03136413932773,100
eec,-55.061422454069785,78.93857754593022,100
owh,-76.93144416166596,25.06855583833403,100
iim,-63.2236549423784,55.7763450576216,100
les,-80.88884829538337,54.11115170461664,100
ogv,-42.21245146947281,48.78754853052719,100
hhf,-15.9440695723959,1.0559304276040988,100
vrg,-55.28014678429744,34.71985321570256,100
iih,-57.26078019993597,14.73921980006403,100
ads,-70.94163076405664,35.05836923594337,100
buv,-77.66676382612948,31.33323617387052,100
vmh,-97.15306209062028,72.84693790937972,100
kvw,-70.96990134502168,97.03009865497832,100
uqp,-72.08118833412239,39.91881166587761,100
kgz,-86.40038621870305,11.599613781296954,100
tmr,-60.00401847828702,17.99598152171298,100
ayx,-19.824963179479173,76.17503682052083,100
jiw,-63.05264643180711,39.94735356819289,100
vab,-64.20591016960684,34.79408983039317,100
nhf,-59.64638777661551,4.3536122233844905,100
iuh,-69.05879692466007,78.94120307533993,100
wkq,-1.2585335376800666,50.741466462319934,100
xda,-45.38546719436756,58.61453280563244,100
ama,-2.4984945464681303,95.50150545353188,100
tjz,-32.63633683374186,77.36366316625815,100
ajp,-96.98897412181184,57.011025878188164,100
gud,-94.37872328005508,24.62127671994491,100
azt,-51.61273758231532,52.38726241768468,100
iur,-53.060233687256506,27.939766312743494,100
byi,-97.11879755644253,72.88120244355747,100
lqb,-78.3009541858334,46.69904581416659,100
cnx,-10.854680174435197,16.145319825564805,100
npl,-5.814448478857857,92.18555152114214,100
riq,0.9881677928766608,17.98816779287666,100
bly,-41.14023426611436,80.85976573388564,100
rwe,-33.62391826557726,29.376081734422744,100
ngj,-14.946292354709541,18.05370764529046,100
nzz,-74.99261399128015,76.00738600871985,100
nav,-37.04968776504279,82.95031223495721,100
yhu,-11.175598194499038,91.82440180550097,100
gir,-24.87685737809262,5.123142621907381,100
fcw,-67.70491789362876,17.295082106371236,100
wzj,-59.88901380454468,76.11098619545531,100
xek,-24.847072623341067,81.15292737665894,100
gpd,-58.5288890221386,58.4711109778614,100
bht,-88.7618959527641,10.238104047235899,100
hzj,-58.03510586552776,5.96489413447224,100
vdn,-87.62794099248207,22.372059007517937,100
ghu,-43.26107250942553,9.738927490574468,100
vfd,-82.81167569622701,65.18832430377299,100
hii,-60.166591704619435,3.8334082953805657,100
pqf,-2.031256903099476,72.96874309690052,100
bqg,-47.7580421897483,3.2419578102517006,100
gwv,-31.455665015479052,58.544334984520944,100
jan,-59.20066409572048,16.799335904279523,100
nmi,-82.42323825469013,23.576761745309874,100
dir,-53.43610468777941,29.56389531222059,100
jfv,-3.7051073938149583,63.294892606185044,100
yvw,-83.4389035640579,38.56109643594211,100
jvu,-45.36818340967399,50.63181659032601,100
okb,-90.99349146401647,31.006508535983524,100
bnu,-78.80764118866011,90.19235881133989,100
sby,-64.45374036830974,88.54625963169026,100
xhd,-36.307924613043916,69.69207538695608,100
uzq,-10.36249866203394,35.637501337966064,100
jqz,-34.319324065823814,76.6806759341762,100
hih,-66.66985412815319,24.330145871846813,100
nbo,-56.62045801534602,17.379541984653986,100
snz,0.18886605851046956,16.18886605851047,100
fjc,-40.5421709670132,51.4578290329868,100
vtt,-48.780239353110126,17.21976064688987,100
usj,-16.697995135990844,82.30200486400916,100
pmg,-44.79657621458589,94.2034237854141,100
wes,-57.56364167756539,65.43635832243461,100
mwq,-57.36247845113613,7.637521548863873,100
osf,-96.39232357267275,17.607676427327245,100
ebj,-0.38636244884644466,38.61363755115355,100
iao,-34.15491620321374,35.84508379678626,100
afz,-11.718847402201675,41.281152597798325,100
dyq,-53.93585455530597,49.06414544469403,100
crf,-11.218727424500377,7.781272575499623,100
syw,-19.56430746494069,60.43569253505931,100
ofa,-43.14352485336934,82.85647514663066,100
ekn,-62.474726971312656,53.525273028687344,100
cbm,-19.53398491761439,60.46601508238561,100
txk,-29.68637530177141,42.313624698228594,100
fcl,-89.75553167006368,91.24446832993632,100
wrc,-5.54452762457246,69.45547237542753,100
noj,-96.47328195375712,47.52671804624287,100
oxs,-95.1677640369074,39.8322359630926,100
kis,-46.82366538999776,58.17633461000224,100
una,-39.24064540414533,14.759354595854665,100
nxq,-88.08868332347608,7.91131667652393,100
jxp,-49.62283587028396,19.377164129716043,100
xid,-61.22080583268257,68.77919416731743,100
oen,-16.679672355682605,34.320327644317395,100
hos,-97.16537647688214,88.83462352311786,100
opn,-91.27135952093964,42.72864047906035,100
lnq,-14.898625579429163,83.10137442057083,100
fvi,-91.82667383087676,35.17332616912324,100
ain,-63.034140404018096,5.965859595981903,100
hqg,-29.723427400380125,23.276572599619875,100
bqt,-69.28099570244146,64.71900429755854,100
ftq,-1.3035293173114524,93.69647068268854,100
jqa,-7.778269908535967,39.22173009146403,100
qcm,-5.976611184992698,14.023388815007301,100
pqd,-52.1751080632496,8.824891936750397,100
crz,-28.630687852813203,23.369312147186797,100
dts,-58.129026417578594,18.870973582421406,100
yix,-46.536497001382706,79.4635029986173,100
rdi,-34.49959644793655,7.50040355206345,100
uby,-29.958400368106425,94.04159963189358,100
lnk,-72.32778570312198,33.672214296878025,100
hpg,-77.91651731909512,65.08348268090488,100
sss,-52.48985035825092,76.51014964174908,100
jvj,-43.289742336571045,68.71025766342895,100
msv,-82.95651170359193,57.04348829640808,100
uxh,-70.1938019738673,51.8061980261327,100
ngi,-31.466795959785966,24.533204040214034,100
bmk,-17.95952588644513,41.04047411355487,100
ype,-95.97708301234516,21.022916987654842,100
bfz,-0.9816897520864462,5.018310247913554,100
pds,-67.43484662536424,82.56515337463576,100
net,-90.37651230593538,5.6234876940646155,100
plx,-0.6285611435351041,63.3714388564649,100
org,-49.48465810260997,45.51534189739003,100
ffz,-14.334197765995286,19.665802234004712,100
ouo,-43.3248809496551,93.6751190503449,100
cka,-37.064139537227454,98.93586046277255,100
suh,-43.92604903045214,30.07395096954786,100
nfs,-61.91689828998354,50.08310171001646,100
qxn,-35.09141459230063,91.90858540769938,100
sdv,-35.3225838549408,39.6774161450592,100
xtq,-20.21292734470429,13.78707265529571,100
dpm,-48.808529492865816,91.19147050713418,100
dnl,-0.8206833505710078,75.179316649429,100
xpq,-30.212471639457032,54.78752836054297,100
akg,-54.77753090648553,80.22246909351448,100
can,-85.9125090936687,76.0874909063313,100
wxa,-51.433059218408935,44.566940781591065,100
pgu,-59.67782290968043,86.32217709031957,100
eqq,-24.439245282689782,77.56075471731022,100
szt,-13.23226907302576,30.76773092697424,100
fsv,-60.680439994036945,5.3195600059630515,100
ges,-5.226703152991375,5.773296847008625,100
gcv,-51.1724292723555,12.827570727644495,100
coj,-77.13690945068711,59.863090549312886,100
vga,-65.54423611615391,70.45576388384609,100
far,-73.14729697797003,72.85270302202997,100
vvx,-55.437069492837566,36.562930507162434,100
ugv,-36.16981897560239,5.830181024397608,100
ysa,-30.6495158982408,71.35048410175919,100
lef,-13.302277185486158,46.697722814513845,100
yyh,-37.118938828154825,33.881061171845175,100
lbo,-87.32341933425525,51.676580665744744,100
zmj,-34.7798384819092,75.2201615180908,100
yky,-94.94983978081075,80.05016021918925,100
fee,-79.49978966345421,85.50021033654579,100
uvu,-58.382706939756446,57.617293060243554,100
mbt,-18.691773822240147,28.308226177759853,100
ist,-92.67982899708817,70.32017100291183,100
lbu,-18.712958618908715,64.28704138109129,100
fyn,-33.127013539348255,48.872986460651745,100
gkp,-95.84433920512046,6.1556607948795445,100
uqz,-57.7084805659265,84.29151943407349,100
awh,-64.78231590564924,47.21768409435076,100
qzf,-30.044646611056482,32.95535338894352,100
wky,-37.64748336036766,12.352516639632343,100
pme,-32.49781094148667,82.50218905851334,100
ugv,-28.546997232327296,44.45300276767271,100
xtl,-79.4541152125675,15.545884787432506,100
ptv,-60.58312737233376,26.41687262766624,100
kou,-58.11573163857728,98.88426836142271,100
khi,-84.14548372924064,83.85451627075936,100
cnb,-29.345730005115414,56.65426999488459,100
bkr,-53.00815807684599,4.991841923154014,100
kdn,-60.578766621100755,24.42123337889924,100
wdb,-63.23661889022139,73.7633811097786,100
guw,-22.771585122040484,52.228414877959516,100
jwu,-57.914659155069295,34.085340844930705,100
vlx,-3.6251422759929777,31.374857724007022,100
mie,-88.09991681278126,67.90008318721874,100
efo,-61.3503616001135,98.6496383998865,100
gmb,-1.322796680480137,4.6772033195198635,100
xqs,-67.3134246528398,56.68657534716021,100
rsj,-5.931810299054392,31.068189700945606,100
tot,-44.463671309253726,84.53632869074627,100
wqx,-38.56755138980028,60.43244861019972,100
oao,-56.469603327885196,34.530396672114804,100
fxp,-24.372134649396003,60.627865350604,100
hjy,-69.68051274568481,13.31948725431519,100
mmg,-9.079021483251683,16.920978516748317,100
ywn,-49.76248772324801,75.23751227675199,100
pyq,-21.75883547624242,72.24116452375758,100
phk,-2.310708565140985,66.68929143485902,100
spd,-82.34347093027219,79.65652906972781,100
rlf,-89.56481378966535,34.43518621033465,100
wty,-2.0100242786768074,44.98997572132319,100
nxw,-88.60662173423681,11.393378265763188,100
lbp,-89.19527862715235,57.80472137284765,100
bde,-72.53650308104525,20.46349691895474,100
wxw,-74.52231465675976,60.47768534324024,100
tfe,-90.31935471583901,83.68064528416099,100
vbe,-37.644514754002,20.355485245998,100
ssm,-56.93254521976755,94.06745478023245,100
woi,-73.80332611621327,76.19667388378673,100
mph,-65.82019351968655,93.17980648031345,100
nbt,-18.70961646342046,63.29038353657954,100
iij,-61.830069139717146,74.16993086028286,100
hlg,-1.923612561887155,65.07638743811285,100
bli,-75.64346350565732,71.35653649434268,100
tva,-70.41620615707387,64.58379384292613,100
qzl,-55.521244021981005,64.478755978019,100
vmo,-86.22655614794691,83.77344385205309,100
lbl,-35.88025585169044,56.11974414830956,100
lec,-59.64124706138979,74.35875293861021,100
huh,-15.297770040484947,66.70222995951505,100
owc,-85.12770666760566,7.87229333239433,100
tro,-63.180378632601446,25.819621367398554,100
jdf,-79.72069098602107,63.27930901397893,100
pmp,-93.15699525631649,55.84300474368351,100
phe,-41.296677597768664,69.70332240223134,100
zyw,-26.847354182405063,68.15264581759493,100
gmo,-79.81063189462493,46.18936810537507,100
ovm,-37.83364139084609,18.16635860915391,100
dqk,-45.618533901125545,97.38146609887445,100
khk,-63.985704971314924,3.0142950286850745,100
iyv,-58.547961363924124,71.45203863607587,100
glb,-88.36511312236182,69.63488687763818,100
ndr,-81.09376105908824,81.90623894091176,100
med,-65.3898900469246,39.610109953075394,100
qjv,-19.612743560274776,8.387256439725222,100
ezt,-44.99231761387551,19.007682386124497,100
lux,-45.67547431643859,75.32452568356142,100
jmx,-35.81463231404879,33.18536768595121,100
zzm,-41.217369452889116,1.782630547110883,100
cml,-64.35799137815674,3.6420086218432655,100
gfh,-94.4660861470921,2.533913852907907,100
qve,-69.95685962830645,68.04314037169355,100
rom,-28.50730265651141,72.49269734348859,100
qtp,-59.48155304314651,8.518446956853484,100
rgl,-76.21397021621311,91.78602978378689,100
hrz,-57.8648525490831,29.135147450916897,100
iwm,-95.09234265865325,33.90765734134674,100
xoq,-55.57263370717712,8.427366292822885,100
vmj,-46.459328991413116,15.540671008586882,100
gid,0.8984957497634937,63.89849574976349,100
ltr,-27.350649155033107,44.64935084496689,100
ybg,-42.33407672540239,6.665923274597607,100
xnp,-28.965270023721345,80.03472997627865,100
hoz,-32.63492732561559,6.365072674384411,100
tdr,-39.44707628573535,60.55292371426465,100
dil,-65.25990900769693,20.74009099230306,100
tkf,-28.494559055796422,48.50544094420358,100
cgt,-14.604837128159918,1.3951628718400821,100
nic,-69.59991706919986,92.40008293080014,100
dte,-25.17679426373224,42.82320573626776,100
iwu,-80.83135358724257,2.168646412757428,100
tmi,-40.48727044580392,38.51272955419608,100
gdw,-30.483896730695754,3.5161032693042467,100
coc,-39.539988375984144,62.460011624015856,100
lxv,-87.85684205870348,72.14315794129652,100
ykm,-2.7347241267747515,25.26527587322525,100
alq,-28.418013331734134,18.581986668265866,100
fua,-85.3392266758095,9.6607733241905,100
ahr,-11.926737994069443,97.07326200593056,100
qhx,-57.062657684361675,0.9373423156383219,100
qzc,-68.16817278109463,36.831827218905374,100
kfi,-79.31109275918396,28.688907240816032,100
vpv,-34.9098771771672,75.0901228228328,100
nxt,-26.127015071248117,22.872984928751883,100
hko,-20.81346016855271,41.18653983144729,100
rrz,-4.761119405943459,21.23888059405654,100
hnc,-58.328347316910076,23.67165268308992,100
bfv,-30.223028497082424,59.776971502917576,100
zkb,-73.15281113074244,60.84718886925757,100
mhh,-44.96273432215697,5.0372656778430285,100
fwe,-13.629231238398782,28.37076876160122,100
fwo,-16.136183753763987,69.86381624623601,100
ezo,-10.14088101642856,36.85911898357144,100
azy,-49.25218886528856,40.74781113471144,100
qyz,-32.698221582343784,25.30177841765622,100
dlg,-23.598332536859054,25.401667463140946,100
hzc,-57.11454023417671,15.885459765823292,100
ihh,0.24180081561549527,42.2418008156155,100
nfv,-57.25222985967836,23.74777014032164,100
zui,-65.80881661249248,11.191183387507522,100
yvo,-54.04404391079796,7.955956089202042,100
gfq,-0.5010442234784492,83.49895577652156,100
rdq,-1.2284384933353305,81.77156150666467,100
llb,-79.16754404439965,64.83245595560035,100
rqi,-28.771261827763464,82.22873817223653,100
enk,-28.127909840842303,61.87209015915769,100
rjc,-6.8529414453192015,10.147058554680799,100
suv,-5.254503208919669,31.74549679108033,100
wbk,-64.41775647782696,78.58224352217304,100
yso,-43.8960005128207,61.1039994871793,100
iih,-88.45626451340682,41.543735486593185,100
pfj,-14.50472389886415,25.49527610113585,100
pqp,-52.43308033106737,72.56691966893263,100
pfg,-24.760143773302744,92.23985622669726,100
ijw,-25.564133174186924,1.4358668258130758,100
lxe,-82.95430108918607,72.04569891081393,100
sxp,-70.83520561800393,55.164794381996074,100
umg,-88.85618116537832,6.1438188346216815,100
xxd,-86.85693246031909,54.14306753968091,100
swn,-90.18704645311274,40.81295354688725,100
ceh,-49.42855242184667,82.57144757815333,100
bmw,-53.29314309809053,15.706856901909472,100
qqn,-78.98489779269724,79.01510220730276,100
lqt,-38.647436541856514,25.352563458143482,100
mbw,-39.10126987204627,55.89873012795373,100
tem,-19.512264934977694,1.487735065022306,100
oda,-63.34783255780731,58.65216744219269,100
chv,-3.5402037188109916,89.45979628118901,100
uyb,-64.72990893398432,98.27009106601568,100
opv,-87.03717441217809,22.96282558782191,100
fzh,-48.1937252986917,31.806274701308297,100
sde,-43.55453826583194,93.44546173416806,100
ffi,-25.21683621720784,7.783163782792158,100
iax,-92.52503761590138,0.474962384098621,100
tim,-41.81731121757429,40.18268878242571,100
uqg,-62.367501624648156,90.63249837535184,100
xuh,-57.92462159645127,17.075378403548733,100
ohx,-89.0564245984259,40.943575401574094,100
kjj,-44.74706694313824,49.25293305686176,100
sku,-14.548890998202022,28.451109001797978,100
vxa,-46.89845737054029,19.101542629459708,100
rjv,-47.87677826789384,35.12322173210616,100
srh,-52.2930503743671,87.7069496256329,100
wzf,-87.72498656898796,83.27501343101204,100
irb,-22.0187269818102,82.9812730181898,100
ene,-91.18416673887964,21.815833261120364,100
yat,-52.52932097553642,34.47067902446358,100
sbc,-78.38927407395228,35.610725926047714,100
kkn,-94.46597021877682,9.534029781223188,100
ucx,-28.26362628179922,9.736373718200781,100
jmc,-54.81289479577327,77.18710520422674,100
oaj,-19.421521839736755,15.578478160263245,100
oru,-25.356020559818454,60.643979440181546,100
jbn,-87.95235729973479,54.04764270026521,100
mtw,-63.653931949340596,45.346068050659404,100
rwm,-11.898971343979657,89.10102865602035,100
jtd,-80.0663420308665,24.933657969133503,100
rpw,-38.268963604230564,54.731036395769436,100
kct,-14.023012325096468,72.97698767490353,100
rzy,-59.09921750123217,17.900782498767832,100
zes,-34.013525169187645,85.98647483081236,100
ehu,-31.279727361824765,46.72027263817524,100
tlp,-71.89066936114689,20.109330638853116,100
yya,-49.26073504966623,40.73926495033377,100
tib,-66.83631048245523,13.16368951754477,100
swf,-74.17865521956422,85.82134478043578,100
tfo,-7.514942528481896,28.485057471518104,100
izw,-45.65232292404563,46.34767707595437,100
lwi,-86.46669617562308,92.53330382437692,100
ojf,-35.671933188095046,12.328066811904954,100
qzy,-7.896474331680062,83.10352566831993,100
dkn,-55.21674301070495,3.7832569892950465,100
eto,-4.844392462152232,36.15560753784777,100
uqr,-34.44369933096003,59.55630066903997,100
yjo,-68.54964677044572,11.450353229554281,100
nkf,-96.36980526312797,77.63019473687203,100
org,-44.85226836660213,39.14773163339787,100
wml,-80.65240882544008,19.347591174559916,100
vtw,-89.57880690041169,73.42119309958831,100
wkf,-55.340965687832764,68.65903431216724,100
izh,-31.10095575231259,21.89904424768741,100
ybr,-52.392829200335235,11.607170799664763,100
qxj,-49.09375854048443,82.90624145951557,100
zdy,-95.52614390872927,52.47385609127073,100
ynk,-45.856210155035924,7.143789844964077,100
lto,-79.14441857977504,42.85558142022496,100
uiz,-74.57365819406051,84.42634180593949,100
ctd,-37.99609012246016,7.00390987753984,100
cvc,-10.228293177447009,4.771706822552991,100
acz,-91.05374437266919,2.94625562733081,100
xck,-76.06403427131711,27.935965728682888,100
pdn,-0.6469068406346409,81.35309315936536,100
bao,-33.32255645070697,68.67744354929303,100
uwq,-37.053635319722574,31.946364680277426,100
qnk,-56.16329188013467,68.83670811986532,100
lgi,-73.38144425955244,85.61855574044756,100
kzz,-4.253436171589742,71.74656382841026,100
pcy,-37.249972464713096,11.750027535286906,100
kmx,-30.216322521452884,18.783677478547116,100
sex,-10.322866017525623,85.67713398247437,100
rhp,-96.63575618952248,83.36424381047752,100
tmz,-12.473556490114987,6.526443509885013,100
pby,-72.17398413120058,89.82601586879942,100
one,-38.582979793817174,61.417020206182826,100
wsp,-41.01990944251617,74.98009055748382,100
ryu,-5.496705754625491,38.50329424537451,100
zyy,-59.333746729315955,34.666253270684045,100
cej,-74.81342072017141,15.186579279828589,100
phn,-17.081695376678443,72.91830462332156,100
lcn,-93.0040680834301,70.9959319165699,100
xtx,-64.04945713369759,51.950542866302406,100
miz,-43.24263799580879,42.75736200419121,100
epz,-17.722435252346983,8.277564747653017,100
zik,-91.66821719976875,24.33178280023125,100
tjc,-3.6993760972523577,31.300623902747642,100
qwq,-41.953582106713625,95.04641789328637,100
rcn,-52.645888980494284,73.35411101950571,100
gzr,-43.61534621843598,8.384653781564015,100
uto,-46.16175669343082,59.83824330656918,100
api,-1.9815015302062546,66.01849846979374,100
ptn,-63.882999382343854,21.117000617656146,100
dvp,-44.66386944970046,82.33613055029954,100
roe,-32.43692161430184,67.56307838569816,100
nhp,-20.571205025778855,38.42879497422114,100
kgc,-8.185558045278595,57.8144419547214,100
uev,-18.090058667030018,28.909941332969982,100
gsu,-65.04881081727807,73.95118918272193,100
non,-0.6295757121295585,52.37042428787044,100
ymb,-35.097082312644304,58.902917687355696,100
yxo,-87.23896494941842,41.76103505058159,100
mup,-26.111373376150958,0.8886266238490412,100
vzh,-92.70500684179235,39.294993158207646,100
iln,-60.60026272017809,86.39973727982192,100
byl,-48.53382193350709,65.4661780664929,100
juc,-26.649686646990492,8.350313353009508,100
mlf,-13.396694138041214,5.603305861958787,100
wxn,-21.396991161825905,75.60300883817409,100
umn,-43.9252854722144,6.0747145277856,100
wqw,-44.80790255906483,21.192097440935168,100
onr,-43.52629356258001,82.47370643741999,100
uwm,-53.36027597709375,34.63972402290625,100
lft,-44.0780934318956,34.9219065681044,100
qxr,-56.321081861395314,71.67891813860469,100
lrc,-31.94196087925933,55.05803912074067,100
uwe,-30.115542570149632,51.88445742985037,100
avp,-66.78760895000165,39.21239104999834,100
zdx,-22.641552151972817,38.35844784802718,100
bel,-4.422004739546783,12.577995260453216,100
yqe,-70.95990853500214,49.04009146499786,100
bfp,-24.556719585887414,37.443280414112586,100
tnr,-18.764849963902705,19.235150036097295,100
kcx,-83.372897342311,44.627102657688994,100
ocm,-11.048802166884556,28.951197833115444,100
kzv,-12.544089064426311,11.455910935573689,100
aqx,-53.507984566845394,79.4920154331546,100
dkk,-47.31355259926902,70.68644740073098,100
vfa,-60.10775872604061,37.89224127395939,100
jxp,-77.1079561518305,57.89204384816949,100
qyx,-84.20043360021765,36.79956639978235,100
xif,-80.03560767895219,86.96439232104781,100
lli,-12.171938162855465,33.82806183714453,100
nov,-10.01361800004126,3.98638199995874,100
bka,-9.697886344628438,60.30211365537156,100
tqg,-90.2136405893417,25.786359410658314,100
uvi,-31.8751523208723,25.1248476791277,100
gtr,-72.22745436726055,24.77254563273945,100
qcu,-81.24468187867022,15.755318121329774,100
yhm,-48.57582146682976,81.42417853317023,100
qzy,-39.723681815245456,26.276318184754544,100
hcf,-77.70813108878174,78.29186891121826,100
ewm,-19.35188871359246,66.64811128640754,100
lsw,-42.459775018353255,5.540224981646746,100
xoq,-64.04833022167685,80.95166977832315,100
wjj,-54.77884093550887,17.221159064491133,100
dra,-70.60001745007041,17.399982549929593,100
ynp,-73.65984919932819,47.3401508006718,100
xpu,-37.866121315725614,30.133878684274386,100
sye,-35.579469564180826,56.420530435819174,100
lni,-23.756024655682932,10.243975344317068,100
zcm,-63.064390102120235,7.935609897879763,100
haw,-93.5799048981917,93.4200951018083,100
bqx,-44.913544773291505,98.0864552267085,100
qsu,-32.36834761465849,8.631652385341512,100
iwv,-43.574690593066165,81.42530940693383,100
nax,-1.0397562806762974,58.9602437193237,100
jip,-51.16027539504778,29.839724604952217,100
hnp,-91.86944788383127,70.13055211616873,100
nbr,-63.69156357755639,3.308436422443614,100
mpe,-42.122652692067895,14.877347307932105,100
jym,-52.74317985514844,23.256820144851556,100
uel,-84.50175413928028,18.498245860719713,100
rxj,-81.3479303389681,87.6520696610319,100
jdb,-65.09930278903731,96.90069721096269,100
vvj,-36.61125388510917,98.38874611489082,100
ziq,-66.8941564123393,32.10584358766071,100
fqn,-57.5756422506105,20.4243577493895,100
apv,-74.05226173703542,30.94773826296457,100
fgf,-60.53453845840892,67.46546154159108,100
mec,-27.603465357201284,78.39653464279871,100
kxh,-95.73657092762481,22.263429072375192,100
jlo,-77.56550021372252,17.434499786277485,100
mcz,-5.806556043692274,0.19344395630772548,100
zvw,-63.039926282960806,34.960073717039194,100
exs,-54.87130820046934,7.128691799530656,100
wkk,-3.7865796561614786,21.21342034383852,100
cax,-52.67958290573549,38.32041709426451,100
asl,-19.34243156214768,70.65756843785232,100
lle,-47.518518898544244,84.48148110145576,100
ckg,-7.840634763150132,18.15936523684987,100
hll,-29.647908015958766,57.35209198404124,100
qqa,-52.32561632063485,41.67438367936515,100
how,-93.13487601079486,17.865123989205145,100
xyd,-0.2704867488688475,37.72951325113115,100
bnv,-93.35877290583143,59.64122709416856,100
gnj,-59.10971732395729,74.8902826760427,100
iyq,-85.71496253584452,60.28503746415547,100
ncn,-77.34767959141054,43.65232040858947,100
gif,-19.813455314586022,28.186544685413978,100
qqh,-33.45405326144373,75.54594673855627,100
szv,-47.09214131531803,1.9078586846819716,100
puz,-90.74878642688442,95.25121357311558,100
vti,-36.07778055969942,94.92221944030058,100
peb,-30.30553884428012,46.69446115571988,100
qph,-85.90703527404443,53.09296472595556,100
qxy,-5.178586871193987,36.821413128806014,100
dfl,-90.18228142144699,78.81771857855301,100
mjs,-3.909442212845963,51.09055778715404,100
ikx,-85.8517225381288,45.1482774618712,100
jru,-34.54490870115527,54.45509129884473,100
fwt,-56.10477825899445,46.89522174100555,100
hrk,-33.36665458425702,94.63334541574298,100
zhz,-92.75188462855337,82.24811537144663,100
pdz,-20.231970798813304,49.7680292011867,100
tjc,-24.518295270319594,48.48170472968041,100
thr,-71.93188021167933,87.06811978832067,100
ehq,-93.11025535639325,70.88974464360675,100
jug,-82.00436180637267,10.995638193627325,100
rbt,-36.14061225502681,55.85938774497319,100
qvo,-29.607363489981847,28.392636510018153,100
zcb,-11.451753836671207,66.5482461633288,100
feh,-26.48807620661042,70.51192379338958,100
kmo,-85.7998714718021,36.20012852819789,100
tfy,-8.014800615393115,9.985199384606885,100
nuw,-13.150376474662611,32.84962352533739,100
drb,-52.89181950748648,88.10818049251353,100
dcr,-59.882528814315066,22.117471185684934,100
irn,-93.74937384648378,95.25062615351622,100
ykw,-59.92019366273524,92.07980633726476,100
xwd,-47.553849815329315,98.44615018467069,100
uwt,-91.00905012164118,2.990949878358815,100
zwv,-42.846593599698956,73.15340640030105,100
lae,-57.471913850217554,26.528086149782443,100
ady,-59.3004280793825,7.6995719206174975,100
kee,-54.687320900797175,92.31267909920282,100
nzl,-58.31258089812667,37.68741910187333,100
hgg,-95.66008144513654,43.33991855486346,100
umj,-82.5463044845859,30.4536955154141,100
grq,-69.67430971193453,75.32569028806547,100
obo,-8.793887861105214,72.20611213889478,100
iiz,-65.69833356218076,15.30166643781923,100
xxv,-78.4878759792009,79.5121240207991,100
imj,-92.16841378336302,96.83158621663698,100
hhb,-72.36557224134062,20.634427758659385,100
bak,-58.741849894377076,22.258150105622924,100
npf,-11.92349902577546,56.076500974224544,100
auv,-7.884951081906276,12.115048918093725,100
mfl,-81.5239684451596,62.47603155484041,100
zee,-79.88842450261998,85.11157549738002,100
skk,-66.08587429257275,72.91412570742725,100
pgq,-26.451103054305097,53.548896945694906,100
slm,-18.583958278275844,17.416041721724156,100
wmp,-75.35923180790326,63.64076819209674,100
pcd,-61.944994404561996,53.055005595438004,100
mrp,-19.976799786158853,0.023200213841145678,100
nhf,-10.88763252374802,47.11236747625198,100
plg,-27.940648211906353,45.05935178809365,100
xwp,-89.5522425662907,34.4477574337093,100
xkt,-85.23666444149471,50.7633355585053,100
nig,-58.76730269398477,0.2326973060152302,100
pin,-23.860357022530923,1.1396429774690775,100
pea,-73.48465252074891,80.51534747925109,100
rog,-82.10314690137572,67.89685309862428,100
bzz,-22.735023778504384,56.264976221495616,100
wgy,0.8692715410660965,68.8692715410661,100
apk,-95.41974529449362,80.58025470550638,100
ebm,-74.48037083926913,74.51962916073087,100
zbk,-34.60575338636269,53.39424661363731,100
pzm,-38.1934277708059,16.806572229194103,100
rzc,-34.87714925842473,10.122850741575268,100
aef,-95.38659516586546,61.61340483413455,100
szn,-48.710537584622394,2.2894624153776073,100
ohs,-66.52396416946078,21.476035830539214,100
yzx,-24.301585474747203,73.6984145252528,100
rys,-21.93383088085946,53.06616911914054,100
oxq,-67.11364416611906,6.886355833880946,100
gwo,-44.58950237000935,78.41049762999064,100
hdq,-80.92906867741456,53.07093132258544,100
ary,-55.66065986804089,57.33934013195911,100
kid,-26.09026621561527,14.909733784384729,100
azd,-48.99199532765964,57.00800467234036,100
gmm,-81.57815377716086,55.421846222839136,100
jrh,-63.74170091568697,51.25829908431303,100
mmu,-26.913912201483672,69.08608779851633,100
rjm,-70.8330989619312,22.166901038068804,100
wwd,-89.36667613509552,1.6333238649044888,100
lof,-96.01559833032,1.984401669680002,100
zvn,-31.49948238767992,36.50051761232008,100
bmf,-63.77037626592775,22.229623734072245,100
tml,-37.61992747166332,98.38007252833668,100
rvy,-91.26044270245805,91.73955729754195,100
vho,-20.612661829682274,87.38733817031772,100
soi,-14.518814867497253,44.481185132502745,100
djm,-44.73002168929678,75.26997831070322,100
dyg,-71.89655054791234,43.10344945208766,100
kom,-85.7011647151263,70.2988352848737,100
lsz,-0.42200111106312577,41.577998888936875,100
vdh,-11.127003445818584,91.87299655418141,100
pjk,-18.298615304967274,95.70138469503273,100
bau,-94.04187476208921,91.95812523791079,100
lqc,-31.906541407141464,13.093458592858536,100
icj,-8.93190322283478,85.06809677716522,100
gkg,-89.2048172460272,32.795182753972796,100
mze,0.7656256521622178,62.76562565216222,100
ocw,-1.8772520992249724,5.122747900775027,100
fgc,-12.774091081442508,88.2259089185575,100
txc,-71.89364960515614,32.10635039484386,100
bal,-93.15368717153373,15.846312828466269,100
crd,-76.08003131455354,84.91996868544646,100
uit,-27.176755622320822,84.82324437767917,100
ilu,-57.58434916374461,84.41565083625538,100
dog,-36.837221027972255,6.162778972027747,100
jlr,-85.02267043933801,70.97732956066199,100
tnz,-66.57000580511075,40.42999419488925,100
uks,-97.4780658372642,61.5219341627358,100
kdc,-83.673502021087,47.32649797891299,100
hqk,-35.482152275750515,68.51784772424949,100
stk,-33.2867908674658,15.713209132534203,100
vhp,-90.28373063407211,41.71626936592789,100
kzh,-41.34262530060284,36.65737469939716,100
opg,-7.374138082957885,77.62586191704212,100
kht,-31.55265621585256,72.44734378414744,100
aer,-44.83553967135262,75.16446032864738,100
hqy,-40.16134115543057,59.83865884456943,100
tyv,-18.338163801875215,92.66183619812479,100
ynm,-18.388116545966245,19.611883454033755,100
bxy,-65.27023504081414,81.72976495918586,100
ypb,-87.67537346894336,31.324626531056637,100
odd,-6.178569379900829,81.82143062009916,100
zal,-23.95347479167176,41.04652520832824,100
hyr,-31.826609491824666,61.17339050817533,100
xdz,-52.40354160213364,23.59645839786636,100
uqm,-10.654297992362071,57.345702007637925,100
mfg,-63.38250859083037,87.61749140916963,100
det,-35.25280208834328,17.74719791165672,100
aij,-86.84708870137818,34.15291129862182,100
dxh,-7.951686590287485,0.048313409712514965,100
swc,-67.69452561982787,32.30547438017212,100
wmh,-47.390169541068985,21.609830458931015,100
oeu,-11.333245993005143,26.666754006994857,100
mej,-10.912678125889494,54.08732187411051,100
emr,-36.92771099286576,12.072289007134238,100
uhg,-11.98933086709781,84.0106691329022,100
mbm,-58.56512678950841,23.434873210491585,100
qqk,-31.58266601418046,25.41733398581954,100
rmx,-74.72915428717334,70.27084571282666,100
xlt,-38.4642795606145,96.5357204393855,100
sex,-18.348662641921837,80.65133735807817,100
zyj,-7.263871383643856,94.73612861635614,100
hev,-93.92435424499544,49.07564575500456,100
bwe,-62.78900653325502,42.21099346674498,100
wmj,-34.949776958876875,46.050223041123125,100
rbj,-7.157941764530777,42.842058235469224,100
qdk,-28.625318563766605,19.374681436233395,100
wjf,-35.769005797424086,72.23099420257591,100
dqx,-94.75846946617479,0.24153053382520795,100
msh,-40.33223524349473,11.667764756505271,100
frj,-75.96395195125191,42.03604804874808,100
jvh,-22.196058468462255,11.803941531537744,100
cdz,-41.188214202225105,79.8117857977749,100
cyd,-91.35233777573517,36.64766222426483,100
aie,-79.92089756933179,59.079102430668215,100
ncy,0.2681679635845927,89.26816796358459,100
puu,-81.874664549579,5.125335450421001,100
qnw,-60.80903140015894,11.190968599841057,100
tbd,-56.10181728951489,35.89818271048511,100
eva,-58.62905021541522,81.37094978458478,100
fdk,-67.15053214996212,78.84946785003788,100
tzc,-77.81793894313962,52.18206105686037,100
jwj,-25.50348336915389,61.49651663084611,100
bab,-82.56143853606805,5.438561463931946,100
bfk,-57.86028102209428,73.13971897790572,100
xiz,-60.295778082711955,31.704221917288045,100
ien,-37.519185645284935,37.480814354715065,100
vud,-21.361016966864135,45.638983033135865,100
mor,-7.4100698776571114,17.58993012234289,100
blc,-66.22261668420101,33.777383315798986,100
fml,-17.245842875098404,12.754157124901594,100
uic,-67.98611591631874,1.013884083681257,100
wiz,-1.1351899268929468,30.86481007310705,100
qxv,-95.52574133284523,6.474258667154772,100
nlt,-94.02568806281572,38.974311937184275,100
zgs,-88.92050466300134,80.07949533699866,100
hcv,-77.70600135188906,76.29399864811094,100
bjb,-48.192271353704975,92.80772864629503,100
hfj,-72.5047996079143,76.4952003920857,100
cnj,-14.877739780471533,93.12226021952847,100
yez,-31.5744536363857,20.4255463636143,100
dco,-14.112080741161549,27.88791925883845,100
mkm,-50.8840628753985,88.1159371246015,100
otf,-30.874238379116157,79.12576162088385,100
buc,-88.6560593312922,37.3439406687078,100
ssa,-48.49925043689075,23.500749563109252,100
txm,-66.22278704339381,41.777212956606185,100
pco,-8.207555516551256,35.79244448344875,100
djg,-48.10057069266375,25.89942930733625,100
zze,-85.90864562331993,20.09135437668008,100
kjh,-20.400686980978374,34.59931301902162,100
etv,-89.57438638146672,53.425613618533276,100
rzk,-58.99651390532454,1.0034860946754576,100
ihj,-9.199236055700975,77.80076394429902,100
ewc,-43.74218573313838,47.25781426686162,100
mby,-47.68322958199211,8.316770418007888,100
tax,-18.893800995835722,48.10619900416428,100
hkb,-94.73240960318722,79.26759039681278,100
pmo,-83.25332498092104,94.74667501907896,100
lrn,-27.240096732663083,89.75990326733691,100
wxq,-8.851740016327675,68.14825998367232,100
zpe,-69.68179047100357,77.31820952899643,100
ity,-17.814315058027564,15.185684941972436,100
jbj,-9.976484427310671,77.02351557268933,100
skh,-91.17482967381048,37.82517032618952,100
yot,-5.976683537341174,36.023316462658826,100
vgu,-41.75174358712044,86.24825641287957,100
qiy,-62.52045434990653,63.47954565009347,100
ies,-53.92408735476027,56.07591264523973,100
gkb,-4.7572206284791285,43.242779371520875,100
gir,-81.4372602263252,29.562739773674807,100
mve,-89.12220653218374,46.87779346781626,100
klt,-80.34124880204344,40.65875119795656,100
evk,-40.55824030943981,22.44175969056019,100
epz,-82.39270040038258,38.60729959961742,100
qqd,-7.976439698990398,65.0235603010096,100
exu,-74.02649322070023,32.97350677929977,100
lxk,-22.071350179960948,88.92864982003906,100
lno,-54.805688583410365,14.194311416589635,100
ghb,-90.93451095554646,29.06548904445354,100
lmm,-50.58277831244312,75.41722168755689,100
kdz,-66.33396438847684,51.66603561152316,100
ogv,-80.03052135980293,65.96947864019707,100
jfq,-57.33375390085633,78.66624609914366,100
tdw,-22.18385463966998,52.81614536033002,100
tuw,-68.23495915598696,81.76504084401304,100
kys,-34.03041941475644,86.96958058524356,100
zac,-26.925901734607205,4.074098265392795,100
vtl,-85.10789931067308,43.89210068932692,100
ctx,-4.8348892390594544,44.16511076094054,100
oly,-63.406304571910354,80.59369542808965,100
eug,-15.492422051995215,37.50757794800479,100
gel,-31.338630123500245,13.661369876499753,100
cvn,-68.94949315462357,84.05050684537643,100
qyj,-81.78508827668297,69.21491172331703,100
yfq,-1.0913468533661965,44.9086531466338,100
nyh,-15.468356283370762,84.53164371662923,100
lvj,-34.5993893816114,85.4006106183886,100
tus,-70.62364518849546,67.37635481150454,100
slw,-83.8993327880445,71.1006672119555,100
svu,-76.636463158698,2.363536841301987,100
bzx,-44.740039418487385,63.259960581512615,100
zzh,-44.01451582759718,4.98548417240282,100
mhv,-0.0778041084451151,58.922195891554885,100
rzh,-73.04565420200063,97.95434579799937,100
saz,-83.0528932419614,88.9471067580386,100
rsv,-22.899446904377108,85.1005530956229,100
iqz,-96.04468192481714,83.95531807518286,100
hvw,-29.068377717026046,49.931622282973954,100
hcq,-96.70081791553807,86.29918208446193,100
kji,-76.51725767779952,92.48274232220048,100
hxl,-59.35941823374467,93.64058176625534,100
bmy,-8.867846030098411,88.1321539699016,100
bqk,-41.542500299713375,75.45749970028663,100
rtu,-68.2467160788099,52.7532839211901,100
pug,-30.47157915799867,16.52842084200133,100
yfe,-93.93776551259813,64.06223448740187,100
wwt,-41.15819855935606,5.841801440643941,100
cck,-21.468358070321624,47.53164192967838,100
qab,-10.53632919167229,13.46367080832771,100
qks,-22.460244721202773,96.53975527879723,100
mff,-26.349989797748457,54.65001020225154,100
jqj,-86.88827649269709,22.11172350730292,100
tcr,-24.08712839533136,52.912871604668645,100
wit,-50.588650891511335,78.41134910848866,100
vpx,-0.043396995634290114,13.95660300436571,100
jxz,-49.379890514714845,63.620109485285155,100
yah,0.18225100167180808,60.18225100167181,100
bks,-96.55992964390913,45.440070356090864,100
vne,-33.56465464062728,43.43534535937272,100
yus,-38.42796192713517,56.57203807286483,100
flr,-7.2196686150306055,12.780331384969394,100
hvt,-66.91944526249435,86.08055473750565,100
hzf,-30.730590463618892,1.2694095363811084,100
gqc,-25.557147145870207,94.4428528541298,100
xwu,-35.818475559145725,10.181524440854277,100
lfx,0.806291238919211,0.806291238919211,100
chv,-91.59534624312411,92.40465375687589,100
rwp,-54.32037906879289,95.67962093120711,100
xlq,-23.47558887684194,89.52441112315806,100
pyy,-30.699510712120535,96.30048928787946,100
buw,-18.020566248679366,98.97943375132063,100
eqm,-94.79154419070959,52.20845580929041,100
zmi,-39.5637239473514,92.43627605264861,100
lyc,-20.536317723790326,22.463682276209674,100
yyy,-67.4010560106892,42.5989439893108,100
ymt,-45.247405360859425,11.752594639140577,100
ctu,-50.38433463208565,4.615665367914352,100
ofy,-96.08201881815451,32.9179811818455,100
tyb,-25.160819393035332,45.83918060696467,100
hiw,-55.54195199733091,72.45804800266909,100
ift,-90.25987960866217,83.74012039133783,100
zre,-40.31324595092006,48.68675404907994,100
cdp,-48.686011366618786,87.31398863338121,100
ifz,-91.49427151452842,80.50572848547158,100
yls,-58.04601385148718,25.953986148512815,100
cfw,-65.01819753678583,45.981802463214166,100
ejh,-18.41790072229847,74.58209927770153,100
qte,-59.53385612673628,80.46614387326372,100
fck,-42.18781248324605,34.81218751675395,100
oku,-68.47381567946415,87.52618432053585,100
irz,-53.347821680237644,6.652178319762358,100
cwi,-30.078939738961523,28.921060261038477,100
rie,-57.18801591640023,56.81198408359977,100
rtn,-26.484195662656024,78.51580433734398,100
grq,-91.07981469710553,37.92018530289447,100
veb,-91.58965228458418,98.41034771541582,100
skb,-35.36299113258741,12.637008867412588,100
elb,-88.30602536826768,63.693974631732324,100
aav,-17.171354785332984,23.828645214667016,100
ktl,-28.12779700710895,34.87220299289105,100
sgk,-94.083694348626,47.91630565137401,100
rvw,-86.96638167594733,43.03361832405266,100
slp,-70.54518679098886,67.45481320901114,100
rdk,-32.53542065134444,5.464579348655558,100
pob,-72.62859982697543,38.37140017302457,100
soh,-50.366967822729784,81.63303217727021,100
bws,-42.25629453255117,31.743705467448827,100
rgv,-65.2653016548523,90.7346983451477,100
yze,-1.2405807241353202,47.75941927586468,100
zgc,-68.10461008681897,15.89538991318103,100
kyj,-47.92078802807139,36.07921197192861,100
anq,-15.873140411842014,35.126859588157984,100
gez,-65.83806093008408,65.16193906991592,100
dpg,-56.966083612746516,41.033916387253484,100
jgs,-62.845729100645286,15.154270899354715,100
dcb,-7.5650867877763615,55.43491321222364,100
miu,-31.02562285645826,53.97437714354174,100
ten,-10.655015228683686,55.34498477131631,100
tlv,-48.90228668500934,51.09771331499066,100
hvf,-96.26722529006943,66.73277470993057,100
pig,-25.607915990058096,91.3920840099419,100
wme,-81.2645333542383,1.7354666457617025,100
jcz,-61.292225208991354,23.707774791008646,100
gqb,-82.13004165247118,89.86995834752882,100
rrp,-94.15091971523718,29.84908028476282,100
fbq,-57.254643767244865,79.74535623275513,100
xgj,-67.20551431022834,55.79448568977167,100
dau,-90.68935112552225,67.31064887447775,100
dxo,-66.37674704363866,67.62325295636134,100
jjg,-36.327519161721966,84.67248083827803,100
axs,-89.02391823970333,9.97608176029666,100
vzk,-76.16703625933602,59.832963740663985,100
gmr,-86.2439987653704,49.756001234629586,100
wmc,-30.158222879023317,74.84177712097669,100
ove,-47.80473092951701,26.19526907048299,100
hmk,-84.46227677919718,23.53772322080282,100
mkv,-6.899732271025053,28.100267728974945,100
iqy,-80.33943113906736,45.660568860932635,100
pgl,-63.7704227113281,17.229577288671898,100
hsw,-58.492124913427865,43.507875086572135,100
gdn,-97.9409175400103,23.059082459989696,100
zzv,-4.982257687817429,30.01774231218257,100
bmp,-46.986258423051375,68.01374157694862,100
qkw,-78.35926131155544,5.640738688444554,100
gwq,-17.37403707014545,47.625962929854545,100
emk,-32.624821809170875,3.375178190829123,100
zgp,-14.245982946014983,91.75401705398501,100
mie,-30.962492569278755,68.03750743072125,100
qvg,-36.34321029000381,3.656789709996191,100
ubq,-2.630472992300799,13.369527007699201,100
ynu,-86.26137480402264,8.738625195977365,100
ude,0.6830640907533656,68.68306409075336,100
kkq,-52.677507882429744,97.32249211757025,100
lef,-27.275060420649826,60.72493957935018,100
bbh,-37.68659309833455,72.31340690166545,100
abq,-12.653709349309906,19.346290650690094,100
ayj,-60.71641221965239,79.2835877803476,100
sep,-28.23124433017624,87.76875566982376,100
aqi,-24.016412540713695,10.983587459286305,100
ghd,-5.281299701070542,33.718700298929456,100
txf,-54.143839875177406,41.856160124822594,100
xfd,-22.87463359438122,65.12536640561878,100
yje,-1.7418274861420893,84.25817251385791,100
jml,-49.09728495094827,85.90271504905174,100
fhr,-65.90045190740105,7.099548092598955,100
vqy,-27.618557711039863,33.38144228896014,100
bzc,-56.52834962390334,91.47165037609666,100
jny,-85.38956543058694,14.61043456941306,100
zyr,-16.503304218374932,84.49669578162506,100
geu,-16.046202752022587,24.953797247977413,100
jfq,-4.469047351384001,35.530952648616,100
nep,-80.89535286029306,16.104647139706948,100
xfh,-6.147067536478592,10.852932463521409,100
vjd,-42.109451967839696,33.890548032160304,100
jqf,-46.2619711631717,47.7380288368283,100
vtf,-47.83767822685603,6.162321773143973,100
zfa,-83.56178504163476,92.43821495836524,100
hrk,-62.622397894445754,41.377602105554246,100
xyu,-32.97991001121783,94.02008998878216,100
mkq,-35.731535810283226,64.26846418971678,100
