zxp,-55.29043288970963,90.70956711029038,25
tmw,-55.382057962669215,76.61794203733078,25
owg,0.36307070349463144,82.36307070349463,25
bgo,-13.052612836477074,6.947387163522927,25
pxj,-2.7258169609222556,94.27418303907774,25
keh,-21.771964303518118,83.22803569648188,25
hae,-20.583135949385518,7.416864050614481,25
ztt,-28.185145261046546,69.81485473895346,25
yrd,-82.79068727092782,77.20931272907218,25
aqm,-62.34692498109534,17.65307501890466,25
gof,-47.64770741840613,35.35229258159387,25
stg,-3.8978994851092112,33.102100514890786,25
nlz,-12.098882035996661,80.90111796400333,25
und,-52.03101222434537,96.96898777565463,25
tva,-9.929718361283465,8.070281638716535,25
fox,-19.260464838644584,65.73953516135542,25
gsx,-29.695321901053084,68.30467809894692,25
zbu,-91.12812632468486,36.87187367531514,25
obc,-2.8776031526364845,96.12239684736352,25
hyf,-47.85233127137665,66.14766872862334,25
jkm,-44.03970039447846,39.96029960552154,25
xuz,-17.418429860419085,49.58157013958091,25
bcp,-60.96245575406022,24.037544245939777,25
gix,-35.63095720962141,97.3690427903786,25
hvx,-22.43213892477247,9.567861075227528,25
zii,-18.589660827706115,3.4103391722938836,25
fpk,-70.461398217694,90.538601782306,25
tfw,-75.89645910469125,91.10354089530875,25
jke,-2.0309653774026724,50.96903462259733,25
esr,-87.38580328057154,52.614196719428456,25
ezq,-4.633766714429528,93.36623328557047,25
ggt,-82.32833896787851,49.671661032121484,25
zzw,-79.61770490622058,88.38229509377942,25
pbv,-22.244558754516326,47.755441245483674,25
qig,-75.56937400970654,86.43062599029346,25
nrs,-49.78878129001982,95.21121870998019,25
enm,-4.713559609392512,55.28644039060749,25
wre,-94.30784803462943,3.6921519653705728,25
eay,-89.52541316455968,17.474586835440313,25
cpv,-41.85517209199597,78.14482790800403,25
vnw,-29.263501276827522,39.736498723172474,25
qze,-96.41905464814431,37.58094535185569,25
iis,-46.45156124007342,15.548438759926585,25
pto,-42.28609153032567,15.71390846967433,25
xqo,-78.02190779491931,94.97809220508069,25
len,-88.8758600035961,38.1241399964039,25
rhl,-60.847085640411684,66.15291435958832,25
bks,-96.10016922352231,78.89983077647769,25
trl,-93.25379546889936,96.74620453110064,25
lck,-87.81236130659947,7.187638693400534,25
ggd,-17.103587854692915,62.89641214530708,25
xic,-52.68145606538443,92.31854393461558,25
zmt,-90.43756058692223,78.56243941307777,25
qbr,-23.322605055904152,40.67739494409585,25
isa,-15.932443144618015,20.067556855381987,25
usj,-67.99934915251832,52.00065084748168,25
wwy,-96.59650103251491,42.40349896748509,25
mpd,-72.40489159542828,93.59510840457172,25
cxs,-64.9171818895447,7.0828181104553005,25
rgr,-15.347925782098898,93.6520742179011,25
ozm,-11.327747133678654,38.672252866321344,25
btx,-69.12939300517415,93.87060699482585,25
hnz,-14.110111128759723,71.88988887124027,25
pig,-77.73517390873367,75.26482609126633,25
onm,-25.240930783045336,53.759069216954664,25
pxy,-70.16674354007625,51.833256459923746,25
slh,-25.236546599178237,60.76345340082176,25
lne,-67.83553461176537,75.16446538823463,25
eak,-70.60037594356587,25.39962405643413,25
ntj,-48.21164355527916,74.78835644472083,25
fyu,-19.612877786135215,31.387122213864785,25
tsj,-26.101055110177978,17.898944889822022,25
xzn,-57.1765238906088,80.82347610939121,25
hmi,-16.7899906894119,59.2100093105881,25
clm,-34.336813630796534,23.663186369203462,25
fnt,-61.11456499493017,36.88543500506983,25
wmr,-5.871856630654279,94.12814336934572,25
opz,-29.732470193217143,3.267529806782859,25
wgw,-77.98374951482016,31.016250485179842,25
hnc,-16.87591824010626,9.124081759893741,25
tfw,-67.17880737683157,1.8211926231684263,25
dxc,-95.6475235349901,69.3524764650099,25
evk,-89.7842906145606,60.2157093854394,25
njo,-50.07162502559409,37.92837497440591,25
gbv,-31.661094631896624,66.33890536810337,25
ayg,-91.14164400925367,62.85835599074634,25
kgo,-10.479266807403356,2.520733192596644,25
knu,-0.42186324783898965,48.57813675216101,25
ode,-87.9117597680391,3.0882402319608997,25
wtl,-82.34560050689214,62.65439949310785,25
hxw,-78.96966620052376,46.03033379947623,25
qws,-32.68941854609542,56.31058145390458,25
kxb,-3.156920649895758,2.843079350104242,25
sne,-94.47163121748149,83.52836878251851,25
pfz,-46.763364843324965,44.236635156675035,25
sfb,-70.61362684216947,55.38637315783054,25
rsa,-62.96532300390904,26.03467699609096,25
djv,-25.999264142230462,71.00073585776954,25
beh,-60.45894996346959,55.54105003653041,25
eya,-16.717092348216934,73.28290765178306,25
svq,-0.3325014716942931,75.66749852830571,25
hsi,-28.717916968241955,73.28208303175805,25
bcm,-28.92277813590772,7.077221864092282,25
efv,-38.546062984944655,63.453937015055345,25
far,-2.678317487868841,76.32168251213116,25
vus,-80.60473366472758,1.3952663352724262,25
wpi,-63.8087394192785,96.19126058072149,25
rny,-43.38632317010254,49.61367682989746,25
tga,-22.07954297996151,9.920457020038489,25
xay,-66.55206776896934,86.44793223103066,25
gse,-49.79737629273836,97.20262370726164,25
oxw,-6.69382123344548,63.306178766554524,25
nhp,-81.76012816562722,15.239871834372773,25
dur,-41.7382825329605,8.261717467039503,25
ykx,-35.64584013076331,84.35415986923668,25
hlq,-43.19521135277941,41.80478864722059,25
vkk,-85.19004571473177,14.80995428526823,25
kyl,-56.38861966964817,80.61138033035184,25
jhz,-88.59091988420153,26.40908011579848,25
kdn,-51.93084190860169,88.06915809139831,25
czf,-19.299927752600745,40.700072247399255,25
feb,-4.5465631130725415,39.453436886927456,25
wrd,-46.96110731720986,16.038892682790138,25
hqf,-55.815024556235166,91.18497544376484,25
ujz,-88.28453827241498,23.715461727585023,25
beq,-6.904027082189696,72.0959729178103,25
uyt,-85.26133800409193,81.73866199590807,25
zak,-2.5093213055179358,79.49067869448207,25
vbh,-32.955748574923085,22.044251425076915,25
kib,-42.88963503328457,22.110364966715434,25
eah,-19.645302394487842,80.35469760551216,25
vxn,-37.59634790430241,79.40365209569758,25
piw,-89.93969733321259,69.06030266678741,25
zea,-78.25987505727126,23.74012494272874,25
jtf,-1.9117056515591182,17.088294348440883,25
yuz,-30.956469104246665,69.04353089575334,25
scp,-14.625395021997063,86.37460497800294,25
kuk,-41.945279875829485,46.054720124170515,25
snk,-64.59357404973886,3.4064259502611334,25
dmf,-73.9953508495668,87.0046491504332,25
bvm,-64.7036234841389,89.2963765158611,25
flk,-64.27302710461136,5.726972895388638,25
two,-57.33678509891982,63.66321490108018,25
iry,-6.587898961266101,76.4121010387339,25
kky,-77.8101548002808,78.1898451997192,25
yxm,-45.57937569187715,31.420624308122843,25
dul,-8.759170193777134,11.240829806222866,25
lfz,-2.204783635798335,59.795216364201664,25
jii,-85.91308117378611,40.08691882621389,25
xyn,-12.12773832430703,50.87226167569297,25
bpi,-97.18852631681294,80.81147368318706,25
oag,-43.48500507141966,64.51499492858035,25
jbi,-91.22426544426159,15.77573455573841,25
wke,-86.78956694790655,65.21043305209345,25
ysz,-46.43762854147159,28.562371458528414,25
vgm,-39.68907360567151,21.310926394328487,25
uty,-75.03314927007077,65.96685072992923,25
mup,-15.38328910922378,55.61671089077622,25
gqh,-22.482201535201373,8.517798464798629,25
wny,-39.219360075262095,46.780639924737905,25
bcc,-45.12036620332979,1.8796337966702144,25
gzr,-32.57956438114752,76.42043561885248,25
txr,-63.07748976788814,79.92251023211186,25
kyk,-80.28607860897665,57.71392139102334,25
asr,-90.82979375001958,90.17020624998042,25
gne,-34.255675365726624,45.744324634273376,25
wmk,-89.42897036279223,88.57102963720777,25
cup,-52.336419680841786,74.66358031915821,25
lzg,-90.87536658080091,32.12463341919908,25
jrb,-14.525325116626536,0.47467488337346375,25
qxz,-31.642380974334678,86.35761902566533,25
izs,-34.55363089489546,82.44636910510454,25
ngk,-78.5712646401607,95.4287353598393,25
ril,-79.96513755905313,49.03486244094687,25
bwv,-64.00057097299224,52.99942902700776,25
upq,-93.82408801106799,33.175911988932015,25
kuy,-62.25803439864207,81.74196560135793,25
bgq,-72.20278274689782,74.79721725310218,25
sci,-95.98484719626263,9.015152803737367,25
cmp,-19.577824762896316,80.42217523710369,25
cop,-25.984894929490192,33.015105070509804,25
mdq,-29.830231104872347,22.169768895127653,25
bbs,-82.87990330197233,46.12009669802767,25
zis,-75.32612952871916,57.673870471280836,25
nta,-43.703029481427606,41.296970518572394,25
acg,-7.9359222987952664,32.06407770120473,25
fjf,-70.71952754699115,54.280472453008855,25
jsz,-68.86905188433548,82.13094811566452,25
yzw,-10.232375893131751,10.767624106868249,25
pjf,-83.34156270177468,76.65843729822532,25
zqv,-72.41818906565094,69.58181093434906,25
izn,-86.11469488465093,68.88530511534907,25
eis,-19.968736350584546,58.03126364941545,25
psm,-17.219716231493038,7.78028376850696,25
vut,-52.68333123534217,58.31666876465783,25
wqc,-36.31688137422154,49.68311862577846,25
vfy,-94.08652974205543,26.91347025794457,25
dhh,-71.08721662253049,92.91278337746951,25
bjo,-8.049334428653854,39.95066557134614,25
lfb,-40.31197357058995,8.688026429410051,25
utg,-77.28169155513648,79.71830844486352,25
kof,-70.60782625342706,4.392173746572933,25
bok,-32.46394063915628,58.53605936084372,25
isa,-64.85589646935712,74.14410353064288,25
dyh,-12.055597981174039,53.94440201882596,25
vjo,-84.45803577406915,61.54196422593085,25
dah,-3.7628480663761534,13.237151933623846,25
rak,-61.632973291227465,85.36702670877253,25
hhz,-86.12364395781653,18.87635604218347,25
rer,-20.471335528296756,41.528664471703244,25
swn,-74.11147681469825,41.88852318530175,25
lhk,-82.67835910813555,6.321640891864446,25
xil,-38.64036325165915,29.359636748340847,25
iby,-15.324929641998422,68.67507035800158,25
nin,-54.27629661899801,28.72370338100199,25
msr,-57.07904127466885,68.92095872533115,25
vxo,-67.68635317444327,65.31364682555673,25
bni,-90.50801697442947,34.49198302557053,25
jup,-87.93839264312047,17.06160735687954,25
nqa,-36.08394561023883,65.91605438976117,25
sjh,-46.95486035132063,88.04513964867937,25
dwi,-42.74623233101976,91.25376766898023,25
dma,-5.541639483852304,52.45836051614769,25
tbf,-74.05023418224513,25.94976581775486,25
zel,-58.166033943863205,86.83396605613679,25
joe,-12.498031856841,67.501968143159,25
awl,-37.034640310634046,6.965359689365952,25
bge,-33.96390665707453,89.03609334292547,25
hmu,-25.566111023038296,8.433888976961706,25
cxk,-29.51913320681759,66.48086679318241,25
oca,-49.47627129780511,92.52372870219489,25
npx,-33.719801585423106,50.280198414576894,25
xjg,-67.87413997780095,52.12586002219904,25
whw,-26.063598606779106,25.936401393220894,25
lxp,-48.53518318083023,16.464816819169766,25
wvn,-2.0334083436826864,36.96659165631731,25
chf,-57.07012522920517,63.92987477079483,25
wqg,-48.92166442680366,77.07833557319634,25
waz,-32.28411895385603,10.715881046143972,25
ncr,-52.180546978407115,53.819453021592885,25
zia,-91.67456030058761,60.325439699412385,25
etz,-5.740089067867487,32.25991093213251,25
vbg,-57.87223118295764,86.12776881704235,25
mhs,-46.21100262412739,52.78899737587261,25
bmf,-65.15432199727003,66.84567800272997,25
lnl,-94.07142627599431,4.928573724005686,25
osg,-56.4830312862665,53.5169687137335,25
sre,-94.24438808677024,31.755611913229753,25
pcm,-19.96442592220591,88.0355740777941,25
fru,-53.96291988338875,40.03708011661125,25
sfk,-76.29627129916828,40.70372870083172,25
xgc,-88.20892314720481,37.79107685279518,25
fuw,-57.621027206124225,20.37897279387578,25
gzy,-58.985854227108284,70.01414577289172,25
pak,-4.984272779511248,5.015727220488752,25
wxc,-4.14123327613699,89.85876672386301,25
yqz,-15.967817812593116,34.03218218740688,25
xmg,-19.77023717271315,74.22976282728685,25
dcg,-82.53923429025974,77.46076570974026,25
jmo,-11.620483443354658,21.379516556645342,25
mtq,-17.162820292956656,35.83717970704335,25
ljd,-68.71737364247817,26.28262635752184,25
eqg,-21.384672131667422,19.615327868332578,25
wli,-91.70968389878199,25.290316101218007,25
kvm,-87.71923869642943,20.28076130357058,25
yva,-44.85195764020097,49.14804235979903,25
llt,-50.85608785199703,80.14391214800297,25
hyv,-54.6042941772315,33.3957058227685,25
fmx,-39.222219747091394,25.77778025290861,25
isu,-27.919760271218568,10.080239728781434,25
rdq,-46.74541541837079,10.25458458162921,25
wxf,-90.0359712554836,9.964028744516394,25
vsc,-70.05428026565089,74.94571973434911,25
jgp,-65.68747958219028,91.31252041780972,25
mes,-65.06157398650954,83.93842601349046,25
btr,-24.063959125311047,19.936040874688953,25
fjr,-72.02330469709796,54.976695302902044,25
jlz,-89.295752144434,27.704247855565995,25
mmp,-73.72158692903773,3.278413070962274,25
iks,-86.00529657359577,0.9947034264042265,25
wbo,-42.13633547556993,33.86366452443007,25
fkc,-88.54074348395535,44.45925651604464,25
oae,-41.32234362624998,2.677656373750018,25
tpi,-33.08602646338139,16.913973536618613,25
iub,-21.485975363795728,32.514024636204276,25
mfj,-91.46654142496206,4.533458575037935,25
xln,-67.59746328826014,45.402536711739856,25
lyh,-91.13145437951721,98.86854562048279,25
hdc,-78.70348625945547,35.29651374054453,25
vdu,-47.76870908733485,15.231290912665154,25
fql,-10.745472082033327,6.254527917966673,25
bql,-52.89622955957306,66.10377044042694,25
kde,-36.79339349801561,19.20660650198439,25
cyq,-91.41179033947466,25.588209660525337,25
mwz,-66.21293068722495,39.787069312775046,25
ncb,-86.9408275126153,70.0591724873847,25
jsw,-97.4420285705663,22.5579714294337,25
bin,-37.2702298233086,72.7297701766914,25
eoi,-24.619150615928657,49.38084938407135,25
ipu,-62.64389226046594,64.35610773953405,25
kkj,-75.00727227162406,91.99272772837594,25
puv,-41.10611062736899,38.89388937263101,25
vhs,-95.32743588907579,30.672564110924217,25
rjs,-7.115906740650865,83.88409325934913,25
ski,-40.956754061426054,52.043245938573946,25
sii,-10.737912682958113,54.26208731704189,25
pvw,-90.99067000147357,83.00932999852643,25
rnq,-90.24915881673347,48.75084118326652,25
isv,-20.401064892193368,15.59893510780663,25
xla,-71.97488658978162,49.025113410218374,25
kqg,-24.864963036628986,29.135036963371014,25
jzd,-3.2863012283897346,73.71369877161027,25
sfj,-42.632808542163765,92.36719145783624,25
dmh,-5.990600939141608,64.0093990608584,25
spn,-21.139424808272263,86.86057519172773,25
axm,-27.154164785969915,28.845835214030085,25
uyt,-54.681185895482315,74.31881410451768,25
cxi,-38.9461495339197,31.0538504660803,25
rdo,-97.03396330146914,72.96603669853086,25
xds,-95.03629317371151,77.96370682628849,25
xno,-13.388946710968213,86.61105328903179,25
uwn,-39.106235655123555,98.89376434487644,25
idi,-33.726319437192764,29.273680562807236,25
dge,-16.447923422404745,50.55207657759526,25
kkz,-49.83749855316701,1.1625014468329882,25
qyj,-3.8813149643126392,96.11868503568736,25
jtj,-34.48207272976434,92.51792727023566,25
upe,-13.363682398627093,76.63631760137291,25
zqi,-77.97968719769794,55.02031280230206,25
abl,-52.41435301961435,26.585646980385643,25
ssc,-58.64790942604904,90.35209057395096,25
uhd,-46.91631348378546,59.08368651621454,25
zwf,-87.65392666852384,13.346073331476164,25
bom,-1.6835941858669843,8.316405814133017,25
pzo,-90.79245461179288,24.207545388207123,25
nhr,-53.4609874716283,70.5390125283717,25
tqe,-52.684455261312955,19.31554473868704,25
flj,0.2429890004736539,68.24298900047366,25
bwn,-74.26305087137206,55.73694912862794,25
tpx,-16.952430839707986,76.04756916029201,25
wbq,-55.56929755635443,46.43070244364557,25
apv,-66.10821880425189,77.89178119574811,25
udt,-64.41578993213776,46.584210067862244,25
vxb,-9.918424104165902,57.0815758958341,25
rxa,-76.27705163539487,77.72294836460513,25
hgi,-64.60942917427786,52.390570825722136,25
yzh,-43.07726719165705,60.92273280834295,25
qdm,-58.77499493707177,55.22500506292823,25
jzv,-76.43594156008663,75.56405843991337,25
uvi,-31.798847396439,64.201152603561,25
jaa,-87.69851585018948,88.30148414981052,25
mhw,-48.612860200270354,15.387139799729647,25
mzh,-69.13728226138848,92.86271773861152,25
jto,-55.1692393646131,23.830760635386905,25
dgo,-19.329469674233586,15.670530325766414,25
hmo,-83.02474087227796,21.975259127722037,25
jzf,-46.88854017031257,76.11145982968743,25
twx,-38.70868807674287,2.291311923257136,25
scs,-38.25358228505591,54.74641771494409,25
zld,-76.01494884181999,96.98505115818001,25
otl,-57.76342081448081,33.23657918551919,25
cqx,-49.24093735280607,73.75906264719393,25
rwe,-59.59728627028001,26.402713729719995,25
eqv,-4.157792349690575,83.84220765030942,25
aip,-45.01112111827364,88.98887888172635,25
pqk,-45.28570537624059,36.71429462375941,25
wxn,-40.04817288935013,53.95182711064987,25
tmf,-49.34502907403659,14.654970925963411,25
tdq,-22.51121212851669,42.48878787148331,25
jby,-39.066101361143645,61.933898638856355,25
gjd,-0.9994721782942693,16.00052782170573,25
beu,-12.37173567157626,92.62826432842374,25
txr,-13.405501450298926,87.59449854970107,25
kvy,-62.54051943287085,93.45948056712915,25
lxr,-10.472112282909618,85.52788771709038,25
ukw,-43.981292193514,75.018707806486,25
wjk,-83.84840188920063,10.151598110799368,25
bsb,-9.694234140792616,24.305765859207384,25
pso,-47.2027971984255,62.7972028015745,25
rsm,-96.66080946571397,4.339190534286036,25
djf,-65.72672321024935,91.27327678975065,25
xoj,-54.04624577985594,8.95375422014406,25
hil,-64.1971524575674,98.8028475424326,25
nbt,-85.21117210737566,27.788827892624344,25
equ,-88.15927974058356,15.840720259416443,25
jnu,-36.91029593226682,31.089704067733184,25
moy,-63.41962645829034,59.58037354170966,25
zuy,-34.87250776057394,49.12749223942606,25
hwv,-86.76056723157323,18.239432768426767,25
muo,-70.37918686902157,87.62081313097843,25
bdf,-49.59406248690294,63.40593751309706,25
hua,-96.38837502766758,34.61162497233242,25
haz,-35.65744170780701,9.342558292192988,25
ysz,-67.37310075629073,78.62689924370927,25
iot,-51.0621343877301,42.9378656122699,25
cpl,-51.01097317647563,15.989026823524371,25
smd,-52.03020910330709,97.96979089669291,25
bkr,-88.69518253907819,39.304817460921804,25
sdo,-94.37148047843095,45.62851952156904,25
yht,-4.5515338769469675,89.44846612305304,25
lyn,-17.83436192925896,60.16563807074104,25
vnj,-59.62048896102329,29.37951103897671,25
pcz,-23.99175673145809,57.00824326854191,25
igc,-2.6463737564116405,26.35362624358836,25
lre,-17.355725280127608,54.64427471987239,25
tzm,-2.1009530044309734,67.89904699556902,25
gxu,-56.529168410910536,94.47083158908946,25
dmg,-76.3726341909393,64.6273658090607,25
rjy,-8.25866055461436,89.74133944538563,25
vgw,-39.517646958201624,52.482353041798376,25
qsk,-63.061919183660294,47.938080816339706,25
qjb,-73.19813564318831,88.80186435681169,25
zbh,-93.29713584092598,13.702864159074023,25
shf,-96.10783866274943,87.89216133725057,25
ppa,-21.337282138301237,21.662717861698763,25
uho,-62.14660873338339,56.85339126661661,25
fpc,-7.520477957254079,57.47952204274592,25
tdq,-75.94667142048739,59.05332857951261,25
hea,-88.79572429268107,7.204275707318921,25
jqw,-78.79205795823746,18.20794204176253,25
bdx,-3.4090028382677824,74.59099716173222,25
ody,-78.71046472630863,46.28953527369137,25
rpu,-18.40144447888958,24.59855552111042,25
dtr,-30.46916964672573,61.53083035327427,25
enh,-1.7382280327194937,77.26177196728051,25
smg,-48.28707533885691,56.71292466114309,25
bal,-24.23933726572994,11.76066273427006,25
xcg,-88.56927910696022,79.43072089303978,25
jjb,-24.59604511940436,35.40395488059564,25
dyb,-89.86095359793819,25.139046402061815,25
xjm,-76.94834049046956,45.051659509530445,25
vgw,-71.07608768658018,27.923912313419816,25
imy,-33.21066736756947,10.789332632430531,25
pth,-87.5137011805511,85.4862988194489,25
xue,-94.5859077582947,22.41409224170531,25
xkq,-67.26940550331145,11.730594496688553,25
yxd,-50.911232062354394,32.088767937645606,25
qvq,-64.0762573845072,12.923742615492802,25
bkw,-32.28708991428438,14.712910085715619,25
abe,-79.63905427512235,40.36094572487766,25
gfj,-44.60668888591623,64.39331111408377,25
wrr,-36.5484486422342,16.4515513577658,25
tpf,-37.591869502087924,6.408130497912078,25
ien,-18.971199394348574,18.028800605651426,25
fbn,-82.93905637474042,95.06094362525958,25
mcw,-55.72372004058622,43.27627995941378,25
jfd,-89.68408002299785,97.31591997700215,25
dyi,-82.28112515307586,31.718874846924138,25
xfx,-39.03325180693166,21.96674819306834,25
czy,-39.463511128946536,29.536488871053464,25
rbt,-63.99285231371223,25.007147686287777,25
eji,-66.40752582696467,63.59247417303532,25
jnc,-61.04211732367099,43.95788267632901,25
epq,-92.23483956284697,43.765160437153035,25
djf,-13.094051197329826,39.905948802670174,25
scb,-95.64420970407382,29.355790295926187,25
ohf,-9.343200112963194,61.656799887036804,25
zmk,-71.43876123419521,53.56123876580479,25
khp,-24.97628832087251,8.023711679127489,25
yhr,-43.808386721459236,44.191613278540764,25
btk,-10.678941028303225,5.321058971696775,25
dmh,-25.333398987817613,74.66660101218238,25
huf,-71.02135688412677,84.97864311587323,25
woo,-9.161217234915663,14.838782765084337,25
thn,-29.884365711278534,98.11563428872147,25
gjg,-94.0322878923624,16.967712107637595,25
xoy,-95.43658368408738,22.56341631591262,25
sck,-93.84977650622758,14.15022349377242,25
ojo,-71.58552029235426,12.414479707645745,25
sck,-8.369157061355088,11.630842938644912,25
fcp,-79.45477630024511,68.54522369975489,25
vph,-74.2926921174474,95.7073078825526,25
wjy,-5.326869416815918,27.673130583184083,25
itw,-25.118898306589312,52.88110169341069,25
kea,-40.96097155512916,62.03902844487084,25
gjg,-3.347496156778224,3.652503843221776,25
xnu,-45.83958539695608,29.160414603043915,25
seo,-30.524733751266766,68.47526624873323,25
swk,-59.25310830212705,84.74689169787295,25
wty,-34.551839204006306,45.448160795993694,25
lwj,-81.7451323339056,93.2548676660944,25
bal,-57.62982026520567,97.37017973479432,25
ihu,-5.934418961619195,88.0655810383808,25
abx,-39.45395582796428,51.54604417203572,25
ttc,-42.8000048668199,31.199995133180106,25
iyf,-5.036242999820304,36.9637570001797,25
uob,-88.54077189311985,38.45922810688014,25
hly,-56.79273477931319,89.2072652206868,25
kwk,-8.904499842962073,19.095500157037925,25
tag,-54.70460902191375,64.29539097808626,25
mzv,-0.1949335052136265,86.80506649478637,25
zmv,-27.818056350410814,30.181943649589186,25
hzo,-61.1917535825054,49.8082464174946,25
knx,-61.739824637848166,43.260175362151834,25
lcu,-77.39273957050837,77.60726042949163,25
lir,-25.76659620637495,59.23340379362505,25
ryb,-17.387214507212263,26.612785492787737,25
las,-60.373671552668355,70.62632844733164,25
prs,-19.212440586797122,14.787559413202878,25
bxg,-21.746395613030053,52.25360438696995,25
suy,-69.12202555987723,41.87797444012278,25
ork,-84.72161576542976,4.278384234570245,25
qyw,-61.71785366596058,13.282146334039414,25
gcy,-85.53466863921888,6.465331360781126,25
nzv,-49.44407359008513,4.555926409914866,25
ivt,-32.73447801029529,32.26552198970471,25
vfq,-90.22299830088306,3.7770016991169313,25
qtc,-26.103915290028862,92.89608470997113,25
jdp,-93.21926814588252,40.78073185411748,25
ijw,-93.79912649548345,49.200873504516544,25
msm,-1.3177779146037443,78.68222208539626,25
vsl,-75.57007777400905,96.42992222599095,25
all,-90.2793812680697,18.720618731930305,25
wch,-50.90392943887903,1.096070561120968,25
mzo,-41.54531206217417,7.454687937825833,25
mbc,-2.961550247924708,14.038449752075293,25
maw,-94.74853281320469,35.2514671867953,25
oom,-96.42735036608428,41.57264963391572,25
bje,-95.29372775467344,85.70627224532656,25
uox,-97.21178931044028,20.78821068955972,25
phj,-19.487734273147073,10.51226572685293,25
xeq,-64.10169231063716,9.898307689362836,25
qtz,-33.87719672326475,0.12280327673524427,25
rpd,-23.399752102503257,7.600247897496743,25
awo,-4.301034066030519,26.698965933969482,25
qml,-1.9890915452036033,46.01090845479639,25
oin,-1.1150005710040563,7.884999428995943,25
ons,-7.392214692561537,44.60778530743846,25
tqv,-31.14123273339962,98.85876726660038,25
gnf,-6.9866948631992,8.013305136800799,25
efg,-38.02003310311452,50.97996689688548,25
qce,-16.319974392408998,72.680025607591,25
yit,-97.0597200186508,14.940279981349208,25
uzc,-37.69000053253201,76.30999946746799,25
cbl,-78.22891110918027,11.771088890819728,25
qzd,-1.1840535395187861,66.81594646048121,25
adc,-56.09992145999249,59.90007854000751,25
ibw,-67.86890696219669,96.13109303780331,25
duc,-29.78784873407139,30.21215126592861,25
iam,-1.854661840512264,65.14533815948774,25
vhe,-61.25228359777623,86.74771640222377,25
crp,-71.1867494144392,31.813250585560787,25
wpa,-48.15007471330507,5.849925286694931,25
sew,-60.93995157716155,75.06004842283845,25
tpu,-48.468529200264996,15.531470799735004,25
lat,-0.19613005323662125,28.803869946763378,25
lui,-82.92918428012212,20.070815719877885,25
act,-1.3316528884864063,65.6683471115136,25
zvm,-52.34998148902377,45.65001851097623,25
dca,-53.379589624036946,29.620410375963058,25
cmq,-68.31555043211398,54.68444956788602,25
xyg,-10.441732911668325,43.558267088331675,25
ufs,-32.14842659243994,25.851573407560057,25
hyc,-92.92611545284763,53.073884547152375,25
kbh,-63.10633655999525,51.89366344000475,25
ikt,-14.950975370266287,55.049024629733715,25
orh,-87.35196427598294,40.64803572401706,25
rgy,-27.67965012057669,89.32034987942332,25
lfx,-6.946592086670137,76.05340791332986,25
tzl,-60.036481324875176,10.96351867512482,25
kaj,-51.941436222057305,72.0585637779427,25
oza,-36.29410900975891,55.70589099024109,25
ehj,-65.77611190188581,80.22388809811419,25
fzt,-30.78149136977773,30.21850863022227,25
mjp,-78.47771448931285,13.52228551068715,25
opb,-0.9399029909103911,63.06009700908961,25
vvx,-68.39987619426105,84.60012380573895,25
ccv,-1.495859646870508,34.50414035312949,25
npf,-35.3463537565229,33.6536462434771,25
oro,-13.905809578553999,68.094190421446,25
idf,-46.736947083715386,84.26305291628462,25
vum,-12.007063307295105,98.99293669270489,25
thv,-97.23000154286046,52.769998457139536,25
lbm,-69.12711911966673,34.87288088033327,25
eef,-53.58528633724499,85.41471366275502,25
bgm,-8.060461095039521,62.93953890496048,25
bvn,-64.12114553290695,66.87885446709305,25
ikz,-65.0580045271481,12.9419954728519,25
lga,-9.255534926830832,89.74446507316917,25
rxi,-97.23349805957291,6.766501940427093,25
xxe,-34.46897517817146,34.53102482182854,25
koc,-33.5987129690884,50.4012870309116,25
wjd,-56.559701041239315,90.44029895876068,25
veb,-95.7142382838223,12.285761716177703,25
uic,-80.75704484710373,20.24295515289627,25
rgi,-68.48750862185008,37.51249137814992,25
aat,-79.03774377080519,68.96225622919481,25
usi,-78.59742600455914,58.40257399544086,25
dmo,-39.815325055732266,16.18467494426773,25
mhi,-34.036148235547415,22.963851764452585,25
sex,-50.74763624760209,94.25236375239791,25
llh,-35.70602028306639,3.2939797169336105,25
kro,-79.24400852113298,63.75599147886702,25
aqx,-17.316362327342752,12.683637672657248,25
xcw,-82.43384681374003,64.56615318625997,25
qdi,-57.51242961172228,5.487570388277714,25
xve,-69.27314939056097,65.72685060943903,25
chs,-0.043283197847710286,13.95671680215229,25
fpu,-64.93215664829802,64.06784335170198,25
qme,-85.94274176121849,69.05725823878151,25
ymo,-31.41756395446917,19.58243604553083,25
nyp,-36.948809513923486,20.051190486076514,25
qrw,-97.97638846660648,21.023611533393517,25
sgc,-37.05461836746263,68.94538163253738,25
hav,-86.99077565358988,63.009224346410114,25
ovi,-80.02783649252424,28.97216350747576,25
rot,-7.372949056518905,97.6270509434811,25
bmm,-45.60601362410586,32.39398637589414,25
tko,-91.3625411614747,46.637458838525305,25
ozd,-58.878344539316046,75.12165546068395,25
rpk,-53.717808130568265,5.282191869431736,25
vfq,-57.720254645741626,1.279745354258377,25
vea,-72.62638724012244,65.37361275987756,25
ptb,-81.7475741515218,24.2524258484782,25
tyf,-34.696987341867704,94.3030126581323,25
wdn,-41.64795207211378,92.35204792788622,25
hik,-87.0389796179526,36.961020382047394,25
tfw,-46.917126907435375,87.08287309256463,25
kfw,-74.5321892681812,51.4678107318188,25
adx,-30.282529254596085,34.717470745403915,25
foi,-34.73961977993005,8.26038022006995,25
dwo,-73.69643455561881,22.303565444381192,25
suw,-6.753262591820854,77.24673740817914,25
unc,-18.745881269065162,68.25411873093483,25
ojo,-23.112456825504605,75.88754317449539,25
emw,-60.87016932328512,17.129830676714885,25
sdy,-1.3832274730841425,42.61677252691586,25
jps,-51.86087356290252,98.13912643709747,25
isp,-13.132115608475516,76.86788439152448,25
udw,-92.08687679635811,89.91312320364189,25
xxd,-40.558454803700116,25.44154519629988,25
kvr,-5.13202160479324,26.86797839520676,25
mft,-5.120021676647587,95.87997832335242,25
cgb,-91.46581601084455,55.53418398915545,25
imk,0.319047320120327,16.319047320120326,25
dkx,-85.43089368774346,24.56910631225653,25
hjz,-20.361798868579132,43.63820113142087,25
jay,-3.3573972796598035,16.642602720340196,25
pao,-59.18204491450077,10.817955085499225,25
jvi,-28.809661111347598,14.190338888652402,25
qgq,-87.21988936149404,11.780110638505962,25
jvo,-56.41816456744565,62.58183543255435,25
bah,-61.65543069456232,98.34456930543769,25
qxy,-68.0812539227726,50.9187460772274,25
lzq,-36.60328147478561,96.3967185252144,25
fji,-69.21702596543804,45.78297403456196,25
nnq,-1.3200067916175562,86.67999320838244,25
ppx,-68.9109389525078,4.08906104749219,25
dxj,-93.13808011661484,70.86191988338516,25
neu,-43.46194262640296,10.538057373597043,25
ffd,-28.725073816159387,81.27492618384062,25
qeh,-60.43162350052715,44.56837649947285,25
tgd,-54.885481257510335,7.114518742489663,25
uvy,-22.225146185779344,20.774853814220656,25
foa,-96.36766923408081,96.63233076591919,25
mdo,-48.60854787752585,0.39145212247414984,25
qmo,-74.7078820903923,93.2921179096077,25
wcm,-52.817725029278314,44.182274970721686,25
ghc,-22.514464477045962,20.485535522954038,25
lmj,-74.61940862663238,21.380591373367622,25
wft,-54.634055529786124,59.365944470213876,25
vjh,-17.335480129065903,10.664519870934098,25
hjb,0.1579075913394592,83.15790759133947,25
naj,-95.39175207752128,96.60824792247872,25
xac,-20.76837592911389,24.23162407088611,25
cyt,-35.195673518075004,17.804326481925,25
vjq,-2.8397462095106363,44.160253790489364,25
nvm,-34.02114180226876,73.97885819773124,25
sfq,-84.65921079959969,21.3407892004003,25
zke,-20.119059804357104,45.88094019564289,25
ojk,-82.69553903843138,45.30446096156862,25
nwk,-2.034518638713895,94.96548136128611,25
pdt,-76.4158452888748,71.5841547111252,25
sbv,-27.969239534754525,87.03076046524548,25
ckg,-88.85880503813587,5.141194961864125,25
mpu,-2.4573240676477552,42.542675932352246,25
rsm,-4.817973731116963,58.182026268883035,25
rvj,-0.9355580582167434,94.06444194178326,25
zgb,-55.34527823902051,3.6547217609794895,25
nom,-41.395867421881974,61.604132578118026,25
ljv,-67.34541663790316,62.654583362096844,25
lnj,-97.54760161298516,65.45239838701484,25
tzd,-59.58439022777743,95.41560977222257,25
kvc,-85.80330216847338,22.19669783152662,25
tgb,-28.1011246237975,98.8988753762025,25
kvp,-51.613184326049975,98.38681567395003,25
sig,-22.723618214287253,63.27638178571275,25
xxp,-13.708944627631258,36.291055372368746,25
taq,-29.766384059530512,42.23361594046949,25
svv,-95.18858493319598,81.81141506680402,25
lld,-78.0419651757425,36.958034824257496,25
hzp,-32.202631925178764,68.79736807482124,25
iat,-19.971726365959135,15.028273634040865,25
xmr,-25.892672147717384,14.107327852282618,25
mad,-2.21901661284275,67.78098338715725,25
pus,-61.65117825912882,16.348821740871177,25
zar,-28.732193554842517,43.26780644515748,25
xgi,-44.67068276509493,27.329317234905073,25
ykr,-36.55618110518394,49.44381889481606,25
wlk,-43.10918931188639,76.89081068811362,25
dqu,-14.458682904238287,11.541317095761713,25
lke,-69.97730327585279,50.02269672414721,25
vle,-35.44028930593526,63.55971069406474,25
ogu,-61.35566469135789,96.64433530864211,25
dfe,-25.019061604159816,52.980938395840184,25
zno,-49.7399867768474,51.2600132231526,25
vuc,0.42848959552792376,69.42848959552792,25
gwf,-48.058672385395795,67.9413276146042,25
efk,-5.088281057020246,67.91171894297976,25
vqe,-67.62497184289143,95.37502815710857,25
zav,-78.83873284434435,51.16126715565564,25
fkz,-27.355025714629626,24.644974285370374,25
hda,-31.631807328110373,47.368192671889624,25
nci,-7.053232751139113,15.946767248860887,25
pkz,-89.81774130154496,87.18225869845504,25
zfl,-0.8810610588805963,6.118938941119404,25
hhp,0.6885972269830307,12.688597226983031,25
cyw,-28.36928695845131,96.63071304154869,25
dtu,-71.57296527507492,97.42703472492508,25
pbp,-36.83879284943447,41.16120715056553,25
dqk,-51.283385277280956,61.716614722719044,25
gvf,-66.02890521605414,47.97109478394586,25
gem,-86.34059983812875,43.65940016187124,25
xbv,-94.21765402687161,4.782345973128385,25
anh,-85.69927124451766,93.30072875548234,25
ijh,-24.635344107281252,41.364655892718744,25
dxh,-64.1900927115346,75.8099072884654,25
hfi,-49.72256846368044,34.27743153631956,25
vqw,-89.0829418476172,10.917058152382799,25
uem,-84.63366132386192,23.36633867613808,25
hik,-2.598641076696607,72.40135892330339,25
qtb,-36.46479829799005,25.53520170200995,25
ooi,-46.250402913990676,70.74959708600932,25
aep,-18.421042520892776,38.578957479107224,25
uoe,-18.704607026971626,3.295392973028375,25
ucy,-14.858820275386805,4.141179724613195,25
rdx,-63.9571487192325,10.042851280767499,25
jnj,-55.19257906894412,92.80742093105589,25
jne,-64.72277577592881,87.27722422407119,25
dak,-12.6907945825726,37.3092054174274,25
rju,-9.500655898543037,16.499344101456963,25
zzp,-29.255909218531908,84.74409078146809,25
csu,-56.70837215662039,39.29162784337961,25
akz,-40.52493756969624,68.47506243030377,25
nub,-76.65107702095395,14.348922979046055,25
vpd,0.7056296442479896,93.70562964424799,25
hlg,-86.72585155263019,27.274148447369814,25
oxg,-6.4914916622696675,20.508508337730333,25
eiw,-5.247691360467951,54.752308639532046,25
hxz,-44.34693438329806,6.653065616701937,25
gjq,-86.9406243534549,3.0593756465451074,25
voi,-91.92000720726574,28.079992792734252,25
aff,-15.819247010597987,24.180752989402013,25
rde,-97.60669939039717,83.39330060960283,25
nzc,-83.60198704191488,7.398012958085123,25
mhm,-36.85800216865131,48.14199783134869,25
mfp,-49.97443296427028,12.025567035729718,25
hml,-79.34108252682495,97.65891747317505,25
ttv,-33.28591784430563,35.71408215569437,25
jqu,-39.26215130151934,50.73784869848066,25
nau,-89.81759671412858,0.18240328587141152,25
pos,-56.690515666095465,64.30948433390454,25
wvo,-33.43658470704942,70.56341529295058,25
qny,-38.812662029290664,11.18733797070934,25
yij,-53.63998400704828,42.36001599295172,25
hoc,-88.21605327484502,58.783946725154976,25
plr,-76.51243901080788,59.48756098919212,25
irm,-21.21933717388674,81.78066282611326,25
flw,-0.8212101367116195,37.17878986328838,25
zhd,-55.8413368024092,0.15866319759080127,25
ywh,-27.201344136084607,76.79865586391539,25
hvz,-31.212654835875323,26.787345164124677,25
kkm,-33.11504729124722,76.88495270875278,25
wcp,-38.64869936475404,22.35130063524596,25
dhj,-88.38514057090997,94.61485942909003,25
oue,-10.367439100781846,58.632560899218156,25
ncr,-63.362244946838295,50.637755053161705,25
gmk,-25.948272473780126,7.051727526219875,25
ujz,-32.43243630981284,43.56756369018716,25
xyg,-14.858555550017813,76.14144444998219,25
ral,-74.1420233346341,56.8579766653659,25
uea,0.7597626331362873,35.75976263313629,25
vqd,-16.619248239173096,32.380751760826904,25
vyp,-2.321511490497394,65.6784885095026,25
efs,-76.62708640430114,84.37291359569886,25
tsn,-22.76532771584896,70.23467228415105,25
aip,-71.73632827121305,38.263671728786946,25
ieo,-51.6620664146102,87.3379335853898,25
vjn,-84.60503695667222,26.39496304332777,25
sdm,-62.63154515667084,34.36845484332916,25
fnz,-27.226882997284022,73.77311700271598,25
zee,-39.342948413890404,74.6570515861096,25
fyb,-50.78110023967621,17.218899760323787,25
tuj,-77.6489723155483,57.351027684451694,25
nxu,-63.361795709870485,74.63820429012952,25
nlj,-26.97787308335565,32.02212691664435,25
new,-8.723188011765869,42.27681198823413,25
onw,-74.51238956628346,69.48761043371654,25
xcs,-11.217084367668594,88.78291563233141,25
qxt,-36.8811435834747,31.118856416525293,25
gsh,-13.808927433812375,58.19107256618763,25
izg,-28.34037673854786,59.65962326145214,25
kmc,-41.357589058194264,61.642410941805736,25
kzj,-47.1781408549269,23.8218591450731,25
obr,-35.16830879131082,61.83169120868918,25
olx,-88.70336604634545,11.296633953654545,25
bmv,0.02076546940711832,48.02076546940712,25
ril,-1.7275264381558322,42.272473561844166,25
pat,-54.55112078926986,87.44887921073014,25
lau,-49.76257235341114,46.23742764658886,25
zkg,-26.30856899517237,72.69143100482763,25
qpr,-92.79759203274412,6.202407967255877,25
tbo,-14.73520462576214,52.26479537423786,25
thb,-1.3511220576166556,70.64887794238335,25
nnh,-52.14496491842799,22.855035081572012,25
hdb,-50.27196029328442,22.72803970671558,25
tih,-41.49640175994026,68.50359824005973,25
euk,-24.25094292234449,96.74905707765551,25
vbb,-31.685845601041894,34.3141543989581,25
uem,-41.31701824459503,3.682981755404967,25
hgu,-97.0465450925162,53.953454907483795,25
ahv,-0.2637864574233455,93.73621354257665,25
iqk,-55.89762373668585,98.10237626331416,25
ztk,-65.90035261453063,43.099647385469375,25
jhw,-66.54037064524502,36.45962935475498,25
wkt,-61.10727306101023,29.892726938989767,25
byc,-69.16597226756149,61.834027732438514,25
smv,-94.51008639166052,81.48991360833948,25
jzw,-32.577171041354404,61.422828958645596,25
rnp,-77.25357762423107,3.7464223757689235,25
myb,-6.426820688744545,73.57317931125546,25
ycv,-25.0815527234811,57.918447276518904,25
qdm,-52.374684459513986,1.625315540486013,25
lxc,-62.438766142160226,62.561233857839774,25
lju,-92.78564420138426,95.21435579861574,25
yot,-72.93401590576855,15.065984094231458,25
zey,-88.61733959660364,84.38266040339636,25
wja,-0.6416738700892209,18.35832612991078,25
pbt,-73.10754834166309,18.89245165833691,25
xgi,-53.3249291296345,70.6750708703655,25
xvk,-66.18161318461802,81.81838681538198,25
vxq,-55.58717633699768,53.41282366300232,25
cmd,-84.37864823243758,8.621351767562418,25
czs,-3.364585475960295,80.6354145240397,25
yxj,-24.196957799885144,65.80304220011486,25
hup,-56.4751182814996,54.5248817185004,25
mpp,-25.380057118338932,22.619942881661068,25
dir,-72.2964708719236,84.7035291280764,25
svn,-80.0858486187088,26.914151381291205,25
yfs,-50.02876712337505,91.97123287662495,25
ojq,-32.77361679069495,19.226383209305048,25
krg,-78.65634858340064,2.343651416599354,25
zhx,-69.2567104336579,90.7432895663421,25
qgw,-41.33549582100216,76.66450417899784,25
fjy,-29.501953628229025,86.49804637177097,25
yqd,-50.99313956332022,92.00686043667979,25
ulv,-76.45469913590094,34.54530086409906,25
exk,-13.676232867099163,69.32376713290084,25
hfi,-25.91258668242343,92.08741331757656,25
uqy,-36.852830437602734,54.147169562397266,25
ulj,-4.534642135675301,84.4653578643247,25
epm,-91.8350923618997,80.1649076381003,25
rnv,-56.375770357269616,52.624229642730384,25
vvk,-18.610931384530353,88.38906861546965,25
whh,-57.993387193241674,74.00661280675833,25
plc,-24.034885042063888,46.965114957936116,25
izh,-1.294340783476993,33.70565921652301,25
ruc,-81.78054175702951,0.21945824297049643,25
wcd,-78.10733624849878,66.89266375150122,25
fxt,-0.4504771767090744,49.54952282329093,25
qft,-77.98033060258557,55.01966939741443,25
pty,-0.5011281692113526,0.4988718307886474,25
cur,-86.10957309218655,82.89042690781345,25
jyp,-61.656543979459016,39.343456020540984,25
qck,-48.0516556710825,41.9483443289175,25
fvt,-25.72684645109482,0.27315354890518295,25
ylb,-32.97134778133645,88.02865221866355,25
qgw,-88.74857696377998,19.251423036220014,25
lnr,-6.905076195087387,70.09492380491261,25
tiu,-75.73622094221825,58.263779057781754,25
wya,-28.776617181771083,20.223382818228917,25
vge,-0.4975639370339614,32.50243606296604,25
hed,-97.00361628449015,79.99638371550985,25
miq,-55.18919009190732,21.81080990809268,25
eua,-31.529240075224784,70.47075992477522,25
qzj,-11.02388298791157,71.97611701208842,25
gtl,-85.6448457075946,68.3551542924054,25
bvy,-35.08823396034591,84.9117660396541,25
wwv,-87.43413503016568,92.56586496983432,25
nra,-80.35617413550406,95.64382586449594,25
lbi,-85.35216080613472,38.64783919386528,25
afd,-13.732290952072553,80.26770904792744,25
iiv,-54.865697202984435,72.13430279701556,25
kcz,-22.34600909758622,29.65399090241378,25
mia,-36.61360142096806,44.38639857903194,25
kba,-26.05775845461681,44.94224154538319,25
kly,-10.282604330332129,74.71739566966787,25
qxn,-18.696805620315956,62.303194379684044,25
hgw,-29.308258989379965,15.691741010620033,25
mkh,-5.1866123331785055,13.813387666821495,25
cii,-33.21396290319483,67.78603709680516,25
rwt,-11.447844286946037,83.55215571305396,25
csm,-2.2023604548227063,7.797639545177294,25
wjo,-13.34872076552203,49.65127923447797,25
qwu,-89.64988210415434,57.35011789584565,25
exr,-51.34291665927058,96.65708334072941,25
yse,-21.3744871578527,77.6255128421473,25
cyv,-32.02983525384472,4.9701647461552785,25
zuc,-19.195591480264778,61.80440851973522,25
oih,-70.93346795273442,66.06653204726558,25
wil,-74.77524946972895,56.224750530271045,25
vkj,-68.90616331827322,75.09383668172678,25
mor,-39.918381805837676,95.08161819416232,25
tee,-31.947711670432867,60.05228832956713,25
cww,-22.37616391585191,72.62383608414808,25
pel,-86.5198566845845,7.48014331541551,25
hib,-94.36783948393273,7.632160516067278,25
ixi,-33.53185318567091,55.46814681432909,25
scy,-22.90685501655857,21.09314498344143,25
xto,-46.851371284106456,89.14862871589354,25
fcs,-18.450210191467924,52.549789808532076,25
ptf,-88.69681109576324,8.303188904236768,25
pis,-2.3378859707751407,59.66211402922486,25
cbo,-66.57988729299075,29.420112707009256,25
hwm,-93.94635401314152,11.053645986858479,25
lcu,-18.06190740302747,98.93809259697252,25
ahv,-31.11887907607946,54.88112092392054,25
sxv,-34.47013480402243,78.52986519597758,25
nck,-39.24012538742604,56.75987461257396,25
ohv,-2.979853109910951,49.02014689008905,25
rlk,-77.09509436032765,58.90490563967235,25
sgv,-67.88470470435797,37.11529529564203,25
esi,-50.00137563669173,95.99862436330827,25
zse,-5.084463054431645,7.915536945568355,25
esn,-84.17206205004439,91.82793794995561,25
vln,-87.10033389443475,85.89966610556525,25
amb,-34.52808490676518,43.47191509323482,25
uek,-24.82157989026246,44.178420109737544,25
ict,-31.908416062127216,56.091583937872784,25
zhq,-31.544251544151763,38.45574845584824,25
ieh,-69.67764037930738,60.32235962069263,25
lwe,-44.39807041375359,98.60192958624641,25
nqf,-8.136267426446839,88.86373257355316,25
kjv,-77.44921822901051,64.55078177098949,25
odi,-42.39572647535023,45.60427352464977,25
qpp,-15.66429850080564,98.33570149919436,25
gub,-11.811472627218409,62.18852737278159,25
tdi,0.6892959658108486,5.689295965810849,25
vwc,-82.59765584174708,63.402344158252916,25
wzr,-69.97102228753646,52.02897771246354,25
tpc,-34.20231230488751,67.79768769511249,25
xfa,-25.64316266087867,4.35683733912133,25
hzp,-67.80124067600254,69.19875932399746,25
qph,-1.98089605160686,34.01910394839314,25
zsv,-37.81283851307818,50.18716148692182,25
hrf,-91.09960453807521,52.90039546192478,25
dqp,-1.7935451509525193,17.206454849047482,25
rzz,-75.38557334563085,51.614426654369154,25
fkr,-6.823849201022098,82.1761507989779,25
llk,-23.007914205736245,88.99208579426376,25
baj,-92.05881505574948,13.941184944250518,25
ecf,-19.406894620147487,56.59310537985252,25
aft,-78.05706289089635,82.94293710910365,25
mou,-56.907540467402264,37.092459532597736,25
gbc,-7.263562412511206,57.736437587488794,25
ccg,-14.039280781657464,94.96071921834253,25
ahb,-67.48304260141005,68.51695739858995,25
hts,-14.58628878508785,55.41371121491215,25
seg,-46.61394495636132,39.38605504363868,25
isb,-25.015229551729465,13.984770448270533,25
voj,-0.8082680793998067,73.19173192060019,25
usi,-38.26591854956727,55.73408145043273,25
mvd,-89.59699409194056,73.40300590805944,25
hgy,-69.28242099493187,75.71757900506813,25
ruo,-59.63266026647621,43.36733973352379,25
tln,-19.28104626856673,80.71895373143327,25
zhi,-29.10821443213397,8.891785567866028,25
rfu,-95.28425794873667,30.715742051263334,25
qfa,-2.435501435200872,84.56449856479912,25
akd,-74.76806841607466,79.23193158392534,25
osi,-30.85598462302232,80.14401537697768,25
gev,-68.25873547812552,59.741264521874484,25
teg,-53.50195335787774,58.49804664212226,25
xwn,-18.95576919517311,6.0442308048268885,25
wqy,-57.51055311880494,3.489446881195059,25
gnl,-42.68320008607569,94.3167999139243,25
nrj,-41.91180620265378,84.08819379734622,25
nrn,-74.96850729391113,10.031492706088876,25
nop,-48.52125522703827,98.47874477296173,25
qaj,-56.371521065818115,63.628478934181885,25
zts,-72.5107612911848,70.4892387088152,25
vcx,-48.952779263278835,25.047220736721165,25
irn,-44.41551755545658,65.58448244454341,25
rat,-66.35002340147295,40.649976598527054,25
jsn,-21.018621330665244,95.98137866933476,25
eck,-85.76554345543636,85.23445654456364,25
xhi,-31.719330294154492,34.280669705845504,25
ewy,-63.706615516306506,16.29338448369349,25
jvj,-3.676085340363438,65.32391465963656,25
wgd,-95.58765249279458,21.412347507205425,25
kkb,-7.705972218360658,2.2940277816393424,25
