tth,-79.63525673098661,67.36474326901339,25
zxb,-22.647458393938265,95.35254160606173,25
tky,-77.37629867676428,25.62370132323573,25
ant,-22.880219916458856,35.119780083541144,25
gwo,-62.119135267238605,39.880864732761395,25
wpn,-65.65734061554069,90.34265938445931,25
eel,-47.90231860412142,26.09768139587858,25
wza,-80.17112581451428,44.828874185485724,25
mcg,-7.7890537736567635,77.21094622634324,25
kbc,-9.51694878866516,67.48305121133484,25
nbm,-71.38878318691077,7.611216813089228,25
ach,-77.10324934488797,32.89675065511203,25
mtx,-89.41785607623744,63.58214392376256,25
wgx,-93.35461801851791,50.64538198148209,25
tls,-42.04767791760812,20.95232208239188,25
vwy,-38.032891077069344,27.967108922930656,25
pnx,-26.612145262011143,98.38785473798886,25
eyf,-35.53691749200401,79.46308250799599,25
cwn,-41.54356293777613,65.45643706222387,25
ifa,-46.336253669559454,88.66374633044055,25
yjd,-84.94672684612013,81.05327315387987,25
xkr,-86.45573335783108,97.54426664216892,25
yzi,-10.843444250203765,44.15655574979623,25
maf,-64.35042772216414,17.649572277835862,25
iju,-0.6347556012474643,26.365244398752537,25
hth,-92.1661038170075,43.833896182992504,25
bnw,-77.24785244678007,29.752147553219935,25
tir,-57.00943146344101,86.990568536559,25
qjj,0.8176530899356272,65.81765308993563,25
yfk,-6.270044644822146,94.72995535517785,25
uae,-71.35929326161194,93.64070673838806,25
vdm,-62.8425863799478,11.157413620052207,25
wtt,-9.436959003593874,17.563040996406126,25
mkw,-75.86498757190925,37.13501242809075,25
gno,-84.61626990333583,44.38373009666417,25
ymo,-80.49218353849787,13.507816461502125,25
blb,-38.31562092924403,68.68437907075597,25
ohq,-15.877472858651842,46.12252714134816,25
cgc,-85.142941717411,11.857058282588993,25
mrv,-44.895951863618265,68.10404813638173,25
hgk,-42.76006201008589,19.23993798991411,25
vdu,-68.11439290273954,71.88560709726046,25
anh,-78.56536124359485,55.43463875640515,25
kht,0.4622278429574428,94.46222784295745,25
grj,-56.6797525049832,41.3202474950168,25
elh,-78.4380575687672,80.5619424312328,25
tgj,-81.69358267599777,31.30641732400223,25
cuu,-17.50328757686612,67.49671242313387,25
qna,-64.57343002486043,15.426569975139573,25
gcy,-29.014252498540454,78.98574750145954,25
umr,-75.84288393890726,14.157116061092736,25
aqz,-17.877437278347067,36.12256272165293,25
swe,-48.45553871665087,54.54446128334913,25
wyf,-2.726810203242816,71.27318979675718,25
ots,-67.64544340537229,13.354556594627708,25
erd,-97.20574552520608,48.794254474793924,25
lbg,-72.59758369963089,95.40241630036911,25
zrw,-7.490984053424592,49.50901594657541,25
eoq,-50.9515667173229,60.0484332826771,25
iro,-78.53742508696482,54.46257491303518,25
iir,-6.0647202763843495,73.93527972361565,25
bnr,-77.21168047889596,16.788319521104043,25
lwy,-80.19818022742345,87.80181977257655,25
eur,-27.562416485848743,94.43758351415126,25
ywk,-36.482176695345025,74.51782330465497,25
yso,-91.3188047894955,58.68119521050449,25
zui,-49.812189773966104,56.187810226033896,25
uac,-80.67513403092433,6.32486596907567,25
zbt,-84.04730365654572,44.952696343454285,25
prj,-42.386936871621806,92.6130631283782,25
ivi,-12.326636208583665,13.673363791416335,25
itm,-79.55449908456353,92.44550091543647,25
xro,-70.68538085833057,72.31461914166943,25
esf,-70.91471961807804,97.08528038192196,25
blw,0.34935663091394353,19.349356630913945,25
grp,-7.283208176694265,57.71679182330573,25
qix,-20.319661399779065,3.6803386002209346,25
lbr,-13.65825967448443,75.34174032551557,25
cca,-42.37518672862734,20.62481327137266,25
apk,-28.022525176995806,39.977474823004194,25
uto,-77.83520494299073,1.1647950570092775,25
gfa,-69.70248054163748,96.29751945836252,25
qyl,-19.509884854573667,10.490115145426335,25
dop,-38.226438049398254,22.77356195060175,25
zwm,-44.20965888206861,87.79034111793139,25
gfu,-12.461919511038944,79.53808048896106,25
dyi,-38.71811736025387,50.28188263974613,25
udd,-14.625721263051624,35.374278736948376,25
ybn,-73.18347418417662,27.816525815823386,25
lsq,-58.36617931740774,37.63382068259226,25
ism,-2.0233626265568745,22.976637373443126,25
zre,-88.87646578076703,65.12353421923297,25
ifu,-56.9741050675028,42.0258949324972,25
qto,-50.63470801177614,37.36529198822386,25
eeg,-36.56227962497492,65.43772037502508,25
wzr,-23.91156924836143,53.08843075163857,25
hon,-50.79993567341022,72.20006432658978,25
wxy,-89.51368709739778,59.48631290260222,25
wox,-1.5156384544692476,60.48436154553075,25
tvr,-32.48973051882618,52.51026948117382,25
zfu,-86.480154941337,88.519845058663,25
ejn,-59.92676286828932,18.073237131710673,25
ffz,-40.989053075945975,90.01094692405402,25
xcj,-86.2822917967641,77.7177082032359,25
dpf,-22.611765507592946,10.388234492407053,25
sjm,-48.592227334227395,47.407772665772605,25
eiq,-0.08334224556731262,24.916657754432688,25
vxl,-73.75766252241408,32.24233747758592,25
aej,-76.28323895316007,77.71676104683993,25
swg,-29.486568947781446,52.51343105221855,25
yob,-9.234305748566738,21.76569425143326,25
rnh,-51.87860547441533,13.121394525584673,25
onr,-42.533458187822156,67.46654181217784,25
ojp,-51.901120273360604,84.0988797266394,25
uaq,-48.84110495781554,66.15889504218445,25
ikt,-10.001378429973327,33.99862157002667,25
wow,-40.2182112874893,50.7817887125107,25
njl,-25.961616080363957,31.038383919636043,25
jum,-46.3377300033515,41.6622699966485,25
cbv,-34.73699085616572,52.26300914383428,25
bwb,-40.06856713383178,91.93143286616822,25
wgy,-74.8581398018334,57.1418601981666,25
hyo,-72.36450504453646,33.63549495546354,25
hpy,-65.08311716257282,59.916882837427174,25
dmj,-78.82801216792436,50.17198783207564,25
fum,-39.30132771228676,52.69867228771324,25
suw,-60.63305867567363,50.36694132432637,25
gwe,0.6158391552782301,35.61583915527823,25
mbn,-90.20601955518045,9.79398044481956,25
ysh,-73.38537612597722,6.614623874022786,25
txj,-44.657923488911244,98.34207651108875,25
oij,-79.41868701854126,42.58131298145874,25
eoo,-39.02013987940733,29.979860120592672,25
zct,-21.06550281356948,12.934497186430518,25
owr,-64.55868020721846,10.44131979278154,25
vcp,-33.639798971482456,79.36020102851754,25
xxa,-26.12890988028388,2.871090119716118,25
dkp,-46.5219029843044,60.4780970156956,25
qjm,-72.44017870373634,81.55982129626366,25
kyw,-89.90708288663954,30.09291711336046,25
cel,-91.23060280500891,21.769397194991093,25
dkt,-0.6187170771891327,74.38128292281087,25
jug,-47.47708942492916,10.52291057507084,25
rza,-97.5334391499045,13.466560850095501,25
eun,-85.93338530160007,91.06661469839993,25
ndh,-16.904805581474164,71.09519441852584,25
zwf,-30.71988141347222,42.28011858652778,25
svc,-34.622569733546904,78.37743026645309,25
kqq,-31.68079624858189,48.319203751418115,25
fdw,-25.06043455783301,12.939565442166991,25
ggj,-66.54782879254616,50.45217120745384,25
mbi,-79.60405958947912,64.39594041052088,25
xld,-7.695792852011469,30.30420714798853,25
jca,-48.94592302839823,30.054076971601773,25
gkw,-53.77953771580195,33.22046228419805,25
rnq,-74.89004671038522,44.10995328961477,25
kbn,-12.002045929836664,78.99795407016333,25
ndb,-53.42613186272333,28.57386813727667,25
nnf,-76.20132084291376,82.79867915708624,25
lsg,-97.77942822886253,81.22057177113747,25
bif,-93.69060258009918,76.30939741990082,25
vzp,-0.9355711479363983,5.064428852063601,25
kil,-89.49522252696389,80.50477747303611,25
acn,-52.70169778941557,12.29830221058443,25
iwd,-58.50314934771937,56.49685065228063,25
cug,-52.19023776340316,57.80976223659684,25
vrn,-84.15488224681843,70.84511775318157,25
idt,-83.39586046693256,70.60413953306744,25
xbd,-64.362838538891,80.637161461109,25
xwz,-58.64676616722299,26.353233832777008,25
dse,-97.89823181045051,86.10176818954949,25
utl,-64.07734977656247,45.922650223437536,25
ayh,-3.0553693593543843,66.94463064064561,25
uan,-22.501778272550485,87.49822172744952,25
bpt,-17.916370192505223,64.08362980749477,25
fze,-26.215507530509353,96.78449246949064,25
mbn,-89.97455215629319,34.02544784370682,25
gvo,-34.71360093108342,8.286399068916582,25
owk,-1.3677182468762954,5.632281753123705,25
ckx,-46.127934255102566,96.87206574489743,25
eif,-86.44657772613031,75.55342227386969,25
cde,-70.766228908446,50.233771091554,25
mvz,-55.77678052532311,68.2232194746769,25
hlu,-55.46067717188923,40.53932282811077,25
wwz,-30.90854603023993,14.091453969760073,25
rjq,-94.13690822297917,24.863091777020827,25
ogk,-29.514465659996603,42.4855343400034,25
oip,-0.6401270663226212,16.35987293367738,25
pnm,-38.35377242099453,41.64622757900547,25
vcp,-62.84694862753016,88.15305137246983,25
rqc,-48.44373840164196,21.55626159835804,25
gcb,-63.812356128082406,59.187643871917594,25
psg,-27.6682499743904,76.3317500256096,25
jfq,-25.539628600595066,29.460371399404934,25
dvu,-49.7698160168126,48.2301839831874,25
ufj,-74.82450660697816,73.17549339302184,25
hiw,-67.74535772424628,49.254642275753724,25
sqf,-21.396887888123466,43.603112111876534,25
sem,-40.387782500930435,18.61221749906957,25
tvj,-6.414698206614584,93.58530179338541,25
anw,-82.73287387040011,3.2671261295998884,25
sfk,-20.597600904301885,90.40239909569812,25
ksv,-33.98884406680462,39.01115593319538,25
emm,-40.42992123650211,49.57007876349789,25
cww,-76.50865153854586,94.49134846145414,25
vjc,-28.035150534909924,97.96484946509008,25
bjv,-73.94053952465869,2.0594604753413046,25
tlq,-34.13298920544519,67.86701079455482,25
tmm,-26.417936477059136,82.58206352294086,25
fxh,-6.632296259438281,31.36770374056172,25
tau,-51.48827575444637,31.51172424555363,25
skh,-5.514329954714559,62.48567004528544,25
ejw,-58.53680046108829,92.46319953891171,25
hgn,-70.61121505657778,97.38878494342222,25
xjf,-4.405296226946649,56.594703773053354,25
mch,-42.30651702207141,25.693482977928586,25
ogm,-39.66682883707816,10.333171162921841,25
ipq,-72.18446248104196,29.815537518958042,25
rsz,-57.367793740807166,69.63220625919284,25
jdo,-35.310523865329856,67.68947613467014,25
tmi,-51.602002840334386,20.397997159665614,25
umd,-55.65330708555295,33.34669291444705,25
ioa,-33.29082789788796,13.709172102112044,25
cpb,-85.62610770008096,52.373892299919035,25
fhp,-7.658072410881838,17.34192758911816,25
uiz,-54.89366054913785,77.10633945086215,25
sqd,-26.72103734179154,88.27896265820846,25
lko,-89.57673839320795,27.423261606792053,25
qvu,-0.5084446753352854,89.49155532466472,25
jev,-26.528883712156915,60.47111628784308,25
sss,-17.17132396177929,70.8286760382207,25
oub,-0.2422351069160279,90.75776489308397,25
bvt,-15.129637243896557,11.870362756103443,25
png,-84.34848662708305,44.65151337291695,25
lco,-51.3318267022815,49.6681732977185,25
fon,-25.725291158250133,39.27470884174987,25
ifr,-5.663352516426558,55.336647483573444,25
tzz,-53.1020912181366,92.89790878186339,25
wmt,-4.216152725298715,80.78384727470129,25
lmd,-54.341255842445506,66.6587441575545,25
hqx,-47.53486930983596,22.46513069016404,25
hww,-3.603268483304507,65.3967315166955,25
ool,-67.39718766414423,40.60281233585577,25
vzt,0.9136214029064796,28.91362140290648,25
thf,-27.7941164328487,84.2058835671513,25
jih,-10.266869643391257,91.73313035660874,25
jwv,-38.04441455540376,34.95558544459624,25
qsc,0.9283080407141104,18.92830804071411,25
ilr,-13.858026049632533,0.1419739503674663,25
osq,-72.68680789460136,27.31319210539864,25
sgy,-32.1606337792438,24.839366220756194,25
qtx,-50.892878804023105,66.10712119597689,25
zvg,-27.468286908173337,68.53171309182666,25
cpk,-10.061020712287457,76.93897928771254,25
gek,-56.43389638698287,87.56610361301713,25
hzp,-15.893758823870245,61.10624117612976,25
emq,-56.03865965597077,68.96134034402924,25
abk,-52.51937809187354,53.48062190812646,25
dka,-33.759209673275635,30.24079032672437,25
hgk,-28.367481084776227,12.632518915223772,25
cuz,-11.160439941210925,6.8395600587890755,25
wlb,-82.78085372695588,97.21914627304412,25
efz,-11.76634730204329,0.23365269795671129,25
nhi,-19.791171968000352,13.208828031999648,25
fdm,-65.50798768988813,97.49201231011187,25
xqt,-40.52569265017111,58.47430734982889,25
jqs,-66.51981175532502,88.48018824467498,25
wui,-57.22443876645736,43.77556123354264,25
tes,-93.24523054308989,41.75476945691012,25
nkl,-8.351486596364287,18.64851340363571,25
ass,-71.23215671298287,31.767843287017133,25
czp,-77.81736277596468,86.18263722403532,25
abx,-19.576695212916913,41.42330478708308,25
rpi,-50.48426638979196,97.51573361020803,25
lbd,-59.582888138963455,44.417111861036545,25
pfn,-18.898888855758067,8.101111144241932,25
nym,-12.124088491003429,96.87591150899657,25
cze,-76.32278205876402,98.67721794123598,25
xgu,-18.348083223451003,43.651916776549,25
jhg,-25.8827112733935,3.117288726606499,25
fga,-89.12179793628712,10.878202063712871,25
yyg,-96.42343896330614,68.57656103669386,25
yuu,-77.81379578128139,18.186204218718622,25
fsv,-69.0293959693785,15.970604030621494,25
hzi,-78.44104418284564,98.55895581715436,25
dof,-85.67219751372753,21.327802486272475,25
nrh,-43.727281223129594,40.272718776870406,25
rtw,0.6381753279365816,7.638175327936581,25
jzv,-34.09062359716457,34.90937640283543,25
ffh,-51.716138233068456,28.283861766931544,25
irl,-49.306415146525744,19.69358485347426,25
bag,-83.87404864103587,10.12595135896413,25
sue,-47.987486132438946,83.01251386756105,25
oid,-45.572411434908865,41.427588565091135,25
rkr,-50.65475296123565,7.345247038764345,25
del,-6.93942463424776,66.06057536575224,25
klz,-95.81456624501716,8.185433754982844,25
tyf,-52.538167247716,53.461832752284,25
fkb,-19.584541110877158,95.41545888912285,25
niz,-78.09439766045313,43.905602339546874,25
rim,-20.203426434702383,22.796573565297617,25
ace,-26.5695449611067,27.4304550388933,25
mzx,-15.04442712944577,6.955572870554231,25
tju,-24.282119270124518,5.717880729875482,25
dxc,-4.578835339439963,27.421164660560038,25
ipy,-64.44879737709972,7.5512026229002736,25
bav,-12.211760878794454,65.78823912120555,25
dmc,-56.26165963398986,66.73834036601014,25
nog,-32.94080530959797,22.05919469040203,25
tqm,-70.57557240192072,50.424427598079276,25
ppk,-47.8967642756973,68.10323572430269,25
krf,-55.182866108576256,16.81713389142374,25
ned,-39.93952494604598,72.06047505395402,25
cqr,-21.198032819484524,50.801967180515476,25
kiv,-42.84067085657557,5.159329143424426,25
mzs,-31.97728439084636,17.02271560915364,25
ane,-3.0126086340719476,15.987391365928053,25
udj,-0.42020385482358924,0.5797961451764108,25
jlv,-63.92394613812851,54.07605386187149,25
ovg,-1.8967208688233126,41.103279131176684,25
ddi,-80.72155468649132,67.27844531350868,25
qcc,-58.330097798633,16.669902201367,25
bea,-55.9096120881172,18.090387911882797,25
kbe,-42.99226666613652,82.00773333386347,25
opt,-74.60164723265686,56.39835276734314,25
eba,-1.9769927843577162,17.023007215642284,25
sfd,-52.16478788479855,57.83521211520145,25
fek,-72.75865939629385,77.24134060370615,25
lpf,-21.759867517093653,83.24013248290635,25
unv,-30.747371428156967,25.252628571843033,25
eih,-8.269961196692034,91.73003880330796,25
nhr,-15.40984021273584,36.59015978726416,25
fyw,-54.863077536127236,61.136922463872764,25
qde,-92.36342245920123,92.63657754079877,25
mvk,-27.8754683623656,59.124531637634405,25
dzg,-14.930147763968396,97.06985223603161,25
qof,-71.90907126473802,96.09092873526198,25
myd,-29.75206329601802,19.24793670398198,25
cqx,-52.60091265767547,86.39908734232453,25
ttw,-4.093809092766751,75.90619090723325,25
grh,-24.25467416922884,65.74532583077116,25
fcz,-5.946304181585213,49.05369581841479,25
ctb,-65.21271935739627,22.78728064260373,25
ufe,-26.548243828674934,43.451756171325066,25
rhi,-34.5290096628409,9.470990337159103,25
gnv,-7.8925873666994635,8.107412633300536,25
efg,-92.60645563364866,25.39354436635133,25
vwu,-55.27326169423009,87.72673830576991,25
xml,-15.423482075046975,91.57651792495302,25
cdw,-80.8882907562135,41.11170924378651,25
gbt,-0.12783474381302995,63.87216525618697,25
yng,-95.59757181712436,98.40242818287564,25
oed,-30.172851777155632,67.82714822284437,25
wtn,-97.34504584046441,74.65495415953559,25
iea,-4.419996146971258,97.58000385302874,25
qix,-41.52460291713299,96.47539708286702,25
mcf,-73.23922521462066,81.76077478537934,25
mpp,-21.19788133767743,3.8021186623225702,25
asw,-78.17649217168571,45.82350782831429,25
she,-55.91324067728991,50.08675932271009,25
fuw,-85.38702368298866,64.61297631701134,25
hce,-12.354248801688026,67.64575119831197,25
vnf,-41.51641832878636,87.48358167121364,25
zsy,-40.31590808880232,66.68409191119768,25
hef,-93.75207180591595,36.247928194084054,25
qek,-71.09937929284536,83.90062070715464,25
wjl,-59.84333443617916,43.15666556382084,25
msd,-58.50218805040738,7.497811949592617,25
kcm,-30.978328994062394,24.021671005937606,25
kta,-39.79224527052952,26.20775472947048,25
krd,-68.10608791742598,21.89391208257402,25
vhs,-10.54934254715468,48.45065745284532,25
tap,-87.23756854629684,83.76243145370316,25
fys,-67.2856736205236,63.714326379476404,25
qsn,-57.40201072054561,91.59798927945438,25
jtn,-96.39985794260443,66.60014205739557,25
axf,-0.9132819279342703,9.086718072065729,25
vzh,-38.64196643601422,6.358033563985778,25
kki,-26.996156255897287,1.0038437441027135,25
jlp,-7.963251392118092,87.0367486078819,25
hio,-17.9879674377208,42.0120325622792,25
tjw,-19.348199244981075,10.651800755018925,25
cwy,-25.730234493267268,15.269765506732734,25
uar,-51.67412937604699,20.325870623953005,25
tbb,0.9836035145530506,20.98360351455305,25
cym,-24.134023831540734,19.865976168459266,25
tef,-35.68586657279485,60.31413342720515,25
yaw,-12.894669133136077,67.10533086686392,25
azh,0.9854981384021317,43.98549813840213,25
lub,-64.81198622798092,65.18801377201908,25
dco,-58.0461936860864,14.953806313913601,25
onr,-36.05020769120813,68.94979230879187,25
brg,-87.93034074019464,31.069659259805366,25
qdn,-30.91504341858026,29.08495658141974,25
qly,-88.57886771552353,53.42113228447648,25
skc,-94.34669443850383,52.653305561496175,25
mmo,-31.09076803445969,29.90923196554031,25
gpn,-82.60294000282768,40.39705999717233,25
tjo,-22.491505572467805,30.508494427532195,25
ovz,-36.112548168072664,27.887451831927336,25
hau,-33.01597669223851,67.98402330776149,25
jww,-45.052071387604926,42.947928612395074,25
ntd,-31.966431416565268,40.03356858343473,25
dij,-35.18112447486865,0.8188755251313495,25
yde,-37.299407428301556,74.70059257169845,25
odm,-39.4094150506372,20.5905849493628,25
ecw,-63.53989938997867,98.46010061002133,25
osw,-2.5589253882979395,80.44107461170206,25
qcb,-39.3807190983389,4.619280901661101,25
tvn,-2.9109289900676285,48.08907100993237,25
lbg,-30.808870274348553,52.19112972565144,25
ljg,-68.17946524035686,35.820534759643145,25
xgu,-48.031789582541805,38.968210417458195,25
aaz,-74.13456509623491,93.86543490376509,25
lgb,-29.302327324041336,88.69767267595867,25
ewl,-76.23838882757771,92.76161117242229,25
sve,-85.34353967145275,74.65646032854725,25
tbb,-45.55320146199116,20.446798538008846,25
rib,-7.08699510550408,2.91300489449592,25
lnc,-54.473138778513594,37.526861221486406,25
zqh,-70.88024321620345,54.11975678379654,25
goq,-29.021514046363333,27.978485953636667,25
tme,-1.931315441028242,84.06868455897175,25
kir,-37.669400718259936,43.330599281740064,25
tut,-12.393912193467617,44.606087806532386,25
yiw,-46.82133949350018,39.17866050649982,25
jxy,-42.393923043139175,65.60607695686083,25
lyc,-34.69551024731214,97.30448975268786,25
ena,-15.34806952765185,10.65193047234815,25
izl,-68.03278544750134,54.96721455249865,25
pep,-79.62123728364027,42.37876271635973,25
qmo,-44.002568082037314,41.997431917962686,25
tbo,-5.435709338786151,18.56429066121385,25
vyh,-34.85215901705226,34.14784098294774,25
kal,-19.522970645917734,15.477029354082266,25
mzw,-47.708703061951276,21.291296938048728,25
wmz,-90.54549469261383,45.454505307386164,25
yxx,-32.928706800390565,33.071293199609435,25
hsc,-30.436260175001234,78.56373982499876,25
nwx,-69.77233734404872,66.22766265595128,25
dbn,-24.12944296284521,0.8705570371547884,25
ukq,-34.22974745477019,46.77025254522981,25
sdy,-32.53644551342092,54.46355448657908,25
kcl,-43.326456005109286,95.67354399489072,25
ryi,-29.707729701578952,61.29227029842105,25
ean,-41.65917044173098,40.34082955826902,25
vug,-37.0511064845327,23.948893515467294,25
xti,-11.281210676275798,29.718789323724202,25
wnr,-33.212154704000596,56.787845295999404,25
for,-37.20971880594699,16.790281194053012,25
rqv,-18.9185237941302,60.0814762058698,25
zbh,-21.607209282092775,45.392790717907225,25
ygo,-3.5196325140817493,8.48036748591825,25
tjd,-70.72831786646537,34.27168213353462,25
kcp,-74.50725839226432,79.49274160773568,25
xgz,-1.6251597419712125,61.37484025802879,25
dwp,-89.00134323818553,32.99865676181447,25
pyd,-71.55863319796346,82.44136680203654,25
nbe,-41.71845952419972,49.28154047580028,25
spo,-29.496448656949724,31.503551343050276,25
zgm,-9.728812994968827,48.27118700503117,25
bdn,-83.48338643339662,28.516613566603382,25
jgh,-65.21743493920567,45.782565060794326,25
hfp,-57.935106480684595,56.064893519315405,25
rfv,-19.375496551906217,51.62450344809378,25
fcd,-57.74819763306605,75.25180236693396,25
kfx,-94.8059880185203,58.19401198147971,25
xkl,-51.00375316139777,24.99624683860223,25
vqz,-86.85730608633509,4.142693913664911,25
hyz,-45.55546338139276,35.44453661860724,25
bgk,-54.38096524604715,50.61903475395285,25
qlp,-55.97598318677698,42.02401681322302,25
maq,-45.21501159577384,25.784988404226166,25
fsx,-50.46822210210177,20.53177789789823,25
hkh,-95.52943573116939,96.47056426883061,25
kil,-26.626240706674032,84.37375929332596,25
qnl,-35.291313867090054,85.70868613290995,25
bdv,-97.40867229419005,97.59132770580995,25
pgl,-79.27390374886247,45.726096251137534,25
att,-95.8546114091753,86.1453885908247,25
rve,-25.07716971059264,8.922830289407361,25
jpl,-21.41528413462503,55.58471586537497,25
anb,-51.48322882682795,85.51677117317206,25
nkd,-86.11255451016491,95.88744548983509,25
xip,-70.20115997436854,47.79884002563147,25
rvi,-56.61919752729529,57.38080247270471,25
ooo,-67.3555422514988,36.644457748501196,25
ejj,-38.03565747512319,21.964342524876812,25
cou,-21.50425410041825,63.49574589958175,25
cpz,-69.71951163054791,4.28048836945209,25
ofd,-51.499127468725916,4.500872531274081,25
hwb,-36.12995878204347,9.870041217956537,25
tmo,-6.701392074351601,51.2986079256484,25
rrv,-68.2761980452552,34.72380195474481,25
iss,-5.666639962261622,59.33336003773838,25
hxh,-52.872071493893486,18.127928506106517,25
gqg,-13.4452267148365,87.5547732851635,25
uoz,-83.2579915493691,8.74200845063091,25
zif,-42.65076964916966,1.3492303508303407,25
fez,-47.14364844040731,15.856351559592687,25
eef,-75.41306980026786,11.58693019973214,25
fsz,-0.5608711622520871,40.439128837747916,25
ryk,-19.662575863811185,47.337424136188815,25
owf,-6.9508437136159955,8.049156286384004,25
oqx,-0.40801139791392493,69.59198860208608,25
oum,-49.79835705302335,31.201642946976644,25
qkf,-74.5810182446587,77.4189817553413,25
tdd,-4.163145375463047,54.836854624536954,25
sgh,-65.2928737268083,94.7071262731917,25
khq,-39.895125145505276,55.104874854494724,25
qst,-31.662368680760686,36.337631319239314,25
ahl,-2.1295835397194103,30.87041646028059,25
ilm,-43.306879573122266,34.693120426877734,25
qwb,-97.90521582647136,27.094784173528637,25
elr,-4.509902737634641,25.49009726236536,25
pdx,-78.99399291505436,50.006007084945644,25
jpc,-86.31062716343747,12.689372836562528,25
zum,-22.258406580073398,11.7415934199266,25
cln,-88.95388464043342,62.046115359566585,25
yay,-41.453574056883966,3.546425943116038,25
qui,-25.72766333905009,66.27233666094992,25
vyh,-6.46771341738092,79.53228658261908,25
ttg,-37.594868281141714,6.405131718858286,25
yjn,-59.4949999922142,34.5050000077858,25
dif,-75.21411319362015,7.785886806379848,25
pbi,-93.6935840117404,48.3064159882596,25
pgj,-7.70899857111164,94.29100142888836,25
ihe,-51.15177836753457,21.84822163246543,25
qdh,-18.661063772062015,58.338936227937985,25
hwv,-92.83344234266367,18.16655765733633,25
bep,-58.537585923867766,67.46241407613223,25
mkh,0.4462992281160051,14.446299228116006,25
lwb,-7.118717369152656,52.881282630847345,25
cgw,-8.157097480290568,4.8429025197094315,25
fsr,-0.4988822550516666,80.50111774494833,25
apt,-77.17785676904286,72.82214323095714,25
iff,-88.5744028401245,22.425597159875487,25
pif,-70.155064130883,6.844935869116992,25
rck,-61.218181489177844,6.781818510822152,25
hrh,-82.98654570014816,4.013454299851841,25
ycc,-9.240665124898257,58.75933487510174,25
qvp,-39.76180385507068,45.23819614492932,25
wxd,-59.74525781615654,7.254742183843464,25
rla,-33.45834352689814,10.541656473101856,25
dcq,-41.33481437437984,20.665185625620165,25
iif,-9.288456204118159,40.711543795881845,25
zla,-11.054581610395207,38.94541838960479,25
qee,-18.651192421868863,8.348807578131135,25
tcm,-4.462062088979563,2.537937911020437,25
cry,-52.680207434779135,60.319792565220865,25
ecy,-34.72475633342723,86.27524366657278,25
tdf,-57.23973718126576,85.76026281873425,25
saq,-60.002208365505744,98.99779163449426,25
uyv,-77.04349849415054,53.95650150584947,25
bji,-44.917495692458175,71.08250430754183,25
vks,-91.07876006668963,8.92123993331037,25
nth,-33.310744629279434,52.689255370720566,25
dyl,-54.66934651876082,24.330653481239178,25
yyc,-68.89928353918228,25.10071646081773,25
ynd,-66.43440103278719,9.565598967212805,25
cbs,-40.20385051734061,29.796149482659388,25
xor,-69.50385584784325,46.496144152156745,25
bnw,-45.538745760470654,4.461254239529345,25
lsq,-70.8603946108966,60.139605389103394,25
zei,-32.09489986368515,9.90510013631485,25
pcn,-30.066368160221927,24.933631839778073,25
aol,-95.98182719377571,40.01817280622428,25
oyj,-96.40515546117676,74.59484453882324,25
ahs,-67.27139640356873,18.728603596431274,25
kbj,-46.125021634164,92.874978365836,25
blz,-7.739138550984433,11.260861449015568,25
fek,-13.190551462344251,61.80944853765575,25
cjk,-44.562985004913585,2.4370149950864124,25
vkf,-50.3520196104587,86.6479803895413,25
ywk,-73.45307623837428,18.546923761625717,25
sig,-21.109448259762424,55.890551740237576,25
svc,-10.521187027965457,31.478812972034543,25
pzo,-80.1201779020467,91.8798220979533,25
uwg,-74.75654155996035,29.243458440039653,25
uev,-68.8312925253682,20.16870747463181,25
txh,-17.63574560747233,98.36425439252767,25
oti,-41.55891567935529,66.4410843206447,25
fcv,-95.06561637659101,53.93438362340898,25
zkq,0.9612672076026997,30.9612672076027,25
khr,-48.62678405500447,22.37321594499553,25
sso,-42.748644970755684,31.251355029244316,25
puu,-95.15740716912332,52.84259283087669,25
uwl,-87.96236993133124,8.037630068668754,25
xlk,-50.18266514374954,72.81733485625045,25
hxm,-74.51690194428292,34.483098055717086,25
ibg,-77.15321610257223,65.84678389742777,25
cii,-1.8464993716516669,81.15350062834834,25
bpb,-31.305302184838542,84.69469781516146,25
dym,-29.348769475061463,28.651230524938537,25
eol,-75.15429397514092,49.84570602485909,25
xfr,-31.075292126397535,12.924707873602465,25
zku,-95.04317101782327,64.95682898217673,25
qzc,-38.005219659524705,26.994780340475295,25
ovw,-65.9481401924981,48.0518598075019,25
btt,-48.11941085290149,7.880589147098513,25
pgr,-91.54455547981937,4.455444520180629,25
tyy,-81.2372281127815,62.7627718872185,25
kya,-33.40454975585328,7.595450244146717,25
gqb,-41.94135232202098,86.05864767797902,25
ykr,-76.320607862246,31.679392137753993,25
exk,-8.037290499630476,14.962709500369524,25
pml,-19.336759060283292,71.66324093971672,25
ssj,-30.11820739894165,37.88179260105835,25
ljm,-89.87305697522142,14.126943024778585,25
vxc,-89.83426908337563,13.165730916624376,25
rch,-17.7348609462273,89.2651390537727,25
cpm,-84.72240240820848,9.277597591791519,25
qmc,-63.360560479987555,96.63943952001244,25
sow,-34.32574544388819,6.674254556111816,25
srk,-78.7148577997716,22.28514220022841,25
ogo,-42.99341786205156,6.006582137948441,25
rbt,-20.815082180490503,37.184917819509494,25
tmf,-75.54253403989809,49.457465960101906,25
snz,-82.1186171093138,98.8813828906862,25
sff,-21.473964490532648,27.526035509467352,25
fik,-35.37000837954155,47.62999162045845,25
zoi,-34.852268851678595,20.14773114832141,25
flr,-6.849642658083501,14.1503573419165,25
ccf,-76.65335464497095,9.346645355029061,25
oni,-56.33334066285783,20.666659337142168,25
drh,-78.59772847065922,41.40227152934079,25
gue,-93.96456584347423,21.035434156525763,25
bkr,-23.716816968296264,89.28318303170373,25
cii,-35.27540633137219,37.72459366862781,25
ljr,-72.53497883811015,95.46502116188985,25
ehl,-27.10610660073143,3.893893399268569,25
drm,-56.43932914469689,56.56067085530311,25
agp,-42.64848083452191,6.35151916547809,25
yim,-4.534595689555927,64.46540431044407,25
stv,-80.2699301042952,22.730069895704805,25
vwq,-79.49991802182684,11.500081978173156,25
lum,-1.179714062632993,75.820285937367,25
lzf,-70.43959629369016,15.560403706309836,25
qdh,-81.91090583765092,15.089094162349083,25
hix,-32.801638739325824,35.198361260674176,25
hfk,-68.16133103128348,77.83866896871652,25
euf,-88.16497856192991,9.835021438070081,25
kve,-28.28020357046167,58.719796429538334,25
tlj,-0.32576021205369243,97.6742397879463,25
eng,-39.80526876255118,62.19473123744882,25
ydg,-6.195039997831168,9.804960002168832,25
qme,-18.412219227026142,14.58778077297386,25
leu,-68.60558527168573,70.39441472831427,25
jlx,-46.24095371633579,59.75904628366421,25
izj,-76.24615141718168,22.753848582818318,25
gfu,-51.92116385404774,63.07883614595226,25
lhm,-95.95574127966141,15.044258720338593,25
uom,-52.737800537199654,28.262199462800346,25
xzf,-54.78883052307531,40.21116947692469,25
dfo,-36.952740320743935,94.04725967925607,25
plz,-1.533041008443585,17.466958991556414,25
trh,-58.250573293619645,21.74942670638035,25
kjg,-23.75393352828461,50.24606647171539,25
dmp,-75.08315354446488,88.91684645553512,25
qsh,-6.206179962854076,90.79382003714592,25
dyl,-21.180681567915062,38.819318432084934,25
jcm,-37.77766565847646,33.22233434152354,25
ioi,-38.683745360258655,39.316254639741345,25
jcc,-1.4369219103967183,86.56307808960328,25
cna,-11.453716943695772,38.546283056304226,25
uqm,-72.04223648655714,70.95776351344286,25
xds,-59.02688594283992,18.973114057160082,25
olg,-26.889518340958613,12.110481659041389,25
fke,-85.6058922354266,14.3941077645734,25
faf,-67.41266900795593,61.58733099204407,25
pxy,-55.81865873529966,59.18134126470034,25
krd,-91.07497679620977,44.92502320379023,25
uex,-6.345041866653536,70.65495813334647,25
fcw,-16.0376331285323,21.9623668714677,25
yuz,-3.26012738302382,30.73987261697618,25
rso,-94.03666847051085,34.96333152948916,25
txm,-14.691380711309808,28.308619288690192,25
cdr,-54.68534099778089,98.31465900221912,25
bob,-24.01814137498765,68.98185862501235,25
wxr,-97.44100843525115,77.55899156474885,25
ofa,-94.39177335465753,0.6082266453424656,25
arj,-71.009183013382,97.990816986618,25
qnl,-66.6164404261071,2.3835595738929003,25
rzn,-75.87452195096583,51.125478049034164,25
ozc,-6.800162180705379,88.19983781929461,25
ktw,-72.89219171116045,67.10780828883955,25
rhf,-67.10083738860885,79.89916261139115,25
pyl,-62.782751768422294,85.2172482315777,25
mbg,-28.876945167029692,14.123054832970306,25
dan,-34.03418491013278,22.965815089867224,25
uoh,-85.51822824356046,23.481771756439546,25
qyk,-38.16877104160995,23.83122895839005,25
zbs,-51.6885514838638,40.3114485161362,25
uec,-25.619288652566837,70.38071134743316,25
evx,-32.562345927754386,16.437654072245614,25
ybw,-59.51041202972655,81.48958797027345,25
jbf,-60.23538316128523,17.764616838714772,25
smw,-55.20838255690344,69.79161744309656,25
pwd,-59.66617054814624,0.33382945185376134,25
ppz,-7.727422661275433,76.27257733872456,25
sjc,-39.348034247750675,58.651965752249325,25
wgg,-57.719602318445126,5.2803976815548745,25
nsc,-48.76244828602605,20.237551713973954,25
bsu,-49.127774759327075,97.87222524067293,25
pbr,-44.76484258260619,37.23515741739381,25
jgp,-6.760297141048063,62.23970285895194,25
ibl,-86.68066464917352,7.319335350826481,25
phq,-9.400293848575938,4.599706151424062,25
ntz,-34.73559995586335,51.26440004413665,25
fdp,0.2413409816649411,98.24134098166495,25
ntw,-95.89164901541899,33.10835098458101,25
elw,-43.02774088004062,78.97225911995939,25
jtl,-9.226940741462842,48.77305925853716,25
sxy,-67.56779063244923,67.43220936755077,25
tbl,-90.8902353084234,4.109764691576598,25
hbs,-46.15475131203063,69.84524868796937,25
aal,-11.968687799667597,14.031312200332403,25
inp,-59.48629300827947,74.51370699172054,25
uax,-29.94188707840027,80.05811292159973,25
fnj,-48.59663820226546,14.40336179773454,25
ptp,-30.194194149241614,36.80580585075838,25
xdg,-77.98355202172597,2.016447978274036,25
flb,-5.808816765335574,44.19118323466443,25
isj,-72.19978460625497,82.80021539374503,25
lac,-92.3404095736091,44.659590426390906,25
nhi,-56.11691381693218,81.88308618306782,25
kkw,-89.22083004626612,68.77916995373388,25
ejt,-10.296894433400833,83.70310556659916,25
kar,-66.54810433605252,30.451895663947486,25
gky,-38.086388693774815,95.91361130622518,25
ofc,-3.0183680644722366,82.98163193552776,25
xac,-45.091281510150935,31.908718489849065,25
otl,-3.056040415387617,15.943959584612383,25
xhd,-37.10120035815682,34.89879964184318,25
ile,-52.138472658345805,74.8615273416542,25
kac,-20.86494388140146,8.135056118598541,25
nci,-74.05058575260274,89.94941424739726,25
ime,-12.745923357681146,52.25407664231885,25
css,-37.70100342155439,7.2989965784456095,25
rby,-6.940843597121004,62.059156402879,25
rex,-74.86977015008294,75.13022984991706,25
hfk,-21.189100833741747,56.81089916625825,25
qfo,-38.3881192898709,28.611880710129096,25
xep,-71.63930965885972,79.36069034114028,25
lck,-74.65202550780973,66.34797449219027,25
ccu,-60.97251413809135,80.02748586190866,25
oxt,-76.37374323679629,22.62625676320371,25
xrv,-33.808023965674025,18.19197603432598,25
cgs,-6.963868113896005,95.03613188610399,25
pcs,-49.68731492801343,93.31268507198656,25
bqt,-27.777603970735925,25.222396029264075,25
eta,-52.599946430503984,56.400053569496016,25
uoz,-26.27845488627595,37.721545113724055,25
gwv,-22.702881667825448,86.29711833217455,25
bov,-88.36207012219045,62.637929877809555,25
hif,-77.51751730602909,91.48248269397091,25
dkf,-52.98442070310064,53.01557929689936,25
xul,-50.14456427679275,58.85543572320725,25
kvn,-92.46322230501698,71.53677769498302,25
zmu,-74.15608737312407,44.843912626875934,25
hnq,-20.012029367736663,29.987970632263337,25
sso,-60.598373678569054,71.40162632143094,25
qkx,-96.4663525402133,21.533647459786703,25
qnt,-11.340848239436523,91.65915176056347,25
ric,-44.13627454098112,34.86372545901888,25
upi,-78.41427011760346,83.58572988239654,25
rpg,-33.40302918567459,6.596970814325411,25
khe,-25.843830525289363,15.156169474710639,25
qkn,-9.682363456745081,96.31763654325492,25
nai,-49.47122754647045,38.52877245352955,25
asm,-35.26875752962325,4.731242470376747,25
cln,-34.7907245084582,51.2092754915418,25
ewd,-29.785790254161803,17.214209745838197,25
zdo,-96.71963062687419,34.28036937312581,25
ylv,-77.524377776678,75.475622223322,25
dca,-62.85391584327977,87.14608415672024,25
fsl,-92.68931719472904,97.31068280527096,25
kbi,-84.00158957459303,19.99841042540698,25
ajj,-32.98045050832071,76.0195494916793,25
xew,-94.67888481879098,64.32111518120902,25
woh,-35.461631028526824,63.538368971473176,25
mcf,-83.83161503260844,78.16838496739156,25
tqq,-34.37984878840928,63.62015121159072,25
nuh,-20.91721096919954,0.08278903080045741,25
aql,-42.961608227394024,36.038391772605976,25
sju,-60.835181645874286,6.164818354125713,25
dto,-40.20616272871897,54.79383727128103,25
huv,-81.37671576422046,63.62328423577953,25
olq,-74.78794045881709,0.21205954118290926,25
lwy,-16.01033749489978,64.98966250510023,25
com,-87.58615605807937,62.41384394192063,25
yav,-65.47794178345218,98.52205821654782,25
otr,-63.60261829770141,29.39738170229859,25
ncv,-88.09978806256794,40.900211937432054,25
cby,-53.24021873094274,65.75978126905726,25
bgu,-12.026013939039126,14.973986060960874,25
gpy,-45.76038039002896,31.239619609971033,25
obl,-97.76520968621061,3.2347903137893885,25
arv,-48.99778957529531,26.00221042470469,25
hus,-42.37879300222328,45.62120699777672,25
gup,-88.80628834386336,16.193711656136642,25
vdq,-58.43675841234339,64.5632415876566,25
wvn,-73.99170386959754,20.008296130402456,25
dud,-38.20743813888513,29.792561861114873,25
jch,-88.56147092135089,39.43852907864911,25
ood,-68.57235894282248,74.42764105717752,25
nwk,-85.73441105832052,2.2655889416794808,25
giw,-82.66802523362861,36.33197476637138,25
hib,-57.71115727717376,58.28884272282624,25
gbn,-58.164906409578336,67.83509359042166,25
rxq,-54.65589907896808,98.34410092103192,25
igm,-26.52837131307794,70.47162868692206,25
jee,-97.08264873938745,68.91735126061255,25
bjw,-5.975051810583522,60.02494818941648,25
wtv,-76.61043971716781,28.389560282832196,25
dwn,-50.763500536673504,93.2364994633265,25
irh,-38.62319327699867,68.37680672300134,25
twm,-26.3726988684564,93.6273011315436,25
njx,-4.228458751757876,72.77154124824213,25
ana,-79.20010326725884,4.799896732741168,25
feo,-26.69255292060514,74.30744707939486,25
tyf,-74.08311083973067,17.91688916026933,25
hdm,-3.77780708080265,43.22219291919735,25
aqq,-4.799851063201986,75.20014893679802,25
djx,-45.49463022249681,5.505369777503188,25
ctp,-41.07648414052091,24.92351585947909,25
jqc,-8.153842869576513,50.846157130423485,25
srk,-71.3392978907797,86.6607021092203,25
nki,-75.00158530804018,31.998414691959827,25
vsy,-59.3890265830486,79.6109734169514,25
vup,-13.767098651082918,89.23290134891708,25
nhn,-84.50121106836468,31.49878893163531,25
oke,-65.67136464576927,62.32863535423073,25
xsv,-24.60959696045064,91.39040303954935,25
uez,-36.9716887885517,22.0283112114483,25
mao,-39.971231788232494,71.02876821176751,25
naw,-0.18792575874335926,29.812074241256642,25
hzw,-50.89973744994997,26.10026255005003,25
qal,-59.23843790444738,97.76156209555262,25
kvd,-47.217648800414864,23.782351199585136,25
hkq,-48.98540060177801,68.01459939822199,25
gbz,-28.114136541430373,74.88586345856963,25
kqw,-45.60944800836146,77.39055199163855,25
dlu,-80.93540284678285,30.064597153217157,25
nrz,-2.851620333787954,3.148379666212046,25
oie,-61.458325689597196,78.5416743104028,25
fis,-47.74186434349358,78.25813565650641,25
jvv,-72.37392776729558,87.62607223270442,25
tnj,-82.92465583778241,63.07534416221759,25
twe,-5.962730819712002,23.037269180288,25
hdb,-15.13760442820075,63.86239557179925,25
cvx,-5.39732048484173,13.60267951515827,25
xxi,-80.23270398443576,77.76729601556424,25
vgr,-55.791813918854864,13.208186081145135,25
awn,-0.616596535987621,51.38340346401238,25
yeb,-6.176793075148973,4.823206924851027,25
oes,-91.48824849476132,40.511751505238685,25
fem,-18.502240807688896,22.497759192311104,25
mcd,-80.63242545973644,48.36757454026357,25
gzz,-59.23956544445711,8.76043455554289,25
api,-45.415100163680464,72.58489983631954,25
cpz,-92.99896396341018,65.00103603658982,25
pwi,-39.05330503503752,53.94669496496248,25
bih,-9.175883428635714,26.824116571364286,25
fpv,-17.454417981780992,86.54558201821901,25
lfv,0.34222104082343263,25.342221040823432,25
vgi,-44.26556593000437,65.73443406999563,25
tki,-75.15971362281401,47.84028637718599,25
hgv,-23.164460863394417,47.83553913660558,25
sgs,-66.41356470094237,2.58643529905763,25
tvb,-85.61906714570347,97.38093285429653,25
rkk,-66.21063118485895,47.78936881514105,25
eeu,-38.57707352047054,54.42292647952946,25
gsa,-12.947951374017624,54.05204862598237,25
owu,-26.364408560209792,19.635591439790208,25
xty,-48.89478908080569,9.105210919194315,25
cxh,-88.69768243186459,25.302317568135408,25
hpq,-8.919526843227105,26.080473156772896,25
omr,-47.78793101526248,97.21206898473751,25
ktk,-67.71527763884208,79.28472236115792,25
mad,-97.91192695325141,77.08807304674859,25
pnr,-61.67135338488859,30.328646615111406,25
jxr,-1.1992303512831757,5.800769648716824,25
kto,-15.126105728664754,64.87389427133525,25
kqz,-68.31646950068239,90.68353049931761,25
ysx,-24.063893695729224,56.93610630427077,25
wvq,-10.767494197451754,32.232505802548246,25
kju,-25.102860146475418,55.897139853524585,25
nqs,-84.22964437959233,98.77035562040767,25
zpv,-21.90273289917785,70.09726710082215,25
tfl,-45.583723525675154,60.416276474324846,25
oik,-16.83639801627345,61.16360198372655,25
qzn,-77.13836932897078,65.86163067102922,25
qlh,-56.52493018363381,98.47506981636619,25
zhh,-47.55544179324352,3.4445582067564864,25
dqb,-6.999980363879023,16.000019636120978,25
lus,-95.1436943741565,34.8563056258435,25
noe,-62.53328526994217,17.46671473005783,25
lqr,-19.50984808621915,45.49015191378085,25
izs,-19.807863164493295,75.1921368355067,25
vdk,-48.187012427586126,12.812987572413876,25
xca,-96.32038816716019,29.67961183283981,25
tax,-49.59447471885169,46.40552528114831,25
npr,-95.05477739606178,19.945222603938213,25
qdo,-18.669558955251272,0.3304410447487287,25
twh,-94.33239326336088,68.66760673663912,25
cxx,-9.441971690022386,59.558028309977615,25
ybv,-75.08561082477549,25.914389175224517,25
ioi,-67.2528965466909,79.7471034533091,25
xei,-33.59044204466701,96.409557955333,25
bqd,-96.82393427509045,48.17606572490955,25
ngb,-51.92022614186966,40.07977385813034,25
nud,-35.902573872265364,52.097426127734636,25
mvw,-76.86492047380148,40.13507952619853,25
zjx,-97.17215828468579,3.8278417153142095,25
nyc,-91.89947660129354,80.10052339870646,25
qoy,-66.55268114598613,23.447318854013872,25
doz,-84.6307678042782,55.369232195721814,25
bhr,-35.01625307907194,69.98374692092806,25
qnx,-87.34196407762335,87.65803592237665,25
cwg,-89.79858462708927,58.20141537291072,25
nqh,-18.78995754990163,78.21004245009837,25
vyi,-23.82707858104426,21.17292141895574,25
asu,-27.495967954071038,11.504032045928964,25
gvg,-23.915931351565916,61.084068648434084,25
eby,-32.54977958688316,18.45022041311684,25
kgk,-27.34731186883767,21.65268813116233,25
bhv,-64.96378114471969,74.03621885528031,25
lvf,-55.58281378604946,50.41718621395054,25
jsb,-72.10391022687483,9.896089773125164,25
dbe,-70.26660452743599,67.73339547256401,25
xtg,-84.41689737337505,46.58310262662494,25
xqw,-70.20261840674239,29.797381593257608,25
tib,-94.78755443833393,35.212445561666065,25
rqn,-11.827157072152543,98.17284292784746,25
axb,-88.27923751464091,74.72076248535909,25
zhy,-0.3384563404459542,97.66154365955404,25
lba,-34.019284811278716,17.980715188721284,25
eas,-23.900788036280378,24.099211963719622,25
qve,-69.07247293045202,19.927527069547978,25
oom,-68.63595205051953,79.36404794948047,25
sfs,-45.574663690748814,87.42533630925118,25
igg,-57.195782002269496,84.8042179977305,25
ayq,-76.29015444444791,94.70984555555209,25
rnm,-0.6722648109590581,4.327735189040942,25
kcf,-51.429526976089456,30.570473023910548,25
yeq,0.19369333290658908,61.19369333290659,25
exa,-9.656227493686371,51.34377250631363,25
mym,-63.5094732953785,37.4905267046215,25
xdf,-63.849931797715676,0.1500682022843257,25
otj,-91.13065599341326,13.869344006586743,25
aja,-32.124165122160726,73.87583487783928,25
jwe,-26.460062981520654,89.53993701847935,25
sbv,-80.86613975545873,14.13386024454127,25
xjo,-82.01859784348518,36.98140215651482,25
aki,-29.823701740246864,28.176298259753136,25
sfl,-65.89166632382482,82.10833367617518,25
iyj,-17.266720487571355,46.733279512428645,25
uqs,-49.81276447381283,1.1872355261871745,25
sir,-51.09286909060005,27.907130909399953,25
zik,-7.329695892657662,58.67030410734234,25
uzl,-49.082468426061915,73.91753157393809,25
zsi,-17.821268462808764,51.17873153719123,25
ynf,-88.15350289969778,13.846497100302217,25
ebg,-55.6580981905519,89.3419018094481,25
cmh,-84.84243804449494,35.15756195550505,25
whj,-23.362175420380503,59.6378245796195,25
mqk,-92.04904333681671,31.95095666318329,25
rsb,-89.77943526601793,21.22056473398208,25
ffb,-56.58047507434632,45.41952492565368,25
yfd,-84.76493162618982,43.235068373810186,25
ozb,-9.553279105619572,32.44672089438043,25
fdo,-9.21994089555421,93.78005910444578,25
eth,-79.53053602245366,41.46946397754633,25
jot,-36.78526061402328,96.21473938597671,25
rkz,-64.63171767120923,93.36828232879077,25
jff,-90.70333888542758,24.29666111457242,25
frf,-67.99702682797354,31.002973172026465,25
ctr,-59.35291609075438,8.647083909245623,25
ngx,-0.08028150615625629,3.9197184938437437,25
jho,-1.6546220054256138,78.34537799457439,25
jxt,-79.73404893778645,37.265951062213546,25
bkt,-80.35268316838572,70.64731683161428,25
aec,-77.13781156923882,6.86218843076118,25
cby,-20.283367026281876,71.71663297371812,25
qnc,-89.00636655207481,27.993633447925188,25
eil,-85.18144746699095,75.81855253300905,25
cfe,-16.21317482524302,12.786825174756979,25
jrh,-26.43124795701113,46.56875204298887,25
itu,-65.59192794081906,45.40807205918094,25
vgv,-4.432237667437909,54.56776233256209,25
khh,-92.63570961587341,56.36429038412658,25
hva,-88.42326898145674,94.57673101854326,25
ejq,-2.8496207313818975,23.150379268618103,25
mun,-84.18035014614263,49.81964985385737,25
yrw,-63.5460082595715,64.45399174042849,25
rot,-35.27034871844553,10.729651281554467,25
bkk,-2.480468886916396,86.5195311130836,25
wky,-90.47073057788484,23.529269422115156,25
abf,-16.382430080440116,48.617569919559884,25
prg,-40.73258983448817,74.26741016551183,25
