gwr,-53.08664417755071,14.91335582244929,500
xgo,-6.064195902865396,13.935804097134604,500
qlu,-31.948615402844823,1.051384597155177,500
zii,-24.67869439477674,59.32130560522326,500
aqw,-79.22858773322126,29.77141226677874,500
oca,-18.862776278441302,20.137223721558698,500
mrt,-94.37808052426385,30.621919475736146,500
jxr,-28.540772511326352,49.45922748867365,500
plp,-18.142292826236694,2.8577071737633046,500
dhu,-91.35067509635363,53.64932490364637,500
xav,-87.16098419713249,63.83901580286751,500
bsm,-96.19382970604663,44.80617029395337,500
idz,-22.135904282931897,10.864095717068105,500
pbv,-30.203311347968537,80.79668865203146,500
xrw,-53.89293270553318,25.10706729446682,500
yzv,-7.478841570585119,69.52115842941488,500
flt,-3.1531277603133003,33.8468722396867,500
cdx,-70.239805708749,84.760194291251,500
gsu,-4.517933366905739,13.482066633094261,500
zvo,-64.2487136204939,41.751286379506105,500
hgi,-97.95320996007169,46.04679003992832,500
mqj,-24.826001450648864,55.17399854935114,500
lae,-15.181478599716874,71.81852140028313,500
wio,-21.84182360010337,98.15817639989663,500
eje,-39.742773924163785,17.25722607583621,500
wkb,-93.5837471919518,84.4162528080482,500
yuz,-25.35303987427929,17.64696012572071,500
igp,-3.351057880320436,28.648942119679564,500
yaj,-58.82511510531652,17.174884894683476,500
jib,0.9150806646550992,39.9150806646551,500
jdr,-69.84543089048003,42.15456910951997,500
xbe,-65.58628507829104,36.41371492170895,500
tdv,-3.346432955070215,46.65356704492979,500
mqx,-73.5922350051176,90.4077649948824,500
rse,-93.46793988575737,0.5320601142426281,500
vyk,-57.9582289875508,23.041771012449207,500
jul,-40.50213020014922,49.49786979985078,500
gpu,-37.16964105093343,77.83035894906658,500
ncf,-19.69192790674856,34.30807209325144,500
nuj,-9.32209358595873,9.67790641404127,500
jra,-44.37983896559646,65.62016103440354,500
hvp,-83.04031964600348,85.95968035399652,500
eoy,0.31816050726720446,1.3181605072672045,500
lsm,-58.87715923366698,10.122840766333024,500
lkg,-73.37207475578961,52.62792524421039,500
fvc,-50.64452468951619,60.35547531048381,500
mzv,-11.914813663694469,19.085186336305533,500
xyh,-18.817157870264037,69.18284212973596,500
edf,-0.3455299791032601,78.65447002089674,500
awg,-86.43698639060264,13.563013609397363,500
tic,-71.63248173907466,15.367518260925332,500
too,-49.07522880943128,86.92477119056872,500
foc,-40.846607257835984,31.153392742164016,500
niv,-82.45555106774219,0.5444489322578082,500
rhq,-47.63303808063978,94.36696191936022,500
eel,-3.4010157687889517,5.598984231211048,500
rqa,-85.28251110586261,50.71748889413739,500
fjv,-73.8967746317788,96.1032253682212,500
npj,-26.805258247370425,5.194741752629575,500
wti,-35.09526335556256,96.90473664443743,500
maz,-66.09013808588568,17.90986191411431,500
mku,-63.73624311238606,60.26375688761394,500
lgl,-26.97771149364911,79.02228850635089,500
fuy,-63.398993585212615,74.60100641478738,500
ylx,0.9602075162711691,38.96020751627117,500
fgg,-72.3140672925718,51.685932707428194,500
tgi,0.9585076511220418,76.95850765112205,500
wpk,-42.59618641619426,66.40381358380574,500
kjz,-97.9350367408007,34.0649632591993,500
kqr,-84.02104866781438,75.97895133218562,500
zcz,0.29436367708978106,14.29436367708978,500
fuq,-94.60296789846377,61.397032101536226,500
fdv,-63.4712353694054,44.5287646305946,500
qth,-29.68692605243667,24.31307394756333,500
dpv,-63.03513438237255,58.96486561762745,500
nch,-30.404706226429973,50.59529377357003,500
hsd,-27.602505745963267,81.39749425403673,500
fin,-45.2230088319429,53.7769911680571,500
rmh,-49.58639149404631,69.41360850595369,500
zxz,-33.20519038224801,67.79480961775198,500
yyz,-74.70126084559682,87.29873915440318,500
lok,-91.98618059833467,58.01381940166534,500
smt,-40.84547945589249,27.154520544107513,500
ejk,-79.81405917825253,13.185940821747458,500
ief,-54.30464124989129,45.69535875010871,500
lhs,-33.48350586364665,77.51649413635336,500
zrt,-54.45456999468547,38.54543000531453,500
xdj,-83.67953317111274,52.32046682888727,500
kbf,-41.100649727625736,24.899350272374264,500
mnv,-5.1210040242146935,90.8789959757853,500
hfx,-51.63544123034969,78.36455876965032,500
bdm,-68.7537128294626,20.246287170537403,500
fem,-35.681734266230706,86.3182657337693,500
iyf,-28.33043462853946,62.66956537146054,500
mmp,-54.28779992389852,2.7122000761014817,500
tkg,-93.88720408424794,9.112795915752054,500
atq,-66.77654031933996,44.22345968066005,500
awh,-38.572923588070985,60.427076411929015,500
gsu,-53.38635058905824,9.613649410941758,500
ikf,-76.21935143566822,79.78064856433178,500
akw,-80.30836028542284,60.691639714577164,500
tqw,-48.898371369752965,28.101628630247035,500
fcl,0.09938848179918258,74.09938848179918,500
jmy,-80.33595406905492,67.66404593094508,500
aqj,-23.80572023830575,69.19427976169425,500
tze,-24.17297601681771,96.82702398318229,500
hro,-3.4017709719229083,54.59822902807709,500
ozv,-52.770381588083865,86.22961841191614,500
fto,-30.702108732762138,22.297891267237862,500
gcr,-50.99327315581557,80.00672684418443,500
jvr,-89.4884011029575,73.5115988970425,500
ucq,-25.327949307544714,88.67205069245529,500
exu,-3.9404341262537526,55.059565873746244,500
mxf,-76.27944486491222,87.72055513508778,500
qxd,-44.37215471223964,37.62784528776036,500
mpf,-63.13658127718469,90.86341872281531,500
ply,-34.98828656974315,4.011713430256848,500
hoh,-23.53218203502347,72.46781796497653,500
yci,-56.20170910108259,61.79829089891741,500
hob,-62.66598981757963,71.33401018242037,500
jkt,-12.75447516031986,52.24552483968014,500
jgh,-12.307605247893736,49.69239475210627,500
ctm,-56.280792573420264,90.71920742657973,500
hhm,-27.263543890560896,11.736456109439105,500
jvw,-7.4765281294261055,31.523471870573893,500
cgv,-47.888166187166334,69.11183381283367,500
wvt,-24.027920510687885,25.972079489312115,500
zop,-54.17027165111503,12.829728348884974,500
qiv,-37.07813724183235,53.92186275816765,500
oll,-79.85960891674985,15.140391083250154,500
otk,-70.99943976041446,6.000560239585543,500
tku,-47.53330960675263,92.46669039324736,500
fhh,-86.60593786959997,15.394062130400025,500
kgv,-44.6691700562094,62.3308299437906,500
yjs,-52.884775025268894,12.115224974731102,500
dij,-46.068564089488895,94.9314359105111,500
htp,-10.623464519826083,46.37653548017392,500
pnr,-15.103342912402782,78.89665708759722,500
oso,-36.74420428477627,46.25579571522373,500
vlu,-70.4595212708296,86.5404787291704,500
ten,-6.92100981483438,35.07899018516562,500
nvn,-75.52928999169617,29.470710008303822,500
ujv,-38.99976100650112,5.00023899349888,500
ind,-37.05285924124235,1.947140758757647,500
dfs,-73.35749486037759,6.642505139622411,500
bxb,-38.556335446661144,22.443664553338856,500
rvz,-63.13230545547064,48.86769454452936,500
lxr,-78.94911070561344,46.05088929438656,500
ywf,-7.903710657168749,49.09628934283125,500
lrr,-11.69192082770403,67.30807917229598,500
vdh,-67.01076377374474,55.98923622625525,500
hme,-87.4171438511184,79.5828561488816,500
qyy,-56.114912892797946,8.885087107202054,500
gld,-14.802893182789184,53.197106817210816,500
kds,-71.49695486118544,18.503045138814553,500
grd,-9.404438544601549,92.59556145539845,500
rdg,-49.230865282732175,71.76913471726783,500
etw,-96.86046764250639,78.13953235749361,500
xiy,-1.8123130514428283,78.18768694855717,500
zhg,-49.73857752641372,38.26142247358628,500
rup,-68.33499280123051,60.665007198769494,500
sot,-82.78541305961745,14.214586940382553,500
ean,-93.69052065712972,1.30947934287027,500
rnw,-16.65317637537713,39.34682362462287,500
tdb,-93.79265754158298,37.20734245841702,500
weq,-95.37461766382486,45.62538233617514,500
xwj,-57.81141736745394,90.18858263254606,500
szr,-41.28493467682268,90.71506532317733,500
gbm,-35.204757237217436,9.795242762782566,500
wec,-44.36223041501475,49.63776958498525,500
dak,-63.50132847163367,55.49867152836633,500
rjm,-62.41842010244527,0.5815798975547359,500
pot,-77.40884763671517,3.5911523632848388,500
efa,-12.73259219880981,22.26740780119019,500
tuh,-66.3830182155292,67.6169817844708,500
fwu,-56.34848436111296,15.651515638887041,500
xuh,-73.93178052754963,98.06821947245037,500
zlw,-39.585573373419955,25.41442662658005,500
gcu,-39.52881203486519,43.47118796513481,500
znw,-90.57531390507245,78.42468609492755,500
uvf,-34.36237609672681,33.63762390327319,500
cym,-93.05601653739619,56.94398346260381,500
lky,-63.792650648007076,88.20734935199292,500
scs,-50.276689695848304,44.723310304151696,500
dhv,-91.40257875894474,7.597421241055261,500
upy,-37.89002056573164,31.10997943426836,500
bhq,-7.6561116267558,21.3438883732442,500
czl,-27.58529028636075,67.41470971363925,500
inh,-44.366049776912774,31.633950223087222,500
bhf,-9.928622754180266,69.07137724581973,500
ril,-97.77332406199851,20.2266759380015,500
zei,-43.97875740907658,57.02124259092342,500
rza,-52.111981924171594,41.888018075828406,500
jff,-38.619990428936966,76.38000957106303,500
ejk,-47.53558172456511,44.46441827543489,500
dnv,-4.31561432364599,41.68438567635401,500
ndk,-67.49455343366624,84.50544656633376,500
lhr,-25.66869115817553,83.33130884182447,500
cgi,-16.950034144265736,23.049965855734264,500
oxb,-66.14352442345185,15.85647557654815,500
tyc,-20.996655370398575,2.0033446296014255,500
jjm,-92.35409532344406,58.645904676555936,500
ywt,-46.89501818807311,13.104981811926889,500
ihd,-9.80621934686097,91.19378065313903,500
fis,-68.96915632911563,87.03084367088437,500
nuf,-91.70884722420489,15.291152775795105,500
fyg,-68.58653643410837,34.41346356589163,500
jpf,-23.445198772556708,19.554801227443292,500
zcl,-21.926935458798468,45.07306454120153,500
nbr,-38.51277134712607,93.48722865287394,500
seg,-70.43553828663752,15.564461713362471,500
opn,-44.133251100096125,97.86674889990388,500
wnv,-17.17346693781728,32.82653306218272,500
syx,-5.4404313213297275,32.559568678670274,500
jmr,-54.369955610915156,43.630044389084844,500
mvg,-16.019317494947654,62.98068250505235,500
clj,-71.52306885083358,1.4769311491664225,500
hal,-60.62367770986565,14.376322290134349,500
vwr,-55.25533768010844,44.74466231989156,500
tth,-44.991719526002285,96.00828047399771,500
vbu,-33.00038133563156,91.99961866436844,500
fzx,-12.34291659703979,67.65708340296021,500
gby,-7.974757230307779,74.02524276969223,500
pyz,-36.23285415517072,50.76714584482928,500
dxb,-18.023667154220757,50.97633284577924,500
she,-87.74124385936878,32.25875614063123,500
lui,-82.94366238331254,76.05633761668746,500
kgc,-55.864420877614,40.135579122386,500
wzz,-56.3634867627866,87.63651323721339,500
ptl,-54.43480114437477,21.56519885562523,500
jzg,-51.59223134183004,31.407768658169957,500
tyn,-18.15152071015584,66.84847928984416,500
pvf,-21.748340530744777,75.25165946925523,500
jaw,-9.69578658037154,20.30421341962846,500
ifc,-9.389585737732036,92.61041426226797,500
mvn,-64.3823050260204,35.61769497397959,500
tqn,-51.456099197700865,54.543900802299135,500
vcr,-9.142550231096726,14.857449768903274,500
eod,-50.9360761938159,18.0639238061841,500
vnb,-34.8543697624399,2.1456302375600975,500
gkn,-53.13360284513697,23.86639715486303,500
bda,-77.79936643557977,37.20063356442023,500
qme,0.698735553577846,76.69873555357785,500
itz,-32.554117515659186,72.44588248434081,500
thu,-66.01525173637923,33.984748263620766,500
muz,-19.81004097415096,77.18995902584903,500
vga,-2.5395112078847246,21.460488792115274,500
aiv,-96.69841685167655,83.30158314832345,500
sth,-90.1189614354753,29.881038564524708,500
jna,-6.40388324108172,96.59611675891828,500
jtb,-83.26208279954457,52.737917200455435,500
mue,-86.07278555917893,36.927214440821075,500
zyt,-45.291646542272346,76.70835345772765,500
hut,-35.66613995774792,66.33386004225207,500
duh,-94.27617196047709,67.72382803952291,500
vgj,-73.35212705273001,27.647872947269985,500
evm,-97.68885236143994,33.31114763856005,500
vdy,-51.846526925228396,50.153473074771604,500
nbs,-62.587478640809096,88.4125213591909,500
axh,-43.43760708460118,33.56239291539882,500
sfb,-2.1491048567346405,7.850895143265359,500
owk,-82.83413755495857,61.16586244504142,500
mmo,-50.57175602592091,90.4282439740791,500
suq,-10.709139072620086,90.29086092737991,500
cxm,-47.97390791712987,3.0260920828701297,500
yhu,-71.61411503701831,10.385884962981697,500
wlg,-3.2194752957769825,11.780524704223017,500
sqx,-50.24051032085147,31.75948967914853,500
ccj,-70.42924487198815,90.57075512801185,500
rpu,-70.35509538094837,57.64490461905163,500
rtq,-31.285079422683197,38.7149205773168,500
jhr,-58.001652818975266,55.998347181024734,500
dgb,-37.90086507775668,95.09913492224332,500
qpf,-35.8434196732149,12.1565803267851,500
kjz,-2.4817511845385782,11.518248815461423,500
wzg,-72.86980737580916,94.13019262419084,500
pbn,0.5259208703037676,85.52592087030376,500
lkz,-55.21487700317842,79.78512299682158,500
top,-75.08128237527174,71.91871762472826,500
oaz,-37.40983377031858,75.59016622968143,500
spv,-50.77579003727788,22.22420996272212,500
yik,-22.698969533677086,66.30103046632291,500
mrr,-24.370490568102984,6.629509431897015,500
zpl,-94.67591248201437,14.324087517985628,500
fli,-86.07039627552506,94.92960372447494,500
gym,-56.68175831078393,57.31824168921607,500
ehn,-63.39684334526702,42.60315665473298,500
jkq,-69.37141281434697,55.62858718565304,500
xwo,-82.66905648844157,51.330943511558424,500
tqj,-40.910407015925195,79.08959298407481,500
zcs,-35.16024835874693,46.83975164125307,500
vzg,-53.319317925855245,98.68068207414476,500
hss,-52.55086002384189,36.44913997615811,500
qle,-58.294638626134244,41.705361373865756,500
ifu,-47.46669301046007,79.53330698953992,500
jkj,-91.76244687058109,34.237553129418906,500
xln,-80.00356502752572,40.996434972474276,500
gac,-24.870387710816136,34.12961228918387,500
eqc,-32.162985377879025,7.837014622120973,500
huh,-11.812719290300944,91.18728070969905,500
tsv,-97.05379283279771,82.94620716720229,500
ndn,-2.5617831706646843,86.43821682933532,500
ehi,-9.394194452702875,23.605805547297127,500
ddf,-7.722192930142362,62.27780706985764,500
qgq,-72.4198187644762,87.5801812355238,500
otj,-27.946779332070623,98.05322066792938,500
atr,-55.112877239140644,82.88712276085936,500
aas,-81.78012440469911,71.21987559530089,500
xqn,-49.926536857698174,69.07346314230182,500
hnb,-30.036085691751975,86.96391430824802,500
htz,-58.437531319328365,63.562468680671635,500
pby,-57.1499383827734,69.8500616172266,500
bok,-11.32108279452917,12.67891720547083,500
kda,-27.026738663674568,26.973261336325432,500
cem,-40.277116900584836,0.7228830994151618,500
gnw,-74.49020378481107,76.50979621518893,500
duu,-96.28185465575054,98.71814534424946,500
vgm,-66.42854588315998,25.571454116840016,500
khk,-90.53684486015747,70.46315513984253,500
ava,-40.28788132162621,24.712118678373795,500
dnb,-12.370651369460983,20.629348630539017,500
aoe,-54.75938552100207,31.24061447899793,500
ghv,-43.471770468944015,82.52822953105598,500
tjr,-34.12395407096782,87.87604592903219,500
ojk,-0.41471215769341874,37.585287842306585,500
fvn,-85.7884852192117,75.2115147807883,500
cjt,-63.84927866622884,59.15072133377116,500
kak,-29.31153693922791,4.688463060772091,500
hoh,-4.180259095897515,49.81974090410249,500
gta,-58.08957207367425,85.91042792632575,500
fyx,-82.77043594888595,5.229564051114055,500
rey,-10.509487190757639,40.49051280924236,500
zwu,-65.40044738316396,89.59955261683604,500
jel,-0.7477453749058428,79.25225462509415,500
gio,-48.41538238984053,60.58461761015947,500
uyc,-28.322707847143068,92.67729215285694,500
wnt,-28.998354239937843,5.001645760062157,500
zbx,-6.29604184025785,55.70395815974215,500
stb,-45.75033741387823,85.24966258612177,500
bms,-12.739990223959529,90.26000977604048,500
ayk,-81.50058268179869,42.49941731820131,500
mog,-92.39404323313784,36.605956766862164,500
jbh,0.845903809501855,91.84590380950185,500
tys,-31.029648588561148,22.970351411438852,500
evu,-49.69638151426459,77.30361848573541,500
sqh,-17.090842713730222,39.909157286269775,500
mpq,-34.222197843689614,45.777802156310386,500
vmx,-77.3879058699629,84.6120941300371,500
gsp,-19.832214410471078,32.16778558952892,500
nxf,-84.60210502815627,86.39789497184373,500
svo,-42.06376822549481,50.93623177450519,500
axq,-72.85038252727391,70.14961747272609,500
lxs,-40.120531218927205,56.879468781072795,500
iuf,-93.33785699636763,49.66214300363236,500
nlh,-16.250244106645802,46.7497558933542,500
gjv,-97.47511009869372,25.524889901306278,500
enf,-14.675060040630019,40.32493995936998,500
ioy,-1.84151723004792,50.15848276995208,500
kro,-3.830743968091201,30.169256031908798,500
glp,-97.8605560127897,59.139443987210306,500
ans,-6.157245791228225,61.84275420877177,500
zsl,-72.46357472955738,75.53642527044262,500
ngd,-4.074028569384986,14.925971430615014,500
mpk,-27.141988497932605,53.8580115020674,500
qny,-60.36901508053783,47.63098491946217,500
smi,-56.345485835616195,19.654514164383805,500
txp,-70.70223575417997,35.29776424582003,500
wil,-7.1266086729423375,53.87339132705766,500
eop,-59.01503892505617,3.984961074943832,500
eqw,-92.68414974030931,62.315850259690684,500
kvt,-5.23914571392327,9.760854286076729,500
ymh,-88.64136473294796,34.358635267052044,500
aur,-6.64629425460482,79.35370574539517,500
fhs,-75.10994439211248,93.89005560788752,500
hkw,-33.6558429695946,19.3441570304054,500
lsj,-60.00733533474694,97.99266466525306,500
xkd,-62.83498144596017,1.1650185540398297,500
pqs,-65.0885454481739,47.911454551826104,500
pmq,-93.48153195568938,11.518468044310618,500
pgq,-29.36312165193461,29.63687834806539,500
gux,-52.08748948782682,23.912510512173178,500
lqg,-65.49542696404458,3.5045730359554237,500
vge,-88.1680761943044,82.8319238056956,500
jaj,-89.89578898840435,0.1042110115956556,500
rcq,-55.535383729115225,37.464616270884775,500
pjf,-2.5709795578226817,2.4290204421773183,500
nrv,-9.40351671967987,14.59648328032013,500
odh,-65.98149136263486,3.018508637365146,500
gst,-56.06605769731916,66.93394230268083,500
glt,-65.19338393672159,62.80661606327841,500
odw,-7.922043241803389,26.07795675819661,500
ydi,-57.951958867025134,38.048041132974866,500
ggq,-83.83535332360344,62.16464667639656,500
zze,-25.811673867350148,5.188326132649851,500
svc,0.9980840467396632,42.99808404673966,500
hoz,-7.322649296209371,68.67735070379062,500
rqz,-20.231194261246184,75.76880573875381,500
vpy,-79.43392140714666,20.566078592853337,500
uny,-10.853452449567467,39.14654755043253,500
pdc,-58.597674032500045,64.40232596749996,500
gkw,-0.5092600843137228,0.4907399156862772,500
ygm,-11.811672544988424,30.188327455011578,500
tpj,-75.33699379315506,11.663006206844942,500
hws,-4.9111316392035755,43.088868360796425,500
pcm,-39.418139065794904,46.581860934205096,500
oix,-44.35567430723158,68.64432569276842,500
rom,-43.69245556033729,61.30754443966271,500
atb,-37.203658831193664,55.796341168806336,500
twn,-17.508716722511753,22.491283277488247,500
uvf,-34.86591644412266,41.13408355587734,500
wye,-95.65393426968633,94.34606573031367,500
lje,-69.79950908921005,63.20049091078996,500
hhk,-86.30913842069555,96.69086157930445,500
slq,-30.891005004109797,92.1089949958902,500
gva,-19.71529736058497,16.28470263941503,500
xke,-82.84390812129384,12.15609187870616,500
gic,-11.17384694862857,59.82615305137143,500
sxf,-22.65514447810941,22.34485552189059,500
dqp,-47.40925397830396,96.59074602169603,500
aho,-3.454816374249104,34.545183625750894,500
wyv,-50.17817842274016,63.82182157725984,500
ctp,-42.64008794772312,63.35991205227688,500
kjs,-62.39053199316939,43.60946800683061,500
rbo,-76.4626213990559,54.537378600944095,500
tey,-9.285637904427915,89.71436209557208,500
zzf,-68.74444098594284,98.25555901405716,500
qxx,-37.56528093071869,69.4347190692813,500
gil,-76.6770288236974,7.322971176302609,500
pxu,-70.10082887925186,22.89917112074813,500
oqx,-52.32179773422863,98.67820226577136,500
nds,-57.470633385750055,42.529366614249945,500
xvq,-75.00664449456453,53.993355505435474,500
wgm,-80.01868025394309,56.98131974605691,500
bfu,-76.98964285815997,88.01035714184003,500
vfz,-43.56499235527986,21.43500764472014,500
plb,-12.989203359808595,94.0107966401914,500
fmk,0.6429049901798513,72.64290499017986,500
aek,-55.173434979690754,33.826565020309246,500
bsn,-13.943397954180025,6.056602045819974,500
hzu,-81.6256098806477,97.3743901193523,500
its,-63.831368966648,58.168631033352,500
mgs,-44.922198026141885,33.077801973858115,500
bwc,-5.303582934090858,4.696417065909142,500
fel,0.02819119875313547,51.028191198753134,500
rbs,-69.88434589591478,83.11565410408522,500
ngl,-10.112139746402953,92.88786025359705,500
pqb,-42.17158676953217,25.82841323046783,500
mqc,-17.128527516185326,39.87147248381468,500
sff,-21.111484659749518,23.888515340250482,500
pgc,-3.54048282357536,85.45951717642464,500
yfe,-72.88603217372138,83.11396782627862,500
pyf,-13.391153008906336,20.608846991093664,500
slc,-47.17357276972579,60.82642723027421,500
noa,-70.81244215586214,74.18755784413786,500
jqu,-2.6446284802450224,41.355371519754975,500
sfc,-58.27548466573749,87.72451533426252,500
lke,-9.525782198655596,7.474217801344403,500
lmu,-11.789898546122439,26.210101453877563,500
afe,-49.935301400003894,42.064698599996106,500
abl,-28.281928037979803,48.7180719620202,500
bxp,-45.71929022003024,47.28070977996976,500
xjv,-49.038341184068805,70.96165881593119,500
lfy,-7.211203885351464,21.788796114648534,500
nmj,-67.32784095514644,56.672159044853565,500
xav,-27.08916623858072,18.91083376141928,500
oxw,-14.03805510220229,65.96194489779771,500
xkc,-37.72862989564453,2.271370104355469,500
evc,-43.661442825689804,38.338557174310196,500
uue,-79.83249085899453,85.16750914100547,500
fsu,-88.2201333655897,90.7798666344103,500
imj,-46.66945883893496,27.33054116106504,500
ttv,-76.97426380125636,12.02573619874364,500
ipg,-3.3468878660452153,77.65311213395478,500
fyc,-68.5935061963983,23.406493803601705,500
vtj,-74.49822213687257,42.50177786312743,500
smf,-78.88938772058034,59.11061227941966,500
vka,-82.29570115504005,75.70429884495995,500
ymo,-2.1082313282748464,8.891768671725153,500
bla,-4.832072168310991,2.1679278316890085,500
cyx,-33.5308327527646,59.4691672472354,500
thi,-52.02061961128222,58.97938038871778,500
llb,-47.225466481206794,12.774533518793206,500
jhx,0.16533603172182898,22.16533603172183,500
tei,-82.95119281750371,44.04880718249628,500
azz,-27.91777132976563,14.08222867023437,500
car,-23.317205097107742,16.682794902892258,500
qgf,-66.63403005082718,40.365969949172815,500
lrt,-38.98563381517675,27.014366184823253,500
maj,-70.84060496297708,83.15939503702292,500
viy,-10.288088379529139,47.711911620470865,500
kfr,-85.2367044509474,77.7632955490526,500
rns,-97.52635680434626,57.473643195653736,500
iux,-56.43929791037643,58.56070208962357,500
uly,-88.2775456387985,30.722454361201496,500
pne,-22.604265085923142,13.395734914076856,500
jjt,-24.55191554303456,63.44808445696544,500
dlj,-54.03252770608961,23.96747229391039,500
vop,-77.6549997971063,38.3450002028937,500
srr,0.22460077436443127,86.22460077436443,500
dhe,-77.93673444143786,46.06326555856213,500
wwp,-42.01314193098026,69.98685806901973,500
pzn,-97.68724286461287,90.31275713538713,500
scm,-81.74946054473858,54.250539455261425,500
bdw,-48.781114164082915,41.218885835917085,500
tgg,-95.24490244839238,40.75509755160762,500
epw,-25.708264243189767,9.291735756810233,500
tek,-30.166102218280173,78.83389778171983,500
bnc,-54.12189747921529,98.87810252078471,500
wcw,-92.74373595560334,63.25626404439666,500
rfx,-79.41462827875607,5.585371721243932,500
nkl,-61.53027924615189,17.469720753848108,500
ddh,-17.106086649454713,54.89391335054529,500
drc,-27.175151825335444,76.82484817466455,500
noa,-83.86798845720628,86.13201154279372,500
tox,-35.281022086851486,13.718977913148517,500
ufm,-34.699376590983114,84.3006234090169,500
gmd,-68.67792668691962,96.32207331308038,500
nrp,-15.02154803970693,70.97845196029307,500
gsf,-45.75193801339787,38.24806198660213,500
cjn,-73.9983568752802,73.0016431247198,500
ips,-42.993656331734684,81.00634366826532,500
elx,-76.40626140381174,50.59373859618826,500
kvf,-63.15421591230625,88.84578408769376,500
iis,-19.11108430993066,4.8889156900693385,500
idt,-77.64641854309019,56.353581456909815,500
hdt,-42.69720409397349,28.30279590602651,500
fgf,-72.16946044885138,23.830539551148618,500
gee,-14.075577127519734,94.92442287248026,500
shd,-29.86628850504977,77.13371149495023,500
pkc,-29.791628393313538,14.20837160668646,500
jal,-41.56191807280665,93.43808192719335,500
wsa,-56.50104554802312,46.49895445197688,500
lfy,-50.341260188544595,23.658739811455405,500
pel,-5.766501731776337,69.23349826822366,500
igv,-60.504827479528544,16.495172520471456,500
ozm,-91.56619480647014,80.43380519352986,500
bfl,-82.0047358356546,37.9952641643454,500
rkk,-8.469965252863581,66.53003474713641,500
fex,-9.789418011061372,45.21058198893863,500
oxk,-95.084417479121,14.915582520879004,500
bcu,-45.44967982787231,36.55032017212769,500
dli,-58.7230777367883,57.2769222632117,500
yne,-89.79057928334002,15.209420716659972,500
wrw,-55.20898649066736,57.79101350933264,500
qug,-28.64604579270377,35.353954207296226,500
otl,-76.35708544593737,24.642914554062628,500
kte,-37.542284350843474,21.45771564915653,500
jxe,-30.83836298361137,80.16163701638864,500
alh,-44.110535385190225,55.889464614809775,500
azj,-28.370551647499536,4.6294483525004635,500
lvm,-25.394766511874916,40.60523348812508,500
wkx,-74.95860768356887,16.04139231643113,500
vke,-36.90790265028754,23.09209734971246,500
fvi,-70.32886209918944,32.671137900810564,500
gfi,-74.94594002295914,2.054059977040872,500
ghk,-55.64791513760271,41.35208486239729,500
imc,-64.19597151583932,31.804028484160682,500
fau,-60.96181780668439,61.03818219331561,500
qpf,-31.132347579964872,24.867652420035128,500
vob,-89.28822244289263,30.71177755710737,500
lyy,-74.25679609348407,1.743203906515924,500
lcu,-47.663976981750004,80.33602301825,500
cjs,-22.27741667777916,20.72258332222084,500
olw,-14.241432567153671,74.75856743284633,500
fxg,-2.2141760844943335,81.78582391550566,500
khk,-65.3488588405492,81.6511411594508,500
sig,-45.560868475199705,2.4391315248002936,500
wki,-80.27782670460252,79.72217329539748,500
nkb,-53.15554343271526,62.84445656728474,500
cfv,-47.4919111697742,33.5080888302258,500
abo,-6.860440608281678,24.139559391718322,500
zsj,-82.11691934079303,82.88308065920697,500
bwn,-37.66508635905424,69.33491364094576,500
ikz,-48.04303362274691,31.956966377253092,500
tlq,-56.68232697485644,50.31767302514356,500
rbw,-91.6927591962352,25.307240803764802,500
zhu,-33.70846046235275,36.29153953764725,500
yxf,-76.35412179707514,56.64587820292486,500
xdq,-3.833450568754926,84.16654943124507,500
chl,-28.874558280507024,70.12544171949298,500
jcz,-37.49975393848388,50.50024606151612,500
bqc,-78.88854703624388,37.11145296375612,500
pvc,-82.45610529767565,22.543894702324348,500
wbq,-61.33196828252272,58.66803171747728,500
okh,-20.91311902749643,28.08688097250357,500
vqh,-38.85207068746301,78.14792931253699,500
fxn,-93.80833158462889,67.19166841537111,500
fsr,-6.473694081488171,75.52630591851182,500
pws,-20.23763782812034,6.7623621718796585,500
gac,-63.66741231639926,12.332587683600744,500
wpa,-50.84333455342666,15.156665446573342,500
dhu,-23.08442720267475,62.915572797325254,500
zii,-87.36336581920119,31.6366341807988,500
tjk,-41.571734989651695,81.4282650103483,500
fjj,-90.97945622464893,66.02054377535107,500
iot,-33.7822695075308,43.2177304924692,500
jbn,-17.527317205277907,22.472682794722093,500
kzu,-30.60038751135249,17.39961248864751,500
sdv,-63.4813758611801,0.5186241388199,500
iqp,-78.9371405316806,25.0628594683194,500
vgm,-1.5556810604804632,44.44431893951953,500
pxv,-58.657455915162544,92.34254408483746,500
uax,-54.99908249288049,72.00091750711951,500
oah,-52.285463743338696,32.714536256661304,500
mle,-70.4965543384139,8.503445661586092,500
bqz,-97.02253744842871,0.9774625515712981,500
noc,-14.263530829740326,36.736469170259674,500
oxi,-6.128690453536084,64.87130954646392,500
aub,-29.782876173404624,82.21712382659538,500
tga,-75.29805884488941,9.701941155110596,500
pmp,-43.89680125036683,72.10319874963318,500
qny,-22.90440101700415,6.095598982995848,500
xfj,-27.076782820423475,40.923217179576525,500
wej,-97.67017416809531,43.32982583190468,500
xvq,-22.14543445102722,77.85456554897279,500
yuk,-52.01101757734427,65.98898242265574,500
gfi,-80.28842809988707,74.71157190011293,500
czh,-65.33879190894633,16.66120809105366,500
wjq,-63.75730985002102,66.24269014997898,500
jbw,-70.99205928173104,8.007940718268953,500
rbt,-1.6715206670111364,41.32847933298886,500
wqg,-69.5972206613414,83.4027793386586,500
bsd,-7.909206858859289,5.090793141140711,500
psi,-69.1318615984879,43.86813840151209,500
eil,-75.94862791911083,37.05137208088917,500
fyz,-23.782834497997662,77.21716550200233,500
kxo,-15.903116573944573,31.096883426055427,500
uay,-24.20143081201819,21.79856918798181,500
sxy,-86.80727958496533,74.19272041503467,500
xcm,-93.44794454671157,49.55205545328843,500
vme,-79.4440188168958,74.5559811831042,500
opb,-85.99530795001164,78.00469204998836,500
ssp,-12.451228189996511,51.54877181000349,500
swa,-40.49018390990583,6.509816090094166,500
pik,-51.351511341738664,65.64848865826133,500
vfs,-63.052337053239214,48.947662946760786,500
kxd,-87.86515975950344,63.13484024049656,500
dai,-48.15725917623411,32.84274082376589,500
ncs,-12.388697962872286,88.61130203712771,500
brz,-54.88998223976285,13.110017760237149,500
zji,-15.754323310019048,15.245676689980952,500
ell,-53.55550056921902,29.444499430780983,500
khl,-18.56261688768326,93.43738311231674,500
vel,-35.46201068985811,53.53798931014189,500
lme,-0.1369225423448054,43.863077457655194,500
lae,-56.98490959506016,54.01509040493984,500
qfe,-89.82225383993348,6.177746160066518,500
hki,-2.7794187175689657,13.220581282431034,500
kld,-82.65101818891422,21.34898181108577,500
kwz,-43.01258950234255,71.98741049765745,500
gah,-79.83069795706841,39.16930204293159,500
gor,-75.16586821459279,1.834131785407203,500
vsx,-71.17881983220512,37.821180167794886,500
clg,-73.90371506498975,73.09628493501025,500
vth,-13.767319215188177,20.232680784811823,500
ulx,-96.78469371882017,39.215306281179835,500
uxy,-66.43467548307436,5.565324516925641,500
ctk,-45.228716858483956,61.771283141516044,500
rae,-22.547388917172903,16.452611082827097,500
clm,-80.04096931506919,76.95903068493081,500
aci,-23.36806283235911,5.631937167640888,500
uqu,-34.38240300142028,30.61759699857972,500
ctc,-30.273197880425432,22.726802119574568,500
ytm,-83.46540633560295,44.53459366439705,500
kop,-47.297632594105956,88.70236740589404,500
jlw,-77.30655093740194,52.69344906259806,500
hwe,-26.83530071063169,7.164699289368312,500
wep,-39.92435581830486,66.07564418169514,500
mmb,-24.210635159039796,54.789364840960204,500
qer,-64.59404486509926,39.405955134900736,500
tnc,-11.242138986789877,18.75786101321012,500
dar,-14.874358077366047,49.12564192263395,500
ufb,-28.18155665852607,17.81844334147393,500
oni,-22.52850805195415,66.47149194804585,500
fjg,-20.970161266876158,85.02983873312384,500
wvo,-80.49728725994943,54.50271274005057,500
ygj,-70.68516175807247,54.314838241927525,500
ujy,-52.4242409963132,57.5757590036868,500
bsu,-23.26180079550246,87.73819920449755,500
xjl,-96.61707457129305,67.38292542870695,500
bog,-23.10986805307814,64.89013194692185,500
azk,-9.176888135298752,8.823111864701248,500
cqr,-19.748795620694388,49.25120437930561,500
qoh,-12.080828222289306,54.919171777710694,500
rxs,-42.677520259419055,3.3224797405809485,500
rtf,-65.6504535339311,80.3495464660689,500
rgi,-76.76833087767255,82.23166912232745,500
rmr,0.206798598567846,12.206798598567847,500
lwy,-46.775828737174805,18.22417126282519,500
qdq,-74.402623069601,58.597376930398994,500
ozt,-61.764731859946586,59.235268140053414,500
qyd,-27.18222410738902,43.81777589261098,500
qee,-41.7972912672273,70.2027087327727,500
tqi,-65.94895141054157,6.051048589458427,500
uhw,-93.89587291922994,39.10412708077005,500
qfx,-48.92945650703077,32.07054349296923,500
mmm,-15.562070883620883,98.43792911637911,500
dlo,-48.066034622583665,6.933965377416332,500
fcm,-45.17427250388532,8.825727496114684,500
urk,-0.6819169490060976,76.3180830509939,500
djd,-68.05828644353652,2.941713556463488,500
ldv,0.0348425427838418,15.034842542783842,500
mkl,-65.30505195643832,8.69494804356168,500
rwf,-2.5728818225942547,56.427118177405745,500
ajc,-31.253504430371034,79.74649556962896,500
lrd,-90.92158634855616,14.078413651443846,500
fzn,-72.71329223651995,64.28670776348005,500
tsb,-21.566533767542918,39.433466232457086,500
xey,-53.26182584162261,45.73817415837739,500
ond,-21.694282440223922,43.30571755977608,500
sct,-89.32735621492513,15.672643785074875,500
pbf,-95.88661205353658,81.11338794646342,500
xfo,-58.36359978797877,83.63640021202123,500
eem,-24.81303399773099,25.18696600226901,500
vkj,-45.48074764791333,51.51925235208667,500
axy,-15.281232977420533,38.71876702257947,500
yfz,-22.45056524308308,34.549434756916924,500
vpr,-35.76227394733001,12.237726052669988,500
yed,-73.6348366982777,0.36516330172230027,500
urj,-84.62695211268613,68.37304788731387,500
awg,-61.282261888924545,64.71773811107546,500
pzj,-69.84427026210025,63.15572973789975,500
tll,-30.74073925349822,23.25926074650178,500
wqx,-17.29987485301134,67.70012514698867,500
yek,-21.951057281897334,91.04894271810267,500
zlp,-96.84292973493271,94.15707026506729,500
irz,-52.210368125228044,54.789631874771956,500
qhk,-83.87349800246093,92.12650199753907,500
fqk,-47.13343944042722,86.86656055957278,500
tgo,-73.99986205581996,67.00013794418004,500
wmv,-33.88086872638164,83.11913127361835,500
plf,-49.67016231386517,58.32983768613483,500
sti,-50.252768188138674,17.74723181186133,500
fxn,-45.734142730945244,90.26585726905475,500
tdl,-74.32938090649657,54.67061909350344,500
jan,-48.75491945924419,39.24508054075581,500
wye,-8.609136902331786,54.390863097668216,500
nha,-60.19470417954365,81.80529582045635,500
ems,-82.46244693694354,39.537553063056464,500
euh,-18.808623199498058,20.191376800501942,500
sar,-12.01185042245805,51.988149577541954,500
dli,-85.58039812869153,50.41960187130848,500
edy,-64.53578862079254,61.464211379207455,500
wtf,-92.54933461751217,67.45066538248783,500
tdt,-15.76815711074102,98.23184288925898,500
kvh,-38.78401031696193,92.21598968303807,500
vig,-5.828570552888984,51.17142944711102,500
ptd,-0.06799241248350063,26.932007587516498,500
twr,-43.4310620875782,0.568937912421804,500
mnv,-9.864828290253406,98.13517170974659,500
fkr,-33.70404803618352,40.29595196381648,500
wcw,-41.720140464755154,62.279859535244846,500
hno,-86.12580367563758,33.87419632436242,500
kqb,-67.01420885562068,78.98579114437932,500
wvr,-21.491820483416486,23.508179516583514,500
hhq,-35.43156758316032,79.56843241683968,500
vhs,-12.663751721159903,56.336248278840095,500
gta,-34.39549407116473,15.604505928835277,500
tkd,-36.033770959243576,76.96622904075643,500
sew,-39.69016273239496,47.30983726760504,500
txf,-38.53545094471446,12.464549055285538,500
gek,-51.9148793745255,34.0851206254745,500
nhu,-63.44291076210416,87.55708923789584,500
bel,-74.37275904739033,75.62724095260967,500
tem,-40.97279134406625,88.02720865593375,500
xbv,-5.18409605847022,8.81590394152978,500
smd,-90.17239126160261,80.82760873839739,500
wcb,-67.16951284546974,27.830487154530267,500
kqq,-13.789980325764917,93.21001967423508,500
tvz,-89.44601302106102,59.55398697893898,500
twj,-91.36170829917599,11.63829170082402,500
lii,-74.99344617084881,53.006553829151194,500
fcw,-32.07830894023706,32.92169105976294,500
ikc,-58.39358883194255,29.60641116805745,500
wne,-66.63625055877209,97.36374944122791,500
tdi,-41.03160244731805,65.96839755268195,500
jgs,-65.15045176051659,97.84954823948341,500
anp,-58.740011807337055,30.25998819266294,500
sgl,-11.702376807407258,15.297623192592742,500
qqz,-29.947470647859692,58.05252935214031,500
qsz,-79.35927844432027,94.64072155567973,500
imz,-56.31138480594323,19.688615194056773,500
due,-38.33220260339699,78.667797396603,500
syq,-95.34270971722574,43.65729028277425,500
cpg,-26.50482273652693,66.49517726347307,500
who,-38.03089618801217,5.969103811987829,500
cfb,-76.62057576748103,96.37942423251897,500
hcq,-55.45486824388709,76.54513175611291,500
lle,-23.748168869307065,1.2518311306929348,500
upv,-54.160363702578934,3.8396362974210665,500
ead,-29.59854334717656,79.40145665282344,500
ahk,-69.34266067408785,3.6573393259121416,500
qaj,-1.2174824596536054,55.7825175403464,500
tro,-7.61949731670724,51.38050268329276,500
otz,-59.59327395037302,16.406726049626986,500
yqc,-58.89797434706879,28.10202565293121,500
vou,-14.287993615737491,49.71200638426251,500
nly,-74.0903507191524,27.9096492808476,500
edx,-8.454680105333724,89.54531989466628,500
exi,-59.12183471250558,23.87816528749442,500
ndh,-92.79991244084304,42.20008755915695,500
ibi,-67.68983676346696,67.31016323653304,500
umb,-26.180909803559356,70.81909019644064,500
dek,-45.68836554800619,67.31163445199381,500
npx,-79.39031701261626,90.60968298738374,500
ujz,-28.78752025936722,75.21247974063279,500
skf,0.5382572939360055,47.538257293936006,500
fdu,-48.412929510307215,75.58707048969279,500
gln,-30.59068976269819,74.40931023730181,500
gff,-73.86458335984359,18.135416640156407,500
xnq,-74.38139741687611,30.61860258312388,500
tes,-31.056380635073797,47.9436193649262,500
vrk,-51.26233314211704,43.73766685788296,500
xsw,-75.84000321177754,28.159996788222454,500
iso,-79.18857211752871,0.8114278824712894,500
keb,-55.60919810017958,84.39080189982042,500
ofa,-32.40740075689962,70.59259924310038,500
pid,-88.90841405077558,96.09158594922442,500
emo,-94.29037529936417,61.70962470063583,500
vmj,-50.49634756319651,79.50365243680349,500
inf,-39.49631156181209,98.50368843818791,500
mxo,-33.92804708396704,67.07195291603297,500
pcw,-72.05363459931728,50.94636540068272,500
vpm,-69.77172520226553,32.228274797734464,500
sau,-71.94066783070647,16.05933216929352,500
yvs,-65.87381423717572,13.126185762824285,500
eqr,-79.07623625795298,93.92376374204702,500
vul,-85.62071161208027,54.37928838791972,500
hhe,-65.33255885380747,69.66744114619253,500
azp,-88.91999567524879,83.08000432475121,500
rxm,-2.8078169245020748,39.19218307549792,500
soy,-14.583363222572125,56.416636777427875,500
zob,-26.584338228707708,60.41566177129229,500
idv,-40.11796824808796,43.88203175191204,500
mxt,-57.45641233532025,29.54358766467975,500
vvd,-38.60820348009143,6.391796519908569,500
hvf,-73.52570213707588,85.47429786292412,500
iix,-46.38460725309202,93.61539274690799,500
bwc,-4.144250925675488,91.8557490743245,500
kxd,-25.62275422818108,42.37724577181892,500
wsp,-66.974882502408,47.02511749759201,500
znk,-42.539523274549154,89.46047672545085,500
fvp,-52.15357459810443,98.84642540189557,500
rup,-95.36921483131836,33.63078516868165,500
eqi,-38.35268528981833,30.64731471018167,500
ofq,-32.94820185016264,80.05179814983735,500
iff,-43.95647009046998,24.043529909530022,500
bee,-32.93276285190649,59.06723714809351,500
qlv,-6.511890042069764,27.488109957930238,500
xcq,-43.10565609852068,62.89434390147932,500
avq,-6.1239568408236185,88.87604315917638,500
atg,-73.40936850150835,43.59063149849164,500
qjk,-64.14592071495186,49.854079285048144,500
uce,-0.8351849327794144,31.164815067220587,500
txy,-64.75739554259694,60.24260445740306,500
vol,-5.086120912447917,10.913879087552083,500
mfz,-61.518665695091045,68.48133430490896,500
scw,-34.41806763133628,31.581932368663725,500
xqm,-42.4720992920782,45.5279007079218,500
yzh,-32.16928168071309,26.83071831928691,500
erk,-71.63146444239614,78.36853555760386,500
ras,-36.73683094318936,89.26316905681064,500
tvw,-76.68036393229042,78.31963606770958,500
ykk,-38.625505014151024,0.3744949858489759,500
shy,-0.7463520788551004,93.2536479211449,500
lmu,-83.43570864398805,54.56429135601196,500
yuy,-74.28754954761254,52.71245045238746,500
ugs,-58.946659692994736,72.05334030700526,500
ruk,-21.18546614167312,64.81453385832688,500
snk,-46.94099598938021,62.05900401061979,500
zzy,-53.75516918747051,36.24483081252949,500
wdh,-62.399549292294175,52.600450707705825,500
qaq,-31.051454848498054,29.948545151501946,500
uqd,-69.38406484631088,50.615935153689115,500
mzh,-12.809369531036793,80.1906304689632,500
elw,-64.02381890158507,79.97618109841493,500
zqc,-88.49142354293859,2.50857645706141,500
hbe,-39.06287468661223,72.93712531338777,500
qjp,-9.051567822422202,27.948432177577796,500
bwx,-10.761607059551858,81.23839294044814,500
dtu,-68.15262947332072,36.84737052667929,500
lmo,-67.56996832586158,12.430031674138423,500
ixv,-43.13995098082024,96.86004901917975,500
pxg,-3.4286787759672652,79.57132122403273,500
kco,-82.95959214696884,46.040407853031155,500
big,-69.73370923527878,3.2662907647212194,500
ffs,-35.358143287271986,28.641856712728014,500
pan,-45.302289479473785,61.697710520526215,500
epl,-46.87150810393693,25.128491896063068,500
hmx,-63.286028467286116,19.71397153271388,500
omg,-28.482820076337923,19.517179923662077,500
rzv,-92.76331459023629,36.23668540976371,500
oos,-15.908910988697619,19.091089011302383,500
wis,-91.08955509112579,12.91044490887421,500
dln,-58.748398264359544,32.251601735640456,500
mcr,-14.928194519460396,11.071805480539604,500
ntz,-13.59773226431975,75.40226773568025,500
ejn,-76.78347321531267,21.216526784687336,500
zns,-32.43326439678543,3.5667356032145685,500
drj,-17.867623729430456,64.13237627056955,500
uec,-60.16981633378682,63.83018366621318,500
bok,-88.95940467333304,47.04059532666697,500
vsi,-51.59289632725469,12.407103672745308,500
gmw,-43.93152408327618,23.06847591672382,500
ywb,-96.48142258962308,53.51857741037692,500
snd,-2.3905327581570663,16.609467241842935,500
gqw,-66.28992341476241,22.71007658523759,500
kha,-63.304339901448756,29.69566009855124,500
yrp,-24.395732439797296,6.604267560202703,500
rll,-46.351825299740106,23.648174700259894,500
sqj,-71.60373528016211,23.396264719837884,500
umg,-26.26183206364626,4.738167936353739,500
lci,-14.366207422921455,27.633792577078545,500
pyb,-91.00574091438871,1.9942590856112963,500
loa,-43.62648897772352,28.37351102227648,500
sgq,-32.380000110828085,41.619999889171915,500
lap,-63.95617236500452,37.04382763499548,500
zaa,-4.823962931037675,95.17603706896233,500
fzh,-21.92458244467032,32.07541755532968,500
ljl,-73.06731893768884,5.932681062311164,500
pxf,-47.22332583864414,49.77667416135586,500
ngp,-5.744022504096083,25.255977495903917,500
pur,-14.453729959595034,78.54627004040496,500
hbz,-87.88638770398754,77.11361229601246,500
fuv,-23.37848341622349,18.62151658377651,500
oke,-58.28115075764232,91.71884924235768,500
lol,-16.1514948703905,26.8485051296095,500
vik,-60.776343174911496,35.223656825088504,500
gsi,-18.98367482588335,55.01632517411665,500
ict,-60.92463041752863,31.075369582471367,500
ytn,-14.404063061191406,45.59593693880859,500
gjo,-3.0724091493443915,84.9275908506556,500
sye,-40.55698658405566,85.44301341594434,500
vvc,-20.950565490054654,94.04943450994534,500
elo,-39.88700461502076,14.112995384979245,500
cxf,-36.33148872670284,45.66851127329716,500
tft,-52.33156356146287,95.66843643853713,500
yid,-38.95698472020449,8.043015279795512,500
zdk,-0.1861357463873966,14.813864253612604,500
ppj,-94.67548623550427,0.324513764495729,500
vwg,-93.92974381434766,84.07025618565234,500
gck,-87.80669077417154,77.19330922582846,500
lqm,-12.893016141186159,5.106983858813841,500
gtq,-75.47252743925932,24.527472560740676,500
bnz,-17.4796943785064,86.5203056214936,500
itt,-4.038213513020848,79.96178648697915,500
wik,-14.523036885272107,91.4769631147279,500
fzx,-1.6285529861678887,60.37144701383211,500
qbd,-92.64595392296478,33.35404607703522,500
jcz,-65.63045928023544,61.36954071976455,500
mzb,-94.50447102535765,32.495528974642355,500
kxr,-18.876621818204754,3.1233781817952466,500
qku,-68.06465901818514,3.9353409818148606,500
vdb,-24.923431914020583,54.07656808597942,500
wgw,-94.17650132622829,59.8234986737717,500
upe,-53.47213460403044,91.52786539596957,500
twe,-57.13158668144121,51.86841331855879,500
sfi,-39.07008129496805,18.92991870503195,500
siy,-45.60053565724901,69.39946434275099,500
isy,-84.72186539648571,95.27813460351429,500
nmj,-21.882952465130398,65.1170475348696,500
cah,-41.89319156897099,37.10680843102901,500
nvj,-79.2233321680878,44.776667831912214,500
yax,-9.825712130657557,54.17428786934244,500
prp,-49.35535727611024,70.64464272388976,500
gcg,-54.355748960461476,92.64425103953852,500
kwk,-35.82167430704884,60.17832569295116,500
rhi,-8.210304141173316,33.78969585882668,500
ggd,-3.8375516459201107,53.16244835407989,500
yvq,-94.61613124881598,39.383868751184025,500
czu,-16.225322772062764,85.77467722793723,500
bmu,-14.189977968185996,76.810022031814,500
acn,-65.32352186758412,86.67647813241588,500
uoc,-62.21282714692978,48.78717285307022,500
afg,-22.340815752068448,90.65918424793155,500
pyx,-22.999687015509696,63.00031298449031,500
jxk,-5.569421010594734,15.430578989405266,500
upa,-95.67876668898467,67.32123331101533,500
sos,-74.51053100760359,4.4894689923964135,500
bot,-74.85185105236253,78.14814894763747,500
mqp,-39.07881401165719,47.92118598834281,500
azy,-75.64309746169899,92.35690253830101,500
nxn,-84.88892094977047,73.11107905022953,500
wgz,-5.7452557905376285,1.254744209462372,500
cqn,-0.5133651081186756,38.48663489188132,500
ffc,-71.71671989092289,90.28328010907711,500
gkx,0.9583897242688284,55.95838972426883,500
ohw,0.24998561254291596,18.249985612542915,500
ohr,-84.53788603703754,2.4621139629624667,500
mcd,-39.03768062199809,16.962319378001904,500
zoe,-31.32229539967042,96.67770460032958,500
ync,-85.41223961278003,38.58776038721997,500
cap,-43.30842677076163,40.69157322923837,500
rxw,-12.306730006257942,94.69326999374206,500
oya,-77.99820413792919,53.001795862070814,500
hco,-77.88024411382365,49.11975588617635,500
nwl,-48.28390496972589,15.716095030274108,500
ldy,-88.42765512157067,13.572344878429329,500
lfe,-80.38180067236354,18.618199327636457,500
feg,-70.8068213914302,1.1931786085697895,500
czj,-43.49405258097193,72.50594741902808,500
