kir,-57.02870408528944,35.97129591471056,500
kfs,-56.10159464437644,60.89840535562356,500
jgo,-75.3869927537765,68.6130072462235,500
abr,-92.77585090951746,90.22414909048254,500
yve,-19.355016160736458,93.64498383926355,500
lvv,-74.97674122790701,79.02325877209299,500
vde,-65.97823036138115,82.02176963861885,500
qdb,-28.6391911960786,73.3608088039214,500
gnp,-82.9870986234008,30.012901376599196,500
and,-30.08595763546382,41.91404236453618,500
xan,-16.4869880119956,18.5130119880044,500
wdn,-82.38988906017568,35.610110939824324,500
lmn,-60.22258653664614,34.77741346335386,500
ufu,-79.7923737351615,17.207626264838492,500
lli,-71.92594488520258,72.07405511479742,500
xhz,-77.89565701951457,80.10434298048543,500
twl,-67.01440025334945,45.98559974665054,500
nka,-78.17746212657147,39.82253787342853,500
rrj,-86.81083999180261,1.1891600081973963,500
vft,-75.08850499059592,27.911495009404074,500
irj,-61.88684204098638,27.113157959013623,500
xmf,-23.115139573850332,1.8848604261496675,500
qfd,-58.151353749212284,51.848646250787716,500
kqs,-44.727345854784794,17.27265414521521,500
vcx,-50.720185642541004,75.27981435745899,500
qtu,-65.02881863641045,56.971181363589544,500
rlu,-32.07620006860607,24.92379993139393,500
ecs,-52.73098923569185,26.26901076430815,500
wec,-26.35650630352858,77.64349369647142,500
qal,-41.671377883521394,85.32862211647861,500
myr,-20.260135446426045,5.739864553573957,500
hwm,-12.219692514248152,76.78030748575185,500
tdp,-19.801060475895174,72.19893952410483,500
vlo,-44.66831072333329,32.33168927666671,500
mhz,-47.854601625082786,59.145398374917214,500
hqh,-87.25673178085384,46.74326821914616,500
rou,-92.80877167714101,42.19122832285898,500
vvk,-8.538840659738439,13.461159340261561,500
eyg,-81.99729644171609,39.00270355828391,500
mod,-25.09362215387773,81.90637784612227,500
tsy,-74.22175983395452,25.778240166045475,500
bln,-73.05567648607595,76.94432351392405,500
fcg,-43.861797387510485,45.138202612489515,500
anq,-34.05635410542026,75.94364589457975,500
apn,-94.89646162578077,15.10353837421922,500
aqs,-6.651682531873669,67.34831746812633,500
xat,-64.5882782075255,53.411721792474495,500
szo,-8.73977381819986,60.26022618180014,500
hpp,-46.41617839618217,43.58382160381783,500
fbz,-16.196434818145658,47.803565181854346,500
yho,-70.38451369501733,42.61548630498266,500
nkq,-58.30079667692958,28.69920332307042,500
wpv,-53.118810577851995,62.881189422148005,500
mto,-18.344614465031512,63.65538553496849,500
koc,-8.120110518835038,35.87988948116496,500
oho,-40.367024808598266,82.63297519140174,500
gyz,-3.8907925601278093,36.10920743987219,500
jlx,-80.31647535576381,60.683524644236186,500
ows,-0.2601514294996945,59.73984857050031,500
hhj,-76.42425673702601,82.57574326297399,500
fws,-72.77103063045631,74.22896936954369,500
quh,-62.892001586665614,24.107998413334386,500
qoh,-27.195713495728562,77.80428650427145,500
pyd,-55.37982836670378,7.62017163329622,500
noj,-55.242995470385836,12.757004529614166,500
rpx,-75.22528552008097,82.77471447991903,500
wln,-21.258835161953265,33.741164838046735,500
mgc,-82.68933552914795,5.310664470852044,500
wif,-78.74579850112933,85.25420149887067,500
ejh,-73.98667329837714,12.013326701622862,500
qcl,-60.73498300486709,18.26501699513291,500
ydw,-17.840109906619883,59.15989009338011,500
tbe,0.09135163076166286,45.091351630761665,500
ffx,-68.22259023511236,83.77740976488764,500
fjv,-88.70417953655328,11.295820463446717,500
yyq,-48.33756544637647,91.66243455362353,500
aao,-72.1906590120895,22.809340987910502,500
mwd,-27.847642591836077,29.152357408163923,500
tqr,-74.42609093992165,75.57390906007835,500
jwe,-46.96932818696412,25.030671813035877,500
uay,-68.22570034318571,84.77429965681429,500
ykh,-22.214654889721267,74.78534511027874,500
qgf,-1.1555097375609304,53.844490262439066,500
lnz,-53.28908045617955,14.710919543820452,500
wgm,-27.242406027250233,8.757593972749765,500
vyd,-56.047987276825516,77.95201272317449,500
lqc,-81.37355500570531,32.62644499429469,500
bhp,-7.1040017294202675,38.89599827057973,500
ziw,-40.95743701317809,46.04256298682191,500
vhp,-81.91234936926377,40.08765063073624,500
yeu,-96.06885601063414,69.93114398936586,500
rti,-63.825523267880854,25.17447673211915,500
dwc,-27.409720875422078,87.59027912457792,500
tpk,-42.93116395519567,52.06883604480433,500
ads,-78.54635353180525,52.453646468194755,500
cww,-88.64134981261302,26.35865018738699,500
ibg,-97.85452367344905,32.14547632655095,500
olc,-10.484194042208648,71.51580595779136,500
syd,-32.920044827613054,81.07995517238695,500
htp,-15.88221579587739,95.11778420412261,500
auq,-33.992747050427745,29.007252949572255,500
hug,-60.47831028486489,9.521689715135107,500
bkn,-34.77902365334023,16.220976346659768,500
hys,-87.68184339060818,64.31815660939182,500
jer,-1.8335218692118582,35.16647813078814,500
gzp,-85.84809702287909,15.151902977120908,500
xjh,-9.460796010577297,1.5392039894227028,500
mwm,-17.649080665230862,31.350919334769138,500
hzd,-67.01061123462458,58.98938876537542,500
svf,-53.82601104722533,48.17398895277467,500
xdh,-54.62354916247333,17.376450837526665,500
gdv,-86.81632120144214,88.18367879855786,500
mbf,-72.56109301776345,21.438906982236546,500
ydo,-59.031372565795316,59.968627434204684,500
hgl,-81.90526730095357,29.09473269904644,500
hbm,-73.35012338975267,6.649876610247331,500
kfu,-76.08015286070778,27.919847139292216,500
ryk,-40.144786649041976,58.855213350958024,500
ltd,-84.97980434260778,93.02019565739222,500
arg,-20.998964628147693,54.0010353718523,500
xnn,-64.03934616483875,8.960653835161253,500
rug,-0.585501613099065,54.41449838690094,500
ich,-63.68832442972905,43.31167557027095,500
ryv,-57.578950818722454,72.42104918127754,500
paq,-57.50808050419498,93.49191949580502,500
wqg,-62.638011311856964,26.361988688143036,500
ifv,-62.58264223597096,1.4173577640290418,500
pmk,-19.60099716987357,20.39900283012643,500
kps,-25.834106416315542,27.165893583684458,500
jfm,0.43623255359434276,36.436232553594344,500
you,-18.642897167122115,72.35710283287789,500
uqy,-67.34499404364556,38.655005956354444,500
srl,-2.0224193368004904,48.97758066319951,500
wih,-88.10097089460238,40.89902910539761,500
hfg,-94.89155178630435,87.10844821369565,500
qfk,-41.37001029589503,95.62998970410497,500
rzt,-72.90121062663192,31.098789373368085,500
mgv,-37.61183375806849,51.38816624193151,500
sqe,-19.81006571853553,70.18993428146447,500
odj,-92.61485610112308,13.385143898876919,500
yfs,-87.48377694015255,92.51622305984745,500
ius,-76.93954943803473,36.06045056196526,500
cqr,-54.608479729408415,67.39152027059158,500
omj,-57.15109765900247,42.84890234099753,500
ger,-91.29300693614368,5.70699306385632,500
soz,-23.771972469218856,33.22802753078115,500
dlj,-27.937913884808186,93.06208611519182,500
kiy,-24.246430836276737,48.75356916372326,500
jgn,-85.83310454573791,60.1668954542621,500
bsd,-70.17353538871787,89.82646461128213,500
zls,-31.500849058429967,2.4991509415700337,500
wny,-54.097220379239474,38.902779620760526,500
fli,-59.17995226893623,33.82004773106377,500
cno,-55.308131215943725,14.691868784056277,500
dfx,-60.44969945379929,63.55030054620071,500
qqp,-48.573618606943796,82.4263813930562,500
efh,-84.01985711935653,16.980142880643463,500
wxt,-7.594493138442401,41.4055068615576,500
dgl,-29.62048983073055,46.37951016926945,500
kdg,-4.756879408008142,68.24312059199185,500
ejz,-91.14704580411261,39.85295419588739,500
nzm,-89.91046571939519,41.0895342806048,500
xxt,-2.607064508804374,65.39293549119563,500
ihu,-49.05805318673852,65.94194681326148,500
zly,-35.51323854521592,11.486761454784084,500
lqh,-3.4534908183086452,9.546509181691354,500
vfn,-7.2794357161986225,69.72056428380138,500
xad,-22.07711940727277,56.92288059272723,500
dwh,-23.481923686717067,95.51807631328293,500
moc,-42.883129360609686,36.116870639390314,500
mvj,-56.2050186361508,33.7949813638492,500
tmp,-77.93080158192168,13.069198418078312,500
sun,-79.79395664810463,94.20604335189537,500
zzq,-40.33768957352117,13.662310426478832,500
lni,-24.162992127543422,5.837007872456578,500
riy,-80.72627038613139,96.27372961386861,500
kgs,-43.782890627361155,71.21710937263884,500
oqc,-59.93195342163312,41.06804657836688,500
tar,-3.5609650594189324,96.43903494058107,500
tlk,-36.160014787323114,3.8399852126768836,500
cje,-77.22113106106347,79.77886893893653,500
qzq,-2.3581834266537958,5.641816573346205,500
jsm,-80.28987167122949,35.710128328770516,500
uav,-71.9683219867691,16.031678013230895,500
djy,-2.7399351327431964,49.2600648672568,500
twv,-39.68378273673894,49.31621726326106,500
wlb,-32.65746064083056,60.34253935916944,500
fya,-32.49891487501695,51.50108512498305,500
wxn,-25.285803674900734,33.714196325099266,500
swh,-64.56665703540058,17.433342964599415,500
xbq,-92.7232720050317,96.2767279949683,500
xqx,-35.26299107070045,3.737008929299551,500
vkl,-62.600402494141825,5.399597505858175,500
fwe,-42.87183969329847,22.12816030670153,500
qcp,-83.74064167814011,84.25935832185989,500
mnf,-60.968860233837724,72.03113976616228,500
rds,-55.549302977041776,33.450697022958224,500
pwv,-96.90197241599756,89.09802758400244,500
kli,-68.23222518130923,96.76777481869077,500
sbz,-33.73661819218817,54.26338180781183,500
zho,-20.68232034117744,70.31767965882256,500
frl,-77.17295850775139,60.82704149224861,500
vuk,-38.41661480042301,97.583385199577,500
hfc,-6.30242788768623,23.69757211231377,500
vfh,-61.579854874071586,8.420145125928416,500
khn,-50.23394599717872,16.76605400282128,500
vyc,-49.659379798552834,55.340620201447166,500
cvl,-14.77075784753145,94.22924215246854,500
zdv,-0.6332491433104284,33.36675085668957,500
jcv,-49.25732440451608,24.742675595483917,500
ndy,-94.06846160357644,68.93153839642356,500
xwu,-51.28419259129431,15.715807408705691,500
mgw,-25.473904665854953,59.52609533414505,500
ytb,-60.45695971003012,44.54304028996988,500
xfx,-68.48321602269179,48.5167839773082,500
ttv,-9.62663813489073,95.37336186510927,500
evm,-17.546261894408524,0.453738105591478,500
utn,-44.92728810077021,45.07271189922979,500
fhq,-55.510136098581654,4.489863901418344,500
wlb,-41.778482044902006,95.221517955098,500
iya,-52.41306723833417,84.58693276166584,500
loc,-35.408720471756375,17.591279528243625,500
jyr,-90.80705314257413,98.19294685742587,500
nav,-12.473349377226768,29.526650622773232,500
poh,-77.76162756348336,29.238372436516634,500
pte,-14.48478206279793,74.51521793720207,500
ytd,-36.76518533013848,50.23481466986152,500
fft,0.501967883912613,87.50196788391261,500
jpe,-63.778136726792255,86.22186327320775,500
iai,-52.57513004448267,90.42486995551734,500
gtb,-52.57459074630476,32.42540925369524,500
ima,-41.97139203351075,11.02860796648925,500
iqv,-58.86003196517124,79.13996803482875,500
fsi,-71.01771321107138,78.98228678892862,500
twr,-35.611198250078914,77.38880174992109,500
irq,-10.377959475930798,70.6220405240692,500
ryr,-54.510552030351896,27.489447969648104,500
bav,-32.96834037921692,20.031659620783078,500
fky,-27.887098150711044,27.112901849288956,500
pha,-23.614353189948645,41.385646810051355,500
qnw,-81.83543892300652,52.164561076993486,500
mao,-10.209302933054966,27.790697066945036,500
zle,-77.9544090297154,98.0455909702846,500
qnn,-70.31419760436631,49.685802395633694,500
kpj,-48.450097619825485,91.54990238017452,500
oqz,-30.814673163269152,73.18532683673085,500
ofe,-10.088143816163122,34.911856183836875,500
odw,-41.234494281958476,92.76550571804152,500
zka,-51.56039521844104,87.43960478155896,500
ehm,-47.817344486730505,88.1826555132695,500
boi,-24.69978203695598,60.30021796304402,500
lra,-60.689630268592815,21.310369731407185,500
blo,-13.384744872908216,89.61525512709179,500
cpb,-35.112259369942585,27.887740630057415,500
jqj,-3.606405449959186,28.393594550040813,500
ycn,-82.05505618716253,20.94494381283747,500
qro,-63.640542822839784,28.359457177160216,500
qhx,-24.54574441348651,51.45425558651349,500
aej,-71.58816394253543,48.41183605746457,500
tuw,-46.39002235685396,35.60997764314604,500
ebq,-75.04211823172861,33.957881768271385,500
lbf,-71.80529068898134,95.19470931101866,500
fmj,-39.88335814261154,72.11664185738846,500
cgw,-11.038928842304697,67.9610711576953,500
qlh,-59.24776356789617,91.75223643210383,500
gcl,-7.0693863637416685,85.93061363625833,500
nsr,-62.0148679406448,92.98513205935521,500
rkt,-40.159708613365055,32.840291386634945,500
qss,-53.88568609125749,7.114313908742512,500
uxz,-9.556035152924942,47.44396484707506,500
ktd,-0.049951532409308275,16.95004846759069,500
jon,-41.68347651260944,75.31652348739057,500
irz,-81.96465290811386,35.035347091886145,500
jwj,-27.615006751539717,68.38499324846028,500
xbd,-81.82546769349464,14.174532306505359,500
cvp,-59.006962407396855,77.99303759260314,500
yak,-36.95390119788705,80.04609880211295,500
bos,-31.564838770638737,67.43516122936127,500
frr,-41.11508635649381,57.88491364350619,500
bsp,-5.556394196917482,87.44360580308252,500
ntu,-58.86154927185293,74.13845072814706,500
axk,-90.52021109956334,64.47978890043666,500
bed,-13.100262397024695,18.899737602975307,500
cll,-64.11144926309032,72.88855073690968,500
tnc,-88.23727096416111,3.7627290358388845,500
vbx,-24.137236386672818,84.86276361332717,500
clh,-57.00583012245317,9.994169877546828,500
urh,-4.019099182249479,43.98090081775052,500
etv,-15.605462612227898,83.3945373877721,500
mpf,-76.65869302118172,66.34130697881828,500
haw,-96.8895040241046,92.1104959758954,500
dtd,-27.62634018373487,57.37365981626513,500
ipm,-15.547621283681956,72.45237871631805,500
dvb,-86.0743219614614,4.925678038538602,500
osq,-83.64446056278844,70.35553943721156,500
yjz,-49.86022750043855,66.13977249956146,500
icd,-64.35908964994717,4.640910350052837,500
azk,-64.36394409006319,97.63605590993681,500
hea,-54.64622366805872,2.353776331941286,500
nxr,-69.81752395718912,12.18247604281087,500
vuw,-34.44976499108947,82.55023500891053,500
mef,-39.660098515677,80.33990148432301,500
evl,-60.56133884268988,72.43866115731012,500
jlz,-47.94172577209937,19.058274227900633,500
oyw,-57.979649364739785,9.020350635260211,500
lni,-63.917969909468624,56.082030090531376,500
slv,-14.36355133987115,43.63644866012885,500
ilz,-96.45086440183398,32.54913559816601,500
lge,-80.98510377967759,18.01489622032242,500
cro,-65.7237180592946,26.276281940705402,500
xlu,-47.70672253449528,31.293277465504723,500
eeg,-9.271835004624647,85.72816499537535,500
ufj,-81.8735666866665,41.12643331333349,500
tpr,-34.80255332192824,38.19744667807176,500
vba,-84.48639603010622,82.51360396989378,500
cxd,-84.5362533342037,70.4637466657963,500
teh,-17.641824882103304,86.35817511789669,500
lbq,-88.59457921366754,86.40542078633246,500
zim,-47.827664729538036,17.17233527046196,500
dkv,-5.809786022243009,23.19021397775699,500
iyk,-59.19240926781039,5.8075907321896105,500
vre,-85.34808970842592,25.651910291574087,500
kpj,-91.77461248830697,72.22538751169303,500
gsl,-27.867427859693834,35.132572140306166,500
cpl,-30.39422753916255,47.60577246083745,500
ecm,-46.01278383106641,68.98721616893359,500
ugm,-69.97308860617191,36.026911393828094,500
xkw,-66.15085367748303,10.849146322516969,500
iek,-24.218768734309403,36.78123126569059,500
ztp,-84.32839542249064,1.671604577509357,500
fdv,-18.59656870512776,16.40343129487224,500
djn,-23.633432123289744,83.36656787671025,500
qmg,-61.20395353336247,52.79604646663753,500
byv,-54.11869039839559,80.8813096016044,500
krm,-48.23302433515565,24.766975664844352,500
ogc,-81.69628010929836,92.30371989070164,500
boh,-63.61319874855707,3.3868012514429315,500
fea,-11.827956699588698,38.1720433004113,500
alr,-72.29407318724968,41.70592681275032,500
jai,-28.829037907083382,92.17096209291661,500
bmj,-30.946529334333665,10.053470665666334,500
lma,-67.40902650631722,67.59097349368278,500
ekq,-75.15551364696103,18.844486353038974,500
fqg,-46.02553817358786,3.974461826412142,500
hqb,-49.18422305143399,58.81577694856601,500
jqt,-48.85217780244254,25.147822197557456,500
yjs,-18.794641397803037,63.20535860219696,500
sti,-96.43070089484188,57.569299105158116,500
avz,-28.170153128822022,28.829846871177978,500
nit,-83.22161286112262,69.77838713887738,500
vwb,-80.92675514060973,76.07324485939027,500
tih,-19.689079117672215,76.31092088232779,500
ube,-12.206885210328531,24.79311478967147,500
zuc,-18.403504386640304,1.5964956133596973,500
zbr,-15.349421256020634,87.65057874397937,500
xbz,-33.103242385753205,29.8967576142468,500
jea,-26.080506346087713,85.91949365391228,500
qys,-3.58800093665965,81.41199906334035,500
sjg,-27.90274834434161,52.09725165565839,500
kii,-49.64021190535886,13.359788094641143,500
nrn,-13.009321255383245,10.990678744616755,500
anm,-39.84602111630029,30.153978883699708,500
rop,-28.373142601578877,66.62685739842112,500
eux,-24.710084415863484,67.28991558413652,500
dhg,-55.607407625527955,86.39259237447204,500
kje,-45.81245908929447,96.18754091070554,500
ike,-67.44621302615785,1.5537869738421493,500
pom,-39.33684732579808,49.66315267420192,500
evl,-21.349761075222702,93.6502389247773,500
yzm,-52.94923120404429,11.050768795955713,500
wye,-41.88154224840367,24.118457751596328,500
kbj,-7.310876700042152,18.68912329995785,500
cjy,-43.4001563992341,37.5998436007659,500
zvi,-58.272792844943986,67.727207155056,500
awr,-72.40807541863867,47.59192458136133,500
faz,-23.092398816080294,9.907601183919708,500
pvp,-19.77074915209614,26.22925084790386,500
egu,-50.44581079393582,29.554189206064176,500
jgh,-63.11816108737898,27.88183891262102,500
peb,-78.91108918903022,82.08891081096978,500
nib,-52.73662504180656,87.26337495819344,500
yse,-65.43008234205799,58.56991765794202,500
umn,-21.729434838143614,92.27056516185638,500
gjg,-37.859137654559426,85.14086234544058,500
iwu,-17.23923387343789,68.76076612656212,500
yoh,-69.21120027771133,59.788799722288665,500
uqw,-83.91966501960437,68.08033498039563,500
avy,-65.34013862288612,61.659861377113884,500
gjr,-15.820514966415608,82.17948503358438,500
uss,0.09626479641908448,22.096264796419085,500
iis,-89.8283155292942,4.1716844707057925,500
rki,-56.828541896737704,80.1714581032623,500
zel,-90.97097067224259,63.029029327757414,500
wjz,-13.782959028436501,7.217040971563499,500
jmw,-0.5061786512444288,22.49382134875557,500
bui,-63.07299049042418,69.92700950957581,500
uvy,-95.89236523333766,39.10763476666234,500
zxc,-41.88793354738369,4.112066452616309,500
dju,-82.64126281131551,72.35873718868449,500
pkd,-2.7402881689850296,50.25971183101497,500
jus,-18.693775394657916,80.30622460534208,500
ddy,-89.7420190081034,12.25798099189661,500
zfl,-58.393634575772325,85.60636542422768,500
lgs,-63.52665690937483,31.473343090625168,500
vbm,-66.52426646644483,32.475733533555164,500
mck,-79.39587690614832,88.60412309385168,500
iyf,-88.14391466470562,36.856085335294374,500
cni,-94.41939670243629,53.58060329756371,500
pek,-96.79493536596763,35.20506463403237,500
nrp,-51.08194941203024,38.91805058796976,500
qfz,-51.83122484329971,84.16877515670029,500
dyf,-80.41918822511012,93.58081177488988,500
ymb,-89.60814583240281,67.39185416759719,500
foc,-7.00436257542786,97.99563742457214,500
tio,-36.88290077781223,30.117099222187765,500
imj,-54.91454220887501,24.08545779112499,500
rru,-17.41174581151683,53.58825418848317,500
rly,-14.32161736232473,88.67838263767527,500
rsl,-12.294504456433332,78.70549554356667,500
rkw,-68.2086340967764,3.7913659032236096,500
udi,-18.91620956780253,98.08379043219747,500
xml,-86.73200175194091,41.267998248059094,500
ggd,-26.389994818402588,12.610005181597414,500
qwg,-32.56373585057149,39.43626414942851,500
rsl,-93.58874262964385,7.41125737035615,500
rme,-36.03514079423588,81.96485920576411,500
kxw,-41.80430434342072,55.19569565657928,500
yaq,-16.81248397491915,90.18751602508085,500
qos,-54.04241148521512,50.95758851478488,500
mvl,-96.11501483351749,36.884985166482515,500
tuq,-61.840626369319864,54.159373630680136,500
rte,-28.439122459806736,17.560877540193264,500
vru,-48.46150634325939,47.53849365674061,500
bgo,-33.81395725345264,94.18604274654736,500
mat,-10.674128536914466,78.32587146308553,500
dwt,-11.907447639546495,77.09255236045351,500
xsv,-3.8588180850881524,34.14118191491185,500
ikl,-58.42740519010212,37.57259480989788,500
omm,-11.5026135674687,54.4973864325313,500
rdx,-92.40972399518684,48.59027600481316,500
veu,-58.53258641776306,27.467413582236937,500
yhl,-51.46349169478043,70.53650830521957,500
yjj,-68.1741216362901,41.825878363709904,500
qoy,-18.348389376733376,75.65161062326662,500
mro,-80.82345897579073,39.17654102420927,500
boi,-60.5689677211763,67.4310322788237,500
sxh,-88.89448457096712,55.10551542903287,500
ynw,-83.17014799501402,29.829852004985984,500
fej,-95.67168476506338,95.32831523493662,500
uoi,-47.8477128957987,5.152287104201302,500
cmk,-39.619981122532565,78.38001887746744,500
ykn,-18.20721164459904,1.7927883554009583,500
yna,-16.570910616424605,59.429089383575395,500
wbw,-39.206598332509856,10.793401667490143,500
sky,-79.44573543047156,38.55426456952845,500
hat,-88.45273220075418,36.547267799245816,500
fmx,-7.349483297564707,87.6505167024353,500
edm,-92.82388275561613,22.176117244383878,500
ywi,-95.8678386545051,12.132161345494886,500
uup,-31.02214545402652,16.97785454597348,500
pwi,-62.109131614001356,65.89086838599864,500
zyh,-22.921301039088082,51.078698960911915,500
rbb,-51.42358175505701,60.57641824494299,500
ijj,-97.29271168578236,45.70728831421763,500
gwz,-97.82805984511249,83.17194015488751,500
czz,-49.577542614571385,40.422457385428615,500
qlm,-70.77736434346208,84.22263565653792,500
uny,-38.080914481405685,0.9190855185943172,500
gvs,-57.99445496351071,1.0055450364892866,500
hzt,-67.96020043303271,17.03979956696729,500
mts,-72.97043842460268,79.02956157539732,500
bru,-41.05153417813948,12.948465821860522,500
hvj,-68.86905220224538,86.13094779775462,500
gjb,-40.36203194903688,82.63796805096312,500
iyn,-92.86179166749015,88.13820833250985,500
csb,-27.223487154749222,96.77651284525078,500
enc,-40.9977132220404,74.0022867779596,500
crd,-82.56569126961355,42.43430873038644,500
uxi,-84.6592520504586,3.340747949541392,500
rwk,-91.6760180143036,70.3239819856964,500
gvd,-2.6417634862867834,84.35823651371322,500
wxk,-55.55901632739848,32.44098367260152,500
xyn,-48.9899380055152,15.010061994484799,500
kmu,-64.66708086888156,20.33291913111844,500
qjg,-50.3324714121819,30.6675285878181,500
vcy,-74.58041302219229,8.419586977807716,500
eku,-93.8119975863906,27.188002413609397,500
lsp,-23.653817165170608,10.34618283482939,500
apd,-9.545601846279556,91.45439815372045,500
mql,-14.201164494159912,94.79883550584009,500
slt,-59.06145854870878,96.93854145129123,500
epb,-26.701000014108875,83.29899998589113,500
mde,-64.00254249538362,97.99745750461638,500
izg,-54.239820710097135,80.76017928990287,500
vjn,-34.2561695620948,93.7438304379052,500
dor,-3.2417682596230533,3.7582317403769467,500
iin,-19.305077477428394,87.6949225225716,500
ajv,-89.41098563723696,11.589014362763036,500
gnp,-10.846868703962462,40.153131296037536,500
imx,-63.611510489037684,24.388489510962316,500
whh,-3.051879054979281,3.948120945020719,500
trg,-57.49624150023963,94.50375849976037,500
tsf,-71.76530134188916,28.23469865811084,500
lqs,-2.6663368294699037,29.333663170530095,500
qtu,-56.409425723695925,49.590574276304075,500
dff,-34.86831834528588,95.13168165471413,500
zbq,-18.0203116788896,66.9796883211104,500
vxu,-91.62883762432918,51.37116237567082,500
asy,-76.51141933340963,66.48858066659037,500
ysn,-9.604064846417433,8.395935153582567,500
mqs,-69.58153412677397,61.418465873226026,500
pca,-89.47795988269183,30.522040117308162,500
cns,-18.361557865137495,63.6384421348625,500
fqq,-44.815194508706064,11.184805491293934,500
ruj,-61.15765406364735,61.84234593635265,500
htm,-84.54061080960275,88.45938919039725,500
ewn,-71.47231403407578,35.52768596592421,500
ivc,-54.374924657749204,79.6250753422508,500
dml,-95.52839847637415,96.47160152362585,500
btn,-16.823581247787125,40.176418752212875,500
fza,-63.83884103132022,42.16115896867978,500
oyp,-0.19607673555127492,52.80392326444873,500
vzz,-60.24348802084439,7.756511979155614,500
tll,-82.04099590849688,21.959004091503118,500
asw,-96.72159344254382,30.27840655745618,500
icr,-93.81147426499392,38.18852573500608,500
pkf,-87.44762333200804,77.55237666799196,500
ytg,-23.37507096631104,11.624929033688959,500
ybx,-21.155276066282074,98.84472393371793,500
pkl,-47.25141954710362,23.748580452896373,500
yxe,-64.69623734009934,31.303762659900656,500
unl,-18.97516698384147,65.02483301615852,500
vcj,-61.16897907616057,93.83102092383943,500
jfo,-71.2609943564874,12.739005643512591,500
awj,-42.031658042247294,28.968341957752706,500
mdz,-46.01197525584595,21.988024744154053,500
xdd,-52.58253871032426,76.41746128967574,500
wbf,-60.085675607019,3.914324392981003,500
jiz,-85.63943895040086,98.36056104959914,500
tpm,-75.46300596129244,76.53699403870756,500
ijq,-48.230446706146296,13.7695532938537,500
cnu,-32.69334599405627,58.30665400594373,500
oyx,-71.85222852054122,35.14777147945878,500
izi,-21.88067944710726,32.11932055289274,500
whs,-41.14826412572734,34.85173587427266,500
rkg,-9.733273104343237,5.266726895656763,500
nby,-63.11444719560202,25.885552804397985,500
cwc,-67.68306936699432,12.316930633005684,500
qos,-54.65082016849076,13.349179831509238,500
epv,-97.69076660959327,46.30923339040673,500
ahu,-43.32055827821686,18.67944172178314,500
xit,-0.4062949901950481,36.59370500980495,500
atv,-85.81201929100958,40.187980708990416,500
cua,-40.04502383338166,50.95497616661834,500
umq,-42.044774046376006,55.955225953623994,500
bin,-72.04864369370486,13.951356306295144,500
xbq,-91.0581672439072,15.941832756092788,500
yag,-74.2049803155059,6.795019684494092,500
dlg,-27.389916352138343,10.610083647861657,500
jde,-32.962100383146854,42.037899616853146,500
pwm,-31.626436487609624,78.37356351239038,500
vzv,-27.375126755763805,79.6248732442362,500
ohq,-10.072650511423403,44.927349488576596,500
lmm,-66.14089356284437,95.85910643715563,500
yel,-38.9285511707408,87.0714488292592,500
oqi,-3.998175753651336,46.00182424634866,500
okj,-77.68077122489056,39.319228775109444,500
owt,-37.576846042213056,47.423153957786944,500
zmk,-55.65304574200722,0.3469542579927799,500
bzp,-77.63581382553792,94.36418617446208,500
byd,-92.7794089115196,18.2205910884804,500
fdc,-27.659105107721793,90.34089489227821,500
jdx,-22.774108349926554,6.225891650073445,500
rcu,-16.741559832073104,84.25844016792689,500
cpy,-89.20190206225979,68.79809793774021,500
gfo,-33.070263401562144,21.929736598437852,500
tdc,-7.674515677542903,85.3254843224571,500
lxn,-74.79655448229053,7.203445517709473,500
zfp,0.7245741899895639,45.72457418998956,500
jjq,-35.951400660839596,74.0485993391604,500
jfm,-71.94180229574742,43.05819770425257,500
xwj,-42.52784938208538,29.472150617914618,500
mbv,-16.647219030636347,85.35278096936365,500
pts,-14.597443413699175,30.402556586300825,500
dce,-58.30870901190099,12.691290988099011,500
jbv,-97.20314986736516,42.796850132634844,500
yjd,-48.79565184788541,86.20434815211459,500
que,-61.04552779842931,31.954472201570688,500
miy,-31.503887659840366,52.496112340159634,500
teh,-37.63662799059718,49.36337200940282,500
esn,-38.11366473835932,6.88633526164068,500
mct,-62.11446953053663,85.88553046946338,500
cbb,-67.95173348032803,66.04826651967197,500
ora,-8.730187869412086,89.26981213058791,500
roi,-69.71895765607195,29.281042343928053,500
ijz,-12.486884930915986,78.51311506908401,500
zyh,-57.61006897402672,34.38993102597328,500
xzi,-0.11502728070956902,94.88497271929043,500
hno,-19.202782749625154,18.797217250374846,500
hpq,-66.77671016246919,56.22328983753081,500
cud,-89.13185226941508,13.868147730584926,500
jex,-6.0524185157216435,28.947581484278356,500
lwx,-11.160203059558148,59.83979694044185,500
fsi,-18.594914737897877,91.40508526210212,500
iqs,-75.90563079696298,0.09436920303702112,500
xzx,-83.00946222589964,65.99053777410036,500
xya,-93.47848405418866,40.521515945811345,500
fji,-91.44334696259912,70.55665303740088,500
agb,-82.50054243755899,61.49945756244101,500
imq,-24.60473574898604,21.39526425101396,500
gfs,-55.91804913266278,20.08195086733722,500
cxy,-62.91428384923145,65.08571615076855,500
qel,-84.1922668580463,62.80773314195371,500
kvo,-21.09786616072562,38.902133839274384,500
vxh,-52.90946005937142,48.09053994062858,500
utz,-7.981835884890174,2.0181641151098257,500
paf,-41.18376628363742,29.816233716362582,500
uhy,-58.46229665620883,39.53770334379117,500
ysp,-42.12496259999577,22.87503740000423,500
fof,-69.6024061259604,91.3975938740396,500
ghq,-10.223293989650356,86.77670601034964,500
ogj,-90.66320085086595,50.33679914913405,500
ukx,-56.309947464955094,86.6900525350449,500
tjw,-28.852716192916077,72.14728380708392,500
xzx,-74.69964235854714,32.30035764145286,500
eju,-41.340959341385435,76.65904065861457,500
age,-33.63251596932075,73.36748403067925,500
dmt,-37.375244223344374,86.62475577665563,500
niv,-64.15765259094907,98.84234740905093,500
lsd,-82.50322345387298,87.49677654612702,500
upr,-73.50963078987034,52.49036921012966,500
lgl,-16.307507956697837,61.69249204330216,500
oks,-76.76724609000905,70.23275390999095,500
ktc,-10.267166251549842,5.732833748450158,500
ald,-36.308563533722904,87.6914364662771,500
mzx,-49.14017630012081,29.859823699879193,500
atd,-5.739264105856281,20.260735894143718,500
sww,-73.72241056066092,91.27758943933908,500
fet,-87.17367742749013,94.82632257250987,500
gan,-15.193465605711946,78.80653439428805,500
uqi,-35.622584577860216,81.37741542213978,500
sqv,-57.074284482194855,4.9257155178051475,500
xuz,-61.73862249584812,45.26137750415188,500
qki,-60.396597062800154,98.60340293719985,500
gaz,-27.75243620062767,76.24756379937233,500
ash,-58.907040665032724,80.09295933496728,500
nga,-20.940355100050823,96.05964489994918,500
ful,-67.62182878181277,29.378171218187227,500
yqx,-26.402964160061405,78.5970358399386,500
bls,-93.78985533531548,84.21014466468452,500
uuo,-31.03233394870343,22.96766605129657,500
imo,-61.84387883690629,44.15612116309371,500
ieb,-17.479611561380743,35.52038843861926,500
bun,-25.615163137102623,93.38483686289737,500
prc,-27.97378844509425,23.02621155490575,500
ecf,-6.2006219036503545,46.79937809634965,500
pxh,-19.785416816573026,76.21458318342698,500
qxk,-73.53825626022731,24.461743739772686,500
goc,-17.021334568235016,75.97866543176498,500
zoh,-90.5864782535348,80.4135217464652,500
jhn,-12.1116473340257,53.8883526659743,500
fbw,-87.617225497888,2.3827745021119986,500
slt,-91.0032872087931,58.996712791206896,500
ovw,-49.390809072493454,68.60919092750655,500
xvx,-2.9402605331544978,28.059739466845503,500
ohd,-81.00285374777707,37.997146252222926,500
qea,-47.22097967819637,30.779020321803625,500
nqc,-11.63230482994485,91.36769517005516,500
ent,-59.32925747248407,43.67074252751593,500
bas,-2.795461024938815,75.20453897506118,500
adt,-19.33145946078605,35.66854053921395,500
btf,-8.205166105999817,57.794833894000185,500
mfn,-93.01747905026666,26.982520949733345,500
vqg,-5.134607201946187,91.86539279805382,500
avh,-93.48198536204697,61.51801463795303,500
erq,-0.7443173083711303,48.25568269162887,500
jpe,-18.06846283468191,95.93153716531809,500
tor,-29.264564192668573,19.735435807331427,500
nld,-50.10539837565377,63.89460162434623,500
vrf,-94.9923989377555,46.007601062244504,500
hmw,-71.43896694902075,6.561033050979247,500
mek,-74.69707462257216,31.302925377427837,500
iht,-44.72006373146303,65.27993626853697,500
qvf,-34.450001006114945,84.54999899388505,500
lfk,-22.144051271426786,44.85594872857321,500
zzo,-5.902886625462254,63.09711337453775,500
ymy,-48.55724236184045,80.44275763815955,500
wqq,-69.4739341090766,73.5260658909234,500
gam,-36.99216644807012,52.00783355192988,500
mmc,-74.66726603408759,94.33273396591241,500
hmo,-44.03857454332864,60.96142545667136,500
idg,-28.56562972017056,28.43437027982944,500
cun,-1.0768539712545535,85.92314602874545,500
cel,-86.20440647155672,23.795593528443277,500
axy,-77.22883700877891,46.77116299122109,500
rbk,-83.38549893170192,76.61450106829808,500
vkd,-55.83446967806389,89.1655303219361,500
deg,-11.619700244910854,55.38029975508915,500
npc,-78.6124201030111,18.387579896988896,500
asg,-54.996490307864526,12.003509692135474,500
srn,-32.44221726732472,48.55778273267528,500
zyj,-45.909987869491395,84.09001213050861,500
bxh,-14.48092345414925,75.51907654585075,500
tsc,-80.19716206885904,83.80283793114096,500
zeg,-73.37560120266876,10.624398797331239,500
dhr,-8.399558961524674,25.600441038475328,500
scc,-52.192615018054504,32.807384981945496,500
fez,-62.553655521150645,20.446344478849355,500
leu,-24.193452800457884,32.806547199542116,500
rtu,-16.441471857243577,51.55852814275642,500
jwv,-62.9107928485095,45.0892071514905,500
rwb,-37.0990368702939,22.900963129706103,500
osd,-42.79336923592111,30.206630764078888,500
pvj,-34.47448460341235,75.52551539658765,500
ytf,-74.59797532877843,57.40202467122156,500
nuu,-65.42367575334939,81.57632424665061,500
rsd,-53.006870716420806,25.993129283579194,500
kvc,-0.8080920330797018,10.191907966920299,500
iov,-73.70193601723554,38.298063982764454,500
pxy,-54.79302473190084,77.20697526809916,500
fjr,-42.972487854390394,52.027512145609606,500
wxi,-2.2520603499359027,24.747939650064097,500
zzy,-52.885897253743046,0.1141027462569566,500
hls,-23.069294225774733,47.93070577422527,500
olt,-35.563347629188556,80.43665237081144,500
djd,-50.24432545645858,47.75567454354142,500
ozo,-88.51785529881772,77.48214470118228,500
xdk,-71.9437124119445,35.05628758805549,500
kvj,-4.43131708378458,52.56868291621542,500
zro,-97.11640841037905,81.88359158962095,500
tob,-3.0750826992389695,84.92491730076102,500
zzk,-1.9725475574100364,71.02745244258996,500
gjs,-53.146427053849465,78.85357294615054,500
fqa,-61.63545018407773,23.364549815922267,500
uqv,-72.81240427819662,69.18759572180338,500
tcd,-64.59726766067868,31.40273233932132,500
tjk,-81.63806287386537,97.36193712613463,500
xgy,-52.72040880617767,96.27959119382233,500
zbn,-27.755284865637357,2.244715134362645,500
slh,-76.80704116674042,70.19295883325958,500
lxg,-44.03918687390568,44.96081312609432,500
dyl,-23.152647008206788,29.847352991793212,500
qke,-29.892190543196428,12.107809456803572,500
xgo,-35.94523790670672,10.054762093293276,500
gph,-93.67977187291203,49.32022812708797,500
haj,-42.1473740420592,7.852625957940804,500
puv,-62.19384271905434,71.80615728094567,500
xkv,-19.69763734695931,47.30236265304069,500
ysh,-93.44488665112127,17.555113348878738,500
qld,-39.53129705393653,78.46870294606347,500
wod,-33.8229094708436,24.1770905291564,500
zcq,-72.27492174054987,11.725078259450125,500
wbl,-51.67797831179012,68.32202168820987,500
xjv,-87.31165339042568,75.68834660957432,500
bud,-85.62821523994721,80.37178476005279,500
dmn,-88.9942950914702,23.005704908529797,500
iqh,-89.65538072862395,22.344619271376043,500
mba,-62.8895722937459,59.1104277062541,500
egl,-89.20210693234112,41.79789306765887,500
mby,-50.38318493555038,84.61681506444961,500
csj,-33.80692664138554,96.19307335861446,500
max,-2.2886360888884294,0.7113639111115705,500
rwn,-71.29727163571806,32.70272836428193,500
afo,-78.91134569768377,6.088654302316235,500
qpw,-26.255496177967803,32.7445038220322,500
ehn,-64.84738653949833,97.15261346050167,500
mrh,-85.76440414493923,58.235595855060765,500
xzr,0.3839038653033374,98.38390386530334,500
sbl,-23.034542346713522,30.965457653286478,500
rvd,-95.68536318542613,0.3146368145738746,500
pnl,-54.646427916361674,12.35357208363833,500
moi,-47.02687398197899,41.97312601802101,500
azu,-50.44714978387282,40.55285021612718,500
qod,-53.02455875806696,92.97544124193304,500
fcc,-16.4692411530035,98.53075884699649,500
jxd,-18.351789220555503,72.6482107794445,500
abz,-85.61791091058241,66.38208908941759,500
mqu,-8.12838350593145,14.87161649406855,500
hcb,-65.68668170913752,24.31331829086248,500
wzt,-45.34078207687502,84.65921792312497,500
odh,-24.030877166043727,79.96912283395628,500
sej,-75.8728474672691,28.127152532730907,500
azi,-4.5738922365777706,12.426107763422229,500
cmd,-34.32350268582832,26.676497314171677,500
toz,-64.06501291892296,21.934987081077043,500
gdt,-37.77430956139314,53.22569043860686,500
nus,-28.34246998865548,82.65753001134452,500
qdx,-43.87218390659717,76.12781609340283,500
jys,-75.97274115324825,67.02725884675175,500
log,-92.38001645346873,10.61998354653127,500
ire,-45.37810908484731,28.621890915152694,500
off,-42.05327081649193,9.946729183508069,500
dia,-46.11180967824552,53.88819032175448,500
fcc,-10.624779061867798,15.375220938132202,500
zeu,-52.29058201605749,83.7094179839425,500
hiu,-95.92419106450016,65.07580893549984,500
qgg,-20.11430747592307,8.885692524076932,500
oql,-19.802625283231897,61.1973747167681,500
zcg,-72.45390362605717,55.54609637394283,500
obk,-59.84371421300131,83.15628578699868,500
qvd,-73.76959895689428,59.23040104310571,500
xhs,-9.248392075856332,19.75160792414367,500
afn,-88.55204621383379,19.447953786166206,500
rwu,-33.024888982213874,96.97511101778613,500
nlp,-16.994562159752597,83.00543784024741,500
hik,-85.25871943451033,41.74128056548968,500
lhi,-34.99416712543488,70.00583287456512,500
gdu,-86.78548733351661,91.21451266648339,500
jfu,-59.04000290113573,44.95999709886427,500
anu,-64.49492235152775,42.50507764847225,500
wrc,-8.876276638567685,59.12372336143232,500
met,-58.62252569832748,77.37747430167252,500
fpo,-34.30150099006676,35.69849900993324,500
nry,-64.57909605297813,77.42090394702187,500
ejf,-42.84932213682152,6.150677863178482,500
zat,-38.055332146620174,31.944667853379823,500
pvb,-31.38912448689892,51.61087551310108,500
rds,-13.496880089325147,7.503119910674854,500
muy,-65.33142065648481,86.66857934351519,500
nnv,-12.6032413936619,27.3967586063381,500
cam,-19.137340251427187,94.86265974857281,500
mzx,-86.26828106801226,37.73171893198774,500
lnz,-65.06177113981076,64.93822886018924,500
hzn,-25.40056094506711,21.59943905493289,500
tvh,-47.61693374791738,21.383066252082624,500
gsc,-87.89601081611022,20.10398918388978,500
don,-18.593905370583784,51.406094629416216,500
hij,0.3239886889075464,75.32398868890755,500
oil,-5.896595571835446,16.103404428164556,500
hdl,-65.9230016972539,86.0769983027461,500
wnt,-68.50174504914894,47.49825495085106,500
thx,-17.284299017358535,23.715700982641465,500
efb,-68.76338041121417,17.23661958878583,500
mzf,-77.4488999377144,64.5511000622856,500
uwk,-76.71994188559742,86.28005811440258,500
ueb,-85.49851666818091,74.50148333181909,500
hkj,-96.0110300128054,36.988969987194594,500
hlr,-53.85838626522035,50.14161373477965,500
zig,-60.2996182812315,27.700381718768494,500
zwh,-58.03230579632271,95.9676942036773,500
ioz,-8.000693996520077,83.99930600347992,500
tfa,-67.12651411635888,98.87348588364112,500
lfh,-52.885186083079866,3.114813916920135,500
bdo,-12.249953487398557,6.750046512601443,500
tdf,-0.21152792443127388,53.78847207556873,500
nmz,-9.564634495056449,66.43536550494355,500
poc,-61.670844808394236,61.329155191605764,500
uxp,-10.127912935143108,63.87208706485689,500
lqm,-69.5960782807195,81.4039217192805,500
sam,-89.37931034634775,69.62068965365225,500
sor,-19.479532141690385,60.520467858309615,500
awo,-56.48087464325931,38.51912535674069,500
pds,-66.33371065559565,11.66628934440435,500
ycm,-9.710921385960162,1.2890786140398383,500
fwe,-64.37922624942182,0.620773750578175,500
rlr,-47.742655928747624,69.25734407125238,500
fuk,-32.211800538582935,81.78819946141707,500
hxg,-64.70008635871469,11.299913641285318,500
jjz,-19.73448630743107,54.26551369256893,500
sxd,-72.53235862516917,17.467641374830837,500
nag,-44.79293309665192,42.20706690334808,500
gvh,-38.64335933662825,33.35664066337175,500
gkf,-46.93619551072574,42.06380448927426,500
aoz,-49.68002101408463,45.31997898591537,500
ieh,-61.88901295802573,83.11098704197427,500
nst,-30.28018496381477,75.71981503618522,500
hmo,-24.498024926047343,86.50197507395266,500
grx,-5.8045261112098165,25.195473888790183,500
ddz,-3.9302831244725662,11.069716875527433,500
cyt,-35.69157232888837,0.3084276711116294,500
utc,-25.120186339273822,32.87981366072618,500
llw,-16.491057765079752,78.50894223492026,500
dbj,-41.23958128672746,46.76041871327254,500
gsy,-32.482395025221855,40.517604974778145,500
ugb,-89.99990110159051,72.00009889840949,500
xoc,-89.74222610881634,48.25777389118366,500
dvn,-72.95619652912782,36.043803470872184,500
kof,-66.78418165627777,50.21581834372223,500
gtd,-32.04543403685597,58.95456596314403,500
mko,-6.961563988087613,9.038436011912387,500
pvu,-11.860147899870851,15.139852100129149,500
hbv,-5.573584497160844,83.42641550283916,500
cca,-89.67107063029015,13.328929369709856,500
fvc,-17.240752844198187,83.75924715580182,500
gpe,-30.186903536057592,60.81309646394241,500
apb,-73.17213203964951,62.82786796035049,500
bbk,-7.761058448499311,29.23894155150069,500
bbn,-92.9933500310079,7.006649968992092,500
uoc,-1.853912105872892,96.1460878941271,500
tea,-58.29046951956541,54.70953048043459,500
yes,-39.72944353742099,70.27055646257901,500
iri,-46.25586206737285,97.74413793262714,500
zyw,-32.969773786572965,58.030226213427035,500
dvv,-9.556130660503095,25.443869339496903,500
fgr,-84.6349371679769,69.3650628320231,500
sbm,-13.55850528552351,90.44149471447649,500
jza,-35.49647562853126,7.503524371468742,500
num,-18.54910758542638,1.4508924145736208,500
wra,-70.38933943751857,13.61066056248142,500
xsd,-42.99577561034967,11.004224389650332,500
jdb,-81.92472929642355,23.075270703576447,500
cnj,-28.80860697460458,21.19139302539542,500
ohf,-61.36161782091373,95.63838217908626,500
kqx,-55.650282608967494,62.349717391032506,500
xpp,-67.73861925096469,30.26138074903531,500
tuv,-84.73669092224175,77.26330907775825,500
doo,-22.172887742393026,50.82711225760697,500
xlw,-44.97935447988525,0.020645520114747518,500
zpf,-59.79334716811819,96.20665283188181,500
pxq,-15.270060063458981,19.72993993654102,500
crj,-24.94455964630079,86.05544035369921,500
vyc,-35.23339788251792,95.76660211748208,500
efr,-45.5476177128463,64.45238228715371,500
cme,-82.32048925730558,78.67951074269442,500
stw,-7.190149160693738,85.80985083930626,500
zfs,-68.56207471204594,38.43792528795406,500
esk,-12.178958211126345,70.82104178887366,500
pil,-78.16534822018517,85.83465177981483,500
lzk,-68.93901628668132,36.06098371331868,500
ver,-52.77248826596996,91.22751173403005,500
bff,-43.868502715891665,65.13149728410833,500
fjb,-55.19482406281752,64.80517593718248,500
vzi,-65.18908531369478,7.810914686305219,500
phx,-73.16522888183441,73.83477111816559,500
lyx,0.4516219792119117,90.45162197921191,500
gza,-61.1171919092562,33.8828080907438,500
djt,-7.026578360770874,43.97342163922912,500
chs,-25.94423604105869,43.055763958941306,500
ekw,-58.434462916191556,70.56553708380844,500
quq,-64.62792339075125,81.37207660924875,500
uyc,-62.71641507773821,60.28358492226179,500
glg,-7.064058023977946,39.93594197602206,500
ofg,-48.87308547988752,43.12691452011248,500
fbp,-33.07623594618927,25.92376405381073,500
sjl,-20.984587447067685,73.01541255293232,500
olg,-47.156183843916594,2.8438161560834083,500
wws,-12.011318039009623,43.98868196099038,500
hfg,-40.52476378621943,49.47523621378057,500
drg,-96.3388874660154,96.6611125339846,500
oia,-92.2883615596136,33.711638440386395,500
raa,-8.841239778723878,33.158760221276125,500
veq,-39.55803933660904,82.44196066339096,500
ubw,-77.39926993585306,83.60073006414694,500
gae,-72.78172491052807,32.21827508947193,500
emw,-45.99694897446842,54.00305102553158,500
dwa,-36.57924215234009,51.42075784765991,500
dry,-40.86669926455033,74.13330073544968,500
mwz,-5.008192039409226,60.991807960590776,500
wog,-42.5211637273763,43.4788362726237,500
ajk,-37.31080518165639,90.68919481834361,500
wyy,-16.204985055553525,44.79501494444647,500
dgs,-15.29627939617221,68.70372060382779,500
fwp,-8.090468734444997,18.909531265555003,500
zrt,-77.46677081162008,67.53322918837992,500
inh,-94.50218224148232,83.49781775851768,500
hqk,-59.26663005144894,49.73336994855106,500
htw,-86.8455389119689,72.1544610880311,500
jib,-32.856879891752165,60.143120108247835,500
cii,-61.860794914125364,93.13920508587464,500
aqo,-69.48771557597203,86.51228442402797,500
kue,-74.2142909074972,54.7857090925028,500
ogw,-57.35775309870409,43.64224690129591,500
cyf,-11.692049194745671,24.30795080525433,500
byg,-50.32050215973924,8.679497840260758,500
sey,-63.33365847853714,60.66634152146286,500
uyq,-25.279817657007126,15.720182342992876,500
izs,-78.85089411304668,36.14910588695333,500
dmb,-44.96577683300461,76.03422316699539,500
lir,-7.265715343542968,6.734284656457032,500
tse,-86.5907802355255,68.4092197644745,500
dks,-44.957068758744974,42.042931241255026,500
qaj,-10.897373535847661,81.10262646415234,500
mut,-89.36400096505253,0.6359990349474802,500
lbz,-30.84119691292536,29.15880308707464,500
iyt,-42.786177160862344,87.21382283913766,500
lnt,-74.10416050666707,67.89583949333293,500
dsq,-23.57461342357798,81.42538657642201,500
mgm,-74.99015302643544,32.009846973564564,500
jjy,-26.034735053210326,15.965264946789675,500
qwl,-60.848296789051126,95.15170321094887,500
uja,-81.35304144806074,63.64695855193927,500
ehy,-96.72627113085215,81.27372886914785,500
rru,-15.759994831515801,3.240005168484199,500
brm,-15.103819273320862,70.89618072667913,500
xvq,-10.473879656497436,6.526120343502564,500
oox,-55.508780542908745,88.49121945709126,500
hwx,-11.892941525696283,70.10705847430371,500
mat,-56.0318576323184,31.968142367681605,500
krc,-55.09608680227453,40.90391319772547,500
xuf,-96.8711897344916,35.128810265508406,500
ilm,-45.21820791595137,55.78179208404863,500
efi,-68.98844188508627,3.011558114913728,500
wxa,-84.81436460614063,80.18563539385937,500
rcd,-67.6301634753404,43.36983652465961,500
qzj,-94.09324628991199,65.90675371008801,500
qbl,-3.1039474066147044,64.89605259338529,500
wwq,-52.89000686366459,87.10999313633542,500
hyi,-39.335819646285046,29.66418035371495,500
xrj,-45.766539619656086,58.233460380343914,500
fpl,-18.400632823753433,97.59936717624657,500
nlw,-46.33845767317447,66.66154232682554,500
