k,-76.54356697304341,42.45643302695658,1000
u,-55.52863344719393,42.47136655280607,1000
i,-73.91828621057891,27.08171378942109,1000
n,-47.206768444019744,94.79323155598026,1000
s,-82.54031490171087,80.45968509828913,1000
m,-30.816892063333608,72.18310793666639,1000
f,-16.792092761515853,46.20790723848415,1000
u,-29.499932542205045,9.500067457794954,1000
a,-61.1889700683536,0.8110299316464016,1000
n,-0.14439452849341228,92.85560547150659,1000
y,-30.115992635997266,16.884007364002734,1000
e,-10.052523396344018,83.94747660365599,1000
q,-49.138292894394425,73.86170710560557,1000
m,-68.2348692412376,65.7651307587624,1000
c,-38.0440603488168,63.9559396511832,1000
h,-14.50100462725724,51.49899537274276,1000
w,-88.29421791258436,18.70578208741565,1000
i,-74.88960048497589,39.11039951502412,1000
v,-87.37558447207815,35.62441552792185,1000
o,-34.94554990165657,80.05445009834342,1000
y,-6.162722079998181,29.837277920001817,1000
a,-19.603097238829864,19.396902761170136,1000
s,-26.900750812520858,29.099249187479142,1000
g,-61.01375927898773,12.98624072101227,1000
l,-52.31821981205916,35.68178018794084,1000
f,-36.03368361664968,6.966316383350317,1000
