b,-5.168573459782994,98.83142654021701,100
q,-4.796735787347477,97.20326421265253,100
a,-94.45491331873227,70.54508668126773,100
n,-8.02832314268886,44.97167685731114,100
m,-69.41097927198904,39.589020728010965,100
b,-24.693055176730727,76.30694482326928,100
b,-70.42500925666802,81.57499074333198,100
w,-70.30631712852141,61.69368287147858,100
p,-46.26514511888391,25.73485488111609,100
h,-36.022696629691616,6.977303370308381,100
b,-66.5148205561073,60.485179443892704,100
m,-85.75505740229717,84.24494259770283,100
a,-74.24281663109475,68.75718336890525,100
c,-81.06807196662622,54.93192803337377,100
s,-23.809087267103106,96.19091273289689,100
w,-27.144932780917998,98.855067219082,100
r,-77.40391834527075,88.59608165472925,100
y,-83.84653983309884,82.15346016690116,100
x,-71.58004492660154,84.41995507339846,100
y,-59.829008938914555,9.170991061085445,100
h,-74.84295583973386,77.15704416026614,100
p,-92.77006940214177,64.22993059785823,100
z,-58.2175463888712,5.782453611128798,100
b,-0.2909468041554627,91.70905319584453,100
a,-27.231467176838528,73.76853282316148,100
v,-47.15435868756382,51.84564131243618,100
