n,-89.3751806554099,26.62481934459009,100
g,-80.91452623733542,44.08547376266458,100
m,-69.64053427783092,94.35946572216908,100
k,0.6560005404260031,17.656000540426003,100
s,-19.515131136658304,8.484868863341696,100
b,-68.65491316813703,98.34508683186297,100
w,-42.470046088342265,6.529953911657734,100
i,-3.796746042380045,68.20325395761995,100
o,-92.17824523190573,1.8217547680942592,100
d,-63.64091000210701,80.359089997893,100
u,-94.87491528131045,10.125084718689553,100
b,-62.05417307870367,89.94582692129633,100
m,-84.30811029489298,19.691889705107013,100
c,-95.4571945303126,31.5428054696874,100
b,-94.68232520074544,25.317674799254558,100
y,-59.628471962179745,79.37152803782026,100
e,-64.38309629026594,43.61690370973407,100
r,-97.74644390737724,81.25355609262276,100
h,-20.163985640193772,60.83601435980623,100
e,-85.83578435930916,66.16421564069084,100
n,-5.6759819330948,79.3240180669052,100
k,-41.26273010448398,7.737269895516024,100
e,-60.74512765658634,97.25487234341365,100
e,-63.13841356885687,57.86158643114313,100
g,-61.512167714279975,17.487832285720028,100
n,-14.419592522465374,91.58040747753462,100
