i,-26.756795715077956,49.243204284922044,25
d,-71.29346698822609,61.706533011773914,25
c,-18.476675708612937,22.523324291387063,25
j,-12.866178420595384,63.13382157940462,25
m,-42.286913670213224,87.71308632978678,25
h,-50.03851262914086,95.96148737085915,25
u,-25.637347024650353,24.362652975349647,25
m,-61.077589557272084,77.92241044272791,25
p,-5.672948647271893,86.3270513527281,25
y,-79.13666970625376,33.86333029374624,25
d,-63.32756646752405,5.672433532475948,25
x,-44.058618187699466,82.94138181230053,25
g,-19.56205529903127,28.43794470096873,25
a,-70.05503686554705,57.94496313445294,25
m,-36.900546834433854,4.099453165566148,25
i,-11.899636894026749,82.10036310597326,25
c,-80.28265015790302,14.717349842096976,25
s,-57.47401378695628,65.52598621304372,25
l,-9.810207515515462,74.18979248448454,25
s,-22.02882446367971,55.97117553632029,25
l,-41.48479158510556,3.5152084148944374,25
q,-69.76010109343757,90.23989890656243,25
h,-44.73000191915399,5.269998080846012,25
s,-97.51379184052291,25.486208159477087,25
y,-74.80741501207497,20.19258498792503,25
p,-62.771988799453084,91.22801120054692,25
