r,-38.65041099086105,81.34958900913895,25
v,-29.07425363201512,62.92574636798488,25
b,-33.098217313016505,49.901782686983495,25
q,-36.82951619386049,10.17048380613951,25
a,-19.876447535831783,86.12355246416821,25
i,-78.24882787878452,57.75117212121548,25
g,-43.33354952535338,25.666450474646627,25
c,-4.327807701054535,2.6721922989454647,25
j,-39.07235021351342,36.92764978648658,25
u,-21.187188922853398,76.8128110771466,25
p,-34.25441082615317,74.74558917384684,25
o,-71.89190231038421,24.10809768961579,25
g,-67.89653677448311,64.10346322551689,25
a,-33.73679905610368,6.263200943896325,25
j,-56.348148732022054,64.65185126797795,25
o,-48.60139225377776,90.39860774622224,25
f,-66.32062689315293,64.67937310684707,25
l,-0.9138600508569139,62.08613994914309,25
t,-56.1693161775358,22.830683822464206,25
k,-91.86916448761919,57.13083551238082,25
y,-20.47011092840622,82.52988907159379,25
r,-9.083730922741372,73.91626907725863,25
w,-24.2475216944533,5.752478305546699,25
d,-93.52826642888127,20.47173357111874,25
e,-72.13609445905848,31.863905540941516,25
w,-90.94365570612429,63.05634429387572,25
