u,-93.84669660896229,64.15330339103771,500
d,-4.548780237018394,8.451219762981605,500
i,-94.33499348426443,77.66500651573557,500
l,-27.139993758588805,53.8600062414112,500
k,-80.83451639185802,85.16548360814198,500
i,-97.79120410760781,88.20879589239219,500
k,-72.58774372721362,17.412256272786372,500
p,-19.00209536242334,13.99790463757666,500
q,-85.68213932018475,90.31786067981525,500
b,-49.004655964718516,80.99534403528148,500
h,-22.89260402951022,42.10739597048978,500
q,-79.1186814501355,55.8813185498645,500
i,-20.803939575109023,35.19606042489097,500
a,-43.20181112931669,71.7981888706833,500
f,-56.14290945112642,11.857090548873579,500
y,-77.11920169308897,38.88079830691103,500
j,-46.680600971317034,84.31939902868297,500
k,-30.879512557178693,54.12048744282131,500
q,-0.5241084168843959,72.4758915831156,500
o,-31.95384132673329,13.046158673266708,500
g,-29.358991688998177,47.641008311001826,500
q,-65.6939269311268,19.306073068873204,500
y,-26.513815363615187,27.486184636384813,500
q,-91.20388588582418,25.796114114175822,500
j,-8.658230839512113,19.34176916048789,500
i,-52.839233214837975,91.16076678516202,500
