dk,-83.2407009597085,15.7592990402915,1000
yy,-39.28214085502228,17.717859144977723,1000
mc,-52.87874982633976,9.121250173660243,1000
wy,-77.87444143018776,52.125558569812235,1000
tj,-58.598232492980365,85.40176750701963,1000
bk,-79.23977789111767,89.76022210888233,1000
zc,-17.89761169727097,31.10238830272903,1000
cx,-44.921490892635504,62.078509107364496,1000
an,-59.10006182638699,46.89993817361301,1000
uv,-81.54365045565461,35.45634954434539,1000
gd,-43.23883277484732,47.76116722515268,1000
fo,-84.31384706230224,41.68615293769775,1000
hw,-54.27434155189693,2.7256584481030712,1000
br,-80.52270612854235,30.477293871457654,1000
fg,0.06283722834981498,62.062837228349814,1000
kl,-70.5252230225441,72.4747769774559,1000
nx,-12.283511334488388,39.71648866551161,1000
cz,0.888135605108717,10.888135605108717,1000
xm,-80.6475688055718,28.35243119442821,1000
op,-11.463895561548936,17.536104438451062,1000
za,-12.156502944688826,73.84349705531118,1000
yx,-4.570899984827016,82.42910001517298,1000
fr,-97.36167950301463,14.638320496985374,1000
tf,-14.840809888892933,29.15919011110707,1000
ur,-94.2450411900195,50.75495880998049,1000
xb,-73.61814199475361,6.381858005246391,1000
lx,-10.246207598372699,12.753792401627301,1000
vm,-4.890297302814739,7.109702697185261,1000
jx,-10.942707237883846,23.057292762116152,1000
nj,-86.98363981285516,66.01636018714484,1000
st,-78.46981806284863,67.53018193715137,1000
ub,-54.2673211008257,81.7326788991743,1000
jm,-35.9642982998877,32.0357017001123,1000
sg,-56.85067789725707,32.14932210274293,1000
rs,-41.650973757501404,60.349026242498596,1000
dy,-38.33599546984857,26.664004530151434,1000
xd,-51.148099484374654,3.851900515625348,1000
jp,-89.45285582407743,96.54714417592257,1000
qo,-22.80624303527724,16.19375696472276,1000
yg,-74.11815341837037,4.881846581629637,1000
eg,-64.67806261068385,1.3219373893161452,1000
pw,-71.04645844453631,65.95354155546369,1000
rj,-21.459729163049452,62.54027083695055,1000
mw,-17.866961845830616,68.13303815416938,1000
gy,-31.304536492865726,87.69546350713428,1000
bn,-6.20467425810683,33.79532574189317,1000
ok,-58.2352417145372,46.7647582854628,1000
lx,-22.315932834334937,64.68406716566506,1000
pm,-50.31388083260713,46.68611916739287,1000
rf,-69.81862112913579,6.181378870864214,1000
jm,-55.74252439910608,57.25747560089392,1000
bw,-89.16576145079136,43.834238549208635,1000
bp,-67.22203437458816,24.777965625411838,1000
sm,-5.988778073787118,60.01122192621288,1000
xw,-13.663517090448892,88.33648290955111,1000
mj,-44.79572987882866,15.20427012117134,1000
fb,-70.80909303425452,9.190906965745478,1000
kh,-85.49399108390625,1.506008916093741,1000
cg,-15.987655704797062,25.01234429520294,1000
rx,-51.76854430464029,39.23145569535971,1000
nq,-67.8276907615007,77.1723092384993,1000
xn,-42.365123691167696,51.634876308832304,1000
ey,-41.55093645713871,53.44906354286129,1000
su,-15.328699482768497,25.671300517231504,1000
cl,-24.672245426100428,88.32775457389957,1000
uq,-80.02133638274849,48.97866361725151,1000
xb,-49.05562192380264,33.94437807619736,1000
ee,-9.351851081269844,21.648148918730154,1000
uw,-18.28287809190723,60.71712190809277,1000
vn,-38.6754937010561,81.3245062989439,1000
oq,-27.592511202138088,75.40748879786192,1000
fx,-32.120625163579845,19.87937483642016,1000
oo,-84.28803028160192,23.71196971839808,1000
wg,-32.965699188514066,45.034300811485934,1000
hw,-29.967438276399207,3.032561723600793,1000
xh,-31.49160146233764,41.50839853766236,1000
fa,-8.990954553737087,75.00904544626292,1000
ux,-97.3671559488595,31.6328440511405,1000
ue,-61.35516697392683,23.644833026073176,1000
qr,-77.65696358166568,72.34303641833432,1000
py,-75.70508992900825,30.294910070991754,1000
oi,-61.97411758451821,44.02588241548179,1000
jn,-66.07856322020888,15.92143677979112,1000
xd,-15.036349844559137,82.96365015544086,1000
ck,-33.403914884275174,33.596085115724826,1000
lc,-62.86539264285403,14.134607357145967,1000
wt,-27.226496473745144,61.773503526254856,1000
ml,-63.783689269375486,49.216310730624514,1000
xh,-14.773003337068332,52.22699666293167,1000
wq,-5.5222024205500615,29.477797579449938,1000
aj,-0.3976017774069298,51.60239822259307,1000
ge,-57.40123061139863,84.59876938860137,1000
tt,-50.73820470199073,93.26179529800928,1000
rg,-89.09037832460615,40.90962167539384,1000
za,-40.48460757535081,91.51539242464919,1000
cd,-97.32709746764358,5.672902532356417,1000
rx,-96.06288252176705,17.937117478232945,1000
uk,-8.079060460453917,97.92093953954608,1000
so,-49.63346401535138,65.36653598464862,1000
mr,-81.73866967653662,53.26133032346339,1000
cj,-42.67033163883024,6.329668361169757,1000
bc,-92.04511550857252,89.95488449142748,1000
fv,-5.890924395930407,87.10907560406959,1000
kj,-33.43550292773801,66.56449707226199,1000
nz,-97.92441598041395,6.075584019586047,1000
hd,-51.50971834837201,68.49028165162798,1000
ak,-14.634845834029802,38.365154165970196,1000
sp,-19.728138633045525,75.27186136695448,1000
zj,-45.99674414597339,93.0032558540266,1000
lh,-75.83506999001331,29.164930009986684,1000
kt,-17.561429549653862,68.43857045034613,1000
ef,-40.09794423146955,82.90205576853046,1000
ny,-12.84797594775594,60.15202405224406,1000
ch,-45.20921236489124,25.790787635108757,1000
nr,-84.70606317158104,34.293936828418964,1000
aj,-69.66703211125962,32.33296788874038,1000
ru,-81.44802005733611,52.55197994266389,1000
eq,-51.09193988101363,30.90806011898637,1000
oo,-23.631481794309146,9.368518205690854,1000
ii,-21.142428225436674,73.85757177456333,1000
ia,-13.715663418678405,33.2843365813216,1000
pc,-28.495475312219288,82.50452468778072,1000
yc,-67.0547864537419,32.9452135462581,1000
bu,-75.20744365120453,21.792556348795472,1000
et,-69.82163238962205,36.178367610377954,1000
fy,-7.230271636032384,98.76972836396762,1000
sv,-75.4598444124539,37.540155587546096,1000
by,-47.30655746999433,63.69344253000567,1000
bs,-94.72901672256445,71.27098327743555,1000
nh,-12.961426224942779,42.03857377505722,1000
zb,-9.053650309785235,37.94634969021477,1000
ht,-87.09643342677451,2.903566573225489,1000
gk,-71.16091809846705,50.83908190153295,1000
ww,-17.851471657027528,55.148528342972476,1000
ai,-95.3203997518766,15.679600248123412,1000
bs,-80.72649269215037,49.27350730784963,1000
zy,-4.635615795368384,80.36438420463162,1000
dn,-9.620868596264533,90.37913140373547,1000
ta,-58.04878308392378,94.95121691607622,1000
ba,-42.577492435206615,83.42250756479339,1000
da,-9.683889565177514,68.31611043482249,1000
px,-32.51312094460277,17.486879055397235,1000
qd,-34.21728645202412,80.78271354797589,1000
ie,-92.94101365346454,65.05898634653546,1000
ms,-82.49814601730048,24.501853982699508,1000
ka,-84.86452231582746,6.135477684172543,1000
kw,-26.359132938093282,39.64086706190672,1000
yp,-73.61487587815196,11.38512412184804,1000
ce,-16.98760260568772,65.01239739431227,1000
yn,-37.19771458792671,43.80228541207329,1000
qk,-62.34098373258124,76.65901626741875,1000
jo,-15.454367328927932,75.54563267107207,1000
rv,-0.6926334078469317,53.307366592153066,1000
na,-25.240856745781404,5.759143254218596,1000
wm,-86.1280842343778,67.8719157656222,1000
jp,-12.20215432892129,13.79784567107871,1000
hv,-97.22311514558557,3.7768848544144333,1000
pu,-89.3367291402266,88.6632708597734,1000
ph,-25.950590674936375,48.04940932506362,1000
nz,-83.53128398210075,44.46871601789926,1000
tg,-15.83417991161604,50.16582008838396,1000
qu,-87.96134797840365,18.038652021596345,1000
kt,-17.583537177149406,3.4164628228505927,1000
le,-21.83427494243673,73.16572505756328,1000
sp,-16.16232727979721,20.83767272020279,1000
ut,-21.132444381678816,39.867555618321184,1000
yt,-83.06264009469234,69.93735990530766,1000
ph,-65.07384248881765,49.92615751118235,1000
uq,-13.99671134481812,86.00328865518188,1000
wu,-39.21390039307203,85.78609960692798,1000
au,-20.924378679518245,86.07562132048176,1000
up,-67.73455362468606,86.26544637531394,1000
xp,-94.80617160762945,81.19382839237055,1000
dd,-97.68667985188415,16.313320148115842,1000
qx,-40.92221022330751,13.07778977669249,1000
by,-2.2413072307902295,75.75869276920977,1000
lt,-17.292577203944077,90.70742279605592,1000
ja,-26.54071576140574,46.45928423859426,1000
ga,-37.73805083576476,35.26194916423524,1000
ja,-88.9043751641935,22.095624835806507,1000
iy,-22.39970301916577,75.60029698083423,1000
kf,-78.17157573764649,84.82842426235351,1000
ml,-92.81159245612253,96.18840754387747,1000
fu,-19.74329690386387,39.25670309613613,1000
eg,-30.40704490775806,5.592955092241939,1000
qe,-77.06406377829929,14.93593622170071,1000
cm,-84.79598958982896,82.20401041017104,1000
at,-67.078196813461,19.921803186538995,1000
kv,-9.76404273779919,62.235957262200806,1000
mm,-8.621751649645963,69.37824835035404,1000
wg,-84.92816063427547,28.07183936572453,1000
ge,-24.477003897285936,65.52299610271406,1000
ze,-89.5522760579649,13.447723942035093,1000
iq,-82.99284045639912,24.007159543600874,1000
qj,-63.4214989683479,98.57850103165211,1000
uu,-64.01797159755006,25.982028402449938,1000
xt,-36.059431769933795,77.9405682300662,1000
cd,-32.741461963533496,67.2585380364665,1000
bi,-20.34117213330747,7.658827866692529,1000
sy,-2.333808379289575,70.66619162071042,1000
mw,-10.668189845324216,15.331810154675784,1000
hh,-60.53331005499651,57.46668994500349,1000
ap,-77.38322842993537,48.61677157006462,1000
jk,-1.331557658038716,75.66844234196128,1000
su,-87.95260290264027,74.04739709735973,1000
zw,-62.93437128957102,27.065628710428978,1000
uv,-80.50471221783877,72.49528778216123,1000
wg,-71.57967273781792,21.420327262182084,1000
rs,-50.436093244814344,44.563906755185656,1000
am,-79.85135223959563,37.14864776040438,1000
gm,-51.8263277171976,48.1736722828024,1000
nh,-78.69389646735841,68.30610353264159,1000
or,-91.45075299849915,37.54924700150085,1000
fv,-38.407931193309985,12.592068806690015,1000
bo,-94.62407215504467,6.375927844955332,1000
zh,-14.954528343646386,4.045471656353613,1000
nd,-1.1037736343184437,86.89622636568156,1000
cj,-66.6959738290769,98.3040261709231,1000
hc,-3.5986390972764077,86.4013609027236,1000
on,-47.890793433928835,6.109206566071166,1000
kt,-83.2677790279727,98.7322209720273,1000
vs,-27.608859659756547,26.391140340243453,1000
hi,-59.50608996364678,21.49391003635322,1000
ib,-83.55136827095953,72.44863172904047,1000
nn,-26.814157117182454,73.18584288281754,1000
ug,-48.86345853999174,52.13654146000826,1000
bq,-30.435862701614454,27.564137298385546,1000
kn,-18.092847372354026,35.90715262764598,1000
ku,-86.95463155560263,45.04536844439737,1000
ry,-9.087297074705766,53.912702925294234,1000
ey,-61.57697750050627,46.42302249949373,1000
li,-69.01021523005193,48.98978476994807,1000
jy,-88.60156971610729,9.398430283892711,1000
bk,-1.6609057472057538,13.339094252794247,1000
yd,-56.237126340865146,4.762873659134857,1000
ar,-88.38145518493174,80.61854481506826,1000
wx,-91.40230482733978,63.59769517266022,1000
bv,-70.21641321533745,23.783586784662546,1000
nk,-36.37454856671388,32.62545143328612,1000
ih,-4.592018014902774,37.40798198509723,1000
sf,-3.3766020488820354,29.623397951117965,1000
qd,-30.47029289157714,33.52970710842286,1000
xf,-24.985491612317766,12.014508387682234,1000
rf,-7.479663393686698,3.5203366063133017,1000
qw,-68.36640842367557,19.633591576324434,1000
ke,-16.523827453363378,88.47617254663662,1000
nb,-90.4846867156139,70.5153132843861,1000
jh,-46.59720122879684,51.40279877120316,1000
qz,-45.33636377685393,2.663636223146071,1000
yw,-34.9167541294386,65.0832458705614,1000
de,-43.82612734512319,72.1738726548768,1000