xu,0.5660482881470509,11.566048288147051,100
we,-47.25416726681276,2.745832733187246,100
kh,-74.98068488291291,75.01931511708709,100
ho,-49.41845828614423,31.58154171385577,100
ye,-83.05433979567849,1.9456602043215139,100
yp,-72.8593441102893,88.1406558897107,100
js,-78.39809973876474,55.60190026123525,100
wq,-88.0088084627979,84.9911915372021,100
qp,-54.10183414574025,13.898165854259753,100
kn,-73.98915057645434,1.0108494235456593,100
ls,-71.71749810440804,38.28250189559197,100
uk,-75.59645498788437,98.40354501211563,100
ro,-19.271274324453543,80.72872567554646,100
wy,-82.5958470620396,12.40415293796041,100
qd,-72.12464194387572,42.87535805612428,100
hr,-14.176868346144584,58.82313165385541,100
mq,-0.9406982178150476,50.05930178218495,100
wv,-80.26542796519873,78.73457203480127,100
yk,-8.515391522975207,84.48460847702479,100
hb,-36.90553787143322,55.09446212856678,100
gc,-9.820649816904467,82.17935018309554,100
yc,-37.349298471182784,60.650701528817216,100
ch,-27.999721752678408,83.00027824732159,100
zi,-14.505808165771521,4.494191834228478,100
md,-42.68833065382095,73.31166934617906,100
hl,-29.171474446613548,30.828525553386452,100
kk,-42.659788233074615,84.34021176692539,100
cr,-20.022516493088485,17.977483506911515,100
rn,-7.739030819757227,50.260969180242775,100
ng,-31.285823715859788,57.714176284140216,100
gf,-58.45964249693543,20.540357503064573,100
th,-2.4528755570846497,61.54712444291535,100
vb,-21.934245094135175,46.06575490586482,100
vy,-14.8227694058959,4.177230594104101,100
iy,-93.7012905317095,41.2987094682905,100
im,-70.80214838910982,68.19785161089018,100
bq,-12.728715345804508,77.2712846541955,100
wy,-28.044553820562147,27.955446179437853,100
qw,-82.8219929787884,27.178007021211606,100
vq,-4.9889981916135335,80.01100180838647,100
em,-58.53332951486392,79.46667048513608,100
fz,-34.0259663817873,92.9740336182127,100
kr,-65.10721105388859,32.89278894611141,100
pr,-48.93136043477698,75.06863956522302,100
ko,-87.40224412284121,43.59775587715879,100
ch,-34.588227328775,63.411772671225,100
sr,-18.845101601302563,29.154898398697437,100
yz,-24.61875076221103,69.38124923778896,100
eq,-62.27081357074344,59.72918642925656,100
pg,-11.162591191440637,76.83740880855936,100
fl,-86.90897388391699,63.091026116083015,100
aq,-81.26403937234305,85.73596062765695,100
um,-54.20644322244492,20.793556777555082,100
qr,-73.80426126404527,20.195738735954738,100
sy,-50.50541673378491,94.49458326621509,100
ky,-26.004135807625094,2.9958641923749068,100
th,-60.32208802375978,16.677911976240217,100
gz,-16.445432068011787,86.55456793198822,100
dy,-59.35917166292522,70.64082833707478,100
jy,-37.8873404426632,6.112659557336796,100
ao,-27.57096717627485,19.42903282372515,100
sx,-27.83604156822894,18.16395843177106,100
hc,-15.642438931907853,5.357561068092147,100
rv,-26.28755123795729,28.71244876204271,100
nn,-22.00065876499542,74.99934123500458,100
mv,-4.0987293088403245,16.901270691159674,100
hy,-72.43171275761297,7.568287242387035,100
rm,-86.36331228080005,12.636687719199953,100
cn,-56.02162790695892,10.978372093041083,100
wf,-84.29683348138664,50.70316651861336,100
ge,-57.18063996172787,58.81936003827213,100
qz,-66.64593947821888,5.354060521781115,100
lh,-89.45642982471666,1.543570175283341,100
ss,-92.1853632793163,1.814636720683693,100
qd,-45.754011680772656,51.245988319227344,100
ov,-75.65457881036816,53.34542118963184,100
qk,-59.394009863455,85.605990136545,100
cg,-20.39668429307381,9.60331570692619,100
nc,-34.022736348753114,84.97726365124689,100
kb,-65.0148419822355,31.98515801776451,100
sv,-49.19298299331357,45.80701700668643,100
yf,-73.87447468147327,44.12552531852672,100
fp,-59.01537191086404,13.984628089135962,100
sf,-60.12774739397637,96.87225260602362,100
mx,-42.70772565130024,9.292274348699761,100
ix,-45.83117498297926,14.168825017020739,100
yu,-43.62403888815152,57.37596111184848,100
ax,-13.519645449433913,37.480354550566084,100
sz,-76.61217404785096,11.387825952149047,100
hp,-6.019112901022598,77.9808870989774,100
kt,-31.78353807466064,62.21646192533936,100
qz,-51.79472557275834,78.20527442724166,100
zn,-32.280612033569305,72.71938796643069,100
go,-8.466691816741571,36.53330818325843,100
za,-88.78308984178373,39.21691015821627,100
ve,-68.50311600875538,60.496883991244616,100
qe,-54.50666260448207,44.49333739551793,100
nm,-47.49765030693752,89.50234969306247,100
rq,-28.94478714873073,38.05521285126927,100
tx,-16.353411874509174,17.646588125490826,100
kh,-20.074168233428733,51.925831766571264,100
sn,0.026656863294769018,57.02665686329477,100
na,-14.827297531428405,48.17270246857159,100
jc,-60.49053599558064,36.50946400441936,100
kf,-73.1444441442977,95.8555558557023,100
tr,-32.65569373456663,63.34430626543337,100
yl,-52.25302735603718,77.74697264396282,100
yj,-52.853963860656044,19.146036139343956,100
me,-70.35595763695467,94.64404236304533,100
qw,-6.752317602115615,47.24768239788438,100
zg,-0.3658948348941987,54.6341051651058,100
it,-65.8633105752668,45.136689424733206,100
uj,-37.4791262712018,46.5208737287982,100
tr,-84.27710621732271,36.722893782677296,100
eo,-19.170566548644416,83.82943345135558,100
yf,-2.362401967062901,15.637598032937099,100
td,0.601396380757565,38.60139638075756,100
qo,-42.29733683921075,95.70266316078926,100
tw,-97.0123806731549,11.9876193268451,100
xg,-49.69261233017123,46.30738766982877,100
bu,-21.146249993241486,24.853750006758514,100
pb,-18.644929070351427,27.355070929648573,100
yg,-64.60929958450686,7.390700415493139,100
gs,-26.902749442344035,69.09725055765597,100
jq,-39.79917613181433,87.20082386818567,100
ea,-19.441250283080198,4.5587497169198015,100
nz,-17.60611353678346,46.39388646321654,100
kq,-39.838194006742654,77.16180599325735,100
jy,-91.66623583619189,70.33376416380811,100
mj,-65.55684930447993,51.443150695520075,100
oy,-52.65162633881791,72.34837366118208,100
tw,-91.62171419707133,79.37828580292867,100
ot,-58.72130797584215,19.27869202415785,100
hp,-26.350720332891907,95.64927966710809,100
fp,-73.83553075467098,14.16446924532902,100
yb,-5.486411802207919,44.51358819779208,100
cm,-31.50250796386945,46.49749203613055,100
qi,-56.22845771068875,91.77154228931126,100
sg,-4.379991747593926,55.62000825240607,100
zu,-90.5217656447145,84.4782343552855,100
ov,-9.394496462678006,29.605503537321994,100
tj,-2.8819815024189577,57.11801849758104,100
vt,-33.74477526647493,92.25522473352507,100
xi,-90.0163946014248,27.98360539857519,100
uz,-10.417755091141098,6.582244908858901,100
ew,-50.78308987413505,12.21691012586495,100
pc,-8.841114898251377,20.158885101748623,100
ig,-57.02141086973139,83.9785891302686,100
pn,-14.029576662326443,35.97042333767356,100
ol,-24.251484757646764,10.748515242353236,100
ej,-5.226192116061295,93.7738078839387,100
dh,-1.589359101228708,57.41064089877129,100
lg,-91.69307329421657,56.306926705783425,100
uj,-41.51852209440135,18.481477905598652,100
bj,-62.37947806241406,8.62052193758594,100
ll,-7.358263393865232,22.641736606134767,100
tm,-88.03195243372508,10.968047566274914,100
yu,-32.971559831994746,4.028440168005256,100
eg,-63.465042770753286,0.5349572292467127,100
ri,-81.46440274795177,31.535597252048237,100
hc,-7.527748175635706,55.47225182436429,100
ts,-75.03566320342514,68.96433679657486,100
cw,-35.08698940164339,24.91301059835661,100
zm,-90.70323672056294,90.29676327943706,100
kp,-19.06912361987871,58.93087638012129,100
mw,-61.73380223351003,91.26619776648997,100
bb,-17.530335956407164,40.469664043592836,100
rr,-46.67200409641948,87.32799590358053,100
ng,-1.0309561623307073,85.96904383766929,100
ox,-17.10786720345081,41.89213279654919,100
ih,-28.689385162758615,5.310614837241385,100
cj,-20.019606972343134,29.980393027656866,100
is,-44.94190173835859,98.05809826164142,100
ye,-41.51045560686376,20.489544393136242,100
er,-18.569863718631574,16.430136281368426,100
ik,-26.33772509517377,58.66227490482623,100
vy,-38.2258426138647,41.7741573861353,100
zl,-48.76648138877118,77.23351861122882,100
af,-95.59182237198789,33.40817762801212,100
rq,-1.635770549205524,60.364229450794475,100
pc,-70.9095492422781,33.09045075772189,100
sn,-67.59747475117821,59.40252524882179,100
nx,-16.508171049181087,54.49182895081891,100
gl,-9.304408479204518,52.69559152079548,100
ix,-5.113272792648387,63.88672720735161,100
yo,-22.59618946040129,95.40381053959871,100
hb,-77.42341062408306,37.57658937591693,100
ye,-27.476886545592937,22.523113454407063,100
qx,-50.687721981386886,50.312278018613114,100
gg,-1.1941627592358492,38.80583724076415,100
uw,-8.356570328204933,48.64342967179507,100
rr,-55.43119128495859,13.56880871504141,100
uz,-77.63979560933595,77.36020439066405,100
xz,-9.293300528143318,51.70669947185668,100
hg,-7.838133522805449,18.16186647719455,100
mf,-50.16675743221626,78.83324256778374,100
ug,-42.16651595943331,53.83348404056669,100
oi,-62.336259576551384,16.663740423448616,100
jj,-13.824135371322999,55.175864628677004,100
wb,-41.67003386620834,39.32996613379166,100
qh,-12.204549906776064,48.795450093223934,100
tq,-41.564850222050374,94.43514977794962,100
be,-0.706340110493755,31.293659889506245,100
hx,-72.27164400377774,13.728355996222264,100
jn,-1.7324109247695634,92.26758907523043,100
oe,-20.590380680245076,78.40961931975492,100
mt,-70.5302346313999,0.46976536860009477,100
xw,-74.72016872059821,36.27983127940179,100
if,-34.836712264286604,23.163287735713396,100
og,-74.90138962654171,69.09861037345829,100
je,-29.488414071273088,76.51158592872692,100
qk,-94.7754109041484,12.224589095851593,100
zo,-4.228449317815433,17.771550682184568,100
su,-4.0321700016936335,53.967829998306364,100
pr,-6.973910369881922,12.026089630118078,100
ei,-31.325031364786906,60.67496863521309,100
vv,-19.231698267776835,83.76830173222316,100
fo,-43.35842282850455,19.64157717149545,100
gf,-56.92382443120268,18.076175568797318,100
ez,-18.33354727290457,59.66645272709543,100
yr,-66.78531316597378,84.21468683402622,100
ln,-45.87504709153462,89.12495290846537,100
pz,-48.67125125581451,14.328748744185491,100
fc,-75.34903524150698,23.650964758493014,100
zd,-56.02331447011412,91.97668552988588,100
um,-82.0287214555278,2.9712785444722,100
td,-79.5760879888666,23.423912011133403,100
ni,-21.25514688230656,95.74485311769344,100
ov,-64.02382631822199,76.97617368177801,100
cg,-90.07533015690848,41.92466984309152,100
oa,-81.90693625283913,61.093063747160876,100
jk,-36.849609437710626,70.15039056228937,100
aq,-81.38406096660809,23.61593903339191,100
wg,-11.90337941987446,93.09662058012555,100
sf,-61.48218752040499,32.51781247959501,100
zg,-31.26903846064588,81.73096153935411,100
sk,-26.602374826071546,33.39762517392845,100
iz,-97.71091265629295,34.289087343707045,100
om,-47.05555215657917,21.944447843420832,100
rz,-17.24490998283733,78.75509001716267,100
dv,-56.287789223967046,49.712210776032954,100
wh,-32.1163521513314,1.8836478486686032,100
gn,-76.54364882974878,73.45635117025122,100
bi,-82.67432039049844,45.32567960950157,100
ts,-6.616419821009114,80.38358017899088,100
oa,-18.649223159163274,76.35077684083673,100
mb,-82.00697879753938,13.993021202460623,100
yi,-6.47112063576633,41.52887936423367,100
vs,-64.700743298437,18.299256701563003,100
ad,-81.6435830304001,27.356416969599906,100
dd,-54.29718607281785,86.70281392718215,100