ze,-62.76105085933809,20.23894914066191,100
bm,-48.876939229607,36.123060770393,100
ew,-61.98786860049038,76.01213139950961,100
xb,-90.7246458822108,83.2753541177892,100
td,-97.11007209922204,63.88992790077796,100
fk,-87.30313939527782,41.69686060472217,100
gs,-27.09148256259717,33.90851743740283,100
xk,-60.518019255841544,55.481980744158456,100
ut,-81.73631557052535,72.26368442947465,100
is,-37.8150232130996,62.1849767869004,100
nh,-91.53873772073055,47.461262279269455,100
ik,-39.31988432403474,16.68011567596526,100
xc,-80.95697447910851,43.04302552089149,100
fl,-49.774493117074826,88.22550688292517,100
jd,-54.949955972226434,71.05004402777357,100
xz,-62.483563895275246,67.51643610472475,100
bv,-41.611550611458135,3.388449388541863,100
cw,-3.703776241991741,10.296223758008258,100
lg,-32.73444731787972,53.26555268212028,100
ut,-26.091824532466898,96.9081754675331,100
qi,-96.33404131185857,69.66595868814143,100
nm,-89.46418135285111,37.53581864714889,100
pq,-14.056765249193015,25.943234750806987,100
oz,-8.292241300381782,75.70775869961821,100
ge,-83.9166322097372,74.0833677902628,100
xg,-9.332543778678865,92.66745622132113,100
lx,-48.13413456658971,17.865865433410292,100
pf,-57.45629723924512,90.54370276075488,100
ge,-18.65011497576398,65.34988502423602,100
dr,-40.107944082385885,49.892055917614115,100
fk,-85.1830977304009,91.8169022695991,100
sk,-78.89264748485267,27.107352515147323,100
dx,-72.3693881086843,37.630611891315695,100
pf,-68.36836051270338,11.63163948729663,100
sk,-11.35196436742846,61.64803563257154,100
ed,-8.813691584617832,12.186308415382168,100
sb,-87.50389030819582,58.49610969180418,100
zj,-32.088558129440884,12.911441870559118,100
jf,-79.01424283956298,11.985757160437021,100
zm,-47.67593607781475,40.32406392218525,100
br,-60.25137837861123,82.74862162138876,100
kj,-48.57395638944843,94.42604361055156,100
nt,-41.27964379596105,22.720356204038954,100
eq,-43.76125263999272,14.238747360007277,100
cn,-19.096325633372818,78.90367436662719,100
vk,-11.942977099966257,5.057022900033744,100
om,-76.19546327266033,22.80453672733966,100
qf,-21.393393853277278,88.60660614672273,100
bz,-75.30161892023412,31.698381079765884,100
tm,-45.971208137765196,58.028791862234804,100
fh,-7.798306965036623,37.20169303496338,100
wl,-90.8084334683163,17.1915665316837,100
el,-57.302770938712214,25.697229061287786,100
bq,-46.32284454839241,36.67715545160759,100
pd,-83.14918117358789,19.8508188264121,100
lw,-35.025735597654105,2.9742644023458924,100
os,-43.67213869687509,21.327861303124912,100
mh,-80.62193271637706,44.37806728362294,100
fr,-16.152040709705727,83.84795929029427,100
xq,-93.7226331786037,57.27736682139629,100
zy,-58.47598775388221,31.524012246117792,100
rj,-96.88353502850626,72.11646497149374,100
vk,-16.329775000457378,7.670224999542622,100
am,-54.71716398989788,82.28283601010213,100
pf,-81.09887424969965,25.901125750300356,100
bt,-67.15312534575266,40.846874654247344,100
xs,-12.064227822670098,79.93577217732991,100
um,-22.71001706424348,56.28998293575652,100
mb,-34.27198781371051,16.728012186289487,100
tf,-74.62895853689612,52.37104146310387,100
gf,-37.1768571353136,26.8231428646864,100
xy,-77.14402861841437,0.8559713815856353,100
gk,-70.4955357877845,81.5044642122155,100
du,-40.96602658940964,63.03397341059036,100
zv,-26.75091819003412,82.24908180996587,100
ra,-36.62374958287119,48.37625041712881,100
kz,-36.1568562825362,65.8431437174638,100
yv,-30.74054175099946,85.25945824900055,100
vz,-40.27608352360672,57.72391647639328,100
mn,-56.60571475179026,51.39428524820974,100
jq,-24.32621723176092,75.67378276823908,100
cw,-48.28326592317224,80.71673407682776,100
jb,-66.0893322350908,21.91066776490921,100
ve,-55.7522973050552,84.2477026949448,100
vq,-9.731591523341425,16.268408476658575,100
nc,-26.32514355213721,17.67485644786279,100
tl,-63.38156177079627,81.61843822920373,100
ss,-42.973583450574864,55.026416549425136,100
tg,-6.376467713318276,43.62353228668172,100
sc,-17.709266548403313,21.290733451596687,100
ya,-95.18207721170508,29.817922788294922,100
wx,-65.2167339368066,60.78326606319339,100
vw,-55.757160973916115,55.242839026083885,100
wq,-68.20830089779324,96.79169910220676,100
ag,-80.14768487070562,87.85231512929438,100
ts,-67.55532797545325,60.44467202454674,100
mk,-66.98020416997493,35.019795830025075,100
zi,-49.42981122918544,86.57018877081455,100
ju,-46.802512759277086,64.19748724072292,100
gv,-26.826206994698705,65.17379300530129,100
vx,-34.59617512309548,94.40382487690452,100
yc,-67.09322438795633,8.90677561204368,100
tq,-2.2060890868782375,59.79391091312176,100
bh,-79.1607450360316,7.839254963968401,100
ke,-77.10931052722317,31.890689472776828,100
bs,-58.00243331384103,20.99756668615897,100
ud,-44.82676643173021,74.1732335682698,100
sj,-77.93384659458067,38.06615340541933,100
tg,-30.65073428309484,9.34926571690516,100
fc,-8.789948081990028,54.210051918009974,100
cx,-53.90803906433201,85.091960935668,100
uh,-57.35196959165878,83.64803040834121,100
il,-91.53506925017867,27.464930749821335,100
qw,-16.546155971361905,90.45384402863809,100
xy,-60.772426270146795,29.227573729853205,100
xc,-70.99587200321294,53.00412799678706,100
rd,-44.723497356572736,56.276502643427264,100
ut,-53.654863037635,24.345136962364997,100
xt,-28.336451015294738,26.663548984705262,100
ru,-12.506580388976364,70.49341961102364,100
nw,-49.581377264753755,86.41862273524625,100
mw,-83.82413030198819,58.17586969801181,100
rn,-36.45361272440926,23.546387275590742,100
hp,-90.98143397453426,92.01856602546574,100
ks,-83.67483119741695,94.32516880258305,100
yz,-61.93519192433257,94.06480807566743,100
wm,-6.875489358564761,90.12451064143524,100
fx,-36.88852293911659,27.111477060883413,100
gd,-90.75620194833782,84.24379805166218,100
ty,-75.48448813182463,7.515511868175368,100
ul,-73.5276403818005,64.4723596181995,100
st,-46.857535161289356,27.14246483871064,100
rn,-64.34604241568249,58.65395758431751,100
py,-72.76170177191992,7.238298228080083,100
jd,-39.41713328387804,52.58286671612196,100
hg,-66.51501034353325,86.48498965646675,100
hr,-33.903817753813605,13.096182246186398,100
kl,-66.65039597932947,60.349604020670526,100
ba,-46.34923664747241,10.650763352527594,100
fa,-77.73099491510537,13.269005084894632,100
uy,-55.71970103643147,49.28029896356853,100
yw,-22.768045555999223,95.23195444400078,100
al,-18.81782277619814,88.18217722380186,100
sr,-27.950932997355434,53.04906700264457,100
ap,-35.58186588107218,32.41813411892782,100
co,-10.563724861366493,91.4362751386335,100
kh,-93.1072406392415,81.8927593607585,100
az,-57.71307743313086,40.28692256686914,100
al,-13.853276225691667,90.14672377430833,100
mf,-29.728651259724693,98.27134874027531,100
zw,-24.917846013761242,12.082153986238756,100
wp,-26.951879245431165,90.04812075456883,100
pb,-84.16941322528947,80.83058677471053,100
kx,-48.58364885469099,14.416351145309012,100
ui,-53.31520292709893,38.68479707290107,100
jo,-17.67745107931863,83.32254892068137,100
ub,-11.565557421591008,25.434442578408994,100
gx,-88.89002673905783,5.10997326094217,100
im,-76.77028263772971,96.22971736227029,100
bk,-95.31549336664203,24.68450663335797,100
eo,-20.152815204627064,2.8471847953729355,100
vh,-50.677987617152255,60.322012382847745,100
yo,-83.7262242992205,31.273775700779495,100
ct,-34.57687926727502,94.42312073272498,100
qh,-28.313688298453467,26.686311701546533,100
wa,-87.45800625025153,54.54199374974848,100
do,-62.1720366144955,96.8279633855045,100
oo,-61.69941686641297,49.30058313358703,100
jq,-18.876044341043347,10.123955658956653,100
ra,-42.81610617793103,37.18389382206897,100
bf,-27.0009997909757,58.9990002090243,100
cj,-49.31794061470397,63.68205938529603,100
ai,-96.23862943274538,36.76137056725462,100
nx,-72.65518036004029,95.34481963995971,100
ng,-10.71770889220768,98.28229110779232,100
ls,-57.18472767586125,97.81527232413875,100
zf,-78.92902659406786,88.07097340593214,100
sn,-16.90722659500873,81.09277340499126,100
sy,-29.32230429914498,76.67769570085501,100
nx,0.34710852377877977,19.34710852377878,100
cv,-53.99946338922774,40.00053661077226,100
al,-7.959003886395852,36.04099611360415,100
qn,-60.09707429961453,24.902925700385467,100
cz,-80.21485013244195,80.78514986755805,100
gg,-40.78093472864282,28.21906527135718,100
sg,-65.944525091573,18.055474908427,100
yk,-27.616915755291803,68.3830842447082,100
dn,-55.77443949744853,39.22556050255147,100
xs,-9.667922936221306,76.3320770637787,100
ey,-51.26891563954865,4.73108436045135,100
do,-69.87573994065825,57.124260059341744,100
sk,-17.784704697989653,44.21529530201035,100
so,-73.54640757332304,32.45359242667696,100
ju,-10.60213012961665,19.39786987038335,100
bk,-65.4939395900757,44.5060604099243,100
rp,-59.17800374454289,13.821996255457107,100
cv,-87.61444404490204,53.38555595509795,100
br,-52.24258774048168,46.75741225951832,100
jn,-64.00067464155045,26.999325358449546,100
ao,-32.190660598300234,22.809339401699766,100
ry,-92.79615186013397,91.20384813986603,100
ny,-21.36081170444026,71.63918829555973,100
rz,-85.30150322968635,32.69849677031366,100
pp,-58.6172304081397,40.3827695918603,100
bi,-21.193274744012157,61.80672525598784,100
an,-67.80509971777545,12.194900282224546,100
ev,-51.84959712255275,31.15040287744725,100
ph,-92.80787229314801,65.19212770685199,100
ty,-83.84036117015218,37.15963882984782,100
tn,-56.84759386158882,89.15240613841118,100
cx,-43.590728127406734,32.409271872593266,100
wo,-30.781847080772465,21.218152919227535,100
vx,-13.521006929709456,71.47899307029054,100
cz,-91.94235769432217,37.05764230567783,100
zm,-35.688119389342795,7.311880610657203,100
lj,-86.76791883095501,98.23208116904499,100
dn,-71.04425770591793,58.955742294082064,100
at,-39.892305218078555,21.107694781921445,100
ks,-32.490475147508604,43.509524852491396,100
no,-4.498686416500331,23.50131358349967,100
rv,-28.885396229325973,75.11460377067402,100
yr,-34.674610405678365,58.325389594321635,100
og,-20.297268565199392,82.70273143480061,100
wy,-5.660576042032713,83.33942395796728,100
hm,-71.52388046944188,59.476119530558115,100
lp,-16.21861836998495,60.781381630015055,100
ou,-36.37264869530241,21.62735130469759,100
tq,-64.39584472545388,12.604155274546121,100
bs,-93.62493617686494,35.375063823135065,100
wh,-13.068475116723496,78.93152488327651,100
ez,-18.64116134085401,16.35883865914599,100
ya,-66.01464117304845,27.985358826951554,100
vh,-21.303043631373704,92.6969563686263,100
xy,-24.491463423721747,61.50853657627825,100
bo,-47.703251030069026,19.296748969930974,100
zl,-22.579925813776732,57.42007418622327,100
cg,-8.966967345867129,13.033032654132871,100
wh,-4.447309409836615,46.55269059016339,100
zj,-27.13145101336213,77.86854898663788,100
ai,-57.443983905947995,30.556016094052005,100
uj,-11.209604102716481,30.79039589728352,100
sl,-47.19484050346607,13.80515949653393,100
nu,-24.556969436650714,89.44303056334928,100
mw,-43.417013518254194,24.582986481745806,100
pi,-27.362105948077524,0.6378940519224767,100
sn,-25.099402668712653,37.90059733128735,100
qz,-11.18976083466438,35.810239165335624,100
bi,-47.50659353868454,40.49340646131546,100
ou,-54.63682960988423,97.36317039011577,100
hz,-52.87971130876691,44.12028869123309,100
io,-83.89632955889059,53.103670441109415,100