vd,-34.55615771869024,10.443842281309763,25
fb,-97.26668259010017,25.733317409899822,25
xl,-60.82556746194692,89.17443253805308,25
lg,-62.36699081296449,31.633009187035512,25
su,-76.13555434517666,80.86444565482334,25
qe,-53.27298475518405,3.727015244815953,25
un,-32.0047106020408,23.9952893979592,25
cu,-55.72585870605358,30.27414129394642,25
vt,-46.6876531608067,22.3123468391933,25
gc,-68.43524254547816,55.56475745452184,25
sm,-86.24737897833423,76.75262102166577,25
gk,-53.15785987498322,92.84214012501678,25
is,-60.11788503044617,88.88211496955384,25
re,-93.52665310310861,14.473346896891384,25
lq,-90.68228961710211,50.317710382897886,25
zy,-28.928356539835576,47.071643460164424,25
em,-91.38753676689052,64.61246323310948,25
fz,-76.39393508336022,6.606064916639788,25
uv,-82.59239524764669,80.40760475235331,25
lp,-19.051300947576618,22.948699052423382,25
ta,-68.18101491592756,2.818985084072434,25
qx,-41.36699819836996,6.633001801630037,25
mw,-9.737389970644543,4.262610029355457,25
zv,-91.45909225699263,27.54090774300737,25
ru,-73.36701946196919,90.63298053803081,25
oz,-2.937845136966837,51.062154863033165,25
ta,-2.7502180907009324,68.24978190929907,25
sq,-10.135092270709679,28.864907729290323,25
en,-49.225395945603836,26.77460405439616,25
ty,0.967320734678837,44.967320734678836,25
no,-16.52048013866566,19.47951986133434,25
ho,-62.76540163005646,68.23459836994354,25
ii,-76.87169683063668,68.12830316936332,25
rl,-94.75673247455387,29.243267525446136,25
xs,-12.647241710295205,80.3527582897048,25
tj,-89.88459533771525,84.11540466228475,25
zs,-4.457941629013049,69.54205837098695,25
ku,-47.96203667117684,10.037963328823164,25
we,-87.41604741924883,48.58395258075118,25
ur,-50.486503395143316,42.513496604856684,25
aw,-85.68100296324445,49.31899703675555,25
vx,-54.94317972085898,30.056820279141018,25
wn,-63.91212257067195,27.087877429328056,25
ub,-5.11548179833836,36.88451820166164,25
xu,-78.70439481582711,44.29560518417288,25
ci,-72.5963798528894,20.40362014711061,25
xw,-25.776891339818995,21.223108660181005,25
ai,-41.91826808827903,14.08173191172097,25
ob,0.015427910748143536,4.015427910748143,25
nu,-82.93834570242419,7.061654297575815,25
io,-13.636965362763549,43.36303463723645,25
xz,-24.037390982004116,15.962609017995886,25
hg,-18.897530278939026,73.10246972106097,25
do,-66.15556975978444,37.84443024021556,25
ec,-18.914058848805713,20.085941151194287,25
kh,-42.394657232023945,77.60534276797605,25
kw,-79.94657747434654,93.05342252565346,25
el,-22.55740954493198,66.44259045506803,25
yy,-15.106494292479987,66.89350570752,25
yx,-47.91595837123745,78.08404162876255,25
ob,-2.366314663854026,75.63368533614597,25
jk,-72.8153051914621,32.184694808537905,25
jf,-65.09972152780111,23.900278472198888,25
py,-80.63943348744517,12.360566512554831,25
ru,-92.96235819680676,72.03764180319324,25
el,-81.22288543413636,5.777114565863637,25
dh,-74.544593322963,85.455406677037,25
oa,-56.227849387198134,86.77215061280187,25
ml,-10.496661403542575,19.503338596457425,25
wy,-52.50153782273952,40.49846217726048,25
wz,-51.02114353108163,2.9788564689183743,25
rm,-1.101511328151555,95.89848867184844,25
br,-63.242576980607026,44.757423019392974,25
pk,-14.06334942542048,85.93665057457952,25
ja,-29.98904331106785,44.010956688932154,25
rn,-96.13235581283467,86.86764418716533,25
yn,-27.154705711276804,83.8452942887232,25
jy,-65.47141762257472,58.52858237742529,25
cc,-80.93492448149588,73.06507551850412,25
pb,-18.392167811483656,44.60783218851635,25
go,-55.83407384824078,50.16592615175922,25
ua,-62.95063610801903,75.04936389198097,25
mn,-87.49998660808602,7.500013391913976,25
vs,-55.05139518638286,21.94860481361714,25
gd,-67.04228506283236,81.95771493716764,25
nl,-64.15122042017596,9.848779579824036,25
qk,-72.58456293468984,42.415437065310165,25
bc,-83.70991837937103,52.290081620628975,25
kn,-87.92665220675224,21.073347793247763,25
tm,-24.317638551401096,57.682361448598904,25
hh,-57.02972355217395,41.97027644782605,25
dy,-93.9255986815197,78.0744013184803,25
wq,-2.79272912566958,44.20727087433042,25
ww,0.8624002075187702,28.86240020751877,25
jt,-46.76211762979538,58.23788237020462,25
ws,-53.29790886685046,15.70209113314954,25
ov,-32.16363713743927,70.83636286256073,25
da,-45.52993184923258,38.47006815076742,25
hf,-26.103440663248445,60.89655933675155,25
wi,-54.363239823198654,15.636760176801342,25
tw,-47.50559686378329,64.4944031362167,25
bf,-6.901619751434677,27.098380248565324,25
tv,-86.0698993133495,34.9301006866505,25
bd,-73.18687312896054,30.81312687103946,25
iw,-69.4827706276457,17.51722937235429,25
ik,-89.99235866977281,46.00764133022718,25
vy,-37.76973227515796,67.23026772484204,25
ou,-60.806608680917016,23.193391319082988,25
dn,-33.61563075101175,68.38436924898825,25
yl,-16.342965316944625,39.65703468305538,25
xb,-25.617683194871393,92.38231680512861,25
tm,-54.532404882229294,0.4675951177707095,25
ad,-14.955520438007273,89.04447956199273,25
wa,-76.939965083511,10.060034916489004,25
yk,-66.08269252476694,4.917307475233064,25
cw,-37.31217254587435,17.68782745412565,25
pn,-75.3055337667744,64.6944662332256,25
mx,-64.23430713670666,12.76569286329334,25
zf,-21.607521815492245,49.39247818450776,25
ob,-26.158918626308292,21.841081373691708,25
tk,-65.03042823047286,63.969571769527136,25
xw,-22.586026944152618,50.41397305584738,25
ho,-60.29465451302105,61.70534548697895,25
sh,-76.51525589772194,50.48474410227805,25
sg,-36.5214221620425,55.4785778379575,25
ga,-95.25099212873445,19.749007871265544,25
rf,-43.611161470687094,90.3888385293129,25
xv,-52.90866167056283,76.09133832943718,25
xr,-37.603982683383805,54.396017316616195,25
us,-92.0838364804064,4.916163519593601,25
bg,-25.905606847217573,78.09439315278243,25
ui,-85.00167597583471,37.998324024165285,25
ay,-51.37713270646745,31.62286729353255,25
kc,-85.96487713236742,66.03512286763258,25
by,-20.64903805641772,26.35096194358228,25
ej,-33.624434747569595,10.375565252430402,25
eb,-69.2946805373583,10.705319462641697,25
ag,-86.36164356465555,77.63835643534445,25
ek,-33.25326665367782,33.74673334632218,25
vs,-24.40324066345196,44.59675933654804,25
gp,-19.842424405355565,60.157575594644435,25
kr,-53.64257413804977,32.35742586195023,25
vn,-87.87463895731045,0.12536104268954407,25
ig,-52.884132812010336,82.11586718798966,25
ap,-66.17570693917138,9.824293060828621,25
ef,-19.879915156167755,21.120084843832245,25
hq,-38.979399811299075,26.020600188700925,25
ws,-55.36044633906685,98.63955366093316,25
pd,-60.11335005016781,0.8866499498321921,25
rd,-33.032874027271134,38.967125972728866,25
sn,-72.87951081382903,10.120489186170964,25
zg,-92.0865679473986,12.9134320526014,25
nq,-56.98542770864936,45.01457229135064,25
sq,-54.977001064314315,7.022998935685683,25
og,-40.25913577113736,27.740864228862637,25
pd,-95.90567906481733,75.09432093518267,25
sw,-30.08344292319166,27.91655707680834,25
jo,-28.91526697087477,18.08473302912523,25
gs,-21.449068736031613,24.550931263968387,25
ta,-73.44062496058243,9.559375039417567,25
ob,-90.49749668004226,33.50250331995774,25
cq,-50.63051499268333,7.369485007316671,25
re,-45.317379353178815,7.682620646821186,25
gf,-22.11207997233772,44.88792002766228,25
zj,-7.864014023220688,30.135985976779313,25
si,-15.460507481461272,80.53949251853872,25
ol,-92.2088570948608,95.7911429051392,25
yj,-29.268411028164607,6.731588971835393,25
ke,-0.0793180018485028,31.920681998151498,25
ve,-19.888450375141222,57.11154962485878,25
pw,-97.07457459962151,14.925425400378483,25
mw,-48.020324512077046,79.97967548792296,25
pp,-7.146630666994328,89.85336933300567,25
ce,-54.78503331069277,12.214966689307232,25
ee,-34.73630157073483,76.26369842926516,25
lx,-5.955213561717379,51.04478643828262,25
rj,-45.66979639208132,85.33020360791868,25
uz,-76.91657493243532,6.083425067564672,25
cp,-40.69702836557171,31.302971634428285,25
sm,-45.0401515648513,87.9598484351487,25
rg,-56.81574053192394,43.18425946807606,25
cf,-61.376902302546014,74.62309769745399,25
xy,-31.602628551227223,4.397371448772779,25
hp,-82.37387588928763,24.626124110712368,25
bp,-39.8708350496882,37.1291649503118,25
rg,-29.48094570730295,2.519054292697048,25
gk,-48.34314423120655,13.656855768793449,25
lk,-69.61675744044209,76.38324255955791,25
se,-39.91298219769066,86.08701780230933,25
lm,-21.804828853035275,3.195171146964726,25
wu,-63.71866841632629,50.28133158367371,25
hy,-87.0775485482121,50.922451451787886,25
bz,-2.066870099999478,53.93312990000052,25
af,-29.50569709767567,73.49430290232432,25
mc,-69.2495619216988,57.75043807830121,25
nh,-49.942067222422295,30.057932777577708,25
kn,-0.165617674712788,34.83438232528721,25
hx,-19.98007971221379,44.019920287786206,25
tb,-18.646515015787546,90.35348498421246,25
cw,-88.15057496873875,57.84942503126124,25
yw,-97.90554111386065,47.09445888613934,25
dl,-12.319635880505345,77.68036411949466,25
aa,-43.979149414894536,94.02085058510546,25
lf,-8.491317575282118,22.508682424717882,25
ae,-76.07535219534,3.924647804660003,25
zd,-25.687061009622155,29.312938990377845,25
pf,-80.94398460081517,10.056015399184837,25
vq,-37.15906411550247,92.84093588449754,25
eg,-21.68506908872782,95.31493091127219,25
dj,-50.95934653479889,51.04065346520111,25
wh,-12.180142759519248,14.819857240480752,25
mu,-74.1231505838056,42.8768494161944,25
ec,-18.882049981073934,49.11795001892607,25
cz,-66.41901839163673,45.58098160836327,25
wx,-73.32723772546915,4.672762274530856,25
pt,-37.61181505066048,23.388184949339518,25
hr,-1.1768966631853646,44.82310333681463,25
iu,-24.996641851795072,10.003358148204928,25
rr,-39.38832516250716,35.61167483749284,25
kp,-97.34375262260087,66.65624737739913,25
ew,-17.256242831513987,46.74375716848601,25
nl,-66.70540238376412,48.29459761623587,25
iz,-62.976285273492174,7.023714726507826,25
pk,-91.50694638926959,91.49305361073041,25
ei,-21.40537108531113,23.59462891468887,25
tt,-26.57479821189747,5.425201788102529,25
da,-51.11871165001156,3.881288349988437,25
gp,-52.53605130644965,91.46394869355035,25
cu,0.2918949840736016,51.2918949840736,25
tf,-41.015239821358875,40.984760178641125,25
eg,-66.83025202855164,79.16974797144836,25
la,-6.004692539268442,50.99530746073156,25
oi,-37.3884521607885,89.6115478392115,25
og,-92.99233029929526,44.00766970070474,25
ke,-40.05949895893128,56.94050104106872,25
co,-12.539027331290566,58.46097266870944,25
kw,-45.175507793868164,15.824492206131838,25
oc,-91.94307716472292,16.05692283527707,25
ag,-52.65122912390993,84.34877087609007,25
wz,-0.418461928356321,25.581538071643678,25
qc,-30.862248900064568,64.13775109993543,25
bn,-11.827621843997958,41.17237815600204,25
xh,-43.571340434547835,46.428659565452165,25
ko,-1.988654790065091,64.01134520993492,25
mv,-75.41769334791181,97.58230665208819,25
lc,-81.8650162607582,73.1349837392418,25
mr,-64.13021338954637,1.8697866104536298,25
uv,-77.0856095253502,87.9143904746498,25
qh,-34.4411177672052,9.558882232794803,25
ft,-67.95573910690725,90.04426089309275,25
tv,0.8747468250992446,32.874746825099244,25