bv,-71.33840783638708,37.66159216361293,25
jz,-10.865359245143518,55.134640754856484,25
xx,-72.98130091258207,74.01869908741793,25
ge,-75.76941475908635,2.230585240913661,25
qb,-81.02662610230529,85.97337389769471,25
nk,-30.078125325146086,83.92187467485391,25
xe,-60.933512321114314,97.06648767888568,25
pz,-31.1028310004866,56.897168999513404,25
up,-36.90512757409166,97.09487242590833,25
dc,-72.81742208451205,91.18257791548795,25
yd,-53.300662690140626,97.69933730985937,25
yn,-41.93302288679134,43.06697711320866,25
pg,-37.08193755761209,18.918062442387907,25
mf,-4.761507539085563,69.23849246091444,25
yf,-90.8652575460901,92.1347424539099,25
im,-70.28318787872342,59.716812121276575,25
ov,-81.6775406586165,27.322459341383507,25
ps,-92.0283743184721,50.9716256815279,25
ty,-4.969074893805925,44.030925106194076,25
rw,-5.836155211627884,12.163844788372117,25
zu,-58.997022355812476,18.002977644187524,25
rf,-24.139709996445053,67.86029000355495,25
xe,-46.99262029895811,68.0073797010419,25
zg,-45.83812448998621,52.16187551001379,25
hl,-15.995641682822898,90.00435831717711,25
si,-10.81614808473853,21.18385191526147,25
nv,-66.55079749118084,8.44920250881916,25
mk,-86.17475907687812,51.82524092312188,25
ug,-0.8053159821096701,76.19468401789032,25
cj,-66.3915136111235,74.6084863888765,25
vb,0.5929295386572943,41.592929538657295,25
xn,-23.05220602161376,72.94779397838624,25
av,-53.60494641205585,49.39505358794415,25
nr,-26.699756801393878,56.300243198606125,25
yl,-60.10821955635516,22.891780443644844,25
oa,-55.563118671675454,63.436881328324546,25
cc,-77.40277949045574,76.59722050954426,25
ns,-50.10048591633057,1.8995140836694298,25
mo,-19.983335128602512,39.01666487139749,25
ex,-16.793501046783234,42.206498953216766,25
hr,-35.7191597836683,68.2808402163317,25
vi,-92.21071656966346,63.78928343033654,25
qx,-92.95409393553885,38.04590606446115,25
yx,-49.17503552189824,92.82496447810176,25
qj,-5.036171790756536,69.96382820924346,25
xq,-7.874029482648297,31.125970517351703,25
wb,-45.625802931307874,0.37419706869212643,25
xs,-0.07882540176388253,95.92117459823612,25
pf,-92.71218182173271,71.28781817826729,25
zo,-21.52819063148989,94.47180936851011,25
ev,-20.202589130290754,76.79741086970924,25
bi,-71.71668007194343,37.283319928056564,25
lk,-91.03146794584573,69.96853205415427,25
gv,-34.58188990862832,14.41811009137168,25
kx,-88.61472035258929,16.385279647410716,25
pi,-74.06605939767101,78.93394060232899,25
iw,-21.85174540103101,15.148254598968988,25
gx,-87.15273477337936,19.847265226620635,25
jb,-11.819129843121365,40.18087015687863,25
gc,-32.67890099577698,82.32109900422302,25
sm,-41.36482780247129,68.6351721975287,25
kc,-35.45836578583001,29.54163421416999,25
pa,-18.567641681844783,90.43235831815522,25
qt,-47.84223378464853,65.15776621535147,25
mz,-45.41607873413182,17.583921265868174,25
iu,-95.64642106224464,62.35357893775535,25
iq,-11.751152415124158,89.24884758487585,25
nm,-56.66049895707144,49.33950104292856,25
gy,-31.35227805331206,89.64772194668794,25
qj,-60.35636814357325,31.643631856426747,25
bp,-27.264606660058917,0.7353933399410835,25
yq,-35.02707061276967,60.97292938723033,25
kt,-55.53740474326644,76.46259525673355,25
xe,-73.54488112618658,53.45511887381342,25
dh,-87.79462811822928,19.205371881770713,25
xv,-34.78953635059023,22.210463649409764,25
vi,-15.89853356365138,83.10146643634862,25
hz,-22.481603479561464,35.518396520438536,25
rf,-23.07466429565098,43.92533570434902,25
pk,-90.38263427174493,14.617365728255068,25
fl,-6.4566786325954935,34.54332136740451,25
iq,-46.435203418676245,57.564796581323755,25
pe,-44.602938031869385,34.397061968130615,25
tm,-85.18762582304589,1.8123741769541146,25
gm,-54.287512926470654,62.712487073529346,25
lq,-34.02834632791563,2.9716536720843725,25
xp,-31.53256168684984,11.467438313150163,25
gc,-62.3485413021907,39.6514586978093,25
ju,-81.78058214134475,78.21941785865525,25
gz,-94.86815719723792,95.13184280276208,25
xu,-81.58753942723202,63.41246057276799,25
fu,-33.92195847063995,22.07804152936005,25
kd,-37.41555858603837,8.584441413961628,25
sf,-0.5164972311011193,53.48350276889888,25
gs,-92.02182183004166,1.978178169958346,25
uo,-93.05751015153302,52.94248984846698,25
oy,-36.2205332519589,75.7794667480411,25
ip,-57.99208372168023,75.00791627831977,25
bs,-62.67049144796802,26.32950855203198,25
gx,-20.176989089996418,97.82301091000357,25
nr,-17.50317808193006,77.49682191806994,25
mh,-87.59738761401226,44.40261238598774,25
bv,-68.15483271912153,42.84516728087847,25
kn,-38.902235039070185,25.09776496092982,25
fs,-45.8552643028276,49.1447356971724,25
ct,-62.474904279129866,10.525095720870134,25
os,-45.04456684967722,43.95543315032278,25
tm,-76.85652059494225,15.14347940505774,25
gu,-51.946537891727516,66.05346210827248,25
qq,-88.80696186926886,74.19303813073114,25
jl,-4.153567363625189,31.84643263637481,25
vt,-97.19783061201638,38.80216938798362,25
ft,-80.26050642387314,61.739493576126854,25
dz,-69.57751592072279,73.42248407927721,25
ho,-82.08342568422245,28.91657431577756,25
tc,-87.88659536211374,70.11340463788626,25
cv,-86.87324852730731,8.126751472692685,25
ha,-89.79793063465691,92.20206936534309,25
fe,-16.956570415192758,63.04342958480724,25
gf,-74.91212475580566,94.08787524419434,25
dx,-31.911550185633594,54.088449814366406,25
ll,-89.800477171039,79.199522828961,25
os,-91.93362224318854,1.0663777568114647,25
dq,-27.227292846222372,48.772707153777624,25
bj,-85.84625715270964,44.15374284729035,25
fg,-70.99555625057533,40.00444374942467,25
xt,-59.453305047757965,52.546694952242035,25
qb,-42.007123422732946,4.992876577267051,25
eb,-77.04608181975239,89.95391818024761,25
be,-58.49381083728532,53.50618916271468,25
bl,-24.89725198288572,70.10274801711428,25
jv,-13.773351368540858,35.22664863145914,25
fb,-30.635818115838294,71.36418188416171,25
mm,-94.97708345508566,1.0229165449143351,25
uh,-64.57247604246126,94.42752395753874,25
ba,-16.64091922020497,29.35908077979503,25
be,-10.329964726595296,29.670035273404704,25
rw,-68.32968315220177,3.670316847798235,25
kc,-87.14768794042106,42.852312059578935,25
dl,-13.462854406494356,39.53714559350564,25
jt,-90.20800403985355,48.791995960146444,25
jj,-51.29197266735866,21.70802733264134,25
lv,-14.470052290784338,59.52994770921566,25
zt,-19.519976423465565,31.480023576534435,25
tf,-53.089029583038894,44.910970416961106,25
mz,-83.62212670059148,14.377873299408515,25
zr,-62.19451288863724,76.80548711136275,25
km,-82.57666546320138,13.423334536798622,25
ak,-92.59750885838702,86.40249114161298,25
sh,-55.967981409853834,29.032018590146162,25
pk,-69.54926669107004,30.450733308929948,25
wl,-12.902709269305742,92.09729073069425,25
rj,-1.2566995383055173,89.74330046169449,25
fy,-75.43696468296059,2.5630353170394065,25
mf,-87.05483096387073,11.945169036129272,25
iv,-76.36319296278948,84.63680703721052,25
ps,-36.941148357840945,22.058851642159052,25
ui,-30.384004470659644,82.61599552934035,25
ws,-29.383183551905855,97.61681644809414,25
md,-14.228644747420232,94.77135525257977,25
cc,-51.76671972469507,85.23328027530492,25
po,-68.63904152687142,85.36095847312858,25
hz,-33.99323811782069,88.00676188217932,25
ny,-20.083429237021683,12.916570762978317,25
kq,-64.1718285067859,62.82817149321411,25
xh,-21.823861488535343,59.17613851146466,25
bm,-20.85459061663759,1.1454093833624108,25
lm,-97.85118053793171,71.14881946206829,25
cz,-38.75386827787512,13.246131722124877,25
bt,-34.13546817910661,78.86453182089339,25
ep,-65.1293007463824,31.87069925361761,25
hz,-76.7173853823096,28.282614617690392,25
ed,-8.642050768206195,39.3579492317938,25
bh,-9.514696356501956,41.48530364349804,25
yt,-82.31581369747258,27.684186302527415,25
xh,-4.12544777281247,32.87455222718753,25
on,-63.826103958757756,50.173896041242244,25
ji,-22.40919462812464,36.59080537187536,25
cp,-45.363013409100866,69.63698659089914,25
bp,-1.8223697190714678,28.177630280928533,25
ys,-92.85853560727807,91.14146439272193,25
ef,-0.5866435609671315,83.41335643903287,25
ig,-71.49973333958975,6.500266660410246,25
qr,-8.376883525980691,72.62311647401931,25
or,-52.25737025784407,16.742629742155923,25
wl,-92.09548575067974,97.90451424932026,25
zd,-4.660462145258045,41.339537854741955,25
vq,-39.91046141099435,75.08953858900564,25
oq,-34.98677569937557,9.013224300624431,25
zi,-7.7814438183427725,33.21855618165723,25
lu,-87.75142779921136,20.248572200788647,25
tj,-97.41412135978592,45.58587864021408,25
hq,-65.97379810276797,29.026201897232028,25
js,-94.87023957058683,49.12976042941317,25
bg,-62.701652602590755,78.29834739740924,25
nv,-5.119631678830472,38.88036832116953,25
it,-4.998221554262906,79.00177844573709,25
sp,-0.10699843903037987,33.89300156096962,25
oq,-15.162631980381633,62.83736801961837,25
vx,-42.425967582574174,77.57403241742583,25
ea,-14.258822419015862,80.74117758098414,25
rq,-50.791545451824014,62.208454548175986,25
gc,-56.204924604000844,68.79507539599916,25
lu,-60.85333694186918,20.146663058130823,25
eg,-63.467859874254145,16.532140125745855,25
bl,-2.637939645914859,91.36206035408514,25
ax,-16.365029092413124,73.63497090758688,25
tw,-45.666593483170885,15.333406516829111,25
nr,-49.74131407813083,7.258685921869171,25
sh,-81.06723794430613,61.932762055693864,25
rg,-51.866636196721686,5.133363803278314,25
ki,-46.444152394640945,27.55584760535906,25
ds,-29.238030787099884,93.76196921290011,25
ii,-92.12086895794673,24.87913104205327,25
ng,0.3726440983753958,26.372644098375396,25
ue,-7.512993052455956,25.487006947544042,25
ea,-10.143139208977262,47.85686079102274,25
vl,-68.12583536192467,80.87416463807533,25
lk,-54.23325795079325,37.76674204920675,25
co,-16.180694757864696,67.8193052421353,25
hm,-69.8016507536005,94.1983492463995,25
ff,-88.01582736871393,65.98417263128607,25
ng,-82.24924518031766,10.750754819682339,25
ja,-41.59459339201576,29.40540660798424,25
rw,-1.4959399115255771,78.50406008847442,25
td,-59.237363462772834,72.76263653722717,25
hp,-74.21062415270445,6.789375847295542,25
gf,-92.29064482706337,60.709355172936625,25
ns,-14.697088651572766,84.30291134842723,25
cb,-83.4791034589181,62.520896541081896,25
bg,-61.69088461282808,25.309115387171918,25
sg,-97.84359106741472,91.15640893258528,25
wt,-12.910335795165814,72.08966420483418,25
mf,-13.688450207402006,7.311549792597994,25
qt,0.988817625305256,95.98881762530526,25
rf,-31.85559151031578,59.14440848968422,25
mj,-69.49824725780316,93.50175274219684,25
lq,-58.979918297907545,7.020081702092452,25
kk,-18.682174744403035,69.31782525559696,25
lx,-85.79732329797432,47.20267670202568,25
mc,-64.84720317454341,0.15279682545658424,25
hl,-79.26951532724323,8.730484672756775,25
ro,-53.11367854807232,66.88632145192767,25
at,-33.40238910462325,93.59761089537675,25
ff,-55.11295797138188,93.88704202861813,25
la,-18.227403641190417,19.772596358809583,25
yw,-5.383482550894549,65.61651744910544,25
ax,-43.36755453677667,18.632445463223327,25
zs,-48.36176937011341,50.63823062988659,25
ow,-22.471226367429843,57.52877363257016,25
ig,-70.70268730235512,72.29731269764488,25