j,-60.51690051510322,94.48309948489678,1000
l,-47.165973942889664,61.834026057110336,1000
e,-60.42570770569099,74.574292294309,1000
g,-0.23051452076396362,74.76948547923604,1000
s,-23.615184313901533,28.384815686098467,1000
l,-46.97622430345287,55.02377569654713,1000
h,-75.88749370493028,87.11250629506972,1000
e,-68.21929754522623,44.78070245477377,1000
p,-16.794414281216795,70.20558571878321,1000
y,-14.023775550258149,65.97622444974185,1000
i,-90.76303450021557,40.236965499784425,1000
i,-13.962483303873208,82.03751669612679,1000
p,-48.00435816778639,62.99564183221361,1000
m,-78.81118209240208,55.188817907597915,1000
s,-29.384989102586935,15.615010897413066,1000
h,-50.998271497658436,90.00172850234156,1000
x,-69.66147978993054,38.33852021006946,1000
t,-93.81621254785577,83.18378745214423,1000
i,-69.45740324295859,11.542596757041405,1000
z,-88.07248678520793,16.92751321479207,1000
c,-2.9375969626916083,2.0624030373083917,1000
u,-0.6269167525657032,88.3730832474343,1000
w,-7.4586016006047045,7.5413983993952955,1000
k,-86.52627424755792,41.47372575244208,1000
c,-4.904585816144069,13.095414183855931,1000
n,-4.968081654757492,71.0319183452425,1000
