s,-27.869822165835302,23.130177834164698,1000
l,-52.74896812629799,90.251031873702,1000
c,-29.551770299875464,2.4482297001245366,1000
z,0.20677749532681622,73.20677749532682,1000
t,-35.94467870152823,66.05532129847177,1000
w,-91.60779158638539,64.39220841361461,1000
r,-45.99746605105484,63.00253394894516,1000
v,-86.39791118423553,8.602088815764477,1000
e,-79.88090712198212,94.11909287801788,1000
y,-67.38754422147348,13.612455778526526,1000
v,-7.867565776811298,76.1324342231887,1000
b,-14.266992059022895,33.7330079409771,1000
o,-92.34236069852702,66.65763930147298,1000
z,-92.01132481451535,2.988675185484652,1000
r,-4.978653265311624,27.021346734688375,1000
n,-80.32772320883633,97.67227679116367,1000
z,-77.84370308889018,92.15629691110982,1000
u,-51.93127971487299,92.068720285127,1000
x,-95.57140750855405,22.428592491445954,1000
j,-28.13345681583133,70.86654318416868,1000
q,-6.989888128874108,98.01011187112589,1000
v,-35.338905781954004,64.66109421804599,1000
h,-95.54624283262848,20.453757167371528,1000
x,-74.0674121366726,26.9325878633274,1000
q,-13.763487874229742,82.23651212577026,1000
u,-25.07751682404905,85.92248317595094,1000
