x,-69.16415934354399,4.835840656456015,100
f,-93.32116668556611,17.678833314433888,100
s,-23.09922396808008,32.90077603191992,100
d,-32.624951716107994,66.37504828389201,100
p,-88.43476476105656,96.56523523894344,100
u,-42.718757511574914,41.281242488425086,100
y,-61.796782570794626,12.203217429205374,100
b,-72.49030934344763,15.50969065655236,100
j,-37.191810011097346,78.80818998890265,100
x,-89.96292938343781,83.03707061656219,100
o,-31.531147110062047,42.468852889937956,100
h,-72.1341447905064,80.8658552094936,100
i,-62.83073907964331,40.16926092035669,100
y,-3.7692979450022444,42.23070205499776,100
s,-28.873199668679003,93.126800331321,100
l,-36.75918609629825,18.240813903701753,100
n,-39.087293393364405,68.9127066066356,100
h,-71.46706437642236,78.53293562357764,100
i,-45.98929501151036,4.010704988489644,100
x,-28.744378223353536,40.255621776646464,100
i,-32.240263518454164,50.759736481545836,100
v,-83.71501614259319,45.284983857406814,100
m,-84.13936720173217,29.86063279826783,100
k,-74.08673363228299,14.913266367717007,100
g,-46.403802624725785,7.596197375274214,100
u,-25.826870722546953,44.17312927745304,100
