i,-58.26680223883384,73.73319776116617,1500
d,-75.89225487771522,85.10774512228478,1500
k,-52.67118148527092,68.32881851472908,1500
e,-52.59416624604545,82.40583375395455,1500
m,-12.131662223035596,9.868337776964404,1500
k,-4.165063078492534,85.83493692150746,1500
w,-13.816168030985684,14.183831969014316,1500
a,-36.8565436855456,18.1434563144544,1500
h,-60.991251681379715,60.008748318620285,1500
j,-18.672890744233893,16.327109255766107,1500
p,-4.220300512751372,92.77969948724864,1500
g,-23.519386683367436,13.480613316632564,1500
o,-91.56443427274888,47.43556572725112,1500
t,-76.51558815591875,79.48441184408125,1500
e,-67.79160198369294,2.2083980163070596,1500
r,-7.494863357947817,55.505136642052186,1500
c,-49.175016677423706,22.82498332257629,1500
k,-50.89459289479622,45.10540710520378,1500
z,-12.24748430283713,57.75251569716287,1500
a,-59.770798327122094,1.2292016728779043,1500
j,-22.085874732658723,66.91412526734128,1500
h,-60.778765666039874,15.221234333960128,1500
d,-30.896395205275912,85.10360479472409,1500
x,-12.031737654170135,70.96826234582987,1500
o,-20.62635041366074,68.37364958633925,1500
b,-67.92801345487166,85.07198654512834,1500
