k,-65.8133280445,79.1866719555,1500
i,-34.35539129565419,24.644608704345814,1500
v,-97.38512835200193,40.61487164799807,1500
e,-12.729095661566182,10.270904338433818,1500
k,-4.80002507901366,11.199974920986339,1500
z,-24.12718267516657,67.87281732483343,1500
i,-85.19124952613551,96.80875047386449,1500
f,-93.81052522170525,0.18947477829475745,1500
f,-88.80142197717319,89.19857802282681,1500
t,-70.5621428892453,44.437857110754706,1500
p,-22.059818364377108,44.94018163562289,1500
k,-69.70210941111809,77.29789058888191,1500
p,-92.24044852808281,1.7595514719171965,1500
h,-5.771234389608524,66.22876561039148,1500
r,-46.62951698666157,5.370483013338427,1500
w,-95.54220793480528,98.45779206519472,1500
x,-38.490037826815716,24.509962173184284,1500
x,-62.01919373885632,96.98080626114367,1500
t,-46.8435415777126,20.156458422287397,1500
s,-30.25509392179017,66.74490607820984,1500
y,-71.54663839132306,90.45336160867694,1500
d,-77.9822961454019,40.017703854598096,1500
c,-11.24562396538317,72.75437603461683,1500
v,-78.41695064371632,17.583049356283684,1500
m,-54.63951556824373,20.360484431756273,1500
k,-6.989839350547789,36.01016064945221,1500
