h,-73.64481659832418,40.355183401675816,1500
w,-93.32261958450188,47.67738041549812,1500
a,-48.05803394308373,98.94196605691627,1500
u,-25.241806700644087,28.758193299355913,1500
f,-49.3716609990316,59.6283390009684,1500
g,-45.44054499888943,44.55945500111057,1500
h,-2.828536068493982,96.17146393150601,1500
g,-70.98485262851743,76.01514737148257,1500
m,-91.76969336366611,83.23030663633389,1500
q,-85.49072145902235,29.509278540977643,1500
z,-4.480661058910059,63.51933894108994,1500
g,-90.37493317351132,57.625066826488684,1500
a,-61.480228159229874,50.519771840770126,1500
g,-0.04085892256778534,10.959141077432214,1500
n,-8.72137289392939,27.27862710607061,1500
c,-4.789968202359562,1.210031797640438,1500
z,-16.58605839427553,45.413941605724474,1500
w,-23.83365079526566,48.16634920473434,1500
k,-50.89076617645108,32.10923382354892,1500
r,-10.397162757654982,66.60283724234502,1500
g,-71.34298892212902,51.65701107787097,1500
c,-36.076373346050275,38.923626653949725,1500
e,-91.83038534526716,53.16961465473284,1500
j,-35.34031138413861,39.65968861586139,1500
r,-76.73385732435437,16.266142675645618,1500
h,-60.215590427416096,14.784409572583902,1500
