g,-43.922060785788986,49.077939214211014,25
k,-3.853082036641279,52.14691796335872,25
d,-8.33019092368304,97.66980907631697,25
j,-92.2735375584308,65.7264624415692,25
b,-12.694675238118398,12.305324761881602,25
s,-65.65930391960688,95.34069608039312,25
n,-45.370210070670815,7.629789929329184,25
q,-10.02706760945196,84.97293239054804,25
m,-22.36944257064835,64.63055742935165,25
v,-94.39351407869324,26.60648592130675,25
f,-97.41476630883353,91.58523369116647,25
n,-53.67767472745902,98.32232527254098,25
x,-93.93488073487833,13.065119265121666,25
f,-47.97303540590245,94.02696459409755,25
l,-16.06146835856083,26.93853164143917,25
t,-47.506320091000575,26.49367990899942,25
y,-53.07266338839083,51.92733661160917,25
n,-58.18587022594179,17.814129774058213,25
a,-14.374848955282648,87.62515104471736,25
u,-87.9328288224265,22.067171177573492,25
e,-33.78872571637817,63.21127428362183,25
p,-57.4129103120194,83.5870896879806,25
l,-62.39913622912607,15.600863770873929,25
p,-14.850105511672925,26.149894488327075,25
x,-46.31534273723718,90.68465726276281,25
b,-73.33421702254742,43.66578297745257,25
