t,-91.87823307074102,4.121766929258989,500
d,-51.34749838916513,37.65250161083487,500
p,-40.40801019306196,21.591989806938038,500
l,-27.291503339446315,98.70849666055368,500
c,-69.28885263968766,87.71114736031234,500
j,-10.044712712605707,40.95528728739429,500
o,-75.91570915474252,86.08429084525748,500
b,-79.90009147627526,27.099908523724736,500
t,-96.374351983793,15.625648016207,500
e,-35.35552245840403,44.64447754159597,500
a,-56.344625398000225,73.65537460199977,500
m,-92.69217483660893,39.30782516339107,500
e,-31.884272867593737,15.115727132406265,500
a,-70.4537984571124,77.5462015428876,500
w,-33.33263275896374,39.66736724103626,500
g,-19.151874541712363,87.84812545828764,500
q,-26.167698173198616,7.832301826801384,500
r,-78.17901396393665,45.82098603606334,500
e,-21.870310951759226,39.12968904824077,500
t,-71.2274681951332,4.772531804866807,500
b,-19.260315674327384,11.739684325672616,500
x,-84.10191409737253,17.898085902627475,500
e,-75.57756552399351,90.42243447600649,500
b,-69.68781597301313,24.312184026986873,500
d,0.6055808420440221,24.605580842044024,500
k,-29.171460041613624,16.828539958386376,500
