q,-22.646501282419123,16.353498717580877,1000
x,-42.68474538478703,3.3152546152129725,1000
a,-9.789056170770255,10.210943829229745,1000
m,-85.60309502322659,58.39690497677342,1000
k,-27.503424762842833,0.49657523715716745,1000
n,-27.947729829990024,52.052270170009976,1000
v,-68.61967581363447,2.380324186365524,1000
h,-20.071378861968366,50.92862113803163,1000
z,-82.55058110882172,36.449418891178276,1000
z,-73.2497743469401,35.75022565305989,1000
c,-13.083123436495285,67.91687656350472,1000
a,-47.61207191017373,70.38792808982626,1000
t,-37.19299770473869,57.80700229526131,1000
h,-7.252522336856084,76.74747766314391,1000
p,-54.77847389122694,25.221526108773066,1000
y,-12.26849382943682,84.73150617056318,1000
y,-2.3851323183984947,80.61486768160151,1000
r,-35.73904627280118,52.26095372719882,1000
y,-31.88168184186836,51.11831815813164,1000
i,-28.110264003845586,36.889735996154414,1000
y,-68.45682290135169,64.54317709864831,1000
w,-97.97278091100013,6.027219088999867,1000
p,-82.04303125101977,83.95696874898023,1000
h,-78.9444800728646,21.0555199271354,1000
e,-84.76003864954562,94.23996135045438,1000
b,-0.9516783958404256,85.04832160415957,1000
o,-12.931357674108574,89.06864232589143,1000
b,-33.75030220673902,41.24969779326098,1000
r,-47.64256632978426,30.357433670215745,1000
l,-94.608442025652,53.391557974348004,1000
p,-19.300240963926647,51.69975903607335,1000
p,-96.71862161493415,12.281378385065853,1000
t,-70.02149354069404,90.97850645930596,1000
f,-81.66502721014226,22.33497278985774,1000
w,-22.197383957532352,41.80261604246765,1000
i,-74.98205214542823,64.01794785457177,1000
z,-79.2389174715593,88.7610825284407,1000
u,-4.230371925197266,67.76962807480274,1000
z,-8.633937623353306,50.366062376646695,1000
y,-42.770482560139875,40.229517439860125,1000
j,-88.46179704427588,80.53820295572412,1000
q,-6.938960411182386,85.06103958881762,1000
m,-46.81148069606097,48.18851930393903,1000
g,-15.923096754323362,90.07690324567663,1000
g,-34.41287599338254,0.5871240066174572,1000
n,-34.07678027098387,0.9232197290161303,1000
x,-32.77824361139117,45.22175638860883,1000
h,-24.163220015190927,56.83677998480908,1000
x,-84.86581812913471,27.134181870865284,1000
j,-90.98269631994103,30.017303680058976,1000
s,-76.12987803128038,55.87012196871961,1000
j,-59.05506826975255,42.94493173024745,1000
i,-87.05693379902887,1.9430662009711344,1000
a,-19.18658459223939,44.81341540776061,1000
v,-12.940298189698389,53.05970181030161,1000
h,-12.209630581294055,73.79036941870595,1000
a,-14.259544858506905,3.7404551414930953,1000
t,-21.397959403714726,20.602040596285274,1000
l,-69.02584186941135,5.974158130588654,1000
p,-58.28126952987899,64.71873047012102,1000
h,-58.68470639535079,32.31529360464921,1000
j,-50.00696482073018,19.993035179269818,1000
p,-20.088801747709756,43.91119825229024,1000
m,-91.31479787210978,32.68520212789022,1000
a,-58.757595171841686,1.2424048281583135,1000
l,-69.70776340062507,41.29223659937493,1000
m,-7.806510091834528,12.193489908165473,1000
d,-34.32865073757866,61.67134926242134,1000
e,0.8740697733012774,53.87406977330128,1000
k,-77.0287252586135,24.9712747413865,1000
j,-15.644555822716049,25.35544417728395,1000
q,-63.14433473682048,65.85566526317952,1000
q,-11.006159310007682,26.993840689992318,1000
w,-77.78978446378355,45.210215536216445,1000
h,-1.8986135119818774,76.10138648801812,1000
q,-11.49600703637399,84.503992963626,1000
m,-29.53774499719017,19.46225500280983,1000
p,-10.417900268042805,23.582099731957193,1000
t,-67.32883611082883,55.671163889171176,1000
s,-32.15963225675871,48.84036774324129,1000
m,-14.30347806188781,81.69652193811218,1000
s,-10.297809492679558,27.70219050732044,1000
j,-18.06331690568973,33.93668309431027,1000
d,-65.12010656346192,49.87989343653809,1000
q,-37.13718308012756,94.86281691987243,1000
l,-18.920710438173412,74.07928956182658,1000
h,-40.671269722888766,64.32873027711123,1000
l,-97.84942152876448,61.15057847123552,1000
k,-33.20285464542486,77.79714535457515,1000
s,-85.81981158033318,30.180188419666813,1000
e,-6.790926823731017,97.20907317626899,1000
v,-88.19674667493854,21.80325332506147,1000
p,0.7401132046210835,77.74011320462108,1000
t,-82.86545220053029,14.134547799469715,1000
a,-31.406585935877903,52.5934140641221,1000
r,-82.52086082455845,18.479139175441546,1000
h,-97.15200795982261,40.847992040177395,1000
h,-79.0418842981754,22.958115701824596,1000
d,-7.742928400165867,60.257071599834134,1000
r,-12.480785138890862,62.51921486110914,1000
a,-72.54946640051425,15.450533599485759,1000
a,-58.34059327569936,76.65940672430064,1000
g,-41.32538426847853,41.67461573152147,1000
c,-32.75263261071559,45.24736738928441,1000
o,-82.19985859798368,8.800141402016324,1000
h,-58.96322649379505,59.03677350620495,1000
v,-83.56982290824891,11.430177091751087,1000
e,-48.75502548084472,96.24497451915528,1000
v,-27.844511664640187,92.1554883353598,1000
e,-32.45468513935107,48.54531486064893,1000
s,-96.9681952222065,13.031804777793493,1000
n,-35.99664712666821,55.00335287333179,1000
c,-16.18178361039416,56.81821638960584,1000
g,-84.57033826979998,2.4296617302000296,1000
m,-16.907617979551652,20.092382020448348,1000
b,-2.157119053370703,66.8428809466293,1000
s,-80.4086780955074,36.59132190449261,1000
x,-93.18645470174768,55.81354529825232,1000
q,-43.11418764792301,63.88581235207699,1000
x,-28.01808316780938,21.98191683219062,1000
r,-97.94216433596476,11.057835664035235,1000
e,-96.37657085349464,92.62342914650536,1000
u,-82.6566748147694,40.343325185230604,1000
p,-15.543059258117925,80.45694074188208,1000
b,-34.57270025446792,68.42729974553208,1000
t,-82.15573458087077,76.84426541912923,1000
s,-15.810145469348921,55.189854530651075,1000
k,-66.08403652650665,19.91596347349335,1000
m,-39.56921995042507,21.430780049574924,1000
b,-73.44310603897483,29.556893961025175,1000
a,-86.09287747055244,64.90712252944756,1000
a,-80.19338154729253,48.80661845270747,1000
r,-79.64596274985884,94.35403725014116,1000
o,-69.43038234072748,70.56961765927252,1000
d,-21.117774850790635,79.88222514920936,1000
c,-71.74123349668922,5.2587665033107855,1000
a,-46.14832962763399,85.85167037236602,1000
l,-90.80218249487167,4.197817505128326,1000
p,-80.89698376198986,86.10301623801014,1000
n,-51.30538737839284,48.69461262160716,1000
g,-74.95160374248698,12.048396257513021,1000
s,-16.74189663935797,62.25810336064203,1000
e,-5.0768457614568785,45.92315423854312,1000
l,-5.141437527846548,80.85856247215345,1000
p,-73.57749249051132,29.422507509488685,1000
v,-46.01954088473945,53.98045911526055,1000
u,-66.06799403250096,23.932005967499038,1000
s,-78.65009667479289,36.3499033252071,1000
k,-25.008969861566875,39.991030138433125,1000
a,-87.83660709268416,64.16339290731584,1000
h,-81.11143040229874,50.88856959770127,1000
w,-20.98541045107395,80.01458954892605,1000
q,-91.74034214366358,62.25965785633641,1000
r,-6.038780320065767,56.96121967993423,1000
e,-44.064777232269115,8.935222767730886,1000
f,-27.75883515829136,40.24116484170864,1000
w,-95.84377350624595,64.15622649375405,1000
z,-87.70582739440972,17.29417260559028,1000
n,-90.81641337920315,45.183586620796845,1000
i,-42.23984195699778,5.7601580430022175,1000
j,-84.47138239204253,18.52861760795747,1000
r,-96.41806168518288,39.58193831481713,1000
x,-11.883538719992934,74.11646128000706,1000
s,-16.83442564144816,47.165574358551844,1000
w,-96.75637187938769,68.24362812061231,1000
n,-40.83696495011564,24.163035049884357,1000
z,-13.339081847414013,73.66091815258599,1000
r,-5.989494789363958,90.01050521063604,1000
x,-34.036164530870124,96.96383546912988,1000
g,-54.16874582704947,89.83125417295052,1000
c,-31.46131214810374,89.53868785189626,1000
i,-50.419639155560084,54.580360844439916,1000
h,-21.752692353774012,9.247307646225988,1000
j,-43.980679168989624,87.01932083101038,1000
y,-3.4742136459777484,24.52578635402225,1000
a,-7.692089283363774,23.307910716636226,1000
q,-96.98671297434845,15.013287025651552,1000
h,-70.3871711437723,79.6128288562277,1000
h,-56.26469313230471,36.73530686769529,1000
w,-72.06810738960182,21.931892610398176,1000
m,-78.89102503593979,7.108974964060209,1000
e,-63.015840247533625,51.984159752466375,1000
i,-83.8906081910718,88.1093918089282,1000
t,-80.04169298696753,15.958307013032465,1000
z,-20.26768386374406,48.73231613625594,1000
r,-43.31178650768087,68.68821349231912,1000
p,-61.72882180657864,83.27117819342136,1000
h,-72.47430325279721,53.525696747202794,1000
h,-37.55051973914536,62.44948026085464,1000
w,-92.26455592386235,42.73544407613766,1000
u,-96.066603248939,21.933396751060993,1000
j,-22.613112086369327,15.386887913630673,1000
o,-72.42771172922083,0.5722882707791653,1000
c,-31.286309603852022,78.71369039614798,1000
q,-94.8213567705969,37.17864322940309,1000
n,-23.136580404154586,66.86341959584541,1000
n,-96.66283483438387,86.33716516561613,1000
l,-77.24267762160001,14.757322378399993,1000
g,-76.72490050645617,0.2750994935438327,1000
c,-27.216221217037575,45.78377878296243,1000
h,-76.76259552975877,66.23740447024123,1000
s,-58.20366809876575,68.79633190123424,1000
l,-65.09294443128066,11.90705556871934,1000
p,-22.793692580791053,20.206307419208947,1000
o,-43.919395870216235,10.080604129783765,1000
l,-10.760248078470413,54.23975192152959,1000
f,-14.505829489069624,59.494170510930374,1000
b,-9.449589673495005,38.550410326504995,1000
s,-59.0101961099602,40.9898038900398,1000
y,-21.76378278995638,41.23621721004362,1000
b,-65.83764638207077,38.162353617929234,1000
t,-44.53799207694938,97.46200792305062,1000
r,-50.720826971780724,19.279173028219272,1000
v,-2.641971902446808,84.35802809755319,1000
r,-55.172136058673026,43.827863941326974,1000
k,-68.25117623631078,94.74882376368922,1000
z,-9.2406957004738,41.7593042995262,1000
m,-68.86618928776633,38.13381071223367,1000
o,-77.79218383718639,86.20781616281361,1000
w,-37.70728396981991,48.29271603018009,1000
d,-32.50246779770639,15.497532202293614,1000
d,-22.486110813254772,23.513889186745228,1000
l,-7.900432316923086,15.099567683076913,1000
w,-20.537207566619347,88.46279243338066,1000
n,-30.425736399762666,90.57426360023733,1000
e,-55.47725635680411,24.522743643195888,1000
w,-76.69830273846064,67.30169726153936,1000
c,-45.76091724256779,46.23908275743221,1000
i,-35.76989302824607,39.23010697175393,1000
o,-58.99867348299722,14.00132651700278,1000
o,-27.029807013560728,90.97019298643927,1000
c,-96.07922455801076,31.920775441989235,1000
c,-45.417642340422134,6.5823576595778635,1000
e,-64.3980944817482,8.6019055182518,1000
u,-84.08802890295672,30.911971097043278,1000
p,-61.55114025926058,46.44885974073942,1000
z,-4.558363900672221,77.44163609932778,1000
k,-60.20336036551382,39.79663963448618,1000
j,-0.07445128919764932,40.92554871080235,1000
j,-78.21244010687211,76.78755989312789,1000
l,-44.85933508482484,58.14066491517516,1000
i,-37.54408683706212,8.45591316293788,1000
m,-4.690965382355358,61.30903461764464,1000
t,-12.67744369828237,64.32255630171763,1000
j,-61.284787246432685,37.715212753567315,1000
a,-84.04835681359224,35.951643186407765,1000
c,-3.487688390629382,29.512311609370617,1000
y,-37.551151392129846,77.44884860787015,1000
p,-75.08397726053623,41.91602273946377,1000
d,-72.36217247470483,43.63782752529517,1000
f,-91.6733580979494,39.326641902050596,1000
y,-65.43997216548439,41.5600278345156,1000
g,-67.67630520842215,41.32369479157786,1000
f,-63.21326968161631,39.78673031838369,1000
m,-84.3396026433321,29.660397356667904,1000
r,-53.72579288571996,9.274207114280038,1000
n,-93.61829951412314,31.381700485876863,1000
z,-0.11575582586502753,91.88424417413498,1000
e,-86.08059479228866,72.91940520771134,1000
m,-79.87634372896487,79.12365627103513,1000
b,-84.57203968773986,38.42796031226015,1000
q,-77.38263619051614,94.61736380948386,1000
o,-7.745775155967856,32.254224844032144,1000
c,-50.94254931984984,9.057450680150161,1000
y,-73.34105785104575,76.65894214895425,1000
j,-81.93045153166409,46.06954846833591,1000
t,-11.393959571622771,23.60604042837723,1000
v,-13.335354994732427,6.664645005267573,1000
e,-70.12994320012234,57.87005679987766,1000
h,-26.283750556767558,40.71624944323244,1000
p,-54.41946103894059,82.58053896105942,1000
b,-18.844904822574435,31.155095177425565,1000
r,-36.8041907790453,21.1958092209547,1000
o,-63.85313654545452,81.14686345454548,1000
l,-20.05834886149458,85.94165113850542,1000
e,-37.05015087106016,74.94984912893985,1000
u,-24.154076242436737,97.84592375756327,1000
z,-93.57926732370369,56.42073267629631,1000
t,-38.42017547970071,49.57982452029929,1000
o,-30.189978272515248,46.81002172748475,1000
c,-12.49628747767538,79.50371252232462,1000
u,-13.3349257432664,67.6650742567336,1000
g,-25.533354749676175,54.46664525032382,1000
y,-58.6670420629948,64.33295793700519,1000
z,-60.60141305277895,45.39858694722105,1000
b,-93.28836340581199,49.71163659418801,1000
b,-65.90506310704383,51.09493689295617,1000
m,0.1806151692139547,48.18061516921396,1000
q,-64.73100221978001,82.26899778021999,1000
q,-92.88953299456468,35.110467005435325,1000
h,-93.1816060188671,88.8183939811329,1000
m,-81.20595955150957,91.79404044849043,1000
c,-72.973205963027,71.026794036973,1000
w,-67.91311135901285,83.08688864098715,1000
v,-10.61458725090032,43.38541274909968,1000
d,-19.962119486954023,66.03788051304598,1000
e,-58.09180496055713,42.90819503944287,1000
a,-21.238592946587012,10.761407053412988,1000
u,-16.1124115702562,87.8875884297438,1000
o,-78.77836896049425,62.22163103950575,1000
f,-55.88040407162888,4.119595928371119,1000
u,-32.249427637180425,82.75057236281958,1000
e,-13.243657965878029,55.75634203412197,1000
f,-90.19121978562316,48.80878021437683,1000
h,-71.0507332942453,62.9492667057547,1000
p,-32.762131729160515,51.237868270839485,1000
y,-4.070616002179265,96.92938399782074,1000
d,-17.17270592744346,56.82729407255654,1000
h,-60.18322461267774,10.81677538732226,1000
n,-53.577618497009034,94.42238150299097,1000
s,0.3795446603423954,19.379544660342397,1000
y,-36.32298418281361,42.67701581718639,1000
x,-58.33611910684403,18.66388089315597,1000
d,-24.51383668874499,79.48616331125501,1000
k,-85.43532419110342,84.56467580889658,1000
r,-71.71727772511623,40.28272227488377,1000
f,-96.40809146868234,50.59190853131766,1000
c,-6.373508270003103,40.6264917299969,1000
y,0.1523672916408242,97.15236729164083,1000
w,-46.444277283185805,59.555722716814195,1000
g,-58.989300968695865,27.01069903130414,1000
s,-93.30721070540692,76.69278929459308,1000
y,-20.772123945531934,72.22787605446807,1000
e,-1.401904850172788,25.598095149827213,1000
v,-57.883468718787945,5.116531281212053,1000
a,-39.41564182552459,92.58435817447541,1000
w,-3.4094221036801713,7.590577896319829,1000
s,-82.27955914377657,1.720440856223434,1000
j,-34.93488364897083,44.06511635102917,1000
f,-42.8478074633709,85.1521925366291,1000
l,-50.21600387966533,5.78399612033467,1000
a,-42.85517747348589,20.144822526514112,1000
c,-92.6968395979631,58.3031604020369,1000
v,-30.889428397577984,90.11057160242201,1000
l,-87.3495476035204,52.6504523964796,1000
y,-7.438336213756725,26.561663786243276,1000
s,-28.210233897629944,44.78976610237005,1000
b,-14.381406473740267,72.61859352625973,1000
k,-85.27892163876,67.72107836124,1000
r,-72.37843860929918,30.62156139070082,1000
t,-34.4669940005335,60.5330059994665,1000
i,-68.40393182164185,7.596068178358149,1000
a,-58.1224034762675,86.87759652373249,1000
p,-66.09147966541559,86.90852033458441,1000
z,-73.04513367384344,84.95486632615656,1000
q,-52.468532625518414,13.531467374481585,1000
p,-52.4265909967414,52.5734090032586,1000
y,-45.484869342139625,23.515130657860375,1000
v,-47.89855156744943,64.10144843255057,1000
m,-58.87568707880136,18.124312921198637,1000
a,-43.84968730089838,78.15031269910162,1000
t,-74.32691330012496,23.673086699875043,1000
k,-31.99222714041444,59.00777285958556,1000
c,-15.980040727777757,23.019959272222245,1000
w,-85.17544018207712,68.82455981792288,1000
w,-79.65478270819904,80.34521729180096,1000
s,-73.5394163557352,52.46058364426481,1000
r,-17.65155317137043,94.34844682862958,1000
q,-34.50773545904937,23.492264540950632,1000
g,-94.47143039982218,1.5285696001778233,1000
e,-29.619770232264706,49.380229767735294,1000
i,-44.992045013379844,49.007954986620156,1000
h,-11.169309206558498,24.8306907934415,1000
n,-32.657260987830504,2.3427390121694938,1000
d,-46.93355687196399,57.06644312803601,1000
f,-41.607464666528124,55.392535333471876,1000
b,-18.55883614388695,64.44116385611305,1000
d,-85.98532402708643,72.01467597291357,1000
g,-39.84347002792228,11.156529972077719,1000
e,-79.17483577191355,40.82516422808645,1000
r,-85.56583490489452,13.434165095105477,1000
y,-96.54345978012633,98.45654021987367,1000
s,-87.7178761424456,24.28212385755439,1000
g,-59.40366394921849,88.59633605078152,1000
h,-88.12315211409607,21.87684788590392,1000
c,-5.576208146619472,69.42379185338052,1000
t,-49.462530501854886,18.53746949814511,1000
r,-70.70592743920803,0.2940725607919703,1000
g,-3.4483138281102343,17.551686171889767,1000
o,-38.54036286016479,26.45963713983521,1000
c,-43.53527805991309,89.46472194008692,1000
d,-78.81909776834168,11.180902231658324,1000
y,-48.79032890956782,43.20967109043218,1000
n,-15.722577917583514,40.277422082416486,1000
z,-11.014128330842894,96.9858716691571,1000
a,-9.082019501602353,16.917980498397647,1000
h,-86.49444017016383,31.505559829836166,1000
v,-64.99695535597871,10.003044644021294,1000
b,-36.768943547018715,84.23105645298128,1000
i,-18.042509927481056,57.957490072518944,1000
g,-14.184174771116894,13.815825228883106,1000
s,-10.751562980082424,94.24843701991757,1000
p,-97.9791700087225,29.020829991277488,1000
l,-66.04129788684993,7.958702113150066,1000
b,-82.51927017437754,12.480729825622454,1000
k,-8.058389422000268,65.94161057799973,1000
m,-36.782036675637514,83.21796332436249,1000
t,-21.524202036272698,64.4757979637273,1000
n,-81.1409269641488,94.8590730358512,1000
a,-95.58098033345178,81.41901966654822,1000
m,-49.819884341265535,75.18011565873447,1000
t,-88.93519912691868,58.06480087308133,1000
b,-95.35539051428812,39.644609485711875,1000
t,-79.06107468487832,97.93892531512168,1000
y,-56.14415500019319,94.85584499980682,1000
p,-87.36300592751515,71.63699407248485,1000
j,-45.082482458712356,42.917517541287644,1000
v,-78.32719805142354,57.67280194857647,1000
r,-19.843198282114095,8.156801717885903,1000
m,-31.798609374612617,62.20139062538738,1000
k,-50.515121238376906,54.484878761623094,1000
s,-32.848002964943014,84.15199703505698,1000
p,-58.325006900296756,94.67499309970324,1000
z,-62.307362689900785,66.69263731009922,1000
s,-81.05566516417265,28.944334835827352,1000
y,-19.67564620873233,3.32435379126767,1000
q,-66.85451353215072,59.14548646784928,1000
v,-85.94475870976004,53.055241290239955,1000
k,-95.77230697082115,92.22769302917885,1000
k,-13.368904461396237,24.631095538603763,1000
q,-78.62924028757506,61.37075971242494,1000
k,-52.221710838841915,77.77828916115809,1000
c,-9.893745468112924,58.106254531887075,1000
e,-26.27463387741771,8.725366122582288,1000
t,-7.679741249299703,70.3202587507003,1000
l,-36.79300147353031,32.20699852646969,1000
g,-71.85665695905205,31.14334304094796,1000
r,-61.89363447109325,94.10636552890675,1000
w,-18.55829858875682,63.44170141124318,1000
p,-79.59338021456087,77.40661978543913,1000
h,-9.400115047604842,83.59988495239516,1000
r,-32.235663316886395,10.764336683113608,1000
m,-68.45435392680722,3.5456460731927786,1000
r,-83.28674551892702,86.71325448107298,1000
z,-12.845956932785361,75.15404306721464,1000
y,-44.8745794791625,86.1254205208375,1000
a,-39.14718426991033,53.85281573008967,1000
i,-3.905738309162751,29.09426169083725,1000
f,-96.78789066989135,4.212109330108641,1000
m,-42.83132939559836,79.16867060440164,1000
z,-93.83750088035691,96.16249911964309,1000
c,-48.201918438006025,96.79808156199397,1000
p,-11.602657141716282,91.39734285828372,1000
e,-77.38444879803747,71.61555120196253,1000
o,-6.142259220649707,36.857740779350294,1000
c,-17.812628744233372,75.18737125576662,1000
g,-89.34667325697536,69.65332674302464,1000
y,-2.5747204464933575,52.42527955350664,1000
f,-36.62677403985949,81.3732259601405,1000
t,-49.113517713731184,82.88648228626882,1000
x,-66.60868388354015,13.391316116459853,1000
p,-87.63759483241604,98.36240516758396,1000
v,-7.1168204767910765,20.883179523208923,1000
z,-43.956600527048266,6.043399472951733,1000
b,-88.2789113947783,48.721088605221695,1000
k,-28.991321258968068,53.00867874103193,1000
h,-0.1563500631726794,40.84364993682732,1000
i,-93.79718694886309,34.20281305113691,1000
q,-35.37799131408263,88.62200868591736,1000
q,-36.37651880214833,94.62348119785166,1000
m,-42.430650994254854,59.569349005745146,1000
y,-75.29645944095572,40.70354055904428,1000
v,-58.77108784153636,66.22891215846364,1000
s,-86.2640867833012,46.73591321669881,1000
e,-71.006076776016,27.99392322398399,1000
p,-49.49469883412249,53.50530116587751,1000
o,-93.45806137442052,16.541938625579476,1000
o,-27.41227887365484,17.58772112634516,1000
q,-17.334191321523566,13.665808678476436,1000
o,-49.542393249880014,76.45760675012,1000
s,-4.045126908940479,57.95487309105952,1000
q,-61.2348976878721,22.7651023121279,1000
n,-62.4993881300951,41.5006118699049,1000
w,-19.090113154717542,98.90988684528246,1000
e,-90.04197464803916,6.958025351960844,1000
v,-19.615819812488567,66.38418018751143,1000
k,-67.40278243857992,60.59721756142008,1000
z,-95.50424002885141,4.4957599711485905,1000
j,-17.38185677235214,94.61814322764786,1000
k,-93.51184090021566,30.488159099784347,1000
d,-35.79506438936552,25.204935610634475,1000
y,-60.83613087803951,14.163869121960488,1000
k,-71.37091663279467,71.62908336720533,1000
z,-0.4880275676261143,16.511972432373884,1000
c,-82.15045165231082,8.849548347689185,1000
q,-76.20204693195203,69.79795306804797,1000
x,-19.941533469291457,76.05846653070854,1000
i,-30.940026497504533,50.05997350249547,1000
n,-47.922182157034065,81.07781784296593,1000
s,-73.23437600244397,15.76562399755603,1000
e,-89.9172968391356,32.0827031608644,1000
h,-5.784456166340197,84.21554383365981,1000
i,-37.68996342107595,77.31003657892404,1000
s,-20.408603255858694,7.5913967441413055,1000
s,-40.686015570612994,24.313984429387006,1000
c,-25.514535342534387,33.48546465746561,1000
v,-70.00089753770733,69.99910246229267,1000
i,-82.68129859934642,96.31870140065358,1000
b,-63.99955866533035,63.00044133466965,1000
g,-47.952015825056606,37.047984174943394,1000
n,-24.75971351089951,69.2402864891005,1000
o,-89.7464303390643,32.25356966093569,1000
l,-81.24578450050107,5.754215499498931,1000
g,-92.32297491441199,10.677025085588015,1000
n,-58.67891711263989,6.321082887360117,1000
v,-18.342350101097818,11.65764989890218,1000
g,-58.399988104841654,61.600011895158346,1000
i,-80.97314400406323,47.026855995936764,1000
r,-43.73328357730935,62.26671642269065,1000
h,-42.33015407017542,92.66984592982458,1000
g,-82.59924297368912,50.400757026310885,1000
y,0.4156927182050606,92.41569271820507,1000
a,-60.55696992484394,44.44303007515606,1000
k,-95.34483358094806,91.65516641905194,1000
w,-12.716821925907924,14.283178074092076,1000
o,-1.2693001044538614,95.73069989554614,1000
m,-40.71184496237769,95.2881550376223,1000
l,-74.20381906331848,88.79618093668152,1000
e,-30.05482179145569,91.9451782085443,1000
s,-7.6234753267239,37.3765246732761,1000
f,-52.362984615692184,76.63701538430782,1000
y,-28.880966490896874,95.11903350910312,1000
g,-88.25741666101982,42.742583338980175,1000
d,-81.29128763561278,35.708712364387225,1000
w,-5.130531607476208,1.8694683925237916,1000
e,-96.08864907083289,38.91135092916712,1000
o,-36.999674466217066,14.000325533782934,1000
o,-70.91597382666718,98.08402617333282,1000
v,-82.94302474967415,73.05697525032585,1000
d,-87.03943644084846,63.960563559151545,1000
k,-40.132204262923224,86.86779573707678,1000
d,-47.218475077792405,57.781524922207595,1000
n,-66.06680935154424,3.933190648455769,1000
t,-68.00911718048012,59.99088281951988,1000
g,-88.43278723814497,82.56721276185503,1000
b,-46.37649270530978,18.62350729469022,1000
r,-50.91886927637504,82.08113072362497,1000
g,-42.67234467051419,93.32765532948581,1000
f,-13.228065480639422,18.771934519360578,1000
o,-36.527161079230204,5.472838920769793,1000
r,-10.20086209560975,43.79913790439025,1000
u,-43.057411451621626,23.942588548378374,1000
j,-4.388624824121048,8.611375175878953,1000
t,-57.88729502034907,68.11270497965093,1000
d,-59.93909328308797,45.06090671691203,1000
e,-59.55893304133581,10.441066958664186,1000
m,-25.801562374585703,84.1984376254143,1000
l,-7.277352871909482,4.722647128090518,1000
q,-76.17211888725743,73.82788111274257,1000
p,-77.06386545752204,69.93613454247796,1000
v,-78.24434925774399,17.755650742256012,1000
r,-83.9851570726208,78.0148429273792,1000
f,-95.49331382014054,89.50668617985946,1000
m,-48.7362919540392,25.2637080459608,1000
k,-50.70347944764904,28.29652055235096,1000
o,-35.596889491324056,63.403110508675944,1000
p,-67.95480573563454,73.04519426436546,1000
t,-8.19558926967702,36.80441073032298,1000
h,-51.88836723224024,25.111632767759758,1000
q,-54.04801913783969,2.951980862160309,1000
y,-49.48100628289193,91.51899371710807,1000
j,-85.86609548421947,49.13390451578052,1000
g,-77.23882058069218,28.76117941930782,1000
g,-80.49752553051313,2.5024744694868692,1000
e,-57.2828572940154,23.7171427059846,1000
t,-10.990311844530726,65.00968815546928,1000
r,-42.40469993375591,70.59530006624409,1000
q,-65.7071378359189,46.2928621640811,1000
b,-83.06410861056403,60.93589138943596,1000
z,-28.933507525838777,14.066492474161223,1000
d,-56.68452880586875,52.31547119413125,1000
o,-23.360460267664582,89.63953973233542,1000
n,-79.35600663067247,11.643993369327532,1000
i,-24.197155305973492,26.802844694026508,1000
m,-86.35977996151796,33.640220038482035,1000
d,-33.128458992844635,69.87154100715537,1000
v,-97.17712605962114,32.82287394037885,1000
v,-28.136786191681132,5.863213808318869,1000
p,-66.22718085303089,83.77281914696911,1000
p,-89.5379677088543,76.4620322911457,1000
n,-12.1827768827979,34.8172231172021,1000
x,-63.804875323510394,60.195124676489606,1000
z,-31.514561682645866,49.48543831735414,1000
j,-91.95651868923562,10.043481310764376,1000
r,-55.80134143112399,65.19865856887601,1000
t,-60.48659462983477,95.51340537016523,1000
v,-57.60777208775118,23.392227912248817,1000
n,-6.76509882520629,29.23490117479371,1000
h,-5.92019857124349,10.07980142875651,1000
w,-79.0441659524127,8.95583404758731,1000
d,-65.27560491270692,63.724395087293075,1000
d,-91.98227124907083,80.01772875092917,1000
o,-76.00016648886697,78.99983351113303,1000
u,-48.010178269033624,7.989821730966374,1000
o,-5.325278559305509,87.6747214406945,1000
k,-54.744205852935366,20.255794147064634,1000
q,-83.13554112075957,16.864458879240427,1000
b,-89.60885068073779,96.39114931926221,1000
u,-91.08412354350637,79.91587645649363,1000
r,-13.745180982323367,12.254819017676633,1000
y,-22.76440136517785,52.23559863482215,1000
x,-48.12802907272823,66.87197092727176,1000
a,-46.08292914978002,20.917070850219975,1000
l,-56.93334722728073,30.066652772719273,1000
d,-40.17528528539461,8.82471471460539,1000
a,-19.496134261319437,56.50386573868057,1000
e,-13.301306027005563,42.698693972994434,1000
h,-23.04411492655563,8.955885073444373,1000
u,-41.33597898873821,31.66402101126179,1000
r,-44.356627103376006,25.643372896623998,1000
f,-34.343722590917885,50.656277409082115,1000
u,-9.339455398236748,22.660544601763252,1000
i,-64.51483348543347,90.48516651456653,1000
c,-31.743605516442496,48.25639448355751,1000
c,-47.595636964306436,58.404363035693564,1000
o,-9.674396662360294,5.325603337639705,1000
l,-21.703490108403667,53.29650989159634,1000
y,-18.51970908717066,14.48029091282934,1000
a,-31.790166075602684,63.209833924397316,1000
a,-85.57280777018175,19.427192229818242,1000
z,-17.431284765076406,55.568715234923594,1000
n,-69.73847953196129,48.26152046803871,1000
i,-74.34371156185787,45.65628843814213,1000
s,-90.10632213121997,62.89367786878003,1000
e,-5.525831087658872,37.47416891234113,1000
u,-86.78292833019137,71.21707166980863,1000
r,-41.797905433605344,2.202094566394659,1000
b,-89.81598904671786,88.18401095328214,1000
d,-85.88032199830057,65.11967800169943,1000
t,-9.268434288272578,81.73156571172743,1000
u,-9.956933098396904,42.0430669016031,1000
u,-75.6342672583434,79.3657327416566,1000
y,-65.78634180733366,75.21365819266634,1000
t,-75.09785124726277,42.90214875273723,1000
p,-27.996415960533138,57.00358403946686,1000
c,-74.31484857087115,36.68515142912885,1000
r,-41.612142095380946,58.387857904619054,1000
v,-76.08849413575767,17.911505864242322,1000
e,-56.44774708307711,4.552252916922886,1000
e,-19.339625777484965,92.66037422251503,1000
o,0.9343560055307464,45.934356005530745,1000
g,-1.563391926876419,26.43660807312358,1000
z,-25.10477329594351,89.89522670405648,1000
c,-94.74186071834886,91.25813928165114,1000
m,-0.33756401915460577,17.662435980845395,1000
s,-42.34001048639231,47.65998951360769,1000
e,-4.245372513126419,11.75462748687358,1000
v,-39.26590327578272,8.734096724217284,1000
n,-75.8182680468614,3.1817319531385975,1000
z,-20.555439318645544,84.44456068135446,1000
k,-30.18644093631952,87.81355906368049,1000
p,-47.501218195310784,30.498781804689216,1000
j,-3.490212912484984,25.509787087515015,1000
m,-4.394197664560149,88.60580233543985,1000
f,-1.6926774638970157,98.30732253610299,1000
t,-95.86857837995663,67.13142162004337,1000
z,-57.62233615177547,81.37766384822453,1000
x,-48.26366805983169,89.73633194016831,1000
w,-27.00014958640768,26.99985041359232,1000
p,-62.694645763727884,40.305354236272116,1000
m,-7.875925831041895,40.1240741689581,1000
u,-46.68527487206743,1.3147251279325716,1000
v,-94.05721998843089,4.942780011569118,1000
j,-45.025335084532514,32.974664915467486,1000
z,-60.19386148721419,40.80613851278581,1000
a,-81.99157914771162,52.00842085228839,1000
j,-56.69451323450574,21.30548676549426,1000
s,-8.837832232247539,66.16216776775246,1000
t,-86.18764190169904,26.812358098300955,1000
t,-12.26968029396068,42.73031970603932,1000
c,-41.087136072602426,0.9128639273975729,1000
p,-91.37450759178903,30.625492408210977,1000
q,-11.852669381347173,43.14733061865283,1000
w,-3.0100969502257975,27.989903049774203,1000
b,-44.42709503140446,98.57290496859554,1000
u,-55.99679657391467,36.00320342608533,1000
l,-47.73176196518675,79.26823803481325,1000
t,-14.127324366183093,18.872675633816907,1000
d,-68.89962423460983,36.100375765390176,1000
f,-77.39982688700884,40.60017311299116,1000
b,-14.767399369924405,54.232600630075595,1000
z,-20.711885438200675,24.288114561799325,1000
m,-46.28921180013932,34.71078819986068,1000
d,-56.855811799960144,48.144188200039856,1000
p,-0.1901651665220554,12.809834833477945,1000
v,-63.17659307149145,39.82340692850855,1000
j,-20.305365612376544,80.69463438762345,1000
e,-66.65939438946315,90.34060561053685,1000
g,-87.01520420396146,10.984795796038533,1000
g,0.997202561824285,45.99720256182429,1000
k,-2.509133579356871,28.49086642064313,1000
h,-15.428472102230124,29.571527897769876,1000
z,-33.88386430659837,6.116135693401631,1000
p,-8.4297741667852,59.5702258332148,1000
d,-71.87010884948769,56.12989115051231,1000
l,-6.357606259545917,36.64239374045408,1000
d,-20.66227123023152,74.33772876976847,1000
l,-83.13196267780891,27.86803732219108,1000
u,-66.85555594601531,0.14444405398468474,1000
q,-91.82728926750053,94.17271073249947,1000
q,-17.160041468520294,24.839958531479706,1000
g,-47.64913181357308,13.350868186426922,1000
i,-11.053293330320887,28.946706669679113,1000
n,-15.112859360306121,60.88714063969388,1000
b,-11.995497130742693,98.00450286925731,1000
z,-42.05135658178535,31.94864341821465,1000
p,-4.589701751037525,30.410298248962473,1000
h,-96.01444121644558,66.98555878355442,1000
e,-75.30571152240245,69.69428847759755,1000
u,-93.66264274155803,81.33735725844197,1000
j,-60.13773779271749,37.86226220728251,1000
m,-1.3875582272579277,1.6124417727420723,1000
y,-21.820289060319052,86.17971093968094,1000
z,-7.583294029839101,58.4167059701609,1000
d,-92.54351600042169,23.456483999578317,1000
a,-96.65413752630961,19.34586247369038,1000
p,-59.639944656445614,29.360055343554382,1000
g,-94.98914980335563,73.01085019664437,1000
d,-61.492708461175454,59.507291538824546,1000
r,-75.47373659657877,95.52626340342123,1000
h,-52.57113431172703,29.428865688272975,1000
z,-29.030698869981716,63.96930113001828,1000
e,-64.24981711424395,89.75018288575605,1000
n,-76.85662586256124,38.14337413743875,1000
i,-32.87895102593247,33.12104897406753,1000
i,-87.5832836395009,29.416716360499095,1000
r,-9.552002421903824,87.44799757809618,1000
k,-66.69276311161909,76.30723688838091,1000
q,-80.08054474517171,97.91945525482829,1000
l,-29.224874540812092,77.7751254591879,1000
p,-60.63867705180544,40.36132294819456,1000
j,-17.11178104255696,74.88821895744304,1000
f,-32.8889145927144,54.1110854072856,1000
y,-86.82261872982903,95.17738127017097,1000
w,-29.410750299478146,9.589249700521854,1000
x,-89.32327585202088,62.67672414797912,1000
z,-66.41669504312362,2.5833049568763795,1000
z,-28.178319802945904,73.82168019705409,1000
d,-93.02872567094862,14.971274329051386,1000
f,-75.23651404906131,80.76348595093869,1000
l,-29.51062631606663,51.48937368393337,1000
e,-16.333947621804715,25.666052378195285,1000
l,-19.43075375562912,71.56924624437089,1000
h,-54.82348800921238,26.17651199078762,1000
c,-7.234467700092621,74.76553229990738,1000
y,-74.25444316308261,63.74555683691739,1000
u,-53.762819520693185,40.237180479306815,1000
x,-52.15913136029218,16.84086863970782,1000
f,-89.06327987201061,94.93672012798939,1000
y,-30.32682573481052,24.67317426518948,1000
v,-32.225315682845,43.774684317155,1000
p,-54.54048757393425,54.45951242606575,1000
g,-20.734179994623222,48.265820005376774,1000
e,-69.12602999728166,59.873970002718345,1000
n,-8.317841545360963,79.68215845463904,1000
y,-84.23033458642932,52.76966541357067,1000
q,-73.41716530332232,27.58283469667768,1000
t,-63.51980487256219,57.48019512743781,1000
x,-6.800116731360521,33.19988326863948,1000
r,-64.01854058464909,4.981459415350917,1000
r,-38.35546136437599,44.64453863562401,1000
l,-57.102018841447084,64.89798115855292,1000
g,-12.372148367118204,75.6278516328818,1000
p,-50.07708457186999,21.922915428130015,1000
z,-92.56374417873003,10.436255821269961,1000
w,-68.43719868408151,3.562801315918494,1000
x,-88.9101497948598,17.089850205140202,1000
x,-0.03051936300498226,95.96948063699502,1000
c,-86.6488415163883,19.351158483611695,1000
f,-54.623536795034134,79.37646320496587,1000
n,-78.43446849813871,76.56553150186129,1000
h,-31.393504505721687,17.606495494278313,1000
a,-24.54054289953719,67.45945710046281,1000
o,-89.94946228161525,57.050537718384746,1000
p,-90.34025885677414,25.659741143225855,1000
d,-34.31889882089328,22.68110117910672,1000
p,-91.67089586583285,97.32910413416715,1000
v,-95.53870100918411,55.46129899081589,1000
z,-64.28782296501872,1.7121770349812804,1000
p,-9.599886581085892,30.40011341891411,1000
q,-66.32930249911034,85.67069750088966,1000
i,-14.594292751732493,69.4057072482675,1000
j,-2.4812875484698202,22.51871245153018,1000
e,-9.696869634390675,39.30313036560933,1000
m,-41.91829631211555,60.08170368788445,1000
f,-26.157281820139385,52.84271817986061,1000
h,-32.42870505665247,80.57129494334752,1000
t,-3.962949245768898,95.0370507542311,1000
t,-34.59341210199342,98.40658789800658,1000
i,-18.299054894984113,83.70094510501589,1000
j,-63.70814000876514,59.29185999123486,1000
p,-29.572250281138892,37.42774971886111,1000
o,-61.85048260367637,17.149517396323635,1000
y,-18.020728086585198,14.979271913414802,1000
j,-57.13189550594045,96.86810449405955,1000
r,-83.03937803095243,35.96062196904757,1000
i,-79.8585771513738,7.141422848626207,1000
l,-40.18489747394547,9.815102526054533,1000
g,-85.88202444499564,87.11797555500436,1000
l,-9.829377347437083,57.17062265256292,1000
h,-62.364917015820325,46.635082984179675,1000
x,-3.745776484891077,85.25422351510892,1000
h,-6.303828634839654,36.696171365160346,1000
d,-59.8662977476406,4.133702252359396,1000
e,-79.05012489039203,1.9498751096079658,1000
u,-31.361995358885444,1.6380046411145566,1000
d,-45.91563496751997,84.08436503248002,1000
v,-64.11690146145357,58.883098538546434,1000
r,-93.82758173283227,5.172418267167733,1000
r,-12.40575132951203,23.59424867048797,1000
o,-26.76432877231206,79.23567122768794,1000
n,-48.908085912018045,15.091914087981953,1000
u,-1.2487337520349364,51.75126624796506,1000
n,-65.71811521965098,55.28188478034901,1000
x,-7.924322529061512,38.07567747093849,1000
p,-23.50112688340607,50.498873116593934,1000
x,-30.111669433500044,82.88833056649996,1000
z,-89.1907903937188,39.80920960628121,1000
k,-77.64656986373815,74.35343013626185,1000
x,-21.368789696353566,47.631210303646434,1000
r,-60.21235034969378,32.78764965030622,1000
o,-39.00155104446049,36.99844895553951,1000
u,-49.66761636219481,2.332383637805185,1000
q,-22.19498606028652,92.80501393971348,1000
u,-5.6018152297788735,13.398184770221127,1000
j,-31.529607852824466,84.47039214717553,1000
y,-30.440240601297543,20.559759398702457,1000
m,-32.07159760062228,87.92840239937772,1000
j,-86.84487202270952,31.155127977290476,1000
e,-6.342427284260807,53.65757271573919,1000
q,-59.811784251644966,37.188215748355034,1000
d,-7.829571761995375,18.170428238004625,1000
q,-40.05454958854954,50.94545041145046,1000
n,-43.07703850313306,47.92296149686694,1000
d,-38.16015001229836,16.839849987701644,1000
f,-36.03457273502266,1.96542726497734,1000
l,-17.27231909497481,69.7276809050252,1000
f,-22.70214799203791,31.29785200796209,1000
s,-95.90720354895012,7.09279645104988,1000
y,-42.91827246416241,94.08172753583759,1000
m,-42.20834616174066,29.791653838259343,1000
b,-97.33595849811475,19.664041501885244,1000
i,-55.34713108036183,52.65286891963817,1000
k,-66.71772326767663,23.28227673232337,1000
j,-13.544794620140445,82.45520537985955,1000
p,-73.90117537865595,53.09882462134404,1000
n,-96.27727120425301,80.72272879574699,1000
d,-50.29223065401606,3.7077693459839436,1000
s,-62.76395807834654,18.23604192165346,1000
x,-6.307285701361017,58.69271429863898,1000
w,-34.55692359475189,46.44307640524811,1000
b,-75.99609273969803,29.00390726030198,1000
a,-0.7643924260752046,49.235607573924796,1000
a,-57.407493921891735,49.592506078108265,1000
v,-18.714107936537072,32.28589206346293,1000
t,-28.45902540962865,20.54097459037135,1000
b,-55.46472773382709,94.53527226617291,1000
s,-48.311703838804775,78.68829616119523,1000
u,-19.38537347215372,31.61462652784628,1000
y,-36.720222654042466,83.27977734595753,1000
p,-63.56827987222377,63.43172012777623,1000
i,-16.531401382658512,24.468598617341488,1000
p,-8.051868291954927,18.94813170804507,1000
v,-24.217524480547823,7.782475519452175,1000
u,-22.660564718606157,69.33943528139385,1000
p,-75.37999947014917,36.62000052985082,1000
p,-48.92854013982577,37.07145986017423,1000
y,-25.120207623726255,97.87979237627374,1000
e,-63.06133344196073,42.93866655803927,1000
k,-59.88940908901927,86.11059091098073,1000
y,-43.893378490628166,56.106621509371834,1000
h,-31.19878173312724,75.80121826687277,1000
x,-12.673906407142994,43.326093592857006,1000
h,-86.41075568998978,95.58924431001022,1000
g,-9.921094757162905,56.078905242837095,1000
t,-45.43962653032431,55.56037346967569,1000
j,-29.12937414491989,17.87062585508011,1000
m,-63.907381924837935,56.092618075162065,1000
i,-42.206419431576144,68.79358056842385,1000
h,-30.34185671146598,85.65814328853402,1000
j,-22.035826083743753,50.96417391625624,1000
p,-69.76621893459364,59.23378106540637,1000
d,-84.44085264077414,63.55914735922586,1000
l,-42.9376270032232,14.062372996776805,1000
k,-60.36801532458589,15.631984675414111,1000
e,-69.84586353607482,16.154136463925187,1000
x,-44.36305800584883,11.636941994151174,1000
q,-13.253815683744804,76.7461843162552,1000
m,-27.155291649970195,67.8447083500298,1000
n,-65.91433697501682,78.08566302498318,1000
m,-31.392791750521454,37.607208249478546,1000
u,-62.73990574491102,33.26009425508898,1000
j,-76.26219539743806,5.73780460256194,1000
z,-41.10086721861856,72.89913278138144,1000
e,-61.215173609742315,59.784826390257685,1000
i,-20.652969659526107,39.34703034047389,1000
x,-0.5343490031855967,13.465650996814404,1000
t,-40.939720062760976,21.06027993723902,1000
a,-29.83243589358314,53.16756410641686,1000
s,-55.48009923119381,51.51990076880619,1000
p,-44.35797706327353,88.64202293672648,1000
n,-43.386574186021484,46.613425813978516,1000
p,-64.34148628068272,75.65851371931728,1000
s,-80.60054675180083,7.399453248199169,1000
b,-40.766008860355086,90.23399113964491,1000
r,-3.1761997478213515,40.82380025217865,1000
q,-43.50287290976203,41.49712709023797,1000
b,-83.68764255544255,80.31235744455745,1000
c,-74.86764878981755,80.13235121018245,1000
g,-7.92690536443199,40.07309463556801,1000
b,-55.04972066229035,35.95027933770965,1000
h,-86.39731277737864,85.60268722262136,1000
q,-37.16103969197125,86.83896030802875,1000
r,-93.44182416747557,71.55817583252443,1000
f,-47.008321343636304,12.991678656363694,1000
m,-52.08934443769282,22.910655562307173,1000
s,-12.75350630744777,83.24649369255224,1000
v,-28.16547517612133,76.83452482387867,1000
n,-73.2866503293335,86.7133496706665,1000
j,-0.6465150209959724,50.35348497900403,1000
s,-51.8592829024277,13.140717097572297,1000
t,-85.75822482770637,2.2417751722936354,1000
a,-11.5496082444144,86.4503917555856,1000
h,-59.02945635906426,16.970543640935734,1000
v,-54.7565362622499,15.2434637377501,1000
i,-84.5306074365599,59.46939256344009,1000
f,-5.535065078453892,75.4649349215461,1000
o,-21.746195532208134,96.25380446779187,1000
r,-89.62975821988204,79.37024178011796,1000
n,-8.208714044656382,66.79128595534361,1000
w,-37.92591626032886,84.07408373967114,1000
q,-8.096577046612264,39.90342295338774,1000
l,-38.5903215956424,76.40967840435759,1000
j,-31.952864833917783,11.047135166082219,1000
z,-4.116606375911902,98.8833936240881,1000
o,-92.69279963657473,69.30720036342527,1000
o,-74.76761558952856,74.23238441047144,1000
q,-18.564456654997354,80.43554334500264,1000
p,-95.97481181667361,98.02518818332639,1000
z,-43.16886553025309,31.831134469746907,1000
f,-97.5597415848836,29.4402584151164,1000
x,-78.54887826624058,94.45112173375942,1000
y,-39.85778537900929,76.1422146209907,1000
f,-4.932068075129266,94.06793192487073,1000
h,-44.67329367785572,82.32670632214429,1000
j,-15.261803932902092,33.73819606709791,1000
s,-79.19477762372485,65.80522237627515,1000
n,-65.81621386332469,27.183786136675312,1000
x,-84.54470900115399,95.45529099884601,1000
e,-89.23143028738022,20.768569712619783,1000
c,-47.384257586063306,30.615742413936697,1000
v,-79.21493927214854,17.78506072785145,1000
i,-8.423781478793575,36.57621852120642,1000
u,-64.72369796758976,58.27630203241024,1000
r,-39.45625736471623,81.54374263528376,1000
l,-15.050320698057105,80.9496793019429,1000
e,-92.46505891229079,57.534941087709214,1000
u,-95.30206018175318,7.697939818246824,1000
e,-36.76887195441062,10.231128045589383,1000
e,-68.43676904706176,31.56323095293824,1000
s,-43.963567163456986,27.03643283654301,1000
t,-16.62595919572037,89.37404080427963,1000
i,-46.133216255483056,31.866783744516948,1000
e,-86.05540337125579,32.944596628744215,1000
k,-5.256709310955846,75.74329068904416,1000
w,-63.40612656629421,14.593873433705786,1000
z,-22.84572254894287,69.15427745105713,1000
h,-18.339458107286788,49.66054189271321,1000
f,-67.25865062944668,47.74134937055333,1000
i,-71.39151711288831,23.60848288711169,1000
a,-32.8582000216451,97.1417999783549,1000
x,-56.296815507097534,37.703184492902466,1000
v,-62.31504519124176,23.684954808758242,1000
c,-70.46134976072557,9.538650239274427,1000
y,-6.294115923829015,16.705884076170985,1000
x,-37.76543215122968,18.23456784877032,1000
e,-11.901814237859057,72.09818576214094,1000
j,0.8422782151398281,47.84227821513983,1000
l,-9.876787823794166,97.12321217620584,1000
i,-95.52647049791862,61.47352950208138,1000
t,-3.6618020176985016,17.338197982301498,1000
k,-40.536178885658664,76.46382111434133,1000
n,-77.05373772630156,59.94626227369844,1000
w,-5.425635455724311,17.57436454427569,1000
n,-20.81852776787575,88.18147223212425,1000
w,-20.394150450146903,90.6058495498531,1000
s,-62.22290942296103,1.777090577038968,1000
n,-73.36933993974847,52.63066006025153,1000
a,-28.647235572614242,57.35276442738576,1000
x,-55.15383257308327,43.84616742691673,1000
n,-28.93767079584187,12.062329204158129,1000
b,-0.03959189777656924,44.96040810222343,1000
q,-69.86608503023771,90.13391496976229,1000
i,-45.80724129197551,65.1927587080245,1000
u,-51.709711959026386,48.290288040973614,1000
y,-33.994767963174,61.005232036826,1000
j,-53.31105622560207,36.68894377439793,1000
a,-14.315762474068467,28.684237525931533,1000
z,-44.68652897925704,5.31347102074296,1000
g,-66.41299950120987,62.58700049879014,1000
r,-41.07668667191868,33.92331332808132,1000
