j,-38.23865619627563,65.76134380372437,1000
t,-7.8755528071415615,69.12444719285844,1000
b,-7.55012233459915,83.44987766540085,1000
z,-22.31142523067004,22.68857476932996,1000
c,-17.196876448046144,66.80312355195386,1000
y,-88.75775212036993,68.24224787963007,1000
x,-7.011661981406861,40.98833801859314,1000
a,-41.68154150566006,62.31845849433994,1000
c,-64.26248870865163,2.73751129134837,1000
i,-48.809695627804345,45.190304372195655,1000
z,-70.37270557799032,54.627294422009676,1000
v,-13.650034911925045,67.34996508807495,1000
h,-17.970147250601272,63.02985274939873,1000
p,-29.392451471513546,72.60754852848645,1000
o,-65.63385510910541,0.3661448908945836,1000
g,-51.30431094558168,63.69568905441832,1000
l,-82.42451464833975,78.57548535166025,1000
p,-82.51126728379944,96.48873271620056,1000
n,-56.61352234114761,35.38647765885239,1000
r,-9.356859212651399,86.6431407873486,1000
f,-84.62414810382303,47.37585189617697,1000
p,-16.47137075837281,80.52862924162719,1000
x,-79.81791865240827,61.182081347591726,1000
v,-13.328062416729857,66.67193758327014,1000
z,-49.60567201233163,7.394327987668366,1000
h,-63.628781487928,49.371218512072,1000
u,-19.522163421280037,40.47783657871996,1000
b,-25.477120416690866,47.522879583309134,1000
y,-13.017921369973047,62.982078630026955,1000
w,-65.7546926787963,8.245307321203697,1000
t,-22.744866519437718,43.25513348056228,1000
b,-23.078829711078765,62.92117028892124,1000
g,-64.4808540273632,21.5191459726368,1000
w,-35.6439977552805,89.35600224471949,1000
e,-59.071088903349576,53.928911096650424,1000
m,-92.9902909488308,57.0097090511692,1000
x,-80.4446837904366,8.555316209563403,1000
m,-63.50293000449857,36.49706999550143,1000
q,-55.06380726631608,79.93619273368392,1000
o,-57.61687155695477,34.38312844304523,1000
m,-44.71118936669148,65.28881063330851,1000
h,-24.56414758024344,8.435852419756559,1000
e,-47.332645566253376,16.66735443374662,1000
r,-72.29534424906915,37.70465575093086,1000
u,-43.99699494004223,90.00300505995777,1000
f,-56.65902854259492,50.34097145740508,1000
b,-94.67305568392374,67.32694431607626,1000
q,-96.32852432268776,78.67147567731224,1000
z,-58.31683614491884,70.68316385508116,1000
y,-97.03759290241331,2.9624070975866923,1000
x,-19.885569361440545,10.114430638559453,1000
s,-87.22104940747423,33.77895059252578,1000
n,-59.44190862746106,36.55809137253894,1000
x,-46.48363845876185,13.51636154123815,1000
h,-83.0166920785817,66.9833079214183,1000
b,-11.936789687924328,55.06321031207567,1000
o,-2.962428937727371,32.037571062272626,1000
a,-58.96458380968481,45.03541619031519,1000
w,-5.161119619452936,7.838880380547064,1000
r,-81.19750148946652,63.80249851053348,1000
y,-61.66833439822841,88.33166560177159,1000
m,-2.101083070385996,95.898916929614,1000
i,0.43212262577815974,47.43212262577816,1000
i,-68.25734587144908,95.74265412855092,1000
a,-51.849534856094195,68.1504651439058,1000
d,-14.129302691656983,98.87069730834301,1000
l,-19.877474687086647,29.122525312913353,1000
i,-8.23648854471311,50.76351145528689,1000
n,-77.3570568387423,74.6429431612577,1000
q,-1.8968235753813503,5.10317642461865,1000
i,-71.10558487659945,16.894415123400552,1000
h,-31.921451776614795,34.078548223385205,1000
e,-18.86497571687027,92.13502428312974,1000
r,-70.64063778978895,74.35936221021105,1000
b,-1.9449051391351557,56.05509486086484,1000
r,-71.07092346193087,3.929076538069132,1000
w,-66.31461920516145,12.685380794838546,1000
m,-37.727738290916186,76.2722617090838,1000
v,-45.2483240286445,7.7516759713555015,1000
z,-23.73788805048851,41.26211194951149,1000
i,-19.2078265942761,93.7921734057239,1000
h,-19.00328260032842,16.99671739967158,1000
l,-73.84223601108658,19.157763988913423,1000
g,-91.87634811868337,23.123651881316633,1000
k,-18.775851831171213,68.22414816882879,1000
f,-72.88818761398306,50.11181238601694,1000
s,-30.235651275952122,57.76434872404788,1000
e,-23.40085989684242,48.59914010315758,1000
l,-57.36298704445214,38.63701295554786,1000
h,-62.270795873658145,22.72920412634186,1000
e,-52.755376594551,20.244623405448998,1000
u,-20.86035938864825,59.13964061135175,1000
z,-62.65200773857862,79.34799226142138,1000
j,-5.230661687462657,69.76933831253734,1000
w,-5.315023711617049,2.684976288382951,1000
r,-95.23764051618048,66.76235948381952,1000
d,-54.02624090679287,66.97375909320712,1000
w,-82.7119398701683,87.2880601298317,1000
e,-15.291984311854161,21.70801568814584,1000
i,-89.29562214414457,94.70437785585543,1000
k,-11.010073453574684,88.98992654642532,1000
r,-6.802617031361977,84.19738296863802,1000
b,-88.96376331606045,69.03623668393955,1000
q,-11.23955456296802,17.76044543703198,1000
i,-57.10696071590864,73.89303928409136,1000
h,-71.21011329189304,84.78988670810696,1000
t,-59.62836527699382,86.37163472300618,1000
h,-18.051017109882032,55.94898289011797,1000
p,-52.21064706201039,41.78935293798961,1000
i,-18.10481609343324,5.895183906566762,1000
n,-86.04045995720632,22.959540042793677,1000
c,-82.8262203640558,25.173779635944204,1000
p,-53.64262103405821,23.357378965941795,1000
b,-86.34623472118236,21.65376527881764,1000
j,-14.153527649138882,15.846472350861118,1000
q,-12.056807760001382,34.943192239998616,1000
y,-2.99406203125269,65.0059379687473,1000
z,-85.8938487762544,38.10615122374559,1000
y,-56.24782351294046,46.75217648705954,1000
l,-78.47902995129256,97.52097004870744,1000
y,-19.5021465264301,31.4978534735699,1000
l,-95.87787027787797,55.12212972212202,1000
r,-1.8594483596161537,57.14055164038385,1000
k,-32.30508852680533,62.69491147319467,1000
m,-70.9419227134219,75.0580772865781,1000
l,-57.32760671482567,64.67239328517432,1000
a,-81.92766413755739,54.072335862442614,1000
i,-86.22611726832314,29.77388273167687,1000
q,-62.86424141328774,57.13575858671226,1000
a,-6.53057531698433,78.46942468301567,1000
k,-40.40403584376677,13.595964156233233,1000
s,-14.817331555914,5.1826684440860005,1000
w,-80.35301810442422,16.64698189557577,1000
u,-56.48188208299307,18.51811791700693,1000
b,-2.1495081807552534,17.85049181924475,1000
x,-85.19806346351882,14.801936536481179,1000
s,-17.719668888956363,82.28033111104364,1000
i,-72.89247733605738,67.10752266394262,1000
a,-65.97931180181078,72.02068819818922,1000
h,-18.309221371700826,1.6907786282991761,1000
e,-10.833154624933709,28.16684537506629,1000
f,-30.14600169791207,3.8539983020879314,1000
o,-71.78274525628453,79.21725474371547,1000
t,-79.16811914048824,79.83188085951176,1000
r,-33.175571323405926,68.82442867659408,1000
p,-46.1747175075729,58.8252824924271,1000
v,-35.821728232030544,78.17827176796945,1000
d,0.8850324696130276,65.88503246961302,1000
z,-89.60353392303381,10.396466076966194,1000
f,-78.37503448878829,17.62496551121172,1000
e,-63.506228696143275,52.493771303856725,1000
i,-80.57947454842974,50.42052545157026,1000
f,-77.74069134232971,58.25930865767028,1000
l,-8.74583514452407,53.25416485547593,1000
e,-1.5102719363945265,97.48972806360547,1000
k,-0.9906699286401055,47.0093300713599,1000
m,-70.15026515158976,17.84973484841024,1000
l,-47.33758731827642,96.66241268172358,1000
j,-22.238257331335504,36.761742668664496,1000
g,-45.98987031411821,55.01012968588179,1000
v,-21.837297299531155,96.16270270046884,1000
s,-83.26981250903142,23.730187490968582,1000
w,-34.461882028719415,24.53811797128058,1000
c,-16.279656892314247,4.720343107685753,1000
f,-79.86462987483637,81.13537012516363,1000
c,-22.46925821236018,31.53074178763982,1000
q,-2.5369858847642104,80.4630141152358,1000
h,-13.560611640899689,23.439388359100313,1000
t,-69.03341627317815,89.96658372682185,1000
h,-7.319881095047811,66.6801189049522,1000
h,-31.402253258082254,82.59774674191775,1000
h,-57.267357921839626,36.732642078160374,1000
t,-24.666200642523314,19.333799357476686,1000
g,-76.2472473847823,61.7527526152177,1000
g,-49.941011430597065,74.05898856940294,1000
h,-52.10292268130771,22.89707731869229,1000
u,-19.61554141893115,55.38445858106885,1000
t,-22.67041859079464,28.32958140920536,1000
s,-95.40083025853805,67.59916974146195,1000
e,-27.50985081639329,18.49014918360671,1000
f,-50.68732005236183,75.31267994763817,1000
f,-69.65862747493001,38.34137252506999,1000
d,-40.07453025435707,41.92546974564293,1000
z,-8.17935318793837,87.82064681206163,1000
s,-79.31522225378754,49.68477774621246,1000
n,-82.80635074836495,69.19364925163505,1000
z,-96.96981425584572,37.030185744154274,1000
a,-7.292991598892033,78.70700840110797,1000
k,-46.60886377465804,29.39113622534196,1000
o,-15.23279249858805,51.767207501411946,1000
i,-45.820341153159916,74.17965884684008,1000
h,-91.81126586658444,30.18873413341556,1000
w,-75.44305254219266,75.55694745780734,1000
f,-6.215114298969385,16.784885701030614,1000
t,-15.08504903313401,42.91495096686599,1000
e,-4.094420037479299,83.9055799625207,1000
s,-96.35951740933777,31.640482590662227,1000
a,-4.488819331364695,53.511180668635305,1000
u,-30.507957327502577,9.492042672497425,1000
c,-69.56297391894442,43.43702608105558,1000
z,-32.1472724856968,71.8527275143032,1000
q,-55.4106123280604,1.5893876719395985,1000
l,-44.80099888057272,65.19900111942728,1000
z,-74.61472648510316,43.38527351489683,1000
w,-22.921020951063518,21.078979048936482,1000
f,-5.276910827166623,65.72308917283338,1000
g,-18.66733740379717,77.33266259620282,1000
g,-96.43924432630067,59.56075567369933,1000
b,-63.73692986150212,26.26307013849788,1000
s,-74.39125982746955,82.60874017253045,1000
t,-37.07335040194947,31.92664959805053,1000
w,-55.78026542621839,7.219734573781604,1000
f,-58.83479249370358,64.16520750629643,1000
z,-21.28521588482354,48.714784115176464,1000
d,-33.554565090247536,23.445434909752464,1000
z,-24.425248116511607,62.574751883488396,1000
y,-46.654829911960874,57.345170088039126,1000
k,-27.50273519431283,31.49726480568717,1000
f,-75.2639660015064,1.736033998493602,1000
d,-19.972962379391337,12.027037620608661,1000
d,-52.713776211953075,29.286223788046925,1000
q,-81.78702053746461,58.21297946253538,1000
v,-50.73918917988624,87.26081082011376,1000
h,-83.86558599085616,32.13441400914384,1000
v,-69.61007127675168,57.38992872324831,1000
m,-76.2786816604218,7.7213183395782,1000
h,-89.81968119832545,5.18031880167454,1000
t,-41.68066508746731,44.31933491253269,1000
q,-53.15271483552681,89.84728516447319,1000
g,-56.316483403393846,9.683516596606156,1000
j,-13.283090040366567,2.7169099596334343,1000
l,-51.561041967437085,62.438958032562915,1000
j,-59.08225191460493,32.91774808539507,1000
m,-68.78035684076893,98.21964315923107,1000
k,-97.75585220977163,81.24414779022837,1000
h,-27.94761976313281,49.05238023686719,1000
k,-33.043031009415586,44.956968990584414,1000
k,-44.05808103799487,74.94191896200513,1000
j,-4.662469581520339,19.33753041847966,1000
y,-90.31954698968659,71.68045301031341,1000
i,-48.59078507580922,45.40921492419078,1000
t,-13.768114619574346,67.23188538042565,1000
n,-31.883431050158922,93.11656894984108,1000
y,-34.35554120151562,87.64445879848438,1000
r,-91.90709750871028,15.092902491289717,1000
h,-8.94302710480426,81.05697289519574,1000
f,-13.128699652681744,92.87130034731825,1000
o,-96.92031514230744,41.07968485769255,1000
n,-56.9612822350635,39.0387177649365,1000
d,-47.04264189317329,47.95735810682671,1000
p,-58.19588803825614,82.80411196174386,1000
t,-86.01034684274498,76.98965315725502,1000
p,-66.26302718288099,12.736972817119014,1000
z,-54.427836542353624,35.572163457646376,1000
s,-39.01445736585572,97.98554263414428,1000
g,-97.1783332634476,90.8216667365524,1000
g,-40.40858766872401,92.59141233127599,1000
y,-50.1029211413464,26.8970788586536,1000
i,-71.15202220986112,69.84797779013888,1000
w,-14.906235598249951,39.09376440175005,1000
t,-77.45278980583771,20.547210194162286,1000
u,-95.23447706667667,71.76552293332333,1000
m,-5.0162040046493805,75.98379599535062,1000
m,-22.34563848731135,83.65436151268865,1000
d,-77.86044735013152,30.139552649868477,1000
i,-61.5299033323993,69.4700966676007,1000
y,-84.37459627963622,18.62540372036378,1000
n,-24.752400592488303,0.24759940751169596,1000
w,-2.936337826896647,82.06366217310335,1000
w,-77.60330413774093,5.39669586225906,1000
l,-66.50711641291399,76.49288358708601,1000
e,-78.31247337213746,87.68752662786254,1000
l,-90.11608115330225,56.883918846697746,1000
u,-11.544456661813303,36.45554333818669,1000
y,-14.681327105737491,56.31867289426251,1000
d,-93.59239774667208,27.40760225332792,1000
x,-76.96033630785662,9.039663692143371,1000
k,-68.23631484733981,12.76368515266019,1000
n,-6.56191691141347,16.43808308858653,1000
o,-18.733415548843215,52.26658445115679,1000
f,-95.25934243100845,21.740657568991548,1000
i,-37.25080279395863,74.74919720604137,1000
p,-63.27730117259947,46.72269882740053,1000
i,-79.85195283279171,89.14804716720829,1000
e,-41.826582028939704,45.173417971060296,1000
d,-44.23684592935286,13.763154070647143,1000
k,-68.92250678663409,82.07749321336591,1000
v,-14.704210338609657,82.29578966139034,1000
f,-51.0918351661001,60.9081648338999,1000
o,-58.747076829853015,90.25292317014699,1000
v,-21.91755889557314,18.08244110442686,1000
h,-60.05586963602565,13.944130363974354,1000
f,-0.34443651032879385,33.65556348967121,1000
x,-69.30313172887679,57.69686827112321,1000
j,-63.509379359434504,94.4906206405655,1000
m,-89.85216474181411,56.14783525818589,1000
m,-32.654295945926954,65.34570405407304,1000
e,-7.866406918244181,20.13359308175582,1000
g,-81.10009851735938,4.8999014826406215,1000
a,-95.99108041335428,61.00891958664571,1000
e,-1.4412058432749908,37.55879415672501,1000
p,-8.040352721831558,9.959647278168442,1000
c,-18.05911404602262,69.94088595397737,1000
h,-22.918552997069877,86.08144700293012,1000
o,-27.146939896581074,30.853060103418926,1000
f,-70.13143269383052,2.868567306169481,1000
s,-71.54821292296887,36.451787077031135,1000
r,-6.2365418751753445,93.76345812482465,1000
v,-35.67094956600263,31.32905043399737,1000
z,-33.8181991454271,52.1818008545729,1000
k,-43.552852102713906,76.44714789728609,1000
w,-32.339567998177884,17.660432001822116,1000
w,-56.66211779934252,60.33788220065748,1000
o,-78.84373290019721,89.15626709980279,1000
n,-51.5066195128366,92.49338048716339,1000
g,-56.4091393887228,70.5908606112772,1000
g,-73.17219845577215,27.827801544227853,1000
u,-30.184395306325857,28.815604693674143,1000
r,-61.70502876255394,10.294971237446063,1000
d,-25.509114808844252,33.49088519115575,1000
d,-3.9210166011049292,82.07898339889508,1000
m,-55.70649317176393,72.29350682823608,1000
q,-51.26296630655839,40.73703369344161,1000
e,-53.468443533661805,55.531556466338195,1000
e,-10.552728507869855,8.447271492130145,1000
k,-17.315948147850627,80.68405185214937,1000
j,-11.967002845752326,66.03299715424768,1000
a,-93.72828062285765,95.27171937714235,1000
h,-28.873222836855025,63.12677716314498,1000
t,-29.78498480027975,22.21501519972025,1000
j,-15.128073917287496,61.871926082712505,1000
n,-52.865961127439384,2.134038872560618,1000
k,-65.69722464448083,0.30277535551916923,1000
h,-46.75229051171592,41.24770948828408,1000
d,-64.32018718090447,83.67981281909553,1000
r,-51.60094733440744,21.39905266559256,1000
o,-16.160746951730278,61.839253048269725,1000
t,-45.019022596821976,73.98097740317802,1000
c,-20.992011831813862,63.00798816818614,1000
k,-62.98442209091824,61.01557790908176,1000
p,-23.105938561976767,79.89406143802323,1000
h,-87.43765502706047,65.56234497293953,1000
y,-97.92624450902689,62.07375549097312,1000
l,-76.81482275909268,76.18517724090732,1000
h,-89.74776289593508,32.25223710406492,1000
c,-16.892291429402025,86.10770857059798,1000
c,-52.11425444259296,47.88574555740704,1000
u,-47.14437871749468,2.85562128250532,1000
d,-95.61071199570257,34.38928800429742,1000
w,-25.77523124960863,81.22476875039136,1000
o,-2.221391726370651,67.77860827362935,1000
l,-87.17873666832314,36.82126333167686,1000
c,-71.907289940999,78.092710059001,1000
t,-7.383965466630973,96.61603453336903,1000
i,-80.95843054272174,14.04156945727825,1000
r,-46.22186048012326,69.77813951987675,1000
r,-31.21090453930082,1.7890954606991791,1000
o,-47.50849320337462,19.49150679662538,1000
s,-74.1693240739836,48.830675926016404,1000
k,-46.77731765799818,2.222682342001819,1000
b,-38.463579061502706,7.536420938497291,1000
g,-62.35697130958732,15.643028690412676,1000
p,-64.69257331928411,15.307426680715892,1000
u,-71.0138758379503,77.9861241620497,1000
a,-79.54738309612611,54.45261690387389,1000
q,-8.732810589497547,7.2671894105024535,1000
l,-31.184128440526063,68.81587155947393,1000
e,-36.414981402866594,23.585018597133402,1000
x,-38.728506969742845,25.271493030257155,1000
i,-48.036733627239784,88.96326637276022,1000
z,-87.79612843839831,10.203871561601682,1000
v,0.19226317558973194,96.19226317558973,1000
h,-93.2922159585236,38.7077840414764,1000
d,-0.4482555089983793,56.55174449100162,1000
s,-83.84426917628642,35.15573082371358,1000
f,-36.38158987534376,92.61841012465624,1000
n,-5.237406081145699,32.7625939188543,1000
y,-95.72642061645125,26.27357938354875,1000
p,-30.9483418199227,45.0516581800773,1000
p,-70.50239329242822,58.49760670757177,1000
y,-17.398717689285334,23.601282310714666,1000
z,-89.38283659554413,20.61716340445586,1000
s,-53.41683829720099,82.58316170279902,1000
o,-43.03649142350032,14.963508576499676,1000
y,-22.13428177697893,61.86571822302107,1000
m,-4.603544033988758,2.396455966011242,1000
t,-94.84694916253493,12.15305083746507,1000
o,-32.48192149719898,89.51807850280102,1000
x,-64.69088784154995,81.30911215845005,1000
a,-44.49833191092627,30.501668089073736,1000
m,-26.877290674890634,64.12270932510937,1000
t,-27.345867401987643,16.654132598012357,1000
g,-48.47624535088615,52.52375464911385,1000
m,-60.04205663867255,71.95794336132745,1000
d,-84.0042954350774,74.9957045649226,1000
x,-75.0490446156738,65.9509553843262,1000
r,-46.09840106919234,59.90159893080766,1000
c,-75.62960942480362,67.37039057519638,1000
j,-3.5522771130125244,83.44772288698748,1000
n,-36.43320399200918,13.566796007990817,1000
s,-55.75224235767958,87.24775764232042,1000
r,-73.43033267396491,84.56966732603509,1000
e,-27.33793145265914,14.662068547340859,1000
c,-87.13327161100977,4.866728388990229,1000
r,-86.24700530866656,44.75299469133344,1000
p,-36.67843856632686,72.32156143367314,1000
u,-21.523555713320757,30.476444286679243,1000
o,-13.33483572363246,19.665164276367538,1000
e,-59.7119443942198,56.2880556057802,1000
o,-92.36566189081766,35.63433810918234,1000
k,-55.883928330737156,88.11607166926284,1000
v,-54.80716802863537,92.19283197136464,1000
k,-71.97740223687637,32.02259776312363,1000
o,-25.866791470095162,42.13320852990484,1000
v,-2.1676054156630844,31.832394584336917,1000
s,-48.61946430769801,28.380535692301986,1000
i,-69.09369067131327,92.90630932868673,1000
p,-57.71691662689254,16.28308337310746,1000
f,-10.837263735650824,94.16273626434918,1000
h,-86.01937488704979,5.980625112950209,1000
v,-29.22140094583621,73.77859905416379,1000
z,-85.83003380279096,88.16996619720904,1000
h,-93.75920389542912,13.240796104570874,1000
b,-31.74707919970031,4.252920800299693,1000
o,-95.50122040884993,9.498779591150065,1000
e,-24.839005768492733,8.160994231507269,1000
x,-94.79513283367865,31.204867166321343,1000
i,-54.252919827950585,11.747080172049412,1000
h,-16.888687400411616,97.11131259958839,1000
a,-69.3504913300391,43.649508669960895,1000
f,-40.99843431552625,27.001565684473753,1000
z,-22.63357608737146,3.3664239126285396,1000
o,-39.05535766576077,22.94464233423923,1000
v,-1.68089482718152,22.31910517281848,1000
x,-50.82328789474241,92.1767121052576,1000
z,-45.709414763337456,98.29058523666255,1000
u,-97.21387826664821,47.7861217333518,1000
e,-28.54590113809544,88.45409886190455,1000
y,-27.32498178741717,64.67501821258283,1000
v,-8.760155940000365,29.239844059999637,1000
r,-58.36669064057259,14.63330935942741,1000
z,-85.02009191256843,69.97990808743157,1000
x,-92.27236732325028,96.72763267674972,1000
v,-79.91418913309032,9.085810866909686,1000
v,-53.47512181953146,62.52487818046854,1000
g,-62.23942659169693,62.76057340830307,1000
b,-33.76722493803771,74.2327750619623,1000
j,-51.56338482206977,51.43661517793023,1000
w,-71.79246935126241,17.20753064873759,1000
a,-0.7376276472171424,32.262372352782855,1000
b,-62.791808721859475,92.20819127814053,1000
q,-76.30669573297135,83.69330426702865,1000
p,-50.05295130926748,84.94704869073252,1000
e,-87.24684516355067,39.75315483644933,1000
z,-23.28036434078997,40.71963565921003,1000
s,-4.214229920772754,44.78577007922725,1000
b,-96.06630370150891,64.93369629849109,1000
p,-95.02289579778824,4.977104202211761,1000
k,-35.051995443466595,88.9480045565334,1000
b,-77.74910458582042,46.25089541417959,1000
d,-9.785794599931641,15.214205400068359,1000
j,-52.58058542407279,4.419414575927213,1000
t,-19.311496069877116,44.688503930122884,1000
c,-93.94833204915119,14.051667950848808,1000
q,-76.85528945399503,81.14471054600497,1000
a,-68.25067681034031,77.74932318965969,1000
b,-67.70640847316875,43.29359152683125,1000
r,-42.83374098985484,12.166259010145163,1000
l,-11.916666546978783,6.083333453021216,1000
m,-53.47945885281572,55.52054114718428,1000
h,-43.192587324546686,31.807412675453314,1000
a,-45.72911691421555,2.270883085784448,1000
p,-85.41027019169144,13.589729808308558,1000
t,-56.57196306191235,32.42803693808765,1000
w,-64.92836506145136,57.07163493854865,1000
q,-27.95287834695188,20.04712165304812,1000
e,-16.020364542507433,16.979635457492567,1000
v,-5.423678684567526,47.57632131543247,1000
a,-37.93277041945536,40.06722958054464,1000
m,-29.394453962192014,44.60554603780798,1000
r,-68.34303029705129,2.6569697029487096,1000
w,-52.80500603351458,84.19499396648543,1000
w,-83.3143930724934,91.6856069275066,1000
k,-90.23147276774466,37.768527232255344,1000
v,-84.60692066833255,49.39307933166746,1000
m,-75.19992885646408,31.80007114353592,1000
e,-97.47944399826633,97.52055600173367,1000
h,-5.956218079519688,52.04378192048031,1000
k,-54.1147783677569,52.8852216322431,1000
d,-24.492566881573836,0.5074331184261655,1000
f,-22.639805950519047,16.360194049480953,1000
t,-90.23198526984449,65.76801473015551,1000
b,-25.71562955290074,71.28437044709926,1000
p,-11.294181527673162,70.70581847232684,1000
l,-78.55203868901026,67.44796131098974,1000
o,-2.6948865650451928,23.30511343495481,1000
a,-87.92028109377277,40.07971890622723,1000
m,-15.972919445207625,96.02708055479238,1000
z,-68.48468256783192,90.51531743216808,1000
h,-49.43548835229169,38.56451164770831,1000
j,-12.922117189999511,46.07788281000049,1000
y,-79.77634063099603,10.223659369003972,1000
k,-64.17451883266142,97.82548116733858,1000
t,-88.64637230779987,93.35362769220013,1000
t,-0.7520437066136832,61.247956293386316,1000
c,-8.837953215150817,37.16204678484918,1000
e,-8.621152589873393,71.37884741012661,1000
l,-54.18549005554688,50.81450994445312,1000
n,-6.025172362196031,26.97482763780397,1000
i,-17.04183106565327,80.95816893434673,1000
m,-64.70073654605632,66.29926345394368,1000
v,-13.147651426155155,69.85234857384485,1000
i,-93.95135380341759,59.0486461965824,1000
v,0.8804080867335662,37.88040808673357,1000
k,-34.80011534497557,44.19988465502443,1000
e,-44.75756620214991,82.2424337978501,1000
m,-81.59736749280741,76.40263250719259,1000
s,-76.90369368296257,1.0963063170374245,1000
g,-62.138071118680564,79.86192888131944,1000
h,-16.78914140489479,58.21085859510521,1000
i,-50.79369815670471,51.20630184329529,1000
v,-78.44325912539762,46.55674087460238,1000
h,-58.93987478027325,35.06012521972675,1000
t,-14.615656178800586,95.38434382119941,1000
z,-56.42990035940879,19.570099640591213,1000
m,-9.797119573696369,20.202880426303633,1000
k,-69.25576512586666,37.74423487413334,1000
t,-11.279812099559289,46.72018790044071,1000
a,-3.7227104895776946,5.277289510422306,1000
l,-49.54928394945185,71.45071605054815,1000
k,-24.648864034972668,59.35113596502733,1000
a,-78.68223516953014,89.31776483046986,1000
q,-89.98017448085396,43.019825519146046,1000
p,-70.90253531445632,17.097464685543684,1000
i,-38.56859419129588,64.43140580870413,1000
i,-65.97455329015675,95.02544670984325,1000
j,-9.058615869184969,8.941384130815031,1000
w,-54.940982338496674,4.059017661503325,1000
w,-83.85143081192773,40.14856918807227,1000
j,-22.238717645206773,76.76128235479322,1000
v,-57.79318157051923,55.20681842948077,1000
t,-61.06008609979599,78.939913900204,1000
o,-89.98036687831122,37.019633121688784,1000
f,-45.358724559699446,59.641275440300554,1000
g,-32.75411302181203,12.245886978187968,1000
n,-2.248705357999606,52.751294642000396,1000
d,-12.251164309451203,58.748835690548795,1000
m,-38.033320447173004,80.96667955282699,1000
n,-0.07552054645547601,62.92447945354452,1000
n,-54.3735311586132,67.62646884138681,1000
g,-33.21836971386587,21.78163028613413,1000
t,-57.56975668639976,62.43024331360024,1000
i,-28.358707833786994,55.641292166213006,1000
x,-95.01185743633096,98.98814256366904,1000
k,-61.214782744421996,93.785217255578,1000
h,-38.95890032052347,80.04109967947653,1000
d,-40.203641902687096,86.7963580973129,1000
x,-93.43158911059605,32.56841088940395,1000
x,-55.25719159529749,23.742808404702508,1000
v,-18.669927849612137,93.33007215038786,1000
x,-61.68836923450875,92.31163076549124,1000
t,-66.22012957033681,75.77987042966319,1000
n,-21.92846796960486,53.07153203039514,1000
e,-36.17358237000832,18.826417629991685,1000
y,-8.58808819833255,9.41191180166745,1000
t,-60.28901394218262,91.71098605781738,1000
g,-18.210891624336316,35.78910837566368,1000
y,-75.48859143832821,38.511408561671786,1000
b,-51.194767479177386,47.805232520822614,1000
y,0.6107729664151258,19.610772966415126,1000
a,-30.197826501766233,9.802173498233767,1000
p,-9.779042019537865,42.22095798046214,1000
b,-89.91616284404938,54.083837155950626,1000
l,-71.07212292824275,29.92787707175726,1000
h,-76.4418110770503,89.5581889229497,1000
q,-32.75687434199494,40.24312565800506,1000
w,-49.614459908224745,96.38554009177525,1000
m,-33.514172927648545,43.485827072351455,1000
v,-21.378250254711677,87.62174974528833,1000
c,-75.25347826066863,82.74652173933137,1000
y,-61.925008539538524,52.074991460461476,1000
i,-72.51476430819157,38.48523569180843,1000
k,-12.63830551757383,70.36169448242617,1000
u,-4.140102725357,87.859897274643,1000
x,-68.42009182710171,52.579908172898286,1000
j,-0.4792432660540684,74.52075673394593,1000
e,-34.21137708133018,7.788622918669824,1000
h,-11.88255295681743,30.11744704318257,1000
b,-62.676337571932116,49.323662428067884,1000
l,-31.320938592622298,8.679061407377704,1000
j,-29.844244813273836,48.15575518672616,1000
i,-29.639039208961876,11.360960791038123,1000
e,-75.97457647289568,31.025423527104326,1000
t,-11.829593234441624,18.170406765558376,1000
g,-76.04782065919238,64.95217934080762,1000
j,-61.93652673479142,95.06347326520859,1000
l,-19.94817018605094,22.05182981394906,1000
m,-22.67812006467611,98.32187993532389,1000
d,-55.73750277397576,88.26249722602424,1000
c,-68.52758737181117,13.472412628188838,1000
c,-70.21302883293892,68.78697116706108,1000
l,-12.701035294493742,15.298964705506258,1000
j,-19.433286182359005,18.566713817640995,1000
s,-44.410468090213534,21.589531909786462,1000
x,-44.60619487418894,23.393805125811067,1000
j,-34.85821904734373,90.14178095265626,1000
h,-13.484340474781122,18.515659525218876,1000
t,-94.62758027085533,86.37241972914467,1000
t,-93.24822343966365,29.751776560336346,1000
h,-52.491327586104646,90.50867241389535,1000
k,-75.76822925856207,65.23177074143793,1000
t,-40.44832498420994,51.55167501579006,1000
e,-57.669824591649025,64.33017540835098,1000
p,-0.058349798573043565,5.941650201426956,1000
d,-49.06274993042125,66.93725006957875,1000
q,-68.90648901999595,56.093510980004055,1000
w,-94.00890055664249,1.991099443357509,1000
u,-24.195922596125214,30.804077403874786,1000
z,-87.77951344933594,83.22048655066406,1000
p,-79.04778874208253,92.95221125791747,1000
j,-32.206238759630175,79.79376124036982,1000
k,-71.36950499092474,33.63049500907527,1000
r,-6.827267814182836,15.172732185817164,1000
r,-87.81522989287296,12.184770107127035,1000
t,-65.70798176265664,47.29201823734335,1000
w,-19.54926038960192,30.45073961039808,1000
z,-55.03045536314079,77.96954463685921,1000
u,-63.86200612647858,70.13799387352142,1000
g,-51.5816055996929,20.418394400307097,1000
v,-79.26368184944462,13.736318150555373,1000
j,-60.78464574248337,83.21535425751662,1000
v,-56.223380873765514,44.776619126234486,1000
r,-70.83021855391313,45.169781446086866,1000
d,-65.21130757199799,25.78869242800201,1000
i,-53.26198458110735,65.73801541889264,1000
d,-66.77136332766683,9.22863667233316,1000
e,-74.2915094087561,58.70849059124391,1000
u,-74.08902059866882,55.91097940133117,1000
a,-3.6584586128433205,94.34154138715668,1000
v,-21.645255785222346,88.35474421477765,1000
p,-50.31184360073139,68.6881563992686,1000
u,-54.45549662756213,69.54450337243787,1000
b,-11.316793999834458,10.683206000165542,1000
i,-60.1715236827782,47.8284763172218,1000
z,-34.42793606320977,77.57206393679023,1000
p,-86.31955779579077,79.68044220420923,1000
v,-58.54626304866854,81.45373695133146,1000
b,-36.21213636216915,18.787863637830853,1000
n,-63.41833323891912,0.5816667610808833,1000
c,-57.084660853370124,36.915339146629876,1000
q,-40.47642528800015,78.52357471199986,1000
w,-11.849571724809357,5.150428275190643,1000
v,-34.91304573899009,78.08695426100991,1000
c,-73.40171816499866,73.59828183500134,1000
i,-90.89590791633655,81.10409208366345,1000
r,-83.80183401162455,68.19816598837545,1000
t,-65.59576474210463,5.404235257895359,1000
n,-83.8264017500364,60.173598249963604,1000
i,-1.337513681248258,68.66248631875175,1000
f,-93.95537439221845,15.044625607781562,1000
a,-44.785187034010264,36.214812965989736,1000
d,-21.924363855991555,71.07563614400844,1000
r,-10.457149277413496,40.5428507225865,1000
e,-31.143625822784404,42.8563741772156,1000
t,-12.877836779541761,4.122163220458238,1000
z,-43.68610942047869,61.31389057952131,1000
s,-61.999001523223626,50.000998476776374,1000
h,-18.39619277797996,56.603807222020045,1000
y,-62.90326957779285,98.09673042220716,1000
v,-5.582525738022407,89.41747426197759,1000
n,-67.70101769581598,34.29898230418403,1000
n,-75.42489642261663,82.57510357738337,1000
b,-78.95703218208028,43.04296781791972,1000
g,-31.363791305652512,27.636208694347488,1000
l,-76.4529304315832,10.54706956841681,1000
j,-44.2604658351726,25.7395341648274,1000
r,-35.55715271369956,56.44284728630044,1000
v,-77.87543810821055,61.124561891789455,1000
c,-84.27867550430385,69.72132449569615,1000
a,-61.17916362087649,12.820836379123515,1000
l,-41.780234039743455,3.219765960256547,1000
e,-58.6221305052559,46.3778694947441,1000
w,-18.01616297088792,15.983837029112081,1000
j,-3.946369180245232,46.053630819754765,1000
f,-31.233150787248373,68.76684921275162,1000
l,-69.67301858357297,15.326981416427037,1000
h,-49.16085374337371,91.8391462566263,1000
b,-34.0272038402269,26.972796159773097,1000
l,-76.30308026257102,33.69691973742899,1000
z,-48.15607730990385,91.84392269009615,1000
f,-28.401422884262296,4.598577115737704,1000
i,-2.039400681921567,38.96059931807843,1000
z,-41.247190024301624,38.752809975698376,1000
x,-43.582734292945474,46.417265707054526,1000
o,-71.32605246311881,45.67394753688118,1000
d,-66.61342599818383,68.38657400181617,1000
y,-52.784642859785144,18.215357140214856,1000
a,-69.03046401864086,79.96953598135914,1000
j,-77.94987154390003,44.05012845609996,1000
j,-73.28794898095563,47.71205101904437,1000
k,-8.20622461645155,8.79377538354845,1000
c,-32.881963420336845,6.118036579663154,1000
y,-5.1174872316242,94.8825127683758,1000
k,-19.611475760349887,88.38852423965011,1000
o,-50.37475642178399,25.62524357821601,1000
q,-11.928407500193766,5.071592499806234,1000
f,-7.008735953437668,82.99126404656234,1000
a,-8.778502865913268,51.22149713408673,1000
u,-49.57959576813141,0.420404231868588,1000
z,-83.1959377066455,54.804062293354505,1000
t,-79.84248016740021,22.157519832599785,1000
y,-55.180052205571194,74.81994779442881,1000
q,-69.9948905835414,65.0051094164586,1000
f,-7.722694914287046,59.27730508571295,1000
s,-80.23557283802491,10.764427161975092,1000
q,-72.89869130598993,50.10130869401007,1000
d,-49.15980564238495,42.84019435761505,1000
w,-34.62994461692147,40.37005538307853,1000
j,-54.87189132570584,19.12810867429416,1000
p,-77.93569278307642,96.06430721692358,1000
f,-55.231867493210224,73.76813250678978,1000
o,-72.19322480157386,46.80677519842613,1000
m,-34.52451580240053,51.47548419759947,1000
t,-15.731614950055778,60.26838504994422,1000
h,-56.902638249791444,9.097361750208554,1000
g,-41.77749955252215,0.22250044747785147,1000
c,-53.822857303526355,37.177142696473645,1000
l,-16.038851851635357,32.96114814836464,1000
h,-19.95064677635188,27.04935322364812,1000
m,-91.66859763889232,32.33140236110767,1000
r,-89.66716192131402,94.33283807868598,1000
r,-35.51043116944197,52.48956883055803,1000
i,-25.42293500457024,79.57706499542977,1000
a,-74.55804846037208,57.44195153962792,1000
y,-22.096481383037958,82.90351861696205,1000
a,-89.26202757603548,21.73797242396453,1000
i,-54.541841134854735,94.45815886514526,1000
f,-0.21004184748327004,8.78995815251673,1000
t,-64.48733024642257,47.512669753577434,1000
b,-83.93638438134337,40.06361561865663,1000
k,-93.4085713818945,63.5914286181055,1000
k,-29.110391927984274,50.889608072015726,1000
u,-21.254182687689756,42.745817312310244,1000
x,-31.79344468040953,97.20655531959048,1000
x,-51.604736443761915,40.395263556238085,1000
p,-76.41581925927414,13.584180740725856,1000
l,-87.34068602493205,95.65931397506795,1000
g,-5.206823755975057,0.7931762440249437,1000
u,-91.77397927362397,38.226020726376035,1000
n,-41.27721066139594,97.72278933860406,1000
w,-8.816739574119213,74.18326042588079,1000
j,-25.71603764116232,12.283962358837679,1000
r,-93.20642872246319,61.793571277536806,1000
a,-47.25912295744677,23.740877042553226,1000
s,-66.2186317095754,85.7813682904246,1000
y,-34.124894249987044,64.87510575001296,1000
r,-42.83714475653137,35.16285524346863,1000
c,-48.8210529527461,34.1789470472539,1000
g,-76.8006564240497,29.1993435759503,1000
j,-92.41106996194021,4.5889300380597895,1000
b,-90.42435777980513,15.57564222019486,1000
z,-59.59267664366571,57.40732335633429,1000
e,-81.52883303085765,52.47116696914235,1000
n,-28.3813540233244,52.6186459766756,1000
a,-67.91464989712392,67.08535010287608,1000
h,-84.45470528631793,60.545294713682075,1000
p,-51.82122003733465,39.17877996266535,1000
a,-9.22614447755501,2.7738555224449897,1000
f,-48.251215823513554,27.748784176486446,1000
d,-2.2212553765135175,61.77874462348648,1000
m,-58.485861048927056,71.51413895107295,1000
m,-3.4049165805480457,53.59508341945195,1000
f,-27.987102375028623,38.01289762497138,1000
a,-18.551053414949504,29.448946585050496,1000
m,-15.335389868167573,50.664610131832426,1000
v,-12.13753187405563,6.862468125944369,1000
a,-30.113780718528197,50.8862192814718,1000
i,-39.063960365420655,68.93603963457934,1000
d,-88.9186993583519,32.0813006416481,1000
f,-6.230512588301443,74.76948741169856,1000
a,-26.052178509764136,14.947821490235864,1000
j,-15.717307203337171,54.28269279666283,1000
c,-62.55961889230888,31.440381107691113,1000
t,-97.45691813789819,96.54308186210181,1000
p,-13.689168905129499,76.31083109487051,1000
f,-64.1401361138924,84.8598638861076,1000
j,-96.84105695888128,2.1589430411187136,1000
l,-88.87445038072916,72.12554961927084,1000
e,-83.81152345726028,43.18847654273973,1000
g,-50.167787116743945,17.83221288325606,1000
s,-95.57841019018618,14.421589809813822,1000
i,-9.43100045874702,55.56899954125298,1000
v,-81.91831032696388,9.081689673036129,1000
s,-10.800282293609698,40.1997177063903,1000
o,-83.45857460974958,22.541425390250424,1000
e,-12.883463327043701,39.1165366729563,1000
k,-90.33515758893405,46.66484241106594,1000
y,-5.062728222867211,25.93727177713279,1000
q,-74.25874462407936,41.74125537592064,1000
s,-18.429319801735865,8.570680198264135,1000
g,-62.012341406587375,31.987658593412625,1000
m,-29.602785751873714,3.3972142481262866,1000
x,-39.59009187583717,25.409908124162833,1000
i,-40.84252058000474,55.15747941999526,1000
l,-32.79368232739694,37.20631767260306,1000
z,-56.90925158889443,22.09074841110557,1000
b,-20.611670887517835,2.3883291124821637,1000
e,-44.68423370861078,17.315766291389217,1000
z,-88.7069290253554,67.2930709746446,1000
z,-17.311199374136862,64.68880062586314,1000
e,-15.46910047577631,43.53089952422369,1000
u,-0.3397257793122468,68.66027422068775,1000
s,-72.68912286675686,89.31087713324314,1000
n,-48.75663238553382,85.24336761446618,1000
p,-7.637791414116403,4.362208585883597,1000
r,-32.47717779367386,41.52282220632614,1000
m,-68.98547959103674,13.014520408963266,1000
g,-7.341985000011777,77.65801499998823,1000
n,-16.89030488267876,43.10969511732124,1000
y,-56.694632093329844,62.305367906670156,1000
e,-56.42092937732796,12.579070622672038,1000
k,-18.843431148831904,98.1565688511681,1000
x,-89.40329727307561,22.596702726924384,1000
n,-69.85497064514098,60.14502935485903,1000
b,-10.88356570278804,16.11643429721196,1000
d,-45.39323035249218,32.60676964750782,1000
y,-0.32437637945349873,93.6756236205465,1000
f,-44.768633931091436,55.231366068908564,1000
x,-36.4228297124758,3.5771702875241935,1000
d,-59.17376322817078,33.82623677182922,1000
o,-20.306190466818357,41.69380953318164,1000
o,-95.3159282793382,40.684071720661805,1000
r,-37.02067701999992,98.97932298000008,1000
d,-3.0947537737927435,39.905246226207254,1000
e,-18.44702658527289,0.5529734147271078,1000
m,-47.77843237089906,23.221567629100935,1000
m,-34.363171929831836,66.63682807016816,1000
z,-62.03594763395471,77.96405236604528,1000
l,-52.51471465254292,38.48528534745708,1000
o,-25.6834220497499,13.316577950250098,1000
h,-37.94987928952382,70.05012071047618,1000
s,-72.95633168586028,58.043668314139715,1000
g,-80.2168577721148,45.78314222788519,1000
l,-93.95829962815786,60.04170037184214,1000
l,-31.721782395855676,64.27821760414432,1000
u,-29.087441561090674,19.912558438909326,1000
j,-53.87716279260249,78.12283720739751,1000
n,-69.69170751029297,25.30829248970703,1000
d,-50.029849797318455,19.97015020268155,1000
b,-85.03247023273276,14.967529767267234,1000
h,-8.322995261825545,21.677004738174457,1000
b,-32.864269925363175,56.135730074636825,1000
e,-65.72407893915414,50.27592106084585,1000
a,-51.72444739468616,34.27555260531384,1000
r,-12.289345699437186,53.710654300562815,1000
s,-89.90519520195404,44.094804798045956,1000
f,0.16559505055447177,73.16559505055447,1000
y,-71.73527568616296,33.26472431383704,1000
x,-96.05960947589685,6.940390524103156,1000
u,-89.6871786881855,93.3128213118145,1000
k,-49.97748497758469,34.02251502241531,1000
v,-28.124067577413435,37.875932422586565,1000
h,-95.3676842063974,45.6323157936026,1000
s,-58.34804344554452,44.65195655445548,1000
b,-71.30345770176862,77.69654229823138,1000
o,-14.745135724081582,79.25486427591842,1000
j,-15.810577826862403,98.1894221731376,1000
x,-29.42373091518232,2.576269084817681,1000
q,-97.33044238129567,28.66955761870433,1000
x,-9.666927401649087,40.33307259835091,1000
y,-45.918014311232454,22.081985688767542,1000
h,-97.40362362995181,76.59637637004819,1000
q,-32.86106349523428,9.138936504765718,1000
f,-82.79179947202796,76.20820052797204,1000
o,-60.49396341155849,48.50603658844151,1000
l,-11.282680202254172,57.71731979774583,1000
w,-24.252409852406636,44.747590147593364,1000
n,-26.63079214002381,31.36920785997619,1000
b,-1.956305851898237,13.043694148101762,1000
u,-67.76734477134971,67.23265522865029,1000
o,-10.711526038094894,26.288473961905105,1000
k,-24.913572245615747,1.0864277543842542,1000
m,-45.48657278808081,18.513427211919193,1000
a,-7.035530039965727,38.96446996003427,1000
t,-28.72637621190243,97.27362378809757,1000
y,-85.32935805828664,77.67064194171336,1000
n,-84.52293902320294,46.47706097679706,1000
a,-46.609356910417965,94.39064308958203,1000
q,-64.61069190046534,58.38930809953466,1000
j,-80.12311446372621,29.87688553627379,1000
i,-79.13747227229643,85.86252772770357,1000
c,-54.98753938704001,52.01246061295999,1000
g,-94.46637526591921,35.53362473408079,1000
c,-95.77138371821124,17.228616281788767,1000
r,-71.97559922344904,77.02440077655096,1000
b,-41.3247006935876,0.6752993064123954,1000
m,-20.570662387326358,73.42933761267365,1000
l,-41.27197675000344,59.72802324999656,1000
v,-81.83116247481331,57.16883752518669,1000
d,-44.49123251461308,83.50876748538693,1000
s,-37.548138533067004,80.451861466933,1000
g,-6.114278157627819,21.88572184237218,1000
t,-31.886609551231597,60.113390448768406,1000
h,-28.42014628769581,85.57985371230419,1000
v,-56.51216524524764,49.48783475475236,1000
h,-31.279992500649666,28.720007499350334,1000
y,0.055342148187514484,14.055342148187515,1000
b,-68.66257405165285,5.337425948347152,1000
h,-78.50471659601115,71.49528340398885,1000
x,-47.26014028494208,39.73985971505792,1000
u,-80.2572075388029,88.7427924611971,1000
u,-26.631697916219085,48.36830208378092,1000
z,-2.190947016741816,84.80905298325818,1000
t,-64.6642660828835,52.3357339171165,1000
b,-93.48454148832467,90.51545851167533,1000
g,-66.42497499396515,4.575025006034852,1000
s,-67.70642452924405,29.293575470755957,1000
g,-47.15174825592108,96.84825174407892,1000
j,-88.17327592785793,97.82672407214207,1000
n,-20.384412175827272,84.61558782417274,1000
e,-85.11475644301449,70.88524355698551,1000
f,-74.9862365397001,38.0137634602999,1000
g,-57.456776117127774,19.543223882872226,1000
w,-88.8763745037876,11.123625496212393,1000
p,-61.36563054878575,46.63436945121425,1000
d,-43.0568712759338,55.9431287240662,1000
e,-54.10890571403752,90.89109428596248,1000
h,-60.86835597392906,4.131644026070937,1000
c,-12.640434458862316,52.359565541137684,1000
l,-74.48709359803561,85.51290640196439,1000
g,-54.48425109827817,98.51574890172182,1000
s,-9.47233475794305,25.52766524205695,1000
i,-52.877530623353096,13.122469376646906,1000
k,-55.98420318297047,55.01579681702953,1000
f,-57.78705966461421,51.21294033538579,1000
p,-68.92884906687875,68.07115093312125,1000
d,-8.496803830543463,42.50319616945654,1000
u,-45.9908884653585,87.00911153464149,1000
d,-86.1203523230385,77.8796476769615,1000
x,-82.55832085687064,4.44167914312936,1000
p,-43.335746703215605,33.664253296784395,1000
s,-72.97212815884176,49.027871841158245,1000
p,-93.16072965987873,10.839270340121274,1000
t,-24.09736102981588,40.90263897018412,1000
w,-65.61295485352944,46.38704514647056,1000
c,-88.65350033129558,64.34649966870442,1000
e,-89.82937206085218,74.17062793914782,1000
l,-7.386580346928101,21.613419653071897,1000
h,-77.11606794948374,55.88393205051626,1000
i,-11.615372646411078,87.38462735358893,1000
l,-63.24819336736414,85.75180663263586,1000
p,-25.637407904298403,32.362592095701594,1000
w,-3.773821848433591,30.22617815156641,1000
b,-31.038079760717203,3.961920239282797,1000
h,-5.768691374690015,81.23130862530999,1000
l,-70.36840064534398,67.63159935465602,1000
q,-52.695113738396856,31.304886261603148,1000
h,-60.14157687440962,32.85842312559038,1000
o,-91.05922105280094,41.940778947199064,1000
n,-81.83713997026689,10.162860029733116,1000
c,-69.8867957941041,34.113204205895904,1000
z,-76.67023196601708,12.329768033982916,1000
a,-12.129950211149502,16.870049788850498,1000
k,-32.99778409649809,31.00221590350191,1000
c,-21.45523280359184,23.54476719640816,1000
k,-68.23388292130582,34.76611707869419,1000
a,-15.935457916639384,32.064542083360614,1000
y,-34.42909549990438,43.57090450009562,1000
h,-27.379990890177773,67.62000910982223,1000
g,-55.39862177070392,22.60137822929608,1000
j,-65.96490470422391,20.03509529577608,1000
m,-34.484182774159606,20.515817225840394,1000
i,-70.44064961152137,69.55935038847863,1000
w,-90.21619459158421,21.783805408415787,1000
v,-58.30733961876698,94.69266038123301,1000
m,-53.81524024972455,6.184759750275444,1000
s,-43.559112925323326,27.44088707467667,1000
o,-10.82256531122622,60.17743468877378,1000
k,-24.005776286808633,5.994223713191365,1000
t,-75.03251452808857,2.967485471911428,1000
x,-25.063713948778517,35.93628605122148,1000
s,-7.427074098940532,91.57292590105946,1000
a,-34.209370864215344,68.79062913578466,1000
v,-85.66706684705319,70.33293315294681,1000
q,-85.4343808680551,76.5656191319449,1000
e,-21.42985175344032,86.57014824655968,1000
v,-3.2488022107184227,46.751197789281576,1000
m,-78.4078005229432,23.59219947705679,1000
f,-42.39066336352217,94.60933663647783,1000
u,-57.2030413273456,86.7969586726544,1000
x,-36.89665064460583,79.10334935539417,1000
i,-5.417691640564829,96.58230835943517,1000
t,-15.226196402526817,29.773803597473183,1000
q,-39.46846823671793,53.53153176328207,1000
d,-40.6876224008435,4.312377599156496,1000
h,-77.53906637014884,51.460933629851155,1000
h,-86.64411364463346,51.35588635536654,1000
d,-31.666676132333702,5.333323867666296,1000
q,-92.80211837524195,80.19788162475805,1000
b,-10.852655323002097,14.147344676997903,1000
g,-53.392082218815396,96.60791778118461,1000