c,-94.728260953567,29.271739046433,1500
z,-30.257030332097017,72.74296966790298,1500
t,-29.264480615612207,55.73551938438779,1500
k,-1.5966582885636877,79.40334171143631,1500
j,-53.362111688246564,98.63788831175343,1500
u,-61.99079691539163,94.00920308460837,1500
e,-94.07343053427155,62.92656946572845,1500
j,-73.09056427825567,79.90943572174433,1500
q,-63.55826886057352,13.44173113942648,1500
j,-81.52993551738719,52.47006448261281,1500
b,-54.57314998506132,60.42685001493868,1500
g,-9.640545114109875,22.359454885890127,1500
b,-11.390909520337337,50.60909047966266,1500
x,-24.526854574053164,5.473145425946835,1500
n,-59.4287749941889,48.5712250058111,1500
f,-3.3841666830132713,15.615833316986729,1500
d,-54.19757088601672,96.80242911398328,1500
g,-42.19606921332249,26.80393078667751,1500
n,-54.96058172416918,18.039418275830815,1500
g,-18.02028124903576,63.97971875096424,1500
z,-35.28060391142428,13.719396088575719,1500
l,-14.219594113847087,33.78040588615291,1500
s,-90.51220164028952,4.487798359710483,1500
z,-29.794244629556914,36.205755370443086,1500
q,-16.870007974954778,51.129992025045226,1500
i,-38.528614122631666,98.47138587736833,1500
z,-2.227617806514062,26.77238219348594,1500
z,-71.78934071752764,79.21065928247236,1500
g,-68.88057537771023,41.11942462228978,1500
n,-1.8269164846687092,34.17308351533129,1500
u,-95.82017828309839,8.179821716901612,1500
k,-43.96784404339866,19.032155956601343,1500
b,-83.94483312664453,38.055166873355475,1500
i,-11.01319949181314,83.98680050818686,1500
s,-9.006407113574431,84.99359288642557,1500
k,-35.77232308723806,7.227676912761944,1500
c,-10.46431282971389,31.53568717028611,1500
m,-66.43797657379986,5.562023426200147,1500
u,-26.579025770431222,10.42097422956878,1500
k,-52.90356643242953,24.09643356757047,1500
b,-5.05261882976986,11.94738117023014,1500
n,-65.32367568360124,22.676324316398766,1500
o,-39.50163053100876,50.49836946899124,1500
a,-36.15323174147534,17.846768258524662,1500
p,-75.70126890203612,87.29873109796388,1500
e,-71.00321618225819,57.996783817741814,1500
s,-50.08628405951917,83.91371594048083,1500
e,-53.89392885566158,25.106071144338422,1500
c,-85.49800631655812,12.501993683441881,1500
m,-62.21975887444864,24.780241125551363,1500
t,-27.165512715021126,97.83448728497888,1500
x,-65.32543616709721,32.674563832902784,1500
k,-60.784332751826014,90.21566724817399,1500
d,-34.632981879292934,59.367018120707066,1500
p,-83.13039980291836,36.86960019708163,1500
u,-73.61473418178258,8.385265818217421,1500
e,-23.609684649055513,68.39031535094449,1500
f,-46.347990456602254,4.652009543397744,1500
h,-61.8106926761913,39.1893073238087,1500
z,-90.08791754338355,9.91208245661644,1500
d,-70.8083729238758,35.191627076124206,1500
f,-36.28012260101611,90.7198773989839,1500
b,-9.383589521807568,67.61641047819244,1500
c,-21.445808009037926,30.554191990962074,1500
o,-89.65324695447973,70.34675304552027,1500
h,-89.7558819632148,59.244118036785196,1500
o,-8.383717237853254,52.616282762146746,1500
n,-14.353841586273381,81.64615841372662,1500
u,-64.52581052605254,58.47418947394747,1500
u,-57.58438500039062,63.41561499960938,1500
f,-9.343400417520572,36.65659958247943,1500
x,-18.027920195867384,24.972079804132616,1500
n,-33.776721348964735,20.223278651035262,1500
q,-16.503161240345904,55.496838759654096,1500
k,-84.37765464370973,20.622345356290275,1500
i,-3.909131591710406,42.090868408289595,1500
q,-22.140785606915337,29.859214393084663,1500
f,-40.3798859016118,20.6201140983882,1500
k,-37.00483426734661,2.995165732653394,1500
s,-0.7248266851840836,66.27517331481592,1500
a,-20.692753987712337,71.30724601228766,1500
e,-41.26769635983006,15.732303640169935,1500
o,-73.86983785797806,53.130162142021945,1500
y,-20.20606630090208,26.79393369909792,1500
w,-5.170168902998832,94.82983109700118,1500
p,-24.441675602857728,17.558324397142272,1500
q,-81.64371498298729,90.35628501701271,1500
m,-63.34338062182848,71.65661937817153,1500
o,-90.40854461599575,4.591455384004247,1500
r,-36.68124656622026,84.31875343377975,1500
o,-44.72634126590458,82.27365873409542,1500
m,-73.71307976639436,97.28692023360564,1500
a,-11.157058865537602,95.8429411344624,1500
x,-40.524197927043254,20.475802072956746,1500
b,-76.80519283089765,95.19480716910235,1500
e,-35.14841014900447,40.85158985099553,1500
h,-76.95717073188061,9.042829268119391,1500
b,-56.220116407705845,89.77988359229415,1500
y,-97.52371859896918,67.47628140103082,1500
a,-84.5946894530866,59.40531054691339,1500
x,-9.769110429915878,32.23088957008412,1500
f,-69.21214155393949,54.78785844606052,1500
b,-16.882232533532648,47.11776746646735,1500
t,-38.78387902242117,0.21612097757883286,1500
j,-30.6063081594042,16.3936918405958,1500
j,-56.93373651214888,90.06626348785112,1500
m,-18.49727145572066,1.5027285442793392,1500
g,-12.998123526411899,71.0018764735881,1500
a,-32.57606029835624,42.42393970164376,1500
b,-9.273512547337127,22.726487452662873,1500
n,-53.26853939578496,76.73146060421503,1500
d,-28.405473571053,51.594526428947,1500
q,-65.1653775105103,36.8346224894897,1500
d,-75.3104251894957,77.6895748105043,1500
a,-72.66161008073692,78.33838991926308,1500
c,-0.8663392690375794,69.13366073096242,1500
u,-75.52248586856305,7.477514131436953,1500
h,-37.62850619777727,61.37149380222273,1500
h,-89.30861224526807,31.691387754731938,1500
l,-62.66492964358887,21.33507035641113,1500
y,-61.07332605782363,49.92667394217637,1500
i,-34.77300331451516,24.226996685484842,1500
e,-51.13437853559269,15.86562146440731,1500
t,-39.16955441064598,69.83044558935401,1500
g,-11.987095720417011,64.01290427958298,1500
l,-59.24177624010154,69.75822375989847,1500
x,-81.3658357534955,43.63416424650449,1500
d,-78.486958092455,45.513041907544995,1500
n,-30.198856200317543,12.801143799682457,1500
j,-19.19051112898988,72.80948887101012,1500
n,-42.55434321543444,76.44565678456556,1500
m,-19.48843631948701,93.51156368051299,1500
m,-9.36354676784683,61.63645323215317,1500
u,-61.58887253433905,59.41112746566095,1500
l,-40.596621110649345,90.40337888935066,1500
s,-12.797659646686352,51.202340353313645,1500
n,-97.60580743841702,64.39419256158298,1500
b,-37.69002193975606,95.30997806024395,1500
g,-42.079668156631875,60.920331843368125,1500
e,-13.408462932354743,46.591537067645255,1500
d,-70.50125109856673,66.49874890143327,1500
z,-71.43263056626597,69.56736943373403,1500
e,-70.75556232310909,11.244437676890914,1500
k,-13.544957958430734,46.455042041569264,1500
e,-8.230087975822073,4.769912024177928,1500
l,-24.043119917123246,46.95688008287676,1500
n,-55.32110857731914,65.67889142268086,1500
m,-41.35667791180484,21.643322088195163,1500
u,-51.83796940855109,37.16203059144891,1500
y,-10.155897722540056,83.84410227745994,1500
s,-4.220723848524158,92.77927615147584,1500
e,-68.51635564445098,61.48364435554902,1500
z,-22.116139163786197,3.883860836213804,1500
x,-7.468244510911444,20.531755489088557,1500
z,-44.322435292491114,53.677564707508886,1500
o,-59.2375697927773,45.7624302072227,1500
q,-14.852446711743692,82.1475532882563,1500
m,-67.15879111681852,23.841208883181473,1500
j,-19.10170606123037,83.89829393876963,1500
b,-11.003649073453992,26.996350926546008,1500
c,-65.35961699392689,97.64038300607311,1500
z,-10.407945770573868,73.59205422942614,1500
w,-63.79006230588023,85.20993769411977,1500
g,-9.229985935908502,60.7700140640915,1500
d,-46.9068303154768,23.093169684523197,1500
i,-38.659388969813264,86.34061103018674,1500
n,-69.19031670652535,70.80968329347465,1500
c,-66.50379012517956,0.4962098748204409,1500
a,-30.594136145298243,66.40586385470176,1500
m,-70.90736285130897,35.092637148691026,1500
x,-69.99696642887208,35.00303357112792,1500
z,-22.20815571929507,15.79184428070493,1500
s,-77.59548727312757,24.40451272687243,1500
z,-45.550620795090886,80.44937920490912,1500
u,-50.23719547003812,85.76280452996188,1500
v,-29.2000721181519,69.79992788184809,1500
i,-27.55755746823118,69.44244253176882,1500
y,-78.09452074939823,95.90547925060177,1500
v,-72.9107573250822,28.089242674917802,1500
b,-47.9603154950479,9.039684504952096,1500
c,-89.58359951970041,91.41640048029959,1500
g,-18.49896006109555,48.50103993890445,1500
x,-13.06808638508694,24.93191361491306,1500
l,-17.50334062421244,44.49665937578756,1500
d,-23.431827434325456,13.568172565674542,1500
i,-73.41824234635915,80.58175765364085,1500
u,-1.1071632669384486,89.89283673306156,1500
s,-2.2326899109827947,88.7673100890172,1500
k,-94.15802682245332,24.84197317754668,1500
w,-54.58409722056247,35.41590277943753,1500
d,-34.407663237555944,38.592336762444056,1500
q,-16.87773300248262,39.12226699751738,1500
k,-14.151674531719575,33.84832546828042,1500
l,-82.90697970926217,38.09302029073783,1500
q,-28.955726493387463,6.044273506612536,1500
x,-43.170130927149565,1.829869072850438,1500
f,-2.873807213344489,23.126192786655512,1500
h,-19.694709282415715,77.30529071758428,1500
o,-77.02834421498898,81.97165578501102,1500
z,-13.155350313835608,76.84464968616439,1500
t,-5.3995705416034285,56.60042945839657,1500
l,-16.32004818325373,33.67995181674627,1500
p,-94.91318147960045,91.08681852039955,1500
e,-97.74639688029899,32.25360311970101,1500
f,-71.41746121555676,73.58253878444324,1500
a,-40.02671456497445,85.97328543502556,1500
c,-79.25912489919935,15.740875100800643,1500
l,-0.28911669246375815,18.710883307536243,1500
e,-20.31305463435484,69.68694536564516,1500
j,-53.62832624473505,33.37167375526495,1500
o,-65.37220598050166,12.627794019498333,1500
e,-76.92528844439143,36.07471155560857,1500
i,-23.616214364687636,64.38378563531236,1500
i,-30.50552308672705,50.49447691327295,1500
k,0.3962376649036691,34.396237664903666,1500
w,-70.28441162280633,24.71558837719366,1500
i,-22.22738417814324,56.77261582185676,1500
e,-43.07363224146948,71.92636775853052,1500
p,-30.887434954759424,49.11256504524057,1500
w,-79.84297263997824,27.157027360021765,1500
v,-88.20918949340005,92.79081050659995,1500
j,-61.12031224111948,39.87968775888052,1500
b,-15.149264972745035,63.85073502725496,1500
n,-84.94867161877131,51.051328381228686,1500
n,-1.2668234081869572,37.73317659181304,1500
f,-25.202651431222172,87.79734856877783,1500
z,-63.093730333611575,0.9062696663884245,1500
q,-60.44835214472105,32.55164785527895,1500
e,-39.856471702326786,57.143528297673214,1500
n,-74.85683551415399,79.14316448584601,1500
z,-79.26332021506467,22.73667978493534,1500
u,-88.91406600752438,22.085933992475614,1500
p,-26.550954849200817,83.44904515079918,1500
o,-50.34955342790582,43.65044657209418,1500
m,-34.829782925097405,16.170217074902595,1500
f,-48.07202000813979,30.927979991860212,1500
c,-24.873196564293814,11.126803435706186,1500
z,-18.622776718973867,70.37722328102613,1500
s,-5.095213992525693,89.9047860074743,1500
t,-26.66089650659505,34.33910349340495,1500
j,-35.27072068627969,98.72927931372031,1500
j,-89.96651937957687,7.033480620423131,1500
b,-91.11611902789805,60.88388097210195,1500
a,-70.20525510806544,92.79474489193456,1500
a,-34.39999657579374,47.60000342420626,1500
g,-47.66600582057705,76.33399417942296,1500
q,-90.07718079569933,3.9228192043006715,1500
o,-78.16034297150733,94.83965702849267,1500
c,-1.3880326443173634,48.61196735568264,1500
k,-58.765218475590196,33.234781524409804,1500
q,-41.62343057945889,31.37656942054111,1500
x,-73.69966339024381,45.30033660975618,1500
z,-58.52123570245532,45.47876429754468,1500
q,-61.0614172088871,31.9385827911129,1500
x,-69.64922117216429,45.350778827835704,1500
j,-85.47710190052044,33.52289809947956,1500
n,-26.934250111647923,52.06574988835207,1500
r,-53.34075798144893,91.65924201855107,1500
n,-63.819611375833375,47.180388624166625,1500
c,-87.57855686887072,44.42144313112927,1500
a,-2.5609813099676244,13.439018690032375,1500
c,-85.29364127124802,40.70635872875197,1500
f,-91.80614414730725,58.19385585269275,1500
z,-78.01863446698331,8.981365533016682,1500
d,-21.398375065608686,81.60162493439131,1500
c,-32.16822813079155,27.83177186920845,1500
d,-11.787100518980946,23.212899481019054,1500
s,-54.35005514754687,16.64994485245313,1500
v,-16.757486719916567,80.24251328008343,1500
u,-43.4355283309838,59.5644716690162,1500
i,-37.28653145201666,96.71346854798334,1500
e,-54.44304883558417,36.55695116441583,1500
o,-90.24498381404197,98.75501618595803,1500
z,-12.65391987033083,59.34608012966917,1500
a,-97.0337552400239,11.966244759976112,1500
e,-57.51978625483678,8.480213745163221,1500
b,-17.837819096003543,47.16218090399646,1500
f,-80.19838502401228,41.80161497598772,1500
w,-54.21536705098668,61.78463294901332,1500
j,-94.37674646750143,78.62325353249857,1500
g,-1.3497841831360702,56.65021581686393,1500
y,-93.1855021215438,63.81449787845619,1500
q,-37.38807046415071,4.611929535849295,1500
w,-51.94670962111701,83.05329037888299,1500
d,-51.804169489842394,55.195830510157606,1500
q,-93.33931778710695,76.66068221289305,1500
v,-33.30099703840349,7.699002961596509,1500
p,-22.577684771704245,89.42231522829576,1500
s,-0.41935097461022897,38.58064902538977,1500
a,-30.352880037603466,41.64711996239653,1500
i,-3.2429916274479282,41.75700837255207,1500
m,-60.790615284159614,54.209384715840386,1500
r,-69.52250764406031,54.47749235593969,1500
v,-83.04909096949532,63.950909030504675,1500
t,-66.79796609419442,26.20203390580557,1500
i,-86.86805619334126,39.13194380665875,1500
k,-84.20951331974743,62.79048668025256,1500
s,-61.765192012233065,4.234807987766935,1500
d,-40.7233140407949,18.276685959205103,1500
d,-95.69198497185904,21.30801502814095,1500
f,-53.74471166236551,45.25528833763449,1500
e,-84.61759417965227,35.38240582034773,1500
n,-47.31745173570572,59.68254826429428,1500
l,0.058733139225080944,64.05873313922508,1500
s,-75.67003619572046,26.32996380427954,1500
y,-84.73554902424698,44.26445097575303,1500
a,-94.38180431351437,18.618195686485635,1500
q,-77.55720707144297,89.44279292855703,1500
n,-89.43999712299569,96.56000287700431,1500
y,-0.6703649016923164,19.329635098307683,1500
h,-35.02598071160476,53.97401928839524,1500
s,-38.27050931301324,70.72949068698676,1500
x,-51.92775607089111,20.072243929108893,1500
k,-5.957042402141304,64.0429575978587,1500
f,-46.11802547848257,91.88197452151742,1500
c,-73.55912785025671,48.44087214974328,1500
a,-92.71051113251613,29.289488867483872,1500
z,-34.48269679257654,1.5173032074234623,1500
h,-91.99834521656689,43.0016547834331,1500
j,-56.1580042832081,52.8419957167919,1500
b,-78.18394630740525,18.81605369259475,1500
f,-91.68307747315669,6.316922526843308,1500
w,-90.17736876545949,58.822631234540516,1500
j,-33.419356527757124,43.580643472242876,1500
r,-24.066137817316445,54.933862182683555,1500
t,-60.64000108301716,61.35999891698284,1500
a,-44.53967559685447,76.46032440314553,1500
o,-71.45328654555162,48.54671345444838,1500
k,-63.944935835060875,6.055064164939124,1500
k,-6.1528231962651,8.8471768037349,1500
a,-65.29279237648095,93.70720762351905,1500
e,-96.73771725968919,50.26228274031081,1500
y,-5.778807070799669,32.22119292920033,1500
d,-21.427101629126142,7.572898370873859,1500
f,-35.560632245068454,52.439367754931546,1500
l,-70.31637108568216,0.6836289143178429,1500
e,-18.848913023576433,45.15108697642357,1500
i,-1.6421270634768113,40.35787293652319,1500
i,-24.556918266615217,76.44308173338479,1500
m,-89.77209663150013,65.22790336849987,1500
q,-10.201601698051117,4.798398301948883,1500
b,-39.007292039328334,83.99270796067167,1500
j,-46.651871488867606,94.34812851113239,1500
t,-21.692009669461566,86.30799033053843,1500
g,-21.72767432645941,24.27232567354059,1500
t,-54.2259398518576,89.7740601481424,1500
w,-28.62964955316148,98.37035044683851,1500
r,-60.42652738590388,0.573472614096115,1500
x,-18.25208060118081,1.7479193988191892,1500
z,-91.61970884829584,0.3802911517041614,1500
a,-78.50538605876896,3.49461394123104,1500
r,-51.57352963448227,43.42647036551773,1500
l,-17.729895802076097,7.270104197923904,1500
t,-8.549627394469754,29.450372605530248,1500
q,-85.8985801113398,39.10141988866021,1500
d,-14.33817061382006,4.6618293861799405,1500
t,-72.15340634178453,74.84659365821547,1500
t,-48.84343625441516,9.156563745584842,1500
v,-48.49545703195895,24.504542968041047,1500
m,-2.006646185515345,89.99335381448465,1500
y,-95.7925639429285,70.2074360570715,1500
p,-2.4645024661354515,89.53549753386454,1500
a,-35.64773072063806,8.35226927936194,1500
c,-18.118079271077608,48.881920728922395,1500
e,-46.11929009445613,54.88070990554387,1500
p,-91.98793058274802,9.012069417251977,1500
s,-82.13953686863786,26.860463131362142,1500
b,-56.35435514295144,58.64564485704856,1500
f,-12.635317931515328,72.36468206848467,1500
v,-44.3333708483557,8.6666291516443,1500
c,-27.379916028343658,89.62008397165634,1500
g,-21.86727636541123,94.13272363458877,1500
x,-68.80470021429372,63.195299785706275,1500
t,-66.02048411812484,92.97951588187516,1500
e,-64.58052804500142,59.419471954998585,1500
a,-1.8226217460630878,18.17737825393691,1500
m,-76.68681445360014,87.31318554639986,1500
u,-77.2266097875023,51.7733902124977,1500
a,-42.72325506453304,33.27674493546696,1500
q,-13.080417734273809,52.91958226572619,1500
t,-96.92880897508498,17.07119102491502,1500
s,-22.111753419034052,19.888246580965948,1500
t,-17.61071754360557,23.38928245639443,1500
e,-24.019257169306847,83.98074283069316,1500
g,-72.24560565206349,13.754394347936513,1500
f,-55.73086606875747,73.26913393124254,1500
j,-65.10254243557961,57.89745756442039,1500
q,-90.56507288471371,64.43492711528629,1500
z,-41.69106934662704,92.30893065337295,1500
v,-46.83908939563917,23.160910604360826,1500
e,-47.89829465907146,81.10170534092855,1500
u,-71.3290704695019,79.6709295304981,1500
e,-55.48532072409334,55.51467927590666,1500
y,-54.534676637080736,86.46532336291926,1500
i,-52.047508805103426,35.952491194896574,1500
w,-94.00870107018531,58.99129892981469,1500
l,-17.296226656688237,23.703773343311763,1500
o,-2.2691838109571068,1.7308161890428932,1500
k,-34.79316337523146,63.20683662476854,1500
o,-58.007083549091114,18.99291645090889,1500
m,-15.045917663331256,28.954082336668744,1500
m,0.9981921763022941,25.998192176302293,1500
a,-71.68630092792576,91.31369907207424,1500
z,-64.3652074525486,8.634792547451395,1500
d,-57.092077262904006,21.907922737095994,1500
x,-60.55663936835583,42.44336063164417,1500
z,-88.11153527973532,1.8884647202646767,1500
s,-81.87223151345948,66.12776848654052,1500
m,-88.58562832727775,21.414371672722258,1500
m,-94.46851635481924,80.53148364518076,1500
o,-42.85805401470912,8.14194598529088,1500
l,-82.1583030815389,54.84169691846109,1500
x,-30.02974163193465,11.97025836806535,1500
o,-72.46398240480646,51.53601759519354,1500
b,-9.024483624926813,7.9755163750731874,1500
e,-37.282546594719996,23.717453405280004,1500
f,-57.0267310182164,53.9732689817836,1500
w,-15.741814640832333,90.25818535916767,1500
u,-39.51758279306501,71.482417206935,1500
u,-38.08676247751565,49.91323752248435,1500
h,-82.15279867982288,25.84720132017712,1500
r,-80.78224301224868,44.21775698775132,1500
h,-54.357568373069995,68.64243162693,1500
g,-90.78271577181461,38.21728422818539,1500
f,-24.0610307211405,32.938969278859496,1500
s,-60.8256600464868,48.1743399535132,1500
y,-2.725209027504072,10.274790972495929,1500
f,-2.461045884478748,58.53895411552125,1500
k,-53.649008470099446,47.350991529900554,1500
s,-81.62771615320239,35.37228384679761,1500
b,-57.63588666185673,8.364113338143273,1500
f,-69.42449258017572,73.57550741982428,1500
o,-13.361338482836212,34.63866151716379,1500
l,-64.10616477921943,37.893835220780566,1500
e,-33.29487179030823,17.70512820969177,1500
a,-51.10581805062924,45.89418194937076,1500
o,-86.48092733791856,22.51907266208145,1500
k,-35.974076968007445,35.025923031992555,1500
v,-85.64120792420837,2.358792075791629,1500
t,-52.24208386614617,88.75791613385383,1500
a,-19.411758782502062,53.58824121749794,1500
u,-88.98539619985571,81.01460380014429,1500
r,-28.893553131294127,45.10644686870587,1500
l,-57.613711378742536,50.386288621257464,1500
i,-36.4473710461731,4.552628953826894,1500
w,-87.5330390534144,64.4669609465856,1500
i,-66.31234719239819,86.68765280760181,1500
k,-51.543948774893636,16.456051225106364,1500
b,-71.17515147448496,75.82484852551504,1500
e,0.8749370403108133,84.87493704031081,1500
e,-30.9859970322829,63.014002967717104,1500
f,-50.318553755636955,44.681446244363045,1500
h,-88.95577896294624,4.044221037053754,1500
h,-67.82319446666855,83.17680553333145,1500
t,-66.97935473819221,25.02064526180779,1500
i,-33.613313842885276,9.38668615711472,1500
k,-65.81767343700191,87.18232656299809,1500
h,-51.19951760971971,57.80048239028029,1500
j,-3.8368837971815544,11.163116202818445,1500
j,-69.20964540317163,31.790354596828372,1500
s,-54.77735272063644,35.22264727936356,1500
q,-35.72000204203472,23.27999795796528,1500
k,-9.487539932027591,44.512460067972405,1500
u,-61.23389915560878,11.76610084439122,1500
p,-70.9959935096587,58.0040064903413,1500
n,-29.861983236214527,96.13801676378547,1500
x,-35.1404457413698,6.859554258630194,1500
q,-17.921381156264594,47.078618843735406,1500
c,-75.79390144080239,49.20609855919761,1500
s,-72.7298927427554,30.27010725724461,1500
p,-52.877214123839344,75.12278587616065,1500
q,-34.172975453880284,63.827024546119716,1500
d,-85.42784701480528,27.572152985194723,1500
j,-65.82684037988523,33.173159620114774,1500
h,-46.19732074401583,78.80267925598416,1500
f,-42.86688429634784,3.1331157036521624,1500
h,-39.90970746944662,8.090292530553379,1500
q,-63.69025501702798,1.3097449829720182,1500
a,-85.39615242232236,70.60384757767764,1500
g,-62.586774109164075,35.413225890835925,1500
j,-39.539253225254285,64.46074677474572,1500
m,-75.59249772745173,97.40750227254827,1500
c,-29.918793556417118,49.08120644358288,1500
t,-85.25922077389312,84.74077922610688,1500
c,-28.699672603266443,42.30032739673356,1500
l,-71.34000602010411,80.65999397989589,1500
l,-85.114526295221,89.885473704779,1500
y,-92.19243455451056,80.80756544548944,1500
u,-26.31870108080283,41.68129891919717,1500
j,-81.49163454837134,11.508365451628665,1500
q,-1.683119575169197,64.3168804248308,1500
e,-35.05653914018234,90.94346085981766,1500
u,-45.71525930791068,48.28474069208932,1500
f,-69.49944010906388,55.50055989093612,1500
i,-54.20285307261949,26.79714692738051,1500
i,-1.8139749617832965,4.1860250382167035,1500
p,-67.56213017822505,47.43786982177495,1500
n,-14.500191610357536,35.49980838964247,1500
h,-88.54995617907412,48.450043820925885,1500
g,-95.79945026969534,34.20054973030466,1500
t,-74.29524529095634,74.70475470904366,1500
d,-49.249476837725936,61.750523162274064,1500
m,-56.65592312219691,27.34407687780309,1500
m,-30.885216980232553,15.114783019767446,1500
m,-63.82509729256174,36.17490270743826,1500
y,-7.033091890349263,59.96690810965074,1500
y,-64.40702072393414,3.592979276065865,1500
z,-39.614637669348824,50.385362330651176,1500
s,-28.556015314541348,9.443984685458652,1500
a,-79.22310854720916,18.77689145279084,1500
y,-57.90194503938437,50.09805496061563,1500
w,-53.655219449246374,52.344780550753626,1500
i,-8.175519959410366,13.824480040589634,1500
u,-25.891298265164313,40.10870173483569,1500
h,-73.92146864277211,31.078531357227888,1500
w,-13.636935867150848,77.36306413284915,1500
e,-33.82665559391187,12.173344406088127,1500
w,-29.990681647952783,25.009318352047217,1500
h,-68.89885862271451,74.10114137728549,1500
i,-75.3743971012238,41.6256028987762,1500
j,-47.601415866291944,83.39858413370806,1500
q,-43.905519506468,22.094480493531993,1500
d,-23.34684828916716,67.65315171083284,1500
v,-56.409659575118475,65.59034042488153,1500
c,-87.41364165997963,33.58635834002037,1500
c,-49.88912534792056,20.11087465207944,1500
t,-38.553206457865926,34.446793542134074,1500
d,-65.25432532391518,43.74567467608482,1500
a,-47.27265458371124,78.72734541628877,1500
s,-93.1887515058886,54.811248494111396,1500
r,-75.69365362009137,75.30634637990863,1500
o,-37.93863315163718,52.06136684836282,1500
d,-83.7005909316185,55.29940906838149,1500
v,-65.23314541426639,84.76685458573361,1500
n,-87.38199010890014,72.61800989109986,1500
e,-14.16038282424202,34.83961717575798,1500
n,-67.93891418540072,25.061085814599284,1500
v,-22.339973087814982,92.66002691218502,1500
o,-89.88254733144387,88.11745266855613,1500
b,-3.8252123284353954,8.174787671564605,1500
l,-75.66853039475383,96.33146960524617,1500
f,-21.832152271599377,4.167847728400623,1500
s,-18.31426631979384,86.68573368020616,1500
w,-6.376603259615403,16.623396740384596,1500
d,-58.03166070896373,27.968339291036276,1500
f,-53.309997058110554,46.690002941889446,1500
s,-57.02016076773108,21.979839232268926,1500
a,-88.68378078637376,60.31621921362625,1500
o,-51.174246875648436,54.825753124351564,1500
f,-21.119742511749333,52.88025748825066,1500
l,-85.71456141501157,91.28543858498843,1500
t,-53.73921177863897,1.2607882213610349,1500
n,-22.457317677850384,4.542682322149615,1500
f,-59.68901569356064,78.31098430643937,1500
t,-70.21871090689201,63.78128909310799,1500
h,-84.55319677051456,58.44680322948545,1500
q,-55.08223032490815,23.917769675091847,1500
r,-44.75524000427,9.24475999573,1500
b,-94.35254800845202,92.64745199154798,1500
p,-96.80437256268092,78.19562743731908,1500
d,-66.69852220294925,20.30147779705075,1500
m,-30.862478419185514,46.137521580814486,1500
r,-85.79412176689621,56.20587823310379,1500
h,-59.180331236595805,23.8196687634042,1500
n,-73.75860515407784,44.24139484592215,1500
n,-95.31943477464735,88.68056522535265,1500
x,-95.56024481737829,35.43975518262172,1500
d,-78.37680821645091,65.62319178354909,1500
z,-21.48189407246157,0.5181059275384292,1500
d,-27.771110343063825,33.228889656936175,1500
c,-49.87972700549455,18.120272994505445,1500
t,-29.457431616681596,12.542568383318404,1500
w,-19.889546707286716,89.11045329271329,1500
c,-69.64516928281589,0.35483071718411063,1500
s,-66.73589835374047,68.26410164625953,1500
p,-86.01705792530963,58.98294207469037,1500
c,-22.358452692295177,82.64154730770483,1500
z,-6.566055403372073,9.433944596627928,1500
g,-24.74826592815172,75.25173407184828,1500
c,-13.650472480779028,81.34952751922097,1500
i,0.4543075914454705,96.45430759144547,1500
r,-18.723869584055237,18.276130415944763,1500
c,-65.1772444453633,32.82275555463669,1500
j,-70.33501027063873,62.66498972936126,1500
v,-6.959457759177672,69.04054224082233,1500
v,-26.501639587855873,7.498360412144126,1500
b,-96.04685327024947,72.95314672975053,1500
p,-47.90665645291445,46.09334354708555,1500
n,-34.4944904483289,18.505509551671103,1500
z,-47.54302611865684,79.45697388134316,1500
y,-97.24735287222886,8.75264712777114,1500
l,-92.48846785214171,8.511532147858288,1500
w,-34.79380282374902,52.20619717625098,1500
i,-84.38806902255546,4.611930977444539,1500
q,-2.473674164290017,32.52632583570998,1500
r,-47.58722273055161,97.4127772694484,1500
b,-15.662640090573927,60.33735990942608,1500
k,-34.383472022319154,57.616527977680846,1500
o,-4.9888108596780505,98.01118914032195,1500
x,-39.0575407468405,37.9424592531595,1500
y,-15.445158882129876,78.55484111787013,1500
y,-5.410860264064357,55.589139735935646,1500
b,-41.60126439100722,30.39873560899278,1500
t,-88.05884567473845,7.941154325261547,1500
h,-32.80581486731264,18.19418513268736,1500
u,-14.00004569618015,1.9999543038198504,1500
h,-26.248974627245513,58.751025372754484,1500
s,-64.06234913483229,21.937650865167715,1500
j,-41.56881355399602,41.43118644600398,1500
c,-49.03318511665949,36.96681488334051,1500
j,-61.44495664238398,69.55504335761603,1500
b,-2.281986831205012,52.71801316879499,1500
h,-22.075488310344056,61.924511689655944,1500
t,-51.679884952183784,68.32011504781622,1500
v,-20.25393150846034,96.74606849153966,1500
h,-73.91347156265067,97.08652843734933,1500
h,-45.05724053301654,25.942759466983464,1500
v,-5.85840470985843,27.14159529014157,1500
b,-51.792048806403265,98.20795119359674,1500
t,-29.228931217846547,35.771068782153456,1500
i,-76.0945689241735,54.905431075826506,1500
z,-44.30036350004287,96.69963649995712,1500
z,-73.41573387585183,91.58426612414817,1500
y,-70.69371514723984,94.30628485276016,1500
y,-3.0500030215704514,71.94999697842955,1500
o,-66.31728314257869,70.68271685742131,1500
l,-14.997974846926144,40.00202515307386,1500
t,-22.89578131246121,22.10421868753879,1500
o,-2.574474338174155,7.425525661825845,1500
r,-13.953242560947958,88.04675743905204,1500
g,-78.01609262203571,10.983907377964284,1500
m,-75.66457365433864,89.33542634566136,1500
l,-61.60935705196724,69.39064294803276,1500
j,-34.94083840843574,37.05916159156426,1500
p,-47.96548652899885,29.034513471001148,1500
y,-87.11434897449092,36.88565102550908,1500
k,-88.90804780793313,67.09195219206687,1500
x,-76.60164937035114,0.3983506296488577,1500
o,-61.351127916061564,95.64887208393843,1500
y,-11.063349905179363,94.93665009482064,1500
d,-65.80073008062321,74.19926991937679,1500
v,-59.15480541132652,15.845194588673477,1500
g,-16.1233226492471,34.8766773507529,1500
v,-97.32172692686376,63.67827307313624,1500
d,-53.948802606078736,62.051197393921264,1500
l,-67.4823570402666,18.51764295973339,1500
g,-45.28576403504389,97.7142359649561,1500
i,-30.7144598176832,96.28554018231681,1500
m,-70.16345861501094,71.83654138498906,1500
l,-63.87577785224432,43.12422214775568,1500
j,-49.068728011690126,85.93127198830987,1500
g,-68.43616432223668,88.56383567776332,1500
d,-33.55784131253354,1.4421586874664567,1500
d,-16.232192033951634,5.767807966048367,1500
y,-80.69173213943725,26.308267860562754,1500
y,-12.637438171358058,79.36256182864194,1500
k,-71.80065559359426,1.1993444064057432,1500
n,-30.050255851168178,12.949744148831822,1500
a,-6.949581364989899,53.050418635010104,1500
e,-91.47767132676815,51.522328673231854,1500
j,-78.68116050481933,55.318839495180676,1500
m,-29.646178595393753,73.35382140460625,1500
n,-74.85111327232603,34.14888672767396,1500
l,-19.73441816573621,34.26558183426379,1500
b,-55.70307650149134,8.296923498508663,1500
r,-21.759398592070404,83.24060140792959,1500
s,-25.073734425076214,34.92626557492378,1500
z,-66.52696129992488,9.473038700075127,1500
o,-41.88954723351984,58.11045276648016,1500
k,-76.37866166623965,96.62133833376035,1500
i,-49.64474237932118,20.355257620678817,1500
x,-47.650099085844744,39.349900914155256,1500
n,-45.47364025563203,64.52635974436797,1500
n,-6.417929352431756,21.582070647568244,1500
j,-79.28758921159067,58.71241078840933,1500
x,-64.93231693629828,34.06768306370173,1500
i,-85.83020834631174,96.16979165368826,1500
f,-42.473748521060465,79.52625147893954,1500
n,-68.2697893933064,7.73021060669361,1500
d,-89.3525616621869,82.6474383378131,1500
b,-51.38854074978501,82.61145925021499,1500
s,-84.10952591177622,36.89047408822379,1500
a,-23.275097395374292,89.72490260462571,1500
p,-22.358784879915458,80.64121512008454,1500
i,-91.87894710199987,43.12105289800013,1500
q,-74.50708922734749,48.4929107726525,1500
j,-59.27742122825958,31.722578771740427,1500
m,-0.5627046572255957,14.437295342774405,1500
l,-9.262335993973476,32.73766400602653,1500
r,-17.831813182410418,60.16818681758958,1500
l,-4.913483345532475,56.08651665446752,1500
t,-33.17411116649179,16.82588883350821,1500
l,-5.852862962260193,78.14713703773981,1500
z,-79.3998280680711,31.6001719319289,1500
o,-43.47531887624814,49.52468112375186,1500
f,-62.297493619573416,68.70250638042658,1500
u,-12.69430317592467,23.30569682407533,1500
h,-63.968380413059954,42.031619586940046,1500
n,-73.50430304387805,2.4956969561219537,1500
k,-0.08355182711177478,43.916448172888224,1500
u,-6.63065694198884,7.36934305801116,1500
j,-12.978731487578578,42.02126851242142,1500
p,-83.73661981379188,75.26338018620812,1500
j,-24.259191985197265,76.74080801480274,1500
o,-80.23856440565649,58.76143559434352,1500
h,-29.602216044698846,34.39778395530115,1500
j,-34.90042664740902,85.09957335259098,1500
e,-56.67101888341471,0.32898111658528617,1500
r,-16.743004559347117,29.256995440652883,1500
y,-97.41811213613752,13.581887863862477,1500
v,-63.731293347623485,83.26870665237652,1500
w,-25.492409635429873,73.50759036457012,1500
i,-40.35507433874392,21.64492566125608,1500
p,-78.66728277216387,50.332717227836135,1500
j,-84.83522115275238,63.16477884724762,1500
p,-45.438107890660035,5.561892109339965,1500
d,-47.558106262947426,82.44189373705257,1500
o,-6.370627490219672,10.629372509780328,1500
w,-36.998428503326636,88.00157149667336,1500
q,-62.31337588803641,93.6866241119636,1500
g,-9.856809704426874,77.14319029557312,1500
w,-35.027698254054606,64.97230174594539,1500
x,-57.47468997450068,72.52531002549932,1500
h,-39.91121934971153,18.08878065028847,1500
u,-81.94354776855367,11.05645223144633,1500
s,-55.045852997748376,92.95414700225163,1500
s,-71.6209112128283,69.3790887871717,1500
k,-17.329036062295216,21.670963937704784,1500
x,-35.728869610905555,74.27113038909445,1500
c,-63.52526473145252,61.47473526854748,1500
r,-6.989949432166933,72.01005056783306,1500
t,-0.42892537273234,30.57107462726766,1500
e,0.7647758730380079,75.764775873038,1500
f,-45.478304182439366,86.52169581756063,1500
z,-10.554561913739441,32.44543808626056,1500
z,-83.49260090352267,19.507399096477332,1500
t,-53.34616992810594,20.653830071894063,1500
h,-19.590379851830647,81.40962014816935,1500
e,-81.08729022835095,79.91270977164905,1500
t,-35.7043355120698,6.295664487930205,1500
z,-18.52364499084336,35.47635500915664,1500
o,-32.71957039318031,34.28042960681969,1500
z,-35.768228650654436,24.231771349345564,1500
b,-74.36932542338711,88.63067457661289,1500
a,-51.612589965432925,35.387410034567075,1500
m,-27.002400138888063,52.99759986111194,1500
a,-45.35137780416563,10.64862219583437,1500
z,-42.747410744280955,18.252589255719045,1500
d,-24.3511085221325,74.6488914778675,1500
i,-49.55892611123198,39.44107388876802,1500
e,-13.72495807967846,36.27504192032154,1500
u,-67.52457036029507,86.47542963970493,1500
w,-21.259699347930013,4.740300652069985,1500
a,-9.546730706058302,73.4532692939417,1500
w,-70.00263787621066,66.99736212378934,1500
f,-97.62667547593965,33.37332452406035,1500
b,-75.01991386996849,51.98008613003151,1500
u,-89.93214031098515,48.06785968901485,1500
u,-26.13885939439535,11.861140605604648,1500
r,-44.867185952974026,22.13281404702597,1500
p,-77.68790775880287,32.312092241197135,1500
t,-8.23188935806555,48.76811064193445,1500
u,-21.450419181883635,60.54958081811637,1500
s,-42.5684631593333,86.43153684066671,1500
t,-66.4610473874687,35.53895261253131,1500
s,-23.418348651142615,69.58165134885739,1500
x,-67.23482970289862,24.765170297101378,1500
a,-91.67027329629803,68.32972670370197,1500
j,-31.56516839602655,19.43483160397345,1500
y,-82.03045039157236,43.96954960842765,1500
a,-51.55517995391225,8.444820046087747,1500
e,-67.52705752671572,48.47294247328428,1500
f,-79.58437534498773,53.41562465501226,1500
a,-21.835468945853783,0.16453105414621838,1500
y,-28.176214877706112,69.82378512229388,1500
s,-85.45442943924436,10.54557056075563,1500
r,-78.48880493538505,22.511195064614952,1500
k,-8.1474368746273,96.8525631253727,1500
t,-90.87510827650885,64.12489172349115,1500
t,-46.008694596503915,39.991305403496085,1500
s,-52.57737895545454,93.42262104454545,1500
f,-44.06484376849213,13.93515623150787,1500
q,-45.03972220349709,96.96027779650291,1500
d,-61.61374948693242,54.38625051306758,1500
t,-57.656971273914934,37.343028726085066,1500
a,-26.889546430194912,60.11045356980509,1500
c,-52.63775350201956,3.362246497980446,1500
j,-26.343760921214002,40.656239078786,1500
z,-93.63476802695388,14.365231973046116,1500
n,-90.90172277140172,9.098277228598281,1500
t,-29.963736005717728,81.03626399428228,1500
l,-6.319061764657776,42.680938235342225,1500
j,-17.340953920457398,51.6590460795426,1500
n,-39.041509675140375,36.958490324859625,1500
s,-43.37407006166992,4.625929938330082,1500
v,-5.9008198858423,15.0991801141577,1500
b,-84.70476933224953,33.29523066775048,1500
h,-67.96043205661881,39.039567943381186,1500
b,-28.194077321065055,74.80592267893495,1500
p,-35.0409823526573,39.9590176473427,1500
l,-92.33211348116366,32.66788651883633,1500
g,-29.00980421113004,68.99019578886995,1500
k,-95.89638841776394,59.103611582236056,1500
m,-75.46678658019539,40.53321341980461,1500
e,-73.804227030479,27.195772969521006,1500
c,-1.5364455069691343,33.46355449303086,1500
y,-1.0413045554898934,34.958695444510106,1500
x,-58.9229408546081,95.0770591453919,1500
a,-47.62922899017388,57.37077100982612,1500
e,-34.25109892685373,10.748901073146271,1500
l,-96.54234773420609,75.45765226579391,1500
u,-70.89649943048448,65.10350056951552,1500
f,-67.36940464636639,84.63059535363361,1500
u,-87.27137487461736,40.728625125382635,1500
u,-12.897754832232216,45.102245167767784,1500
v,-36.43407000204133,39.56592999795867,1500
r,-0.5147887532435623,83.48521124675644,1500
q,-37.8124051684422,96.1875948315578,1500
x,-64.55246920223655,84.44753079776345,1500
o,-7.071908102629179,47.92809189737082,1500
q,-38.518991974825546,71.48100802517445,1500
x,-86.69142556452748,78.30857443547252,1500
z,-65.07646568651332,40.92353431348668,1500
c,-8.373607830634095,46.62639216936591,1500
b,-50.619141035943244,63.380858964056756,1500
d,-37.843670193235475,60.156329806764525,1500
b,-11.820828618662143,18.179171381337856,1500
p,-84.60840441033639,35.391595589663616,1500
b,-51.26195309321188,49.73804690678812,1500
z,-14.74728695628365,65.25271304371635,1500
e,-6.555974417650682,40.44402558234932,1500
x,-26.91301150318693,5.08698849681307,1500
w,-57.87247371269167,43.12752628730833,1500
e,-16.039621670692753,65.96037832930725,1500
d,-8.966557802140644,71.03344219785936,1500
d,-66.14115182725205,43.858848172747955,1500
r,-58.37030574745874,33.62969425254126,1500
b,-2.954792578721616,57.045207421278384,1500
t,-39.537656948725285,88.46234305127471,1500
j,-63.27653054226215,19.723469457737853,1500
e,-21.06457850961003,68.93542149038997,1500
y,-18.299205971472418,13.700794028527582,1500
d,-0.7346760126193558,59.26532398738065,1500
x,-75.75916276904944,55.24083723095056,1500
y,-7.565799724830495,83.4342002751695,1500
w,-33.79821930154743,95.20178069845258,1500
e,-64.3469579944968,11.653042005503194,1500
o,-68.45265605686852,12.547343943131477,1500
o,-90.27535648443877,93.72464351556123,1500
h,-28.050963059793382,66.94903694020662,1500
c,-48.607164079522,67.39283592047799,1500
n,-57.452554431531084,28.547445568468916,1500
b,-95.78684595752091,58.21315404247909,1500
z,-54.765458966055576,79.23454103394442,1500
b,-18.97159754199577,76.02840245800422,1500
y,-48.92054981536583,15.079450184634169,1500
a,-25.839046089436934,28.160953910563066,1500
b,-94.11344549825898,23.88655450174101,1500
d,-11.031398531368877,65.96860146863112,1500
e,-7.51483753396569,88.48516246603431,1500
h,-97.11764727339981,75.88235272660019,1500
c,-8.216965579640107,34.78303442035989,1500
y,-85.68876638981334,62.31123361018666,1500
f,-37.500687416971864,85.49931258302814,1500
y,-79.26019063292286,9.73980936707714,1500
j,-19.812884621781095,86.1871153782189,1500
z,-48.11916926481669,83.88083073518331,1500
a,-18.65140682743042,65.34859317256958,1500
y,-46.057540468439555,38.942459531560445,1500
b,-69.34979890674148,38.65020109325852,1500
d,-63.18848032704688,9.811519672953118,1500
f,-68.17373650672967,66.82626349327033,1500
z,-42.14635266944462,46.85364733055538,1500
g,-34.35078951587211,34.64921048412789,1500
s,-60.00406373796579,17.99593626203421,1500
m,-32.83887616390814,3.1611238360918574,1500
u,-32.42744954834956,37.57255045165044,1500
h,-9.061411586232364,33.93858841376764,1500
w,-57.22694423774784,62.77305576225216,1500
j,0.1214975123582307,18.121497512358232,1500
h,-59.40026292903738,33.59973707096262,1500
o,-72.25452309939996,51.74547690060004,1500
x,-39.58191553742833,69.41808446257167,1500
x,-30.102388410388073,98.89761158961193,1500
b,-0.7749613212982494,81.22503867870175,1500
r,-73.47332065091258,35.526679349087416,1500
q,-43.87890755417318,9.12109244582682,1500
a,-75.39262243166276,27.607377568337238,1500
e,-48.52684402498887,86.47315597501112,1500
j,-3.4581872930757536,81.54181270692425,1500
y,-29.016609726687914,65.98339027331208,1500
h,-6.908992573880426,28.091007426119575,1500
o,-76.59431025854762,88.40568974145238,1500
g,-71.41882784941271,80.58117215058729,1500
z,-66.92132855273805,25.078671447261954,1500
i,-81.56343313170002,50.43656686829998,1500
d,-68.41089122593343,32.589108774066574,1500
p,-10.894752479532118,62.105247520467884,1500
u,-75.60884643740334,29.39115356259666,1500
n,-83.44770714673864,17.552292853261367,1500
a,-97.43740387904387,4.562596120956132,1500
j,-61.238765128655636,71.76123487134436,1500
c,-73.48698545532072,1.513014544679276,1500
y,-61.35301816373758,68.64698183626241,1500
m,-71.27581345229818,60.72418654770182,1500
b,-96.01428427227945,44.985715727720546,1500
i,-90.9159979134514,7.0840020865485895,1500
e,-65.18474022166416,26.81525977833584,1500
e,-90.95097692182979,8.049023078170213,1500
d,-3.609436551567254,57.390563448432744,1500
r,-25.96114137388854,77.03885862611146,1500
c,-77.26654231922805,73.73345768077195,1500
j,-11.042232348649353,73.95776765135065,1500
l,-64.26366496728369,83.73633503271631,1500
x,-6.238665000173092,25.761334999826907,1500
v,-33.81526579682977,98.18473420317024,1500
r,-72.26746091360185,85.73253908639815,1500
f,-1.005022257383843,54.99497774261616,1500
w,-2.095443592439567,75.90455640756043,1500
m,-34.99678620797793,49.00321379202207,1500
v,-46.469474730186406,10.530525269813596,1500
d,-64.78880688010746,43.211193119892535,1500
f,-51.838641229076075,92.16135877092393,1500
f,-86.10899213886768,87.89100786113232,1500
y,-67.06627748038063,40.93372251961937,1500
i,-21.496126802704612,1.5038731972953867,1500
f,-55.93918438323031,58.06081561676969,1500
v,-33.61483429366526,73.38516570633475,1500
x,-20.74784029098896,24.25215970901104,1500
m,-12.243016374749786,83.75698362525021,1500
r,-65.34290502324177,69.65709497675823,1500
p,-39.28659174578457,85.71340825421544,1500
g,-47.481348907240616,78.51865109275938,1500
w,-58.12883761699507,0.8711623830049258,1500
c,-43.317878843783866,33.682121156216134,1500
r,-3.759676962635756,63.24032303736424,1500
v,-69.57569865641388,85.42430134358612,1500
q,-91.58224387857754,4.417756121422464,1500
h,-82.49190024764218,64.50809975235782,1500
o,-61.52486516546775,86.47513483453226,1500
c,-97.921699179469,62.078300820531,1500
s,-11.825384204592728,36.17461579540727,1500
o,-71.16987006622865,23.830129933771353,1500
k,-60.11462584108311,33.88537415891689,1500
u,-95.3220393156813,98.6779606843187,1500
g,-67.79145262966607,16.208547370333935,1500
z,-0.04294972747792514,67.95705027252208,1500
p,-93.49551676281385,65.50448323718615,1500
o,-69.9083067626756,0.09169323732440304,1500
c,-70.23363720436022,56.76636279563978,1500
n,-71.63649108070113,75.36350891929887,1500
n,-84.81450257623906,89.18549742376094,1500
i,-74.00255806707027,75.99744193292973,1500
s,-74.16286017202505,79.83713982797495,1500
l,-27.468549432533273,24.531450567466727,1500
e,-35.97545625539352,15.024543744606484,1500
l,-35.96642959766673,98.03357040233327,1500
n,-17.89076852770948,14.109231472290519,1500
o,-5.950201266080301,6.049798733919699,1500
f,-39.66421048820125,81.33578951179875,1500
t,-45.347635562982965,23.652364437017035,1500
w,-93.40962699891524,67.59037300108476,1500
z,-92.57772944602031,18.42227055397968,1500
k,-37.247636497937016,56.752363502062984,1500
r,-70.35448898263984,82.64551101736016,1500
i,-5.175593860853289,98.82440613914672,1500
l,-22.553432417938197,4.446567582061804,1500
k,-64.66423337904877,27.335766620951237,1500
s,-25.058078765911503,48.9419212340885,1500
w,-38.749000652132096,60.250999347867904,1500
p,-86.68455301129995,75.31544698870005,1500
s,-68.07545826919868,13.924541730801321,1500
d,-60.4368908510373,9.563109148962706,1500
n,-29.830696379995928,44.16930362000407,1500
y,-76.7744595425191,26.2255404574809,1500
i,-23.754076939163216,2.2459230608367844,1500
w,-49.639453906394934,7.360546093605066,1500
q,-39.91829748060299,3.081702519397009,1500
o,-84.53484852943632,23.465151470563676,1500
n,-68.20071538736313,78.79928461263687,1500
a,-4.511847396366431,29.48815260363357,1500
h,-44.72466669140197,23.27533330859803,1500
a,-44.04311611478853,3.956883885211468,1500
p,-6.756466506550673,30.243533493449327,1500
c,-97.62979391311269,72.37020608688731,1500
v,-60.42767739442194,5.572322605578062,1500
c,-13.989160155440342,0.010839844559657696,1500
c,-7.989061406858468,57.01093859314153,1500
d,-45.661698010537904,72.3383019894621,1500
n,-41.94954041099535,85.05045958900466,1500
a,-59.81451527644989,88.18548472355012,1500
r,-80.69277957956442,87.30722042043558,1500
q,-51.46471203940725,58.53528796059275,1500
j,-42.466349490477086,25.533650509522914,1500
v,-53.82814888070976,59.17185111929024,1500
t,-41.77982172099818,7.220178279001825,1500
i,-1.5885477376063593,81.41145226239364,1500
j,-1.2128422006343342,27.787157799365666,1500
d,-88.3127504896761,47.68724951032389,1500
e,-18.392782950251814,13.607217049748188,1500
o,-53.40433423277432,42.59566576722568,1500