a,-13.872383012080844,0.12761698791915577,1500
s,-28.319450717824246,9.680549282175756,1500
n,-61.69140733728321,44.30859266271679,1500
g,-11.734005237624448,15.265994762375552,1500
s,-76.70761474029116,54.29238525970883,1500
k,-70.59235033061466,33.40764966938533,1500
p,-47.67785422237731,28.322145777622683,1500
p,-75.41483767700292,52.585162322997085,1500
d,-19.839087951728608,49.16091204827139,1500
w,-29.684919504009805,48.315080495990195,1500
d,-80.2887242718502,16.7112757281498,1500
w,-84.42385134951586,58.57614865048414,1500
s,-84.54811798103985,14.45188201896015,1500
l,-19.488675215738866,66.51132478426113,1500
g,-9.97062193888392,46.029378061116084,1500
g,-43.21173368078614,71.78826631921386,1500
q,-80.06669728704816,64.93330271295184,1500
m,-14.512731860655649,26.48726813934435,1500
c,-88.4657361902701,8.534263809729895,1500
h,-70.73639840640637,81.26360159359363,1500
b,-23.849818857264026,13.150181142735972,1500
v,-9.024589213606511,97.9754107863935,1500
k,-10.658583568824413,83.34141643117559,1500
w,-94.30055396384658,37.69944603615342,1500
w,-32.94999262363709,89.05000737636291,1500
r,-72.97196706753425,88.02803293246575,1500
g,-39.468828700141295,66.53117129985871,1500
g,-40.91699187840867,60.08300812159133,1500
d,-54.42078726780624,42.57921273219376,1500
l,-40.580751829976805,34.419248170023195,1500
k,-6.4351607280089835,73.56483927199102,1500
b,-59.68880900853247,44.31119099146753,1500
a,-47.559080265000304,8.440919734999694,1500
r,-23.20891799600542,33.79108200399458,1500
a,-94.5974227602666,86.4025772397334,1500
h,-12.602600229512529,45.39739977048747,1500
y,-19.20676118042692,13.793238819573082,1500
u,-32.17753546651472,72.82246453348529,1500
k,-88.70466696797642,52.295333032023585,1500
d,-48.53251734745399,30.46748265254601,1500
f,-97.14240300441072,5.857596995589273,1500
s,-39.303729943299054,33.696270056700946,1500
u,-0.9733510230797511,79.02664897692024,1500
y,-14.394663078796054,70.60533692120394,1500
d,-15.4547705330219,16.5452294669781,1500
s,-15.761840173301923,41.23815982669807,1500
x,-62.68984534854547,6.310154651454532,1500
s,-13.484341687571327,0.515658312428674,1500
k,-45.62348362674057,12.37651637325943,1500
k,-10.889777799747117,49.110222200252885,1500
r,-24.443977291471775,44.556022708528225,1500
d,-33.727404167106705,58.272595832893295,1500
c,-1.2049515092978489,96.79504849070216,1500
t,-48.02805418447687,33.97194581552313,1500
d,-33.17640812473442,9.823591875265581,1500
p,-25.620099883131424,96.37990011686857,1500
u,-67.12496895444879,36.87503104555121,1500
b,-9.835644920049962,81.16435507995004,1500
c,-68.75713579136522,5.242864208634785,1500
p,-28.97654224319956,78.02345775680044,1500
a,-60.71668899119633,72.28331100880368,1500
s,-2.777722637651023,13.222277362348978,1500
r,-37.40727500262127,72.59272499737872,1500
z,-41.22379452041821,44.77620547958179,1500
o,-6.486795506330094,61.5132044936699,1500
e,-57.36758261461593,31.632417385384073,1500
l,-85.97212530871563,67.02787469128437,1500
q,-9.979914691767908,56.02008530823209,1500
c,-85.09073029785195,22.909269702148045,1500
d,-83.97549594219176,73.02450405780824,1500
j,-93.7256930808795,1.2743069191205074,1500
p,-19.278153363000957,8.721846636999043,1500
m,-95.64187197947852,93.35812802052148,1500
r,-60.76349698469953,48.23650301530047,1500
r,-67.76171632115965,87.23828367884035,1500
u,-0.08551916535828008,41.91448083464172,1500
h,-50.13054550408529,66.86945449591471,1500
k,-24.458107025914316,25.541892974085684,1500
p,-5.2122777580137125,35.78772224198629,1500
r,-33.139025322455836,24.860974677544167,1500
m,-93.62587039974264,15.374129600257367,1500
v,-1.25776542905639,54.74223457094361,1500
x,-64.31974617587548,96.68025382412452,1500
c,-77.22133638912773,20.77866361087228,1500
v,-87.34557967416347,22.65442032583652,1500
p,-83.18553413703579,32.81446586296421,1500
q,-1.8029971093624866,54.19700289063751,1500
m,-87.15253739953536,97.84746260046464,1500
t,-92.59454452070452,82.40545547929548,1500
z,-43.07881438221362,25.921185617786378,1500
j,-13.440544392137644,2.559455607862356,1500
y,-34.890177509357045,9.109822490642955,1500
h,-49.99527895563081,69.00472104436919,1500
j,-24.78340614805883,37.21659385194117,1500
d,-18.963878578493876,87.03612142150612,1500
v,-39.998221955250735,86.00177804474927,1500
l,-79.16486932097523,34.83513067902477,1500
m,-17.638743930259704,7.361256069740297,1500
c,-87.8069036808466,76.1930963191534,1500
u,-46.30133134923973,68.69866865076027,1500
w,-78.7559820395998,48.24401796040019,1500
o,-40.397474108314896,4.602525891685107,1500
w,-73.00027723271938,24.99972276728061,1500
r,-9.161260793425868,91.83873920657413,1500
s,-16.41948948405075,89.58051051594924,1500
a,-79.79302502635713,67.20697497364287,1500
b,-41.65662659202245,57.34337340797755,1500
v,-56.12957053778199,81.87042946221801,1500
x,-11.386746789440888,45.61325321055911,1500
w,-94.36641788440906,16.633582115590944,1500
u,-5.178243932185954,59.82175606781404,1500
j,-51.80637132531633,87.19362867468367,1500
g,-63.854780214531154,13.145219785468845,1500
y,-80.83509111357927,43.16490888642073,1500
o,-68.31246711597274,5.6875328840272665,1500
k,-67.99514443045588,0.004855569544114702,1500
v,-28.81023628297083,53.189763717029166,1500
s,-55.67717659255908,70.32282340744092,1500
y,-27.365656915398105,29.634343084601895,1500
x,-91.39426188710767,42.60573811289233,1500
p,-38.96631381631156,50.03368618368844,1500
h,-42.29769966614136,17.70230033385864,1500
g,-55.54862738563654,23.45137261436346,1500
n,-3.585660366511575,76.41433963348842,1500
f,-14.620026420451017,33.37997357954898,1500
x,-21.482284286380466,35.51771571361954,1500
g,-9.04746482720144,73.95253517279856,1500
y,-13.82904334839003,28.17095665160997,1500
e,-90.47720677244699,80.52279322755301,1500
p,-58.948538320893775,23.051461679106225,1500
m,-42.67698164614711,82.32301835385289,1500
i,-47.02690052002132,84.97309947997867,1500
w,-73.70071453638928,12.299285463610708,1500
c,-33.80816040744081,31.19183959255919,1500
a,-66.16977188741448,52.830228112585516,1500
z,-74.27204363478391,23.727956365216087,1500
s,-62.0691363298449,13.9308636701551,1500
x,-13.75526751915644,82.24473248084355,1500
f,-42.04795496620884,32.95204503379116,1500
p,-2.1508636163311006,85.8491363836689,1500
e,-58.44863401655601,55.55136598344399,1500
h,-26.743556748228226,8.256443251771772,1500
e,-71.3759761730315,70.6240238269685,1500
j,-9.367952076613557,97.63204792338644,1500
n,-55.24425199211812,94.75574800788188,1500
c,-82.43940487756286,82.56059512243714,1500
u,-41.58632867494001,11.413671325059987,1500
o,-58.346754956569676,19.653245043430328,1500
z,-46.56346727404217,43.43653272595783,1500
b,-93.30216873951557,68.69783126048443,1500
c,-61.96627044353273,78.03372955646728,1500
e,-89.17126804050238,49.82873195949761,1500
z,-20.836520593638898,4.163479406361102,1500
q,-65.71737895687771,27.282621043122294,1500
s,-44.75057669216361,0.2494233078363859,1500
a,-24.734681041421524,49.265318958578476,1500
n,-9.002220748306577,3.997779251693424,1500
c,-23.282415069648096,70.7175849303519,1500
u,-89.53259146469433,0.46740853530566007,1500
n,-36.44529226725079,7.554707732749204,1500
g,-27.281170727131716,15.718829272868286,1500
p,-91.451281081442,96.548718918558,1500
d,-79.61023287756589,72.38976712243411,1500
t,-68.81951017231353,5.180489827686471,1500
q,-90.81278773947398,44.187212260526024,1500
b,-24.843023860051794,78.1569761399482,1500
g,-6.367645254674092,32.632354745325905,1500
g,-42.03121228675924,17.968787713240758,1500
y,-97.87392209152326,0.1260779084767445,1500
a,-84.11304227791172,45.88695772208828,1500
f,-78.4882701461544,23.5117298538456,1500
r,-5.9191902812216055,18.080809718778394,1500
u,-78.62961781274201,8.370382187257986,1500
t,-78.62413082571379,53.37586917428621,1500
c,-14.375078570251999,69.624921429748,1500
c,-6.043004589943874,11.956995410056125,1500
n,0.6319136465808349,84.63191364658084,1500
w,-83.53077346184634,72.46922653815366,1500
s,-57.3047110690174,35.6952889309826,1500
a,-71.92275155881565,59.07724844118435,1500
n,-6.972106037845251,43.02789396215475,1500
p,-48.21650888804215,74.78349111195784,1500
r,-81.29134241975751,50.70865758024249,1500
q,-96.11840059300144,26.881599406998557,1500
b,-28.073700241126183,1.926299758873816,1500
c,-51.70138831681084,57.29861168318916,1500
j,-74.72491968669966,91.27508031330034,1500
a,-79.52119408133757,14.478805918662433,1500
y,-83.35268990244973,92.64731009755027,1500
t,0.11674667659389693,65.11674667659389,1500
z,-91.66721499954237,21.33278500045764,1500
q,-58.44808341982007,69.55191658017992,1500
q,-51.57997985420323,57.42002014579677,1500
t,-61.82444348205115,76.17555651794885,1500
a,-47.17066063114115,53.82933936885885,1500
s,-61.053952406426376,62.946047593573624,1500
x,-75.73573822077437,45.26426177922563,1500
d,-30.620875070291664,57.37912492970834,1500
k,-26.572441136837043,62.42755886316296,1500
g,-71.97958590371374,93.02041409628626,1500
n,-46.97751811796932,85.02248188203068,1500
u,-55.50038521428747,75.49961478571252,1500
q,-85.05006088400721,75.94993911599279,1500
t,-76.87251328628477,40.127486713715236,1500
y,-92.65360325932124,0.3463967406787499,1500
w,-13.683282652617766,73.31671734738224,1500
w,-0.07692145329729894,32.9230785467027,1500
y,-86.67106243262297,4.32893756737703,1500
m,-74.84294119025266,94.15705880974734,1500
i,-3.294039825269583,77.70596017473042,1500
d,-16.51949118286358,91.48050881713642,1500
l,-50.94765125315592,42.05234874684408,1500
n,-50.6183955055089,47.3816044944911,1500
r,-70.92572370889786,88.07427629110214,1500
j,-27.690789678745485,30.309210321254515,1500
e,-40.70361148902364,63.29638851097636,1500
v,-53.32389592923104,31.676104070768954,1500
i,-27.239984132637307,49.760015867362696,1500
u,-85.7566471218194,77.2433528781806,1500
w,-57.05456166488696,22.945438335113035,1500
i,-25.179920349995957,32.82007965000404,1500
v,-36.4698718570433,72.5301281429567,1500
e,-52.78984341109435,21.210156588905647,1500
t,-93.83792417606051,51.16207582393949,1500
o,-87.11467414745003,34.88532585254997,1500
j,-73.38480385765516,45.61519614234484,1500
t,-83.06038146780317,75.93961853219683,1500
d,-62.61315402520768,67.38684597479232,1500
x,-11.852591465837172,26.147408534162828,1500
o,-66.85224241984874,1.147757580151263,1500
u,-61.42590553119555,82.57409446880445,1500
e,-60.57758127992631,47.42241872007369,1500
e,-56.76571276022014,60.23428723977986,1500
s,-50.01867634969133,44.98132365030867,1500
n,-8.04014014912951,62.95985985087049,1500
a,-71.86178533979928,67.13821466020072,1500
y,-74.20382929875687,83.79617070124313,1500
z,-80.50705120109093,69.49294879890907,1500
p,-69.3713738314297,76.6286261685703,1500
j,-41.800967331695624,41.199032668304376,1500
p,-43.00913677180813,22.99086322819187,1500
t,-74.38415608801941,1.6158439119805945,1500
d,-64.89571118031321,31.10428881968678,1500
o,-85.54928003864211,45.45071996135788,1500
j,-83.32062626648272,71.67937373351728,1500
w,-27.08172378654098,89.91827621345902,1500
b,-28.09937265984717,32.90062734015283,1500
i,-28.437854409494186,14.562145590505814,1500
k,-46.105152261239546,68.89484773876045,1500
r,-82.1468905466137,12.853109453386292,1500
m,-61.844113937652175,1.155886062347828,1500
h,-42.34704808820562,54.65295191179438,1500
m,-56.04215492994596,14.95784507005404,1500
q,-47.30149763759557,71.69850236240444,1500
g,-82.1278489981492,37.872151001850796,1500
a,-60.0901946457555,47.9098053542445,1500
l,-23.714129318791034,3.285870681208965,1500
a,-86.38114641476393,63.61885358523607,1500
u,-87.02118863695037,36.97881136304962,1500
s,-25.073032863612376,46.926967136387624,1500
j,-95.42532907248527,11.574670927514726,1500
t,-60.09306399552473,51.90693600447527,1500
u,-52.021553694195866,38.978446305804134,1500
v,-94.70132430924527,29.298675690754735,1500
r,-69.69640179559931,52.303598204400686,1500
s,-94.07480152803049,32.9251984719695,1500
y,-21.930164912903805,73.0698350870962,1500
f,-1.0765310008054492,10.92346899919455,1500
y,-26.584724979611757,89.41527502038825,1500
d,-60.72947990454237,45.27052009545763,1500
m,-59.51988961182304,66.48011038817695,1500
y,-48.13511433492163,63.86488566507837,1500
g,-17.192918096087208,78.80708190391279,1500
p,-1.1814502749128117,58.81854972508719,1500
s,-81.84299014557898,71.15700985442102,1500
c,-41.290347874635394,48.709652125364606,1500
z,-72.00109011716219,40.99890988283781,1500
r,-19.797034149502085,94.20296585049792,1500
c,-48.38655812258921,32.61344187741079,1500
y,-82.6964348352253,47.3035651647747,1500
z,-10.254186982806026,58.745813017193974,1500
u,-22.233303453405096,76.7666965465949,1500
p,-17.69579113649658,98.30420886350342,1500
z,-71.431074081852,69.568925918148,1500
o,-3.4205773771148436,96.57942262288516,1500
l,-67.926968854191,72.073031145809,1500
f,0.5070775297191479,5.507077529719147,1500
x,-93.99507120740668,79.00492879259332,1500
d,-69.69748906801446,21.30251093198553,1500
b,-28.335650292000764,65.66434970799924,1500
g,-8.229082761134228,19.77091723886577,1500
v,-85.0923429992662,26.90765700073381,1500
m,-15.659572073551368,46.34042792644863,1500
r,-87.71109375814434,60.28890624185565,1500
x,-52.083116644745765,77.91688335525423,1500
p,-65.10427812535023,48.89572187464976,1500
v,-10.616338379260707,57.383661620739296,1500
o,-17.881788303409106,39.11821169659089,1500
v,-22.8319286896778,26.1680713103222,1500
a,-14.121166555982338,29.878833444017662,1500
y,-95.87736709212646,21.122632907873534,1500
m,-24.884742302479964,90.11525769752004,1500
l,-80.85001061645843,69.14998938354157,1500
l,-15.40516804378367,8.59483195621633,1500
x,-92.96726302680776,89.03273697319224,1500
j,-81.95596007120439,5.044039928795618,1500
p,-69.69994899019349,21.300051009806513,1500
i,-51.485311323119795,91.5146886768802,1500
z,-56.63635434170417,51.36364565829583,1500
z,-25.405368595539052,30.594631404460948,1500
o,-11.725249479385749,82.27475052061425,1500
v,-12.219064437038131,24.78093556296187,1500
t,-75.53527032516833,39.464729674831666,1500
i,-20.545741537181915,81.45425846281809,1500
u,-50.64403507171126,97.35596492828874,1500
q,-90.78899294877009,15.211007051229908,1500
m,-46.75328008667776,24.24671991332224,1500
h,0.9855077521920785,65.98550775219208,1500
t,-50.39564972986954,67.60435027013047,1500
h,-77.23478987574119,12.76521012425881,1500
g,-44.17738154462378,39.82261845537622,1500
x,-79.50590234433645,18.494097655663552,1500
t,-85.74336933493836,40.25663066506164,1500
d,-18.815041454743206,52.18495854525679,1500
d,-28.06263840262749,66.93736159737252,1500
r,-1.9013862105860868,19.098613789413914,1500
c,-75.81339185831112,71.18660814168888,1500
g,-15.965475180650284,9.034524819349716,1500
c,-83.29020977730261,45.709790222697386,1500
g,-33.06436364449938,93.93563635550062,1500
s,-20.65749879663898,44.342501203361024,1500
t,-82.64690386767069,96.35309613232931,1500
h,-95.86779566138738,17.13220433861262,1500
c,-39.79155269240734,97.20844730759266,1500
u,-2.0941334061720767,24.905866593827923,1500
j,-93.21634755640623,9.783652443593768,1500
m,-39.27539720801552,16.72460279198448,1500
q,-21.009810896330475,78.99018910366952,1500
y,-13.123301470451501,68.87669852954849,1500
z,-28.046180381616843,19.953819618383157,1500
a,-4.297169232762329,84.70283076723767,1500
d,-12.693157799860241,8.306842200139759,1500
a,-75.91452486812841,32.08547513187158,1500
h,-84.23413304544728,59.76586695455272,1500
l,-75.82313301802172,51.17686698197828,1500
a,-51.37362538156706,53.62637461843294,1500
r,-91.46911517006022,41.53088482993978,1500
l,-23.11779209533372,78.88220790466627,1500
s,-72.37409175380094,50.62590824619907,1500
z,-53.244636101465396,51.755363898534604,1500
y,-12.794988272244371,2.20501172775563,1500
s,-5.912167125655099,57.087832874344905,1500
w,-60.0717596428156,83.92824035718441,1500
d,-38.64403525315731,75.35596474684269,1500
c,-15.149209590416527,11.850790409583473,1500
a,-40.866052942684085,72.13394705731591,1500
e,-51.14374021621447,40.85625978378553,1500
o,-50.89342624484762,62.10657375515238,1500
g,-11.553863580615323,41.44613641938468,1500
a,-31.786854807207572,17.213145192792428,1500
d,-39.942553569597884,66.05744643040211,1500
p,-7.577568449383302,86.4224315506167,1500
q,-51.15761773518254,54.84238226481746,1500
p,-97.68903440095538,83.31096559904462,1500
v,-61.46635777693683,27.53364222306317,1500
u,-50.00486623171057,23.995133768289424,1500
g,-93.65622185487564,41.343778145124354,1500
l,-79.81603304996688,37.18396695003313,1500
l,-61.95599524290322,80.04400475709677,1500
l,-48.72200664753397,27.277993352466023,1500
c,-33.91877767657229,17.081222323427706,1500
y,-61.253684549714215,16.74631545028579,1500
l,-64.50563256707555,47.49436743292445,1500
d,-91.66797347450037,95.33202652549963,1500
r,-49.49161350499341,27.50838649500659,1500
i,-83.86512489768893,88.13487510231107,1500
b,-2.3383797027816136,2.6616202972183864,1500
o,-17.0008830768724,72.9991169231276,1500
p,-27.606713427304854,55.393286572695146,1500
g,-47.78952151526345,72.21047848473654,1500
j,-2.5112177803018962,83.48878221969811,1500
l,-14.627869849709363,89.37213015029063,1500
f,-37.13197261113012,72.86802738886989,1500
c,-13.87088450715637,57.12911549284363,1500
v,-27.896004683096827,76.10399531690318,1500
j,-84.99079264336225,60.00920735663774,1500
h,-35.88387855111403,21.11612144888597,1500
d,-12.436934377234543,55.56306562276546,1500
m,-82.06444149476236,25.935558505237644,1500
f,-22.954343412108788,25.045656587891212,1500
t,-66.59082466697626,41.40917533302375,1500
v,-56.35521402813676,67.64478597186324,1500
b,-22.988711286875585,88.01128871312442,1500
b,-1.0657824528626598,25.93421754713734,1500
p,-58.81506260612189,90.18493739387812,1500
w,-35.286450312991114,22.713549687008886,1500
d,-71.30899572248532,57.69100427751467,1500
z,-87.55704520489576,31.44295479510424,1500
p,-69.44162615837017,95.55837384162983,1500
e,-26.329968589382666,92.67003141061733,1500
t,-55.80090785917765,42.19909214082235,1500
f,-81.91895924715313,1.0810407528468788,1500
o,-71.00925195478162,53.99074804521838,1500
s,-78.57970735002294,60.42029264997706,1500
w,-66.34450758917083,87.65549241082917,1500
w,-63.194054170427954,35.805945829572046,1500
v,-19.18935682455262,94.81064317544738,1500
n,-54.08812823326435,66.91187176673566,1500
y,-78.22008391163989,29.77991608836011,1500
x,-26.646660381506287,72.3533396184937,1500
d,-20.192680980892263,46.80731901910774,1500
f,-53.89732381289659,76.10267618710341,1500
b,-27.459749947690018,13.540250052309982,1500
k,-64.0978096893188,63.90219031068121,1500
x,-21.45144265292158,62.54855734707842,1500
h,-42.55939504518331,10.440604954816688,1500
n,-86.82801689420285,23.171983105797146,1500
m,-1.492406978625552,41.50759302137445,1500
h,-20.950634875243114,82.04936512475689,1500
w,-11.645758870144746,33.354241129855254,1500
x,-28.46235238565867,96.53764761434134,1500
i,-37.55620417438372,15.443795825616279,1500
z,-31.22213576230556,95.77786423769444,1500
g,-93.36660196761159,83.63339803238841,1500
x,-79.43469392863275,46.565306071367246,1500
d,-17.357855088047558,35.64214491195244,1500
m,-42.389177103167704,95.6108228968323,1500
b,-70.66830509797347,75.33169490202653,1500
n,-9.316227059090753,27.683772940909247,1500
c,-25.117971064182797,23.882028935817203,1500
m,-36.86717952068834,42.13282047931166,1500
e,-59.50637320181365,74.49362679818634,1500
h,-54.49476072713675,97.50523927286325,1500
m,-17.212832200020934,17.787167799979066,1500
z,-25.393577589090327,57.60642241090967,1500
k,-56.40787773324629,50.59212226675371,1500
p,-92.71087352899052,0.2891264710094774,1500
v,-58.78381342931342,75.21618657068659,1500
e,-95.91107752291535,30.08892247708465,1500
b,-23.807475351261154,60.192524648738846,1500
i,-22.311561250675233,10.688438749324767,1500
i,-12.045597261501817,73.95440273849819,1500
h,-88.91498539554117,65.08501460445883,1500
k,-13.391678684149515,57.60832131585048,1500
f,-63.77943390742518,55.22056609257482,1500
n,-24.78378013775854,61.21621986224146,1500
k,-46.54870417752697,1.4512958224730288,1500
x,-54.92243459830212,27.07756540169788,1500
z,-39.875624020512305,64.1243759794877,1500
g,-27.36566163319617,52.63433836680383,1500
b,-51.950548956974494,39.049451043025506,1500
f,-0.05722461264768042,29.94277538735232,1500
i,-73.11008454051196,23.889915459488044,1500
d,-76.99652935810097,36.003470641899035,1500
n,-56.981784964273174,48.018215035726826,1500
y,-49.685543492462486,85.31445650753751,1500
s,-89.62323647200839,52.37676352799161,1500
x,-86.20069283531367,67.79930716468633,1500
h,-40.22297190898197,82.77702809101802,1500
t,-55.213968792643634,82.78603120735636,1500
f,-72.62720140485757,36.37279859514243,1500
i,-80.10920545072686,44.89079454927313,1500
k,-15.10667052870271,77.89332947129729,1500
y,-25.026632210683413,4.973367789316586,1500
m,-89.44944032943486,10.550559670565134,1500
c,-93.40343587194155,4.59656412805845,1500
i,-46.10170268399042,70.89829731600959,1500
w,-16.07846591872677,92.92153408127324,1500
s,-17.08519553940057,67.91480446059943,1500
l,-17.990414201195446,89.00958579880455,1500
k,-19.468779065268848,95.53122093473115,1500
j,-58.34125174141218,4.658748258587817,1500
s,-16.090694157570486,52.90930584242951,1500
m,-87.46923447142208,0.5307655285779144,1500
q,-10.0814102617248,49.9185897382752,1500
q,-50.08482868745024,89.91517131254976,1500
j,-62.57061687588063,54.42938312411937,1500
e,-77.96737216499167,55.03262783500832,1500
p,-30.293566406315442,87.70643359368457,1500
o,-55.56248597827645,0.43751402172354936,1500
f,-65.91336990488222,36.08663009511779,1500
j,-66.2895381591507,90.7104618408493,1500
j,-59.10306036320156,22.896939636798443,1500
t,-58.38421901918971,86.61578098081029,1500
h,-20.71574678243873,98.28425321756127,1500
w,-86.50823401106169,26.491765988938315,1500
a,-27.61466397847705,10.385336021522948,1500
i,-88.62470929421298,80.37529070578702,1500
s,-66.74206672834319,52.2579332716568,1500
z,-48.31953802233321,58.68046197766679,1500
m,-38.87666757519863,61.12333242480137,1500
o,-3.6333323495781014,41.366667650421896,1500
o,-82.68699015339519,16.313009846604817,1500
g,-63.60116394260102,41.39883605739898,1500
g,-48.09232102781438,2.9076789721856207,1500
i,-77.3280555180606,73.6719444819394,1500
t,-20.547471521481043,95.45252847851896,1500
n,-5.4664598657757075,84.5335401342243,1500
k,-13.167025952949334,1.8329740470506657,1500
m,-29.296734800335294,56.703265199664706,1500
p,-26.46070058186426,31.53929941813574,1500
z,-65.47838159655791,1.5216184034420852,1500
r,-43.81309415298633,27.18690584701367,1500
g,0.937099985825158,97.93709998582516,1500
j,-36.904376243940575,1.0956237560594242,1500
i,-74.54315205399564,56.45684794600435,1500
a,-29.858428507483463,93.14157149251653,1500
t,-53.051984633989775,10.948015366010225,1500
y,-79.9411071816085,95.0588928183915,1500
i,-88.36291366722254,69.63708633277746,1500
z,-44.018805689300635,81.98119431069937,1500
t,-93.84734464828561,32.152655351714394,1500
e,-54.01266138101785,64.98733861898215,1500
w,-25.04212017780219,9.957879822197812,1500
a,-19.585859102841905,23.414140897158095,1500
l,-95.13239522220533,38.867604777794675,1500
c,-48.37484485034063,24.62515514965937,1500
w,-45.18287248186738,67.81712751813262,1500
p,-27.625181738319128,94.37481826168087,1500
h,-56.96605117570241,15.033948824297585,1500
z,-14.811476422435986,34.18852357756401,1500
l,-7.94802246946702,40.05197753053298,1500
p,-24.163743221827932,20.836256778172068,1500
v,-25.45834239642729,94.54165760357272,1500
g,-36.39505765477689,69.60494234522311,1500
b,-25.901267549481197,75.0987324505188,1500
f,-12.27599604575055,83.72400395424945,1500
v,-86.69797540551951,30.302024594480486,1500
x,-52.178440069949005,55.821559930050995,1500
r,-60.271663847371656,54.728336152628344,1500
h,-8.796736893519105,78.20326310648089,1500
n,-16.10188204752677,41.89811795247323,1500
j,-73.23686651986812,9.763133480131879,1500
t,-31.51133325057502,16.48866674942498,1500
y,-72.47194393565842,67.52805606434158,1500
z,-43.495782035516434,51.504217964483566,1500
s,-93.95886820740733,19.04113179259267,1500
b,-76.60842350323439,32.39157649676561,1500
e,-52.99031620637281,58.00968379362719,1500
w,-84.53792133050439,33.46207866949561,1500
s,-62.009867975211186,41.990132024788814,1500
l,-63.168674466417045,3.831325533582957,1500
b,-35.01206505135241,62.98793494864759,1500
o,-21.11008433701009,38.88991566298991,1500
k,-55.92897594434602,90.07102405565398,1500
p,-14.616801388772977,76.38319861122703,1500
m,-51.3492442495638,10.650755750436193,1500
p,-4.327084403907286,16.672915596092714,1500
w,-9.66347276459061,43.33652723540939,1500
d,-41.307882546325104,13.692117453674898,1500
i,-0.049321314779866565,47.95067868522013,1500
d,-72.76541803512865,73.23458196487135,1500
n,-15.512551534984818,47.487448465015184,1500
k,-72.23855750910049,27.761442490899505,1500
j,-18.33544375930201,97.66455624069799,1500
n,-34.058269112204364,46.941730887795636,1500
h,-47.54888267130876,43.45111732869124,1500
z,-15.891346959681705,70.10865304031829,1500
e,-61.86378608606593,64.13621391393407,1500
t,-78.91730941404785,62.08269058595215,1500
a,-60.494372438392816,58.505627561607184,1500
x,0.10405336887959626,52.1040533688796,1500
w,-82.54074796973208,3.459252030267925,1500
s,-32.18238753699329,38.81761246300671,1500
t,-53.37394278105478,62.62605721894522,1500
w,-49.97666877707699,88.023331222923,1500
i,-86.94742660945276,63.052573390547245,1500
z,-47.12585038331758,89.87414961668242,1500
x,-66.10955346133905,90.89044653866095,1500
o,-36.954515277668776,65.04548472233122,1500
k,-73.39548580598652,51.60451419401348,1500
j,-4.449985451168511,22.550014548831488,1500
c,-77.42234063649478,8.577659363505214,1500
b,-96.12027627410112,36.879723725898884,1500
n,-15.038273161422236,56.96172683857777,1500
g,-60.95568696193638,46.04431303806362,1500
q,-28.917844656059575,21.082155343940425,1500
m,-28.58711840780539,10.41288159219461,1500
e,-56.98029088565355,63.01970911434645,1500
x,-21.84768347759702,60.15231652240298,1500
r,-72.5052475455135,23.4947524544865,1500
k,-71.12658441437422,26.87341558562578,1500
r,-87.88747959194471,86.11252040805529,1500
g,-67.26331919909654,77.73668080090346,1500
q,-82.96892263061942,40.03107736938058,1500
h,-54.01480887193125,57.98519112806875,1500
t,-55.4975974486454,43.5024025513546,1500
b,-83.91268083199537,31.087319168004623,1500
p,-77.80891152717541,60.19108847282459,1500
d,-69.21826659977077,27.781733400229236,1500
q,-35.27575818605094,27.724241813949057,1500
q,-79.15130762924429,38.848692370755714,1500
d,-10.39565828786277,59.604341712137234,1500
i,-54.5866207771587,56.4133792228413,1500
y,-59.17682088483078,85.82317911516921,1500
w,-83.12729534538687,57.87270465461312,1500
m,-52.381398116479005,44.618601883520995,1500
c,-35.67085332736988,95.32914667263012,1500
l,-88.04984005397004,9.950159946029956,1500
f,-8.938083067129261,56.06191693287074,1500
h,-90.59722112066842,33.402778879331585,1500
y,-19.799748473880292,24.200251526119708,1500
k,-12.05395507007712,40.94604492992288,1500
g,-88.06342441422899,86.93657558577101,1500
k,-74.78180396836792,0.218196031632078,1500
k,-27.188205921450784,71.81179407854921,1500
n,-24.571223980889933,75.42877601911006,1500
t,-73.37623304009614,72.62376695990386,1500
s,-30.85300069230412,24.14699930769588,1500
o,-94.28684493570519,59.71315506429481,1500
y,-0.999123370270289,61.00087662972971,1500
a,-74.8168794521887,72.1831205478113,1500
n,-59.804873408732675,49.195126591267325,1500
i,-68.32974625420314,55.670253745796856,1500
h,-70.94219446829275,61.057805531707245,1500
r,-5.080326299613942,93.91967370038606,1500
e,-25.764185958062896,27.235814041937104,1500
p,-96.745803931267,61.254196068733,1500
v,-34.39726199908893,49.60273800091107,1500
q,-7.635585767196103,4.364414232803897,1500
m,-33.27018087527236,19.72981912472764,1500
b,-0.1358171008408261,16.864182899159175,1500
y,-73.25290885634993,3.747091143650069,1500
n,-23.83169724989223,87.16830275010777,1500
u,-90.3560521946791,79.6439478053209,1500
d,-29.38362381227677,36.61637618772323,1500
g,-36.1680885899843,45.8319114100157,1500
f,-49.94941522854277,43.05058477145723,1500
m,-72.1270079219544,98.8729920780456,1500
z,-51.694896965974536,56.305103034025464,1500
d,-91.94680162542966,88.05319837457034,1500
z,-53.425184968912184,5.574815031087819,1500
l,-81.64454797308282,17.355452026917185,1500
t,-46.58511505109288,53.41488494890712,1500
n,-94.20017004255713,32.79982995744287,1500
m,-62.55934825767635,66.44065174232365,1500
l,-1.197202906015305,95.8027970939847,1500
l,-19.494230859743155,21.505769140256845,1500
t,-47.310896242831575,81.68910375716843,1500
d,-44.26444446074038,93.73555553925962,1500
g,-72.22878799422618,67.77121200577382,1500
c,-47.68640298594181,60.31359701405819,1500
h,-81.02243114211457,48.97756885788543,1500
t,-21.499186878821135,24.500813121178865,1500
q,-35.13390114329669,40.86609885670331,1500
y,-44.498054970676975,61.501945029323025,1500
b,-92.81867445937033,44.18132554062967,1500
f,-37.31199457612499,94.68800542387501,1500
j,-10.401765834035624,5.598234165964376,1500
j,-35.68047981359353,27.319520186406475,1500
p,-44.80638007818919,30.193619921810804,1500
d,-30.76488146022845,48.23511853977155,1500
k,-56.05587915544263,62.94412084455737,1500
e,-12.20501809121962,86.79498190878039,1500
n,-41.13706081828527,73.86293918171472,1500
x,-32.51683650839996,33.48316349160004,1500
g,-26.832182014420802,39.1678179855792,1500
t,-66.35630241404384,23.64369758595616,1500
n,-81.2004242238191,27.799575776180898,1500
z,-67.56422176883174,16.435778231168253,1500
y,-71.51258290358156,61.48741709641844,1500
m,-3.4903785085386607,74.50962149146135,1500
r,-13.404714312869746,25.595285687130254,1500
d,-72.69435221032516,69.30564778967484,1500
c,-90.09950256702226,23.900497432977744,1500
k,-52.79539372349509,67.20460627650492,1500
j,-50.40396130083119,49.59603869916881,1500
d,0.15538367686574017,15.15538367686574,1500
f,-33.81926497426903,57.18073502573097,1500
u,-90.97483947851163,41.02516052148838,1500
q,-47.26614118788562,17.733858812114377,1500
a,-25.637918034671564,92.36208196532843,1500
k,-1.645291757793332,77.35470824220667,1500
s,-17.086435408168178,73.91356459183183,1500
k,-63.312238075446224,29.687761924553772,1500
x,-57.44667691798703,37.55332308201297,1500
s,-14.539550278635282,96.46044972136472,1500
t,-93.73402061147905,59.26597938852094,1500
k,-56.65971660008024,90.34028339991977,1500
k,-82.00789759983851,11.992102400161478,1500
s,-33.801305016800846,85.19869498319916,1500
q,-83.55367290922378,66.44632709077622,1500
c,-27.557795317749104,47.442204682250896,1500
q,-69.79473207260736,76.20526792739264,1500
w,-19.378660529185137,66.62133947081486,1500
l,-56.406933806336006,18.593066193663994,1500
l,-39.15784919852647,83.84215080147352,1500
x,-7.3631713391110445,90.63682866088895,1500
t,-76.21302062721527,51.786979372784735,1500
x,-69.94229244492507,53.05770755507493,1500
o,-71.38251934411713,92.61748065588287,1500
f,-29.36441538423398,85.63558461576602,1500
a,-88.83400449394571,38.16599550605429,1500
t,-63.03221582295726,28.967784177042734,1500
r,-31.842163119146857,35.15783688085315,1500
n,-8.868389651135157,64.13161034886484,1500
k,-87.83083519652651,38.16916480347349,1500
b,-49.42744890994513,92.57255109005487,1500
v,-33.77757290523351,31.22242709476649,1500
m,-80.69697986866449,95.30302013133551,1500
x,-27.651779144813396,52.348220855186604,1500
r,-11.004336611335098,83.9956633886649,1500
e,-38.10255224901124,52.89744775098876,1500
h,-33.21144745423502,78.78855254576499,1500
r,-97.33642271308081,38.6635772869192,1500
l,-78.11382233185574,79.88617766814426,1500
a,-30.207395100543195,93.7926048994568,1500
y,-40.92697434346576,10.07302565653424,1500
j,-78.54810077328452,33.45189922671548,1500
c,-44.275470096624524,62.724529903375476,1500
j,-92.10519467936903,16.894805320630965,1500
i,-7.634096847294141,65.36590315270585,1500
d,-21.052375996504978,98.94762400349502,1500
f,-28.781199671577955,34.21880032842205,1500
z,-57.043464666658295,61.956535333341705,1500
z,-37.864490442933665,63.135509557066335,1500
p,-34.14502785026417,24.85497214973583,1500
v,-45.40424493673788,38.59575506326212,1500
f,-56.7823876288832,28.2176123711168,1500
r,-50.02807636591423,41.97192363408577,1500
l,-18.345269140636077,22.654730859363923,1500
y,-57.645887459096805,30.3541125409032,1500
f,-13.29024098262963,58.709759017370374,1500
o,-87.29032284865876,93.70967715134124,1500
x,-47.38866918120597,20.61133081879403,1500
h,-75.08931780860989,86.91068219139011,1500
e,-63.945600837548696,63.054399162451304,1500
u,-32.178158331343234,18.821841668656766,1500
c,-42.67528157911929,28.324718420880707,1500
x,-92.43628147284171,89.56371852715829,1500
s,-91.16337466367976,96.83662533632024,1500
f,-27.04056603219503,25.95943396780497,1500
r,-49.07569464513501,1.9243053548649893,1500
l,-71.88119144742926,26.118808552570737,1500
x,-55.81446502493002,20.185534975069977,1500
p,-72.96617668210871,31.033823317891294,1500
x,-0.32741030883927136,9.672589691160729,1500
n,-23.528237212577967,86.47176278742204,1500
u,-89.58507677564813,66.41492322435187,1500
s,-55.38750293625486,14.612497063745142,1500
d,-11.249041608947538,9.750958391052462,1500
g,-72.14196369695695,34.85803630304304,1500
z,-3.9758786857939965,49.024121314206006,1500
u,-72.44182750857256,86.55817249142744,1500
j,-55.032936360597276,23.967063639402728,1500
y,-75.4370027170424,16.5629972829576,1500
g,-28.830492103071006,19.169507896928994,1500
h,-44.223069660786614,50.776930339213386,1500
w,-67.67753210639725,58.322467893602756,1500
g,-0.24504960070651471,81.75495039929349,1500
q,-45.642050847045915,62.357949152954085,1500
f,-49.25056875370969,68.7494312462903,1500
v,-90.83871509832292,34.16128490167707,1500
a,-4.615116048841167,90.38488395115883,1500
y,-49.434984735555624,89.56501526444437,1500
v,-96.22687585125817,85.77312414874183,1500
r,-9.350581866810476,48.64941813318953,1500
s,-85.56293127463458,44.43706872536543,1500
h,-37.94975717238466,66.05024282761534,1500
o,-51.106131809512576,14.893868190487423,1500
h,-31.010438902432156,28.989561097567844,1500
k,-70.10094899349049,54.89905100650951,1500
l,-14.752883171767772,86.24711682823222,1500
c,-39.76317843419752,16.23682156580248,1500
c,-38.18233952389898,75.81766047610103,1500
o,-58.466812840992795,46.533187159007205,1500
g,-59.173167340504115,6.8268326594958815,1500
o,-80.51814896331813,52.481851036681874,1500
y,-82.29743862778358,15.702561372216422,1500
l,-90.3389272343518,19.661072765648193,1500
n,-1.4023937669540425,42.59760623304596,1500
k,-4.8866221819665405,82.11337781803346,1500
u,-17.816460947515488,21.183539052484512,1500
p,-12.081260373509032,39.91873962649097,1500
w,-18.723367541509578,25.276632458490422,1500
u,-56.9539516733598,90.04604832664019,1500
u,-97.31450325013738,84.68549674986262,1500
p,-70.89706621645706,97.10293378354294,1500
q,-29.92635685109833,12.07364314890167,1500
g,-69.9561407398829,0.043859260117101284,1500
b,-72.04347762228383,83.95652237771617,1500
p,-93.01390062005547,6.986099379944531,1500
d,-30.15636517197728,62.84363482802272,1500
z,-43.54350062317179,57.45649937682821,1500
x,-49.78719657236284,86.21280342763716,1500
j,-3.1159547827906584,28.88404521720934,1500
o,-12.567097877491248,18.432902122508754,1500
f,-56.008972450231596,39.991027549768404,1500
w,-21.255718309774835,88.74428169022516,1500
v,-75.32440649446185,0.6755935055381477,1500
r,-9.70540311405817,1.2945968859418304,1500
q,-95.73791564795918,40.26208435204082,1500
b,-43.56696036458677,14.433039635413232,1500
z,-68.32486329891239,90.67513670108761,1500
y,-78.46288161974581,32.53711838025419,1500
w,-37.68338059999741,11.316619400002585,1500
b,-96.87742894608147,81.12257105391853,1500
r,-41.839333934885694,65.1606660651143,1500
g,-12.794675646543105,93.20532435345689,1500
b,-64.7813286502828,79.2186713497172,1500
g,-53.5757748843282,43.4242251156718,1500
h,-56.04953213498724,73.95046786501275,1500
k,-15.833144040231153,16.166855959768846,1500
d,-97.65355052210906,79.34644947789094,1500
h,-50.674564035539795,53.325435964460205,1500
v,-53.04832944968666,47.95167055031334,1500
s,-51.89788505745769,12.102114942542308,1500
m,-78.7126143698335,26.287385630166504,1500
z,-84.65654738772983,2.3434526122701724,1500
e,-92.49846333605365,67.50153666394635,1500
b,-29.61923608550327,80.38076391449673,1500
l,-66.15745833365764,77.84254166634236,1500
b,-1.5839481543020282,34.41605184569797,1500
r,-20.31102318340105,82.68897681659895,1500
x,-34.997264496032145,81.00273550396786,1500
p,-30.623972574004057,23.376027425995943,1500
y,-79.26230957333068,50.737690426669324,1500
c,-14.016649363128572,59.98335063687143,1500
y,-69.9039567729424,36.096043227057606,1500
l,-96.31306552258638,25.68693447741362,1500
d,-52.51047075834941,41.48952924165059,1500
i,-36.176555427448946,75.82344457255105,1500
t,-20.431092555044756,10.568907444955244,1500
b,-42.153824418416384,19.846175581583616,1500
c,-84.65763436940199,90.34236563059801,1500
y,-52.27109705776877,14.728902942231231,1500
a,-45.38817812037855,62.61182187962145,1500
r,-57.97609987037441,75.02390012962559,1500
b,-66.20439190025341,8.795608099746591,1500
x,-51.538177138170155,26.461822861829845,1500
j,-45.84516167296872,82.15483832703129,1500
v,-80.23667321790802,60.76332678209198,1500
y,-62.41008954571605,77.58991045428395,1500
v,0.26682917619822344,54.26682917619822,1500
v,-84.88396680743828,8.11603319256172,1500
n,-83.78123615031983,25.21876384968018,1500
r,-96.84576012717872,35.15423987282128,1500
t,-27.048959441822838,23.951040558177162,1500
j,-25.780372027130877,36.21962797286912,1500
h,-7.689260483456474,55.31073951654353,1500
t,-84.12288500122548,98.87711499877452,1500
a,-19.509165205737418,53.49083479426258,1500
c,-23.020194155046717,24.979805844953283,1500
o,-13.677886614575302,35.3221133854247,1500
i,-24.36364672877783,15.63635327122217,1500
r,-84.10070613303932,42.899293866960676,1500
g,-57.07575614350226,16.92424385649774,1500
y,-93.39897019988052,14.601029800119479,1500
j,-4.92694153749592,36.07305846250408,1500
o,-55.160301765161385,9.839698234838611,1500
r,-23.23877802510372,88.76122197489629,1500
j,-72.05155205404662,96.94844794595338,1500
o,-64.86676219101633,90.13323780898367,1500
l,-61.26297274429894,72.73702725570105,1500
t,-81.51653638940155,25.48346361059844,1500
s,-68.07326361954561,24.92673638045438,1500
a,-55.68511028156958,66.31488971843042,1500
x,-78.31392641082073,5.686073589179275,1500
r,-80.22658012146269,52.77341987853731,1500
i,-61.05642892664724,51.94357107335276,1500
d,-31.556125059964977,3.4438749400350224,1500
s,-3.9655951141440715,97.03440488585593,1500
y,-35.68642119278335,50.31357880721665,1500
u,-0.1829174317068578,44.817082568293145,1500
a,-93.37817727532826,26.62182272467174,1500
n,-30.709043361569837,33.29095663843017,1500
z,-51.97927579231208,64.02072420768792,1500
z,-11.027899031028339,57.97210096897166,1500
j,-87.34458384024994,20.655416159750057,1500
p,-9.251902306331319,26.74809769366868,1500
s,-81.21844303377586,68.78155696622414,1500
w,-65.93205892478122,29.067941075218783,1500
p,-36.621991626969276,20.378008373030724,1500
q,-50.50616202172429,31.493837978275707,1500
n,-92.4046911389737,21.59530886102629,1500
c,-76.00905550681412,58.99094449318587,1500
z,-58.910128995707566,58.089871004292434,1500
u,-5.756373044273342,67.24362695572665,1500
n,-30.389763572898303,23.610236427101697,1500
l,-28.580232470725836,78.41976752927417,1500
l,-16.470721611015605,9.529278388984395,1500
o,-60.99883066665547,37.00116933334453,1500
d,-26.479560177519687,75.52043982248031,1500
x,-41.752004111030516,60.247995888969484,1500
h,-68.33024886140569,36.669751138594314,1500
d,-89.9219444915397,23.0780555084603,1500
n,-12.212837249819412,35.78716275018059,1500
y,-11.826040467446692,26.173959532553308,1500
w,-19.92911732513987,7.070882674860129,1500
f,-38.21960075236347,40.78039924763653,1500
m,-87.06719832967566,70.93280167032434,1500
d,-8.250823636328116,49.749176363671886,1500
k,-38.84422247488844,27.15577752511156,1500
r,-53.38166222601821,24.618337773981793,1500
l,-11.532093096082713,12.467906903917287,1500
w,-37.536554880341384,16.463445119658612,1500
d,-40.951730085531956,43.048269914468044,1500
z,-52.02330103841401,91.97669896158598,1500
f,-65.068896822105,2.931103177894997,1500
x,-93.55564809629212,74.44435190370788,1500
c,-55.535223486634855,83.46477651336514,1500
e,-69.00538030729463,0.9946196927053738,1500
j,-8.068311111620941,97.93168888837906,1500
l,-56.96028159939713,92.03971840060288,1500
a,-6.010307781807679,49.989692218192324,1500
q,-65.85503326259256,5.144966737407448,1500
l,-93.86150384491441,84.13849615508559,1500
j,-2.666423539147976,24.333576460852026,1500
g,0.7689302554812406,60.76893025548124,1500
w,-39.182057602793186,49.817942397206814,1500
z,-20.06471580204485,76.93528419795514,1500
k,-80.00838095086209,72.99161904913791,1500
o,-15.043221311981164,16.956778688018836,1500
c,-50.22501383351368,65.77498616648631,1500
a,-38.44676538638441,26.553234613615583,1500
b,-21.38890164835203,87.61109835164797,1500
h,-86.46158201980346,7.5384179801965425,1500
n,-24.54290365323289,66.45709634676712,1500
s,-80.10943468232396,97.89056531767604,1500
h,-47.611909059094465,54.388090940905535,1500
j,-67.10668831109086,94.89331168890914,1500
d,-78.89385553827725,51.10614446172275,1500
z,-78.770057271339,66.229942728661,1500
a,-26.972875060353022,68.02712493964698,1500
p,-26.897387530099437,44.10261246990056,1500
k,-2.5318708803573946,94.46812911964261,1500
z,-79.05483497669427,52.94516502330573,1500
a,-20.068574361885382,40.93142563811462,1500
w,-28.874917212192248,87.12508278780776,1500
g,-63.535381203998796,71.4646187960012,1500
n,-33.77938065414751,6.220619345852491,1500
m,-11.278478819324425,59.72152118067557,1500
q,-53.417088307626685,83.58291169237332,1500
a,-80.69667915672048,10.30332084327952,1500
f,-58.8437237249079,12.156276275092097,1500
v,-46.6167581047609,46.3832418952391,1500
v,-61.111530952189554,64.88846904781045,1500
x,-64.56576422294268,82.43423577705732,1500
s,-57.182311586075755,35.817688413924245,1500
v,-67.07520067413412,46.92479932586587,1500
w,0.6832049289146451,75.68320492891465,1500
q,-41.29469447352136,50.70530552647864,1500
l,-66.72953518847133,4.270464811528669,1500
p,-10.159036802146437,84.84096319785357,1500
g,-72.87975459939943,90.12024540060057,1500
k,-43.599057017115186,9.40094298288481,1500
j,-30.792824768472197,76.2071752315278,1500
d,-92.5806559453748,98.4193440546252,1500
k,-93.82346782366011,91.17653217633989,1500
p,-10.301993577636342,3.698006422363658,1500
h,-45.84161037398765,38.15838962601235,1500
g,-70.50149211717964,52.49850788282037,1500
l,-13.23122864834169,32.76877135165831,1500
q,-27.664382943696477,30.335617056303523,1500
t,-70.4989290629807,32.50107093701931,1500
b,-88.08298666627772,95.91701333372228,1500
z,-73.6381704292841,71.3618295707159,1500
w,-33.16051848477802,60.83948151522198,1500
s,-11.333229751433132,63.66677024856687,1500
m,-85.56130395694157,44.43869604305843,1500
e,-51.07117840038074,97.92882159961925,1500
n,-90.81100357064288,53.18899642935712,1500
i,-16.445463129942592,14.554536870057408,1500
x,-11.21470605110091,25.78529394889909,1500
s,-90.46383663664717,83.53616336335283,1500
y,-73.09790544029647,16.90209455970352,1500
h,-73.27215268998982,54.72784731001017,1500
u,-95.62044288737488,81.37955711262512,1500
x,-4.150947167771017,14.849052832228983,1500
f,-28.92724952682296,35.072750473177045,1500
i,-16.579303854061255,38.42069614593874,1500
f,-55.842231233432365,0.15776876656763783,1500
e,-48.0844005612805,25.915599438719493,1500
w,-40.09551668004546,42.90448331995454,1500
h,-7.658828669715405,94.3411713302846,1500
f,-44.18212212082199,85.81787787917801,1500
a,-13.62359533197601,97.376404668024,1500
b,-56.58765987487232,50.41234012512768,1500
b,-95.75566436882157,6.244335631178429,1500
c,-61.101055481281875,25.898944518718125,1500
f,-71.35695123280286,4.643048767197141,1500
b,-3.4529818464449367,16.54701815355506,1500
l,-25.64689141487163,87.35310858512837,1500
w,-84.60765896309978,71.39234103690022,1500
u,-42.00663317945948,0.9933668205405249,1500
n,-5.084775472027778,32.91522452797222,1500
f,-94.56871721106343,18.43128278893657,1500
o,-24.329112158413096,92.6708878415869,1500
k,-63.940718727020744,88.05928127297925,1500
m,-57.406460149192185,13.593539850807815,1500
i,-90.55281370847608,57.44718629152393,1500
u,-50.310291234630455,94.68970876536955,1500
j,-14.734733660763384,12.265266339236616,1500
r,-56.21142938968189,24.78857061031811,1500
h,-76.7821469901142,47.2178530098858,1500
u,-2.689238391292948,54.310761608707054,1500
c,-43.48648585800229,73.5135141419977,1500
z,-39.67027759206922,61.32972240793078,1500
v,-6.48426435130216,7.51573564869784,1500
o,-0.5163194840443901,83.48368051595561,1500
m,-1.1199633582233606,36.88003664177664,1500