y,-91.29497753276766,1.7050224672323426,25
w,-90.34707436394666,61.65292563605334,25
z,-93.60743768637825,64.39256231362175,25
e,-15.683069533346835,73.31693046665316,25
k,-9.903341239373695,48.096658760626305,25
c,-70.48436033997172,34.515639660028285,25
y,-63.63477200355371,84.3652279964463,25
y,-52.87440364609511,48.12559635390489,25
b,-38.64424906343187,0.3557509365681253,25
i,-19.564110862580133,34.43588913741987,25
x,-66.23042762649177,80.76957237350823,25
u,-19.60021447165172,12.399785528348279,25
e,-85.88868250911982,72.11131749088018,25
r,-17.364347034938845,87.63565296506115,25
a,-87.18601730292177,66.81398269707823,25
s,0.9675094380622581,76.96750943806225,25
k,-30.89657481565668,84.10342518434332,25
p,-20.589850418110032,4.410149581889968,25
x,-60.51633986750005,32.48366013249995,25
f,-76.37873085633598,31.621269143664023,25
k,-76.351599281968,70.648400718032,25
l,-34.45992395147164,71.54007604852836,25
n,-62.53020925986348,20.46979074013652,25
o,-5.6735133429578415,72.32648665704215,25
l,-84.1690968467873,43.830903153212695,25
o,-95.33655730266098,69.66344269733902,25
r,-92.63080481569256,64.36919518430744,25
v,-81.21022912848606,61.78977087151394,25
k,-52.39213659033691,63.60786340966309,25
m,-5.988936328514012,96.01106367148599,25
m,-45.491292461179796,22.508707538820204,25
j,-91.50889509234031,26.49110490765969,25
y,-19.05507892042833,45.94492107957167,25
s,0.5355281793102382,72.53552817931023,25
f,-42.230510015741416,70.76948998425858,25
x,-42.69652317361596,39.30347682638404,25
u,-71.73793748022166,63.26206251977833,25
g,-10.455795733606234,5.544204266393765,25
f,-62.4408029632409,93.5591970367591,25
w,-63.05386494430884,61.94613505569116,25
m,-81.9357212861648,31.064278713835186,25
d,-51.69878082801,12.30121917199,25
b,-81.04218579284311,82.95781420715689,25
h,-53.21539418186652,59.78460581813348,25
n,-84.28690992640095,96.71309007359905,25
q,-61.12211904777203,60.87788095222797,25
u,-22.784502414657148,71.21549758534285,25
n,-36.54119610106372,46.45880389893628,25
k,-45.80698102829184,73.19301897170816,25
j,-5.197634794518899,58.8023652054811,25
b,-85.99307695345956,5.006923046540438,25
u,-88.33725244036793,58.66274755963206,25
q,-69.15878430021343,82.84121569978657,25
l,-89.69572257429381,52.30427742570619,25
f,-77.80393810958071,29.196061890419287,25
j,-47.10464402165062,96.89535597834937,25
a,-79.36426221704065,29.63573778295935,25
a,-31.73749946096598,63.26250053903402,25
k,-28.662713286559818,69.33728671344018,25
x,-93.4659764589769,2.5340235410231022,25
d,-2.5841033528574244,65.41589664714257,25
c,-11.879871885314481,88.12012811468551,25
z,-90.19349923027065,97.80650076972935,25
k,-10.588459925892346,80.41154007410765,25
c,-69.59917143723058,31.400828562769412,25
i,-60.79432717421473,98.20567282578527,25
h,-6.401659633909875,36.59834036609013,25
e,-80.81300566147281,16.186994338527178,25
l,-34.42675860715811,37.57324139284189,25
w,-28.31859367929406,9.681406320705937,25
z,-50.272898237057426,35.727101762942574,25
h,-33.71416886699371,10.285831133006287,25
h,-46.43426112019486,5.565738879805141,25
t,-54.71142379762984,58.28857620237016,25
v,-69.60480028052069,87.39519971947931,25
a,-63.99711119664408,98.00288880335592,25
i,-61.80191502755201,38.19808497244799,25
d,-94.05985435780718,69.94014564219282,25
c,-43.85765155073333,40.14234844926667,25
d,-35.862135795715226,56.137864204284774,25
w,-16.361784909818155,68.63821509018184,25
h,-55.428680763910215,96.57131923608979,25
y,-4.899366389963304,46.100633610036695,25
s,-95.68993615181166,16.310063848188342,25
e,-23.51506701139736,11.484932988602639,25
p,-29.03384097146769,52.96615902853231,25
r,-82.22616210243886,40.773837897561144,25
o,-20.859441694213174,50.140558305786826,25
u,-29.575797755975923,16.424202244024077,25
r,-56.18087726176209,72.81912273823791,25
a,-71.03692419119,69.96307580881,25
s,-44.322552146153896,8.677447853846102,25
r,-35.736422846249816,8.263577153750184,25
o,-95.2990744878005,77.7009255121995,25
n,-96.08215496303531,54.9178450369647,25
n,-5.9239407203328485,28.076059279667152,25
v,-42.21834720394419,3.781652796055808,25
p,-49.99788306922645,56.00211693077355,25
t,-35.86557182370857,63.13442817629143,25
v,-52.077595255949944,84.92240474405006,25
x,-88.5595336986134,11.440466301386607,25
b,-11.911982596842073,25.088017403157927,25
n,-14.912938900222416,5.087061099777584,25
p,-43.477298986650084,82.52270101334992,25
e,-4.709982211020713,77.29001778897928,25
u,-95.0841713621221,21.915828637877894,25
z,-7.174008715621062,9.825991284378938,25
x,-50.22508902770844,91.77491097229155,25
l,-69.65370757612469,60.34629242387531,25
d,-8.032051973882187,9.967948026117813,25
k,-18.24610135765981,53.75389864234019,25
x,-79.75482124979715,97.24517875020285,25
r,-39.09299395768623,28.907006042313764,25
w,-52.79279836242433,26.207201637575672,25
d,-10.351550182416778,68.64844981758323,25
j,0.04789895958670065,20.0478989595867,25
i,-12.053412304789505,14.946587695210495,25
n,-34.337165572844256,83.66283442715574,25
b,-8.99454773098614,47.00545226901386,25
z,0.707063225202981,1.707063225202981,25
m,-37.379775376153255,97.62022462384674,25
b,-42.501682323170996,0.4983176768290021,25
q,-11.780617691873386,53.21938230812661,25
j,-76.87480117022552,17.12519882977447,25
k,-19.363480052277193,42.63651994772281,25
n,-24.239737794411433,58.76026220558857,25
a,-59.54810679181086,66.45189320818915,25
y,-81.01356833715619,93.98643166284381,25
r,-5.44184040368588,78.55815959631413,25
m,-90.44846991964114,46.55153008035885,25
z,-63.09872121550381,42.90127878449619,25
c,-41.97114866506405,27.02885133493595,25
b,-81.4593277630975,76.5406722369025,25
i,-69.85910234178385,13.140897658216147,25
i,-85.87192035014894,76.12807964985106,25
g,-82.75517495153764,32.24482504846237,25
e,-51.006826756258846,22.993173243741158,25
z,-69.1263071007705,66.8736928992295,25
q,-15.04850430072323,96.95149569927676,25
y,-70.46854968090123,90.53145031909877,25
u,-32.84319865660691,29.15680134339309,25
s,-4.219812392453102,52.7801876075469,25
v,-24.139848627742015,94.86015137225799,25
p,-56.72566935724997,71.27433064275003,25
n,-14.289296255386885,46.71070374461311,25
z,-46.81365085388259,9.186349146117411,25
j,-96.23983970415144,95.76016029584856,25
q,-68.76729840150162,18.232701598498387,25
x,-93.23869617070031,9.761303829299695,25
i,-41.458812112949,69.541187887051,25
s,-29.23469837241316,71.76530162758684,25
w,-47.55520539513933,67.44479460486068,25
x,-20.337564365911796,78.6624356340882,25
j,-77.45801584877249,87.54198415122751,25
y,-82.90618558265004,36.09381441734996,25
f,-23.592374492237244,98.40762550776276,25
k,-59.7241381934781,31.275861806521903,25
k,-71.0123899238317,30.987610076168295,25
q,-55.470522194299974,17.529477805700022,25
s,-72.59273387040564,30.40726612959436,25
b,-42.55858410415658,32.44141589584342,25
m,-2.35003084739439,18.64996915260561,25
u,-87.66339138180724,14.336608618192756,25
g,-56.52188113335188,73.47811886664812,25
v,-35.93876447396188,86.06123552603812,25
a,-88.47217481066365,65.52782518933635,25
h,-7.27103352118391,69.72896647881609,25
i,-21.734070892354715,69.26592910764528,25
k,-68.21731412006034,22.782685879939667,25
e,-62.89706739330134,0.10293260669865656,25
s,-27.63835663593779,12.36164336406221,25
d,-39.82782059598939,93.1721794040106,25
i,-97.41031103626138,52.589688963738624,25
v,-82.41985525903281,89.58014474096719,25
e,-23.35411120321929,17.64588879678071,25
u,-76.72958342823199,63.27041657176801,25
b,-17.062918633744758,91.93708136625524,25
r,-31.20755707767796,48.79244292232204,25
n,-74.4483623704062,10.551637629593797,25
x,-8.464412622247217,34.53558737775278,25
w,-52.487245476399174,80.51275452360083,25
o,-90.87452565170145,61.12547434829856,25
c,-84.39285413554278,3.607145864457216,25
c,-42.953143496891684,28.04685650310832,25
i,-59.43374773155631,49.56625226844369,25
q,-54.22300539482098,7.776994605179016,25
j,-29.420532048644137,21.579467951355863,25
f,-87.70167225730496,52.29832774269504,25
a,-88.05593999208442,84.94406000791558,25
o,-54.90194349870651,69.0980565012935,25
t,-29.229811886514096,46.7701881134859,25
u,-22.205903239968965,41.79409676003104,25
n,-54.96615894843689,9.033841051563106,25
u,-77.78936424655281,62.21063575344719,25
f,-16.387770075959764,44.612229924040236,25
q,-46.85223858451258,27.14776141548742,25
n,-13.159538844159638,62.84046115584036,25
l,-26.823664010196556,0.17633598980344434,25
p,-78.28310345436583,59.71689654563417,25
l,-45.91308887794527,66.08691112205473,25
a,-80.86669871243454,44.13330128756546,25
j,-31.40995310241711,92.5900468975829,25
f,-24.79396355581126,6.206036444188742,25
w,-5.040740054181816,47.95925994581818,25
v,-53.402234436776965,73.59776556322304,25
m,-47.03973424255216,53.96026575744784,25
i,-44.2225366863062,8.777463313693803,25
g,-42.75757018393203,36.24242981606797,25
d,-49.074804760386854,51.925195239613146,25
h,-34.93954562084099,26.06045437915901,25
l,-85.3031248734384,65.6968751265616,25
l,-67.90911134406194,12.090888655938059,25
v,-88.41635874799698,98.58364125200302,25
d,-56.97652481592988,26.02347518407012,25
k,-85.50541276365631,33.49458723634369,25
r,-53.04818841681736,17.95181158318264,25
e,-42.91134455422281,0.08865544577719131,25
o,-95.16997334200902,83.83002665799098,25
g,-79.15754757188847,28.84245242811153,25
s,-28.75450137946024,81.24549862053976,25
c,-71.38370597101203,30.61629402898796,25
y,-9.267279881542045,64.73272011845796,25
k,-34.59923017807304,81.40076982192696,25
s,-55.40974386687975,6.590256133120248,25
e,-71.15595078757823,56.84404921242177,25
u,-14.270580701425624,39.72941929857438,25
f,-44.737909877498076,2.2620901225019208,25
v,-19.409681154723582,8.590318845276418,25
u,-29.162834261485685,21.837165738514315,25
z,-81.41327169559199,30.586728304408016,25
t,-43.11786282583715,48.88213717416285,25
d,-91.37556267629243,78.62443732370757,25
e,-17.683471218496724,84.31652878150328,25
k,-45.113175380276935,95.88682461972307,25
y,-40.23696126169964,40.76303873830036,25
f,-24.793268137816124,19.206731862183876,25
q,-93.9519211266,7.048078873400008,25
r,-21.65863830697307,57.34136169302693,25
d,-94.15673133988146,56.84326866011855,25
x,-94.00943949699014,69.99056050300986,25
b,-90.18767597491666,77.81232402508334,25
u,-95.21645698659653,82.78354301340347,25
s,-28.790489918108612,54.20951008189139,25
r,-89.8747958335021,14.125204166497896,25
u,-19.005637253372953,38.99436274662705,25
y,-24.984479562401088,46.015520437598916,25
z,-78.06636887285993,14.933631127140076,25
e,-3.910580013443536,4.089419986556464,25
e,-57.215420258733324,43.784579741266676,25
c,-53.086717093130346,68.91328290686965,25
j,-73.68836020909887,68.31163979090113,25
a,-36.33084441659467,50.66915558340533,25
v,-33.030821502363594,42.969178497636406,25
t,-50.19098343806602,85.80901656193399,25
g,-69.26562162863931,62.734378371360684,25
f,-22.30051589693059,4.699484103069411,25
p,-9.742042889746168,45.257957110253834,25
n,-37.29900289903933,27.70099710096067,25
v,-36.79255590207558,61.20744409792442,25
s,-24.909573161633347,26.090426838366653,25
k,-56.6404508396476,84.3595491603524,25
y,-85.806211215935,69.193788784065,25
m,-47.693515176831895,48.306484823168105,25
g,-37.20684887404576,53.79315112595424,25
y,-38.643461750305676,43.356538249694324,25
k,-2.5650064735054032,59.434993526494594,25
s,-74.04772102289893,24.952278977101074,25
n,-18.69652376408992,79.30347623591008,25
y,-61.57180236237299,91.42819763762701,25
c,-6.140291268603144,71.85970873139685,25
e,-76.2061888074003,87.7938111925997,25
e,-21.38256175130209,64.61743824869791,25
e,-34.61723792106901,64.38276207893098,25
n,-0.4416508391512386,4.558349160848762,25
w,-17.174892441177153,67.82510755882285,25
c,-82.00827513283336,17.991724867166646,25
a,-2.2102691040818456,37.789730895918154,25
u,-75.9475013586762,41.052498641323794,25
h,-75.47971088340579,23.52028911659422,25
q,-91.10851693972333,27.891483060276663,25
m,-12.39926869520534,70.60073130479466,25
h,-17.949916231137042,69.05008376886296,25
x,-31.184225597110938,53.81577440288906,25
u,-47.86870628792059,35.13129371207941,25
f,-78.92183710711247,30.07816289288753,25
s,-33.57424237977421,26.425757620225788,25
k,-75.84628341135424,33.153716588645764,25
h,-21.371350190251682,47.62864980974832,25
l,-41.610106005239174,15.389893994760824,25
s,-83.33725040004248,66.66274959995752,25
y,-41.977363810118796,29.022636189881208,25
v,-4.663036527248445,11.336963472751554,25
h,-30.280248897104183,98.71975110289581,25
r,-56.658791137221826,68.34120886277817,25
a,-21.508307884789982,88.49169211521001,25
p,-63.077216852659475,9.922783147340526,25
j,-67.35789754715574,93.64210245284426,25
e,-81.61197908518966,38.38802091481033,25
r,-86.6148856409782,30.38511435902179,25
e,-12.37911812660238,45.62088187339762,25
c,-75.09745387772111,59.9025461222789,25
i,-32.30388888477556,74.69611111522444,25
r,-6.786054019383906,11.213945980616094,25
n,-76.6540658692492,93.3459341307508,25
m,-5.128198558245263,85.87180144175474,25
u,-19.75278087098656,10.247219129013441,25
v,-39.94770025257976,43.05229974742024,25
o,-85.71982468176131,52.2801753182387,25
q,-28.672560987118196,53.327439012881804,25
a,-24.519112610644033,2.4808873893559684,25
q,-59.0585142575907,8.941485742409297,25
k,-71.1297219583875,8.870278041612499,25
y,-56.26654128835602,90.73345871164399,25
p,-44.521308213509926,72.47869178649007,25
f,-78.80685188035874,83.19314811964126,25
n,-36.43994074486442,46.56005925513558,25
c,-92.46744655699973,49.53255344300026,25
w,-30.80747151979443,95.19252848020557,25
g,-17.588160083113248,88.41183991688675,25
f,-60.88701500171656,12.112984998283439,25
n,-34.12553312687957,81.87446687312044,25
s,-46.650999280437254,6.349000719562748,25
b,-88.87969393003405,15.120306069965952,25
l,-68.71548561535533,53.284514384644666,25
n,-86.25552422009544,27.74447577990456,25
i,-79.14547062604352,77.85452937395648,25
i,-62.472407957093935,17.527592042906065,25
q,-36.59089840742552,40.40910159257448,25
i,-31.634059729267765,72.36594027073224,25
m,-9.043941269585714,90.95605873041428,25
m,-56.177064826387486,26.822935173612517,25
k,-2.3783456865366674,25.62165431346333,25
p,-78.21453560751907,97.78546439248093,25
z,-62.91873380513913,47.08126619486087,25
b,-42.748438456430996,91.251561543569,25
d,-72.6950825268566,38.30491747314341,25
a,-19.473236379326305,51.52676362067369,25
e,-77.71058152581618,42.28941847418381,25
y,-77.80952204377866,62.19047795622135,25
q,-78.89535688706712,46.104643112932884,25
k,-88.15993707223338,34.84006292776663,25
b,-63.65583008105795,43.34416991894205,25
b,-59.2363477637498,69.76365223625021,25
x,-35.45095285764817,83.54904714235182,25
z,-37.34239757528006,21.657602424719943,25
x,-96.11999243898491,46.8800075610151,25
k,-31.431072774425544,2.5689272255744573,25
v,-22.887975610686794,76.1120243893132,25
o,-30.400864369848325,61.59913563015167,25
n,-27.533356857419687,16.466643142580313,25
j,-86.35406339112507,24.64593660887493,25
z,-66.319265462787,85.680734537213,25
u,-66.28932010585604,52.71067989414396,25
i,-68.65226034455173,61.347739655448265,25
m,-93.8194870236413,30.180512976358695,25
b,-36.55366144716662,10.446338552833383,25
o,-44.20976706403337,47.79023293596663,25
v,-56.113895491931025,49.886104508068975,25
p,-42.12551771003795,65.87448228996206,25
l,-79.45011784923624,18.549882150763764,25
h,-35.752899571605084,66.24710042839492,25
w,-7.916501763397898,92.0834982366021,25
u,-52.70515943002515,46.29484056997485,25
y,-36.16378970897742,21.836210291022585,25
d,-39.50379394901536,25.49620605098464,25
y,-46.50381465426578,45.49618534573422,25
j,-34.39276705264401,47.60723294735599,25
n,-20.510444651825527,32.48955534817448,25
g,-0.844526513795975,21.155473486204023,25
e,-12.40839080218479,49.59160919781521,25
e,-47.31180065071395,96.68819934928605,25
s,0.8498223970188801,9.84982239701888,25
w,-44.19311874856076,44.80688125143924,25
o,-55.252223457562735,21.74777654243726,25
b,-55.702693605614385,18.297306394385615,25
t,-4.185894538880532,31.814105461119468,25
q,-11.480073611387214,33.51992638861279,25
j,-13.129825948854483,78.87017405114551,25
j,-52.13285764604885,55.86714235395115,25
y,-63.76661523000529,64.23338476999471,25
s,-21.159323085033613,42.84067691496639,25
u,-67.08319042269852,28.916809577301485,25
u,-13.492815050906179,93.50718494909383,25
z,-72.01960656603106,72.98039343396894,25
r,-48.721250526079245,48.278749473920755,25
x,-2.7510699190099794,51.24893008099002,25
l,-96.0182712408442,38.9817287591558,25
z,-95.20411344244236,10.795886557557635,25
h,-66.89948668005623,19.100513319943772,25
h,-93.3267369915262,53.673263008473796,25
p,-62.51612663357523,36.48387336642477,25
t,-29.409429337503838,86.59057066249616,25
a,-77.96270120193623,20.037298798063773,25
m,-53.45971223593337,63.54028776406663,25
q,-15.543634972875042,18.456365027124956,25
y,-18.73568490314714,36.26431509685286,25
j,-60.43665189609663,75.56334810390338,25
b,-38.26164552023153,84.73835447976846,25
c,-1.766519462072011,47.23348053792799,25
v,-49.93112023051523,69.06887976948477,25
t,-66.19892371895594,57.80107628104407,25
g,-0.36553828234835517,35.63446171765165,25
p,-95.81954576165921,20.180454238340783,25
y,-17.23996109557983,64.76003890442017,25
m,-26.57972290366345,9.420277096336552,25
k,-75.32653435713458,27.673465642865427,25
n,-56.67057865405557,22.329421345944432,25
g,-29.518584715388243,75.48141528461176,25
a,-47.9763638926343,95.02363610736569,25
n,-51.29178081754996,95.70821918245004,25
f,-81.31386929075614,10.686130709243859,25
y,-74.37929340184988,79.62070659815012,25
q,-73.69532441230851,45.304675587691484,25
t,-40.744091547343956,74.25590845265604,25
s,-85.14367697018295,32.85632302981704,25
z,-69.30037596272295,82.69962403727705,25
e,-90.5354778693834,79.4645221306166,25
f,-92.18525476276866,2.8147452372313335,25
t,-44.08145539033463,8.918544609665364,25
m,-69.4726617733742,82.5273382266258,25
q,-22.82844118754448,71.17155881245552,25
l,-38.79835251801205,33.20164748198795,25
e,-79.30928098335735,36.690719016642646,25
v,-6.42584921953638,90.57415078046363,25
f,-82.26675982544977,26.733240174550236,25
s,0.2393195488730543,40.239319548873056,25
j,-2.986712709841659,14.013287290158342,25
j,-79.63535700132996,15.364642998670034,25
l,-48.09976353362079,42.90023646637921,25
t,-88.78529768238684,4.214702317613166,25
j,-37.950653561040255,7.049346438959742,25
s,-57.93471385658152,71.06528614341848,25
z,-54.58427572812373,88.41572427187627,25
s,-87.6327030049856,20.367296995014403,25
l,-31.713619215394477,32.28638078460552,25
h,-24.223175255047927,27.776824744952073,25
u,-71.8300074899627,32.1699925100373,25
l,-38.67907344592254,28.32092655407746,25
n,-83.55470938296966,22.445290617030334,25
n,-23.791120736464613,35.20887926353539,25
d,-0.812456841133697,8.187543158866303,25
i,-61.34695499853504,90.65304500146496,25
w,-65.95585515348544,39.044144846514556,25
v,-11.359117299470544,23.640882700529456,25
t,-47.75040855412199,80.24959144587801,25
d,-25.523421070255182,56.47657892974482,25
y,-68.0085014393451,58.9914985606549,25
q,-6.918953774652091,45.08104622534791,25
i,-85.95498910664374,80.04501089335626,25
v,-72.17642709421632,34.823572905783685,25
d,-67.82037574559706,40.179624254402945,25
t,-67.90773903098558,77.09226096901442,25
m,-40.36359878205022,64.63640121794978,25
f,-12.513689040296939,94.48631095970306,25
t,-13.355910330267756,18.644089669732246,25
g,-3.4075436364711926,72.59245636352881,25
y,-11.59705702765677,5.402942972343229,25
t,-12.277059727788005,8.722940272211995,25
j,-86.94071407782097,84.05928592217903,25
v,-43.335825389687955,34.664174610312045,25
q,-62.81184081937306,73.18815918062694,25
g,-4.570148826011922,88.42985117398808,25
t,-61.03530527826019,92.9646947217398,25
x,-86.40291181418532,22.597088185814677,25
t,-75.97803655775877,72.02196344224123,25
w,-16.855405121843013,3.1445948781569872,25
r,-0.2086633036382901,71.79133669636171,25
t,-0.2837440403654202,30.71625595963458,25
y,-87.46943747205812,74.53056252794188,25
g,-82.23450160245484,29.765498397545166,25
n,-33.407157702273985,50.592842297726015,25
s,-31.644395832326502,40.3556041676735,25
l,-92.99705158442119,53.00294841557881,25
s,-48.723541884268684,21.276458115731316,25
n,-43.91706046351466,53.08293953648534,25
s,-26.244900311849815,57.75509968815019,25
j,-19.710163146731215,28.289836853268785,25
u,-50.204395537975856,84.79560446202414,25
n,-81.89551896921132,2.104481030788681,25
g,-70.071456955996,68.928543044004,25
b,-88.02190811994718,2.9780918800528102,25
j,-46.45406121483662,72.54593878516337,25
z,-59.95594166764877,2.044058332351229,25
p,-48.59372940180354,63.40627059819646,25
r,-86.8039927197323,77.1960072802677,25
y,-93.11870830642893,24.881291693571065,25
c,-32.468368851510455,8.531631148489543,25
f,-56.52372225558652,80.47627774441348,25
f,-18.118319782692094,15.881680217307904,25
x,-61.68110380594747,31.318896194052527,25
i,-86.83526366422777,29.16473633577223,25
b,-51.26298618664482,28.737013813355183,25
v,-63.814351237142596,96.1856487628574,25
x,-33.54708418733413,54.45291581266587,25
e,-20.681540078095914,86.3184599219041,25
o,-63.214870718916195,13.785129281083803,25
w,-54.49332133633351,81.50667866366649,25
g,-25.74723181010892,54.25276818989108,25
q,-10.301757744424709,90.6982422555753,25
v,-55.32693041665726,95.67306958334274,25
h,-26.15644894474448,38.84355105525552,25
o,-22.729694479364035,7.270305520635966,25
t,-47.66662361928118,20.333376380718818,25
u,-78.99037097484229,0.009629025157703586,25
o,-56.51395641089388,72.48604358910612,25
y,-54.17239639316728,98.82760360683272,25
n,-47.028660718872224,96.97133928112777,25
b,-61.544006448557276,36.455993551442724,25
z,-88.8887293842379,1.1112706157620997,25
r,-66.73605435981683,26.26394564018317,25
i,-1.0510323423346395,91.94896765766536,25
f,-88.74094776408855,33.259052235911454,25
l,-67.59069740037715,41.40930259962285,25
a,-24.22520800117099,81.774791998829,25
y,-0.5512982683988478,88.44870173160115,25
o,-39.63401986673942,69.36598013326058,25
y,-3.4521721652861133,72.54782783471389,25
b,-21.51547907023288,79.48452092976711,25
z,-87.28033176771041,19.7196682322896,25
c,-76.23342581130085,44.76657418869915,25
t,-26.55319578361905,27.44680421638095,25
g,-80.57349400929606,11.42650599070395,25
t,-59.941836677725114,65.05816332227488,25
o,-19.146083522084172,72.85391647791583,25
h,-39.347081053129216,10.652918946870784,25
v,-76.6050925056017,64.3949074943983,25
s,-44.69718664036195,40.30281335963805,25
v,-83.75179223893055,62.24820776106945,25
e,-63.46537749037414,94.53462250962586,25
e,-90.4766690008071,98.5233309991929,25
y,-64.01856011712493,74.98143988287507,25
h,-25.688302929110673,72.31169707088932,25
f,-72.84543363035311,50.154566369646886,25
b,-52.040260896207315,8.959739103792687,25
m,-24.614879737003967,1.3851202629960309,25
o,-96.23192558488863,96.76807441511137,25
e,-7.000828038010872,93.99917196198913,25
w,-3.1546286208065175,97.84537137919348,25
v,-51.47073000439633,36.52926999560367,25
l,-48.21376157949234,82.78623842050766,25
l,-3.4064724337144474,22.59352756628555,25
f,-14.450653596106365,13.549346403893635,25
v,-50.6206713930557,82.3793286069443,25
t,-61.232954263867875,56.767045736132125,25
t,-2.262332949540474,90.73766705045952,25
z,-88.26499698506842,50.73500301493157,25
s,-91.36370336502897,16.636296634971036,25
l,-91.00750715882549,11.992492841174506,25
t,-41.544128703185486,35.455871296814514,25
s,-90.11008780252348,73.88991219747652,25
a,-97.49220515475871,0.5077948452412968,25
u,-87.93547535271676,15.064524647283232,25
x,-83.73588038624743,37.26411961375256,25
q,0.7268748180708131,70.72687481807081,25
f,-4.020538482171804,47.9794615178282,25
p,-77.246449557726,25.753550442273998,25
s,-55.231354308768296,98.7686456912317,25
t,-11.279667433527178,5.7203325664728215,25
l,-81.65476766379247,17.34523233620753,25
p,-42.560746034805945,62.439253965194055,25
q,-39.409276204932645,46.590723795067355,25
r,-4.800837678896331,58.19916232110367,25
b,-47.16934141841889,38.83065858158111,25
f,-18.806530411375082,65.19346958862492,25
r,-54.79705677260785,10.202943227392149,25
c,-31.016324402632197,73.9836755973678,25
l,-62.69997197530678,78.30002802469322,25
g,-29.06151074751939,13.938489252480611,25
r,-62.17183400557011,22.82816599442989,25
l,-59.34818760089913,75.65181239910088,25
x,-40.72377857899233,52.27622142100767,25
k,-24.383698161806247,51.616301838193756,25
p,0.8469876464809108,57.84698764648091,25
n,-7.244943985862229,20.75505601413777,25
q,-82.77351666020512,20.22648333979488,25
r,-74.53349273658152,33.46650726341848,25
i,-52.15741926692719,22.842580733072804,25
l,-92.9783167759624,96.0216832240376,25
u,-9.951337347167627,96.04866265283238,25
i,-52.341530226814925,10.658469773185077,25
q,-41.547741169337506,58.452258830662494,25
z,-55.61258762926729,57.38741237073271,25
s,-2.0550962350309288,45.94490376496907,25
u,-82.98484429323143,2.0151557067685655,25
m,-80.07079700478072,71.92920299521928,25
c,-11.542656232804744,0.45734376719525727,25
b,-70.08596245517883,9.914037544821166,25
w,-93.60919284035818,43.390807159641824,25
d,-3.9698221309956083,80.03017786900439,25
s,-60.50790645930981,41.49209354069019,25
a,-69.95712794954784,85.04287205045216,25
u,-33.29675579615115,20.703244203848843,25
r,-20.779189861035988,44.22081013896401,25
c,-3.8762279074449597,55.12377209255504,25
h,-41.867958107675854,55.132041892324146,25
z,-84.77481262831535,62.22518737168466,25
a,-50.933230109819135,53.066769890180865,25
f,-90.9611654718919,40.0388345281081,25
x,-97.6931642232556,68.3068357767444,25
j,-67.84816779040005,76.15183220959995,25
k,-13.760563347262686,10.239436652737314,25
i,-51.4021162453407,42.5978837546593,25
c,-90.67215927858304,5.327840721416964,25
p,-38.186291796976654,3.8137082030233445,25
b,-20.169793109629275,43.830206890370725,25
j,-67.1353602222974,31.864639777702607,25
z,-11.07879673749636,56.92120326250364,25
x,-9.37114824415135,34.62885175584865,25
c,-21.538869021451326,83.46113097854868,25
q,-37.04914179196444,13.950858208035562,25
m,-92.22298872763784,94.77701127236216,25
m,-43.7434024875952,41.2565975124048,25
o,-62.90898187609786,97.09101812390215,25
i,-59.61682504456263,95.38317495543737,25
e,-46.49970119099103,89.50029880900897,25
j,-18.586046572567447,36.41395342743255,25
i,-92.17542885558017,30.82457114441983,25
z,-6.2365721387617175,24.763427861238284,25
g,-97.55518581503863,19.444814184961377,25
h,-83.0827130238995,39.9172869761005,25
y,-26.14255960672542,48.85744039327458,25
v,-17.41383087697839,90.5861691230216,25
x,-61.83303696461328,97.16696303538671,25
f,-38.49406624060894,42.50593375939106,25
m,-38.884333555403124,73.11566644459688,25
b,-27.03289297446751,4.9671070255324885,25
x,-94.27958720024375,64.72041279975625,25
w,-80.4235493478845,21.57645065211549,25
i,-52.63199868526317,60.36800131473683,25
j,-91.71277910053546,10.28722089946455,25
d,-66.61337114931356,54.38662885068643,25
n,-63.96996223932567,8.030037760674334,25
n,-10.971570513652093,35.02842948634791,25
f,-13.814973402659927,94.18502659734007,25
q,-0.8741584368337144,1.1258415631662855,25
j,-77.7427929354457,2.2572070645542945,25
y,-51.1204651987381,43.8795348012619,25
d,-53.39160385102818,42.60839614897182,25
b,-79.53151729007145,85.46848270992855,25
n,-77.44253469555953,25.557465304440477,25
t,-29.884380704119277,65.11561929588072,25
e,-74.65804565839159,85.34195434160841,25
y,-60.90587589101134,3.094124108988662,25
v,-22.881127121458675,21.118872878541325,25
x,-67.38971755446524,79.61028244553476,25
s,-95.88437567657485,5.115624323425149,25
s,-27.548081084598905,41.451918915401095,25
f,-90.2646850843933,43.735314915606686,25
r,-7.1510668416883805,33.84893315831162,25
g,-65.42624737744725,86.57375262255275,25
r,-82.38947445811581,93.61052554188419,25
f,-94.10093670147486,59.89906329852514,25
g,-25.5129306324531,76.4870693675469,25
c,-10.015439583351773,34.98456041664823,25
m,-36.540689214515304,56.459310785484696,25
r,-31.956452302538718,64.04354769746128,25
t,-76.36972790787948,44.63027209212053,25
r,-34.59410944120783,88.40589055879217,25
q,-9.720164469899084,60.27983553010092,25
y,-91.04588991273043,14.954110087269573,25
p,-57.25231903196937,74.74768096803064,25
o,-5.7569600686810025,35.243039931319,25
v,-1.6760869302409782,54.32391306975902,25
z,-61.78678519577056,75.21321480422944,25
m,-84.14729183223177,63.85270816776822,25
g,-57.09904494141849,43.90095505858151,25
r,-96.02626902519738,47.97373097480262,25
g,-14.798792859696986,26.201207140303016,25
q,-32.98858884057798,38.01141115942202,25
b,-84.5396846590553,52.460315340944696,25
a,-23.225397369342094,3.7746026306579044,25
v,-79.83015865074191,34.1698413492581,25
j,-29.42053705988143,87.57946294011857,25
l,-85.41782061273567,60.58217938726434,25
k,-29.523643205718027,43.47635679428197,25
e,-22.859531116112972,32.140468883887024,25
w,-34.20273014791805,82.79726985208195,25
u,-65.68086288587551,62.31913711412448,25
j,0.07090886603593638,38.070908866035936,25
r,-24.101411892145876,39.898588107854124,25
m,-82.15972158862468,54.84027841137532,25
f,-8.3843603396267,40.615639660373304,25
i,-89.90534095179943,49.094659048200576,25
p,-24.205431385468483,3.7945686145315167,25
o,-93.34873913044366,42.65126086955634,25
o,-36.29888165582715,0.7011183441728466,25
x,-73.95559941561115,86.04440058438885,25
z,-68.53604288416282,91.46395711583718,25
i,-51.46055410256801,83.53944589743199,25
y,-59.07095556993092,47.92904443006908,25
p,-30.27496269766598,11.72503730233402,25
f,-79.12105428820732,0.8789457117926865,25
c,-29.904882808764825,56.095117191235175,25
p,-56.80489516073027,70.19510483926973,25
o,-49.23834819335858,72.76165180664141,25
k,-87.23277718046313,30.767222819536865,25
g,-50.76297207349956,82.23702792650045,25
e,0.5970332284222315,82.59703322842223,25
y,-53.1958500978524,79.8041499021476,25
s,-92.28935802174985,51.710641978250145,25
v,-91.09639774341645,9.903602256583554,25
s,-53.51254976368697,32.48745023631303,25
g,-7.5354702948360295,95.46452970516397,25
h,-58.26699702499804,98.73300297500195,25
b,-43.03144747887734,10.968552521122664,25
m,-70.79160089313937,54.20839910686063,25
n,-90.53118457463884,19.468815425361157,25
f,-52.55088656541739,47.44911343458261,25
v,-13.061636239500244,60.938363760499755,25
p,-96.84742201818761,56.152577981812385,25
r,-79.24469348463134,82.75530651536866,25
v,-11.819020654632107,31.180979345367895,25
c,-88.41355294667531,43.58644705332468,25
h,-1.5602021610143644,69.43979783898564,25
x,-48.69338127519445,82.30661872480556,25
i,-40.76031007525324,38.23968992474676,25
y,-87.87993628895858,72.12006371104142,25
e,-92.02706395758047,46.97293604241954,25
w,-74.64140660311506,74.35859339688494,25
q,-4.489183422464951,55.51081657753505,25
m,-95.11296153029582,89.88703846970418,25
r,-26.75261378844807,61.247386211551934,25
h,-49.10029361736831,6.899706382631691,25
t,-42.40156250998657,73.59843749001342,25
w,-45.319228152472014,88.68077184752798,25
a,-93.73071538990324,20.26928461009677,25
z,-36.281815143494086,91.71818485650591,25
q,-46.61336311204914,25.386636887950857,25
j,-36.827861832775376,42.172138167224624,25
r,-96.28508878060796,82.71491121939204,25
p,-79.52787612469739,20.472123875302618,25
c,-1.3582409379912794,58.641759062008724,25
h,-28.02648746180795,49.97351253819205,25
m,-37.30752509330314,90.69247490669686,25
g,-21.9854510185129,9.014548981487097,25
f,-57.40398927107269,90.59601072892731,25
j,-25.78452180580025,77.21547819419975,25
v,-35.47352302029907,94.52647697970093,25
y,-63.574833114308476,30.425166885691524,25
p,-13.079123763125793,64.92087623687421,25
e,-80.19220406079204,28.80779593920796,25
l,-53.90188224373145,83.09811775626855,25
p,-3.440156133594857,77.55984386640515,25
m,-32.785748879585505,79.2142511204145,25
p,-11.490255039827348,51.509744960172654,25
k,-11.482424430488305,42.5175755695117,25
g,-55.961065176460636,93.03893482353936,25
d,-49.563763435839874,33.436236564160126,25
a,-48.731480986138074,47.268519013861926,25
q,-66.24131397417271,39.75868602582729,25
l,-59.000873031138845,8.999126968861157,25
p,-56.12434260517944,45.87565739482056,25
k,-36.78888028233905,86.21111971766095,25
y,-21.45161864880527,57.54838135119473,25
e,-75.97998890300899,84.02001109699101,25
d,-48.875644209197795,75.12435579080221,25
b,-94.49451663795175,68.50548336204825,25
m,-36.55623255161789,49.44376744838211,25
k,-91.70248664350918,49.297513356490825,25
a,-35.58102629986997,68.41897370013002,25
w,-46.766161503254175,21.233838496745825,25
z,-90.44289874457195,5.557101255428055,25
p,-30.39836126278174,23.60163873721826,25
y,-1.0355891560056205,98.96441084399439,25
q,-76.19540739050096,91.80459260949904,25
e,-9.465492169385108,6.534507830614891,25
y,-0.364141716241852,30.635858283758147,25
n,-51.8496661719269,74.1503338280731,25
d,-38.884866649777656,72.11513335022234,25
p,-18.90736706314753,49.09263293685247,25
i,-8.65895021747058,62.341049782529424,25
c,-5.8536451111953305,17.14635488880467,25
i,-82.16383080315268,64.83616919684732,25
g,-68.89172459897654,41.10827540102347,25
a,-90.634483400248,23.365516599751995,25
s,-72.34798759386753,84.65201240613247,25
s,-41.981727483131856,24.01827251686814,25
h,-39.14365581959632,77.85634418040368,25
u,-9.094275147948906,42.905724852051094,25
k,-22.05838855195236,92.94161144804764,25
u,-82.39577571553237,95.60422428446763,25
l,-87.53037499121459,74.46962500878541,25
x,-21.676102852513104,28.323897147486896,25
h,-42.66963536808416,11.330364631915845,25
t,-85.82604778962705,92.17395221037295,25
u,-42.39006284238073,65.60993715761927,25
v,-92.2261370693994,45.77386293060061,25
p,-21.778396574103223,43.22160342589678,25
d,-1.4105297295708077,62.58947027042919,25
h,-15.308243796601928,65.69175620339807,25
f,-63.3827273275665,59.6172726724335,25
f,-0.33209028688430986,84.66790971311569,25
x,-10.33388568555727,9.66611431444273,25
x,-64.39580761344884,51.604192386551155,25
y,-67.6889217109644,97.3110782890356,25
m,-60.28097982252509,27.719020177474906,25
j,-7.365841948515069,14.634158051484931,25
w,-13.06950463952184,62.93049536047816,25
z,-47.637233751085624,6.362766248914378,25
y,-23.492279901338016,28.507720098661984,25
h,-38.14533110422797,64.85466889577204,25
j,-96.58804108950297,39.411958910497034,25
n,-21.351587920349523,58.64841207965048,25
k,-57.23969924808394,3.7603007519160645,25
w,-73.94402506923224,33.05597493076775,25
w,-85.00063874045318,48.999361259546816,25
w,-70.01666618398576,91.98333381601424,25
x,-7.700793736547518,72.29920626345248,25
r,-0.9687014018465225,26.031298598153477,25
u,-35.512809965727165,48.487190034272835,25
n,-53.04094844540438,80.95905155459562,25
r,-46.32009678376606,15.67990321623394,25
x,-50.35205817196387,22.64794182803613,25
h,-15.5418509429007,44.4581490570993,25
j,-56.12790141274363,95.87209858725637,25
t,-9.15037486718727,1.8496251328127287,25
r,-62.862105096124765,82.13789490387524,25
d,-83.94916772073594,48.05083227926406,25
b,-64.21038478991834,48.789615210081664,25
m,-47.135948593425525,19.86405140657448,25
x,-2.9483583051304443,50.05164169486955,25
r,-32.690573517852066,96.30942648214794,25
g,-30.43973627669575,21.56026372330425,25
h,-61.94542156639943,17.054578433600565,25
x,-7.6357285857225845,57.36427141427742,25
c,-14.195299039118702,30.8047009608813,25
m,-19.649413817993988,18.350586182006012,25
m,-0.8813185091761323,93.11868149082387,25
u,-11.851906445204627,77.14809355479538,25
n,-54.66174818626017,91.33825181373983,25
e,-75.86032215480837,66.13967784519163,25
a,-16.195093519303114,78.80490648069689,25
t,-75.93508954962346,36.064910450376544,25
a,-45.43937612477781,54.56062387522219,25
a,-40.62949734627168,41.37050265372832,25
q,-72.1408968769441,9.859103123055899,25
b,-56.44390026956969,71.55609973043032,25
f,-37.24475178959582,88.75524821040418,25
c,-95.91124040853916,6.088759591460848,25
o,-54.1070403877003,2.892959612299697,25
o,-45.740208839879166,14.259791160120836,25
i,-74.30174659506655,3.6982534049334537,25
c,-21.95874866640714,90.04125133359287,25
z,-37.224868307741936,68.77513169225807,25
f,-16.430960009859096,98.56903999014091,25
r,-81.85233688277017,18.147663117229826,25
a,-0.9719887516739826,97.02801124832602,25
c,-5.281149454992429,87.71885054500757,25
y,-64.54543841715912,22.45456158284088,25
n,-50.09045877378721,19.90954122621279,25
s,-43.24235065297702,39.75764934702298,25
v,-60.57718231352053,35.42281768647947,25
j,-25.25443088017348,67.74556911982651,25
l,-17.63153289718658,43.36846710281342,25
p,-44.39986026865884,43.60013973134116,25
l,-9.05462165701038,30.94537834298962,25
g,-4.198795200881634,5.801204799118366,25
p,-4.1865281336815166,6.8134718663184834,25
m,-65.33944162598827,36.66055837401172,25
c,-8.490141510224799,27.5098584897752,25
s,-42.99889020299357,25.001109797006432,25
d,0.33167571422706477,38.33167571422707,25
j,-70.95030392681042,48.04969607318959,25
c,-76.67890479065348,82.32109520934652,25
x,-46.33043026151445,50.66956973848555,25
b,-63.6573430502526,45.3426569497474,25
v,-57.004373075691184,74.99562692430881,25
a,-28.74293903440645,71.25706096559355,25
h,-94.45429522332894,20.54570477667105,25
m,-22.405853071310325,94.59414692868967,25
b,-36.37281936509082,55.62718063490918,25
o,-55.71139746505485,10.288602534945147,25
h,-37.813997617787884,68.18600238221212,25
a,-93.04527477700324,89.95472522299676,25
q,-21.162082360987583,49.83791763901242,25
n,-35.22710204521739,73.77289795478261,25
z,-95.33631877598545,16.663681224014557,25
i,-32.14490745992012,68.85509254007988,25
n,-35.74797073132198,33.25202926867802,25
o,-50.4091173806836,2.5908826193164,25
c,-71.08950636247393,20.910493637526073,25
d,-70.04053455920258,37.959465440797416,25
k,-16.47376332501409,41.52623667498591,25
o,-83.69781023088997,78.30218976911003,25
z,-79.78237677667626,30.217623223323738,25
l,-14.433016307144376,57.56698369285562,25
h,-94.83489313639004,56.16510686360996,25
j,-51.14760930956827,66.85239069043173,25
z,-42.61289005963132,58.38710994036868,25
b,-6.977332077769186,68.02266792223081,25
u,-70.12542270382208,15.874577296177913,25
h,-30.60083775917706,60.39916224082294,25
b,-74.81709628847895,83.18290371152105,25
d,-77.69710694497805,80.30289305502195,25
a,-47.57719713959447,24.42280286040553,25
y,-75.23882460595243,37.76117539404756,25
x,-26.176388191942287,74.8236118080577,25
t,-27.776590949744374,27.223409050255626,25
z,-78.30538821545886,62.69461178454114,25
p,-54.07364428851513,26.926355711484863,25
s,-89.75557325582461,29.244426744175385,25
d,-19.675497537272204,38.3245024627278,25
v,-55.53238963067874,90.46761036932125,25
t,-37.40825075057239,68.59174924942761,25
n,-6.563565136998212,97.4364348630018,25
v,-53.68360792777544,6.316392072224559,25
h,-44.12892876201085,75.87107123798914,25
c,-88.6079390727625,53.3920609272375,25
a,-56.41724935098773,53.58275064901227,25
o,-80.178706045504,13.821293954496,25
i,-49.2889636318979,78.7110363681021,25
e,-33.572776383821925,89.42722361617807,25
m,-4.153939734683295,56.84606026531671,25
k,-96.69649431943031,76.30350568056969,25
w,-4.823966120696463,74.17603387930353,25
j,-67.12014923398662,27.879850766013373,25
z,-94.28572322158603,46.71427677841397,25
i,-43.29008538730268,21.709914612697318,25
u,-40.299709453413605,4.7002905465863964,25
b,-16.20860283026155,36.79139716973845,25
p,-70.17151028611741,51.82848971388259,25
o,-52.947172804675084,63.052827195324916,25
e,-53.02465905711369,51.97534094288631,25
k,-72.31298861325617,58.687011386743826,25
s,-77.4289628142838,76.5710371857162,25
r,-86.24253498448871,65.75746501551129,25
y,-43.49283956803084,86.50716043196917,25
h,-38.096070899402754,26.90392910059725,25
p,-84.01116697356169,79.98883302643831,25
x,-83.14675964596427,43.853240354035734,25
j,-12.553150602364353,34.446849397635646,25
x,-74.88858895622715,74.11141104377285,25
v,-21.73217720753459,40.26782279246541,25
r,-3.267979425188747,33.73202057481125,25
i,-90.27167617873074,83.72832382126926,25
h,-10.915717761460039,65.08428223853996,25
p,-88.17567920068348,79.82432079931652,25
i,-37.45518279882373,76.54481720117627,25
r,-88.05217151717767,98.94782848282233,25
j,-72.96864625276994,3.0313537472300593,25
d,-20.314541559844926,65.68545844015507,25
y,-87.8276524791675,48.17234752083251,25
p,-9.862976252968524,58.13702374703148,25
o,-0.4523655681663665,98.54763443183363,25
a,-67.00310104203943,32.99689895796056,25
q,-40.17509203791886,42.82490796208114,25
v,-2.4970168271769038,68.5029831728231,25
c,-70.6602894916597,53.3397105083403,25
p,-11.428516824071744,71.57148317592825,25
l,-51.81598556072145,15.184014439278545,25
d,-8.106643845418436,23.893356154581564,25
a,-86.56069094643988,53.43930905356012,25
p,-67.04185668971557,94.95814331028443,25
o,-31.622580225480487,88.37741977451951,25
s,-6.50681332018251,83.49318667981748,25
t,-32.93744550523111,1.062554494768892,25
u,-96.67110943111771,3.3288905688822874,25
k,-46.88772783177063,46.11227216822937,25
g,-46.970103554046496,77.0298964459535,25
t,-93.48718587768586,5.5128141223141345,25
u,-90.39302201452146,50.60697798547854,25
n,-75.9784208327878,13.021579167212199,25
s,-93.50871786549371,98.49128213450629,25
w,-54.78408371864016,46.21591628135984,25
t,-73.9723944599914,63.0276055400086,25
z,-57.981972968966346,59.018027031033654,25
i,-93.30140399214412,67.69859600785588,25
t,-64.81883929131287,36.18116070868714,25
s,-63.06777050361643,82.93222949638357,25
p,-56.4566315000269,53.5433684999731,25
z,-53.984136744839,80.01586325516101,25
z,-64.07946650867204,18.920533491327962,25
p,-26.897859197301166,46.102140802698834,25
o,-23.2794033418035,12.7205966581965,25
j,-63.145600407553744,38.854399592446256,25
f,-68.60066526227962,98.39933473772038,25
g,-74.81174526274226,65.18825473725774,25
y,-70.27060472087113,64.72939527912887,25
f,-7.61315123756974,84.38684876243026,25
h,-53.30958892735142,95.69041107264859,25
n,-15.369467247072086,17.630532752927916,25
m,-21.739436826152517,30.260563173847483,25
a,-31.054963735601895,16.945036264398105,25
f,-60.889256971975335,25.11074302802466,25
n,-63.793216178365604,41.206783821634396,25
y,-30.03900661004846,68.96099338995154,25
o,-88.88446713773209,87.11553286226791,25
i,-34.108829434408406,31.891170565591597,25
m,-18.963995470666152,68.03600452933385,25
o,-65.17205988424185,9.82794011575815,25
h,-63.14636744576883,17.85363255423117,25
k,-65.62641561544162,83.37358438455838,25
e,-37.687375505180114,37.312624494819886,25
c,0.5222798137317469,44.52227981373175,25
r,-23.34444910092735,79.65555089907265,25
v,-76.3049059930975,51.695094006902494,25
x,-95.68290448856442,20.31709551143558,25
l,-96.84710594816596,80.15289405183404,25
x,-45.64063990956306,20.359360090436937,25
a,-24.682947561904438,70.31705243809556,25
b,-9.925817878122887,69.07418212187712,25