p,-14.634315264519476,44.36568473548053,25
u,-23.597529180870005,78.40247081913,25
q,-81.01163863655334,93.98836136344666,25
b,-26.36433256688052,13.63566743311948,25
u,-56.993304117617875,79.00669588238213,25
a,-65.01605360985256,15.983946390147436,25
n,-79.59536692281449,6.404633077185515,25
a,-70.786371292518,13.213628707482005,25
a,-11.568970595133429,45.43102940486657,25
v,-83.98912147895649,29.010878521043505,25
h,-97.14721203282492,73.85278796717508,25
y,-53.32701223277904,96.67298776722096,25
a,-81.78410363499609,74.21589636500391,25
y,-15.918291932545422,75.08170806745458,25
r,-37.61644071206095,75.38355928793905,25
m,-64.88738199177205,87.11261800822795,25
e,-26.892080355455242,41.10791964454476,25
v,-67.4280883155541,95.5719116844459,25
k,-17.649661845548152,28.350338154451848,25
v,-39.566720444984625,83.43327955501537,25
j,-73.39988451815825,52.600115481841755,25
t,-4.782586477067789,13.21741352293221,25
v,-10.212377300605725,98.78762269939428,25
n,-9.489923685785604,80.5100763142144,25
u,0.15602374826839227,29.156023748268392,25
s,-11.096213512079325,81.90378648792067,25
l,-46.341082960069734,81.65891703993026,25
q,-10.11120586881399,59.88879413118601,25
i,-81.66801037577856,41.331989624221436,25
p,-96.50259356861278,80.49740643138722,25
x,-30.162860822001015,55.837139177998985,25
b,-96.15399807434287,94.84600192565713,25
e,-60.69394008803542,60.30605991196458,25
y,-53.34940979490352,1.6505902050964787,25
e,-16.43666107529839,36.56333892470161,25
u,-12.182284354314831,6.817715645685169,25
c,-94.93986312166565,84.06013687833435,25
p,-95.02527483719918,67.97472516280082,25
z,-64.2624314583982,1.7375685416017999,25
s,-32.35242245009632,89.64757754990367,25
b,-44.09782946148666,32.90217053851334,25
z,-60.945190071486714,55.054809928513286,25
p,-21.547695777040182,71.45230422295982,25
h,-96.81719169165994,18.18280830834006,25
k,-51.690155256478825,12.309844743521177,25
w,-65.47943515611276,24.52056484388724,25
c,-71.7614752967099,85.2385247032901,25
c,-56.1262823410883,74.8737176589117,25
w,-61.652068062552004,65.347931937448,25
b,-15.44280357488514,30.55719642511486,25
r,-85.61924405592404,46.38075594407596,25
q,-88.39868872334915,8.601311276650847,25
b,-93.3045458047771,24.6954541952229,25
g,-2.2982874021103314,63.70171259788967,25
j,-63.272785293096035,73.72721470690396,25
z,-91.65775507854643,76.34224492145357,25
n,0.09682104531168145,49.09682104531168,25
u,-97.44297246669443,80.55702753330557,25
n,-88.50519364948,61.49480635051999,25
p,-88.25707257275296,43.74292742724704,25
o,-7.356024378517796,36.643975621482205,25
b,-39.52476642932795,67.47523357067205,25
y,-31.76832899723691,7.231671002763091,25
g,-35.28920219243326,24.710797807566742,25
e,-74.3124830842255,51.687516915774495,25
b,-34.859507947826344,68.14049205217366,25
o,-15.129160032020685,63.870839967979315,25
c,-96.9809089212915,98.0190910787085,25
f,-5.7281204980150235,89.27187950198497,25
t,-38.636170462538445,57.363829537461555,25
s,-86.08197329357299,29.918026706427014,25
j,-72.9286078128893,93.0713921871107,25
i,-18.85899802383594,71.14100197616406,25
e,-10.254124968425714,20.745875031574286,25
e,-38.93074726913382,59.06925273086618,25
x,-7.672396135223097,26.327603864776904,25
v,-30.529662464466064,86.47033753553394,25
v,-43.850312792565504,79.1496872074345,25
y,-46.019553278726725,7.980446721273273,25
v,-81.17819641119051,86.82180358880949,25
t,-62.275516976668236,51.724483023331764,25
h,-91.47178510346184,28.528214896538163,25
l,-75.95428498657492,97.04571501342508,25
t,-79.70461052986579,16.295389470134218,25
g,-80.74960446563756,16.25039553436244,25
i,-57.77592061813924,61.22407938186076,25
e,-5.920835676142031,23.07916432385797,25
d,-51.3587461999741,60.6412538000259,25
q,-64.45936040218183,75.54063959781817,25
b,-64.66146699187667,41.33853300812334,25
e,-65.51417885455078,70.48582114544922,25
l,-5.692438406767084,77.30756159323292,25
e,-77.3297673882821,66.6702326117179,25
i,-22.5406429996481,72.4593570003519,25
d,-83.21422089551814,46.785779104481854,25
y,-85.62848135902364,46.37151864097636,25
b,-1.3259276147370904,9.67407238526291,25
y,-36.10750300815034,46.89249699184966,25
c,-67.99716101817967,92.00283898182033,25
m,-15.527896029317917,77.47210397068208,25
t,-87.08085231898018,43.91914768101983,25
p,-56.30016031922776,78.69983968077224,25
z,-55.113803548672394,62.886196451327606,25
k,-33.169637083235216,23.830362916764788,25
w,-81.85719186951525,73.14280813048475,25
a,-36.817867514357765,35.182132485642235,25
t,-42.796172328190025,40.203827671809975,25
c,-47.14402808351906,13.855971916480943,25
h,-82.82172886193061,34.1782711380694,25
d,-7.053742640798411,79.94625735920158,25
k,-68.74374617784808,3.2562538221519137,25
s,-93.84853572286882,7.151464277131177,25
s,-91.63544876631673,77.36455123368327,25
p,-32.358391210818944,35.641608789181056,25
c,-0.4731242265323814,34.526875773467616,25
e,-75.17653883650426,61.82346116349573,25
p,-68.35925001023874,42.64074998976126,25
k,-88.4419822688821,8.558017731117898,25
b,-14.092027263634066,74.90797273636593,25
g,-14.091433131241834,47.908566868758165,25
t,-30.160702772860773,4.839297227139228,25
t,-43.90691122251289,86.09308877748711,25
m,-87.55804743251576,1.4419525674842328,25
r,-68.17481024012902,7.825189759870974,25
l,-28.442809590954845,82.55719040904516,25
t,-85.83280561918849,37.167194380811516,25
c,-96.22145789832885,96.77854210167115,25
s,-70.78106614603897,41.21893385396103,25
l,-75.58757726644154,77.41242273355846,25
w,-23.2361471284267,18.7638528715733,25
o,-3.1974025384034155,94.80259746159659,25
n,-33.846999325538505,97.1530006744615,25
g,-22.8427996647774,37.1572003352226,25
t,-23.994576173804415,88.00542382619558,25
w,-89.82462708346186,79.17537291653814,25
h,-28.56971120200832,66.43028879799168,25
a,-75.41552706506165,72.58447293493835,25
r,-11.71625190045423,52.28374809954577,25
a,-10.324399590083264,58.67560040991673,25
j,-40.01996855069871,17.980031449301293,25
r,-5.7887901677751525,11.211209832224847,25
a,-29.390774813295568,43.609225186704435,25
c,-92.48509215583114,69.51490784416886,25
p,-4.071591060565401,94.9284089394346,25
g,-75.14511515988713,86.85488484011287,25
k,-83.83410671204022,16.165893287959772,25
v,-28.767799738779765,51.232200261220235,25
v,-84.74728365104794,90.25271634895206,25
s,-56.39296975546089,87.60703024453912,25
c,-70.84300059420556,16.156999405794437,25
s,-3.2050822572142916,12.794917742785708,25
s,-15.712767819451601,42.2872321805484,25
o,-93.16258642185704,95.83741357814296,25
q,-73.06868045806706,33.931319541932936,25
s,-66.02488540748847,30.975114592511527,25
f,-91.36823114842912,22.631768851570875,25
k,-94.26255478601661,63.7374452139834,25
k,-86.61956573495337,52.38043426504663,25
t,-38.6410433283201,88.3589566716799,25
j,-53.42546079068827,28.57453920931173,25
g,-6.951631371568413,65.04836862843159,25
f,-36.025966356522254,55.974033643477746,25
u,-11.022118675609265,37.97788132439074,25
m,-79.73965575326028,73.26034424673972,25
w,-83.71877578679721,54.2812242132028,25
j,-95.36757246647181,84.63242753352819,25
t,-76.19166746538369,57.80833253461631,25
t,-78.58178127244024,23.41821872755976,25
x,-76.31493219938751,67.68506780061249,25
v,-72.44396838797441,47.55603161202559,25
e,-11.946722463996268,81.05327753600373,25
a,-27.66462978399342,90.33537021600658,25
x,-97.41971263049491,7.580287369505092,25
t,-45.42959494669302,81.57040505330698,25
g,-52.948929661941655,58.051070338058345,25
a,-3.627757752832066,29.372242247167936,25
r,-73.18175316984649,20.818246830153512,25
t,-38.35180482739853,70.64819517260146,25
u,-65.49143132770683,33.50856867229317,25
r,-20.311205054400386,29.688794945599614,25
f,-94.78622169953124,87.21377830046876,25
d,-51.5695632896696,21.4304367103304,25
r,-26.07206769063782,44.927932309362184,25
p,-97.07738282262541,41.92261717737458,25
r,-32.38638450458406,28.61361549541594,25
j,-21.77395381613411,59.22604618386589,25
i,-25.216087636401916,30.783912363598084,25
j,-29.023244406655767,84.97675559334424,25
v,-20.6167143836318,7.383285616368203,25
c,-58.44284653361427,14.557153466385728,25
e,-16.948042496290643,72.05195750370936,25
i,-76.60084533765904,52.39915466234097,25
n,-7.410796191346707,4.589203808653293,25
z,-83.11000260683731,88.88999739316269,25
g,-5.176541914729757,15.823458085270243,25
e,-95.56711767127685,77.43288232872315,25
r,-47.13458372952352,11.865416270476482,25
e,-94.44633170543517,2.5536682945648312,25
u,-79.44503135549922,2.554968644500779,25
u,-32.181318912919586,49.818681087080414,25
j,-61.36721890760026,8.63278109239974,25
k,-51.55140866440524,64.44859133559477,25
g,-4.171141697486521,20.828858302513478,25
d,-75.49979733116365,58.50020266883636,25
c,-64.50017260869706,17.499827391302937,25
q,-52.635550952571,51.364449047429,25
j,-81.67570664300864,72.32429335699136,25
e,-91.87735230200988,26.12264769799011,25
w,-10.075109005149036,21.924890994850962,25
a,-69.68622230186173,60.313777698138274,25
l,-53.18485672522236,13.81514327477764,25
w,-66.07147672377722,52.92852327622277,25
c,-16.07480667567782,13.92519332432218,25
b,-41.45241242931539,44.54758757068461,25
b,-41.102949839431616,67.89705016056838,25
m,-78.75377137558522,84.24622862441478,25
d,-63.002525224398184,80.99747477560182,25
d,-42.40060432173798,8.599395678262018,25
c,-0.33800330769590003,93.6619966923041,25
i,-8.878246566417795,47.12175343358221,25
x,-84.56542477880872,72.43457522119128,25
e,-72.58476987650629,64.41523012349371,25
y,-62.42100554682297,7.578994453177031,25
z,-7.367113549584369,37.63288645041563,25
t,-0.05873603743980471,48.94126396256019,25
n,-10.51506345508409,69.48493654491591,25
g,-40.09174259302437,5.908257406975628,25
u,-29.30382643654165,38.696173563458345,25
d,-71.66414158591348,81.33585841408652,25
l,-38.791737390950786,96.20826260904921,25
x,-5.285239988935446,41.714760011064556,25
u,-49.74549448025071,70.25450551974929,25
z,-34.26700963533888,36.73299036466112,25
y,-94.54429205764559,67.45570794235441,25
i,-27.44637334568126,35.55362665431874,25
d,-14.977875932142473,52.022124067857526,25
b,-59.059714320767625,52.940285679232375,25
u,-19.722980099265214,53.277019900734786,25
p,-64.7021579346095,54.2978420653905,25
h,-35.32973667970858,82.67026332029143,25
l,-27.04180347273959,96.95819652726041,25
b,-15.699779669395545,72.30022033060446,25
r,-61.315644020610186,93.68435597938982,25
p,-63.60373646230226,80.39626353769775,25
j,-89.27025310087437,71.72974689912563,25
i,-24.943951168875653,70.05604883112434,25
c,-64.14010974832301,86.85989025167699,25
x,-8.048962483879027,77.95103751612098,25
s,-32.015582568622094,58.984417431377906,25
l,0.461280854543634,42.46128085454363,25
e,-89.54191927187959,90.45808072812041,25
a,-96.84487219991475,2.155127800085248,25
k,-79.65781187597243,88.34218812402757,25
j,-72.76155713974028,9.238442860259724,25
g,-74.46523087753457,5.534769122465439,25
q,-39.84528313462089,92.15471686537911,25
e,-2.8642450804788413,45.13575491952116,25
m,-23.63418249614918,26.36581750385082,25
y,-3.98833410514269,64.01166589485732,25
p,-20.741819928686464,62.25818007131353,25
u,-61.31816063062208,87.68183936937793,25
y,-97.61015419314977,96.38984580685023,25
g,-68.02894937889748,70.97105062110252,25
x,-37.310102778854784,62.689897221145216,25
d,-84.44537976466394,95.55462023533606,25
e,-42.93108900869857,83.06891099130142,25
a,-59.996143668924454,36.003856331075546,25
t,-55.36352487491268,47.63647512508732,25
s,-27.935650312729052,69.06434968727095,25
y,-88.88109474127955,95.11890525872045,25
d,-92.81033177485135,58.18966822514865,25
x,-31.26140217862701,15.73859782137299,25
f,-93.51251079425967,98.48748920574033,25
h,-90.3666923251798,36.633307674820195,25
m,-60.18242800627141,74.81757199372859,25
z,-4.403291909702761,1.596708090297239,25
i,-54.60015454924599,5.399845450754006,25
p,-87.7466327715359,48.2533672284641,25
t,-24.89732807749454,97.10267192250546,25
t,-64.28608497176549,5.713915028234504,25
d,-22.97711912653501,95.02288087346498,25
f,-0.5327964777744044,24.467203522225596,25
r,-66.81194662230834,57.188053377691666,25
t,-29.66475804738863,89.33524195261137,25
o,-50.5667460250027,33.4332539749973,25
s,-83.21670715191128,94.78329284808872,25
f,-74.60287151962751,14.397128480372487,25
j,-93.77617831836886,77.22382168163114,25
a,-78.07968266024443,83.92031733975557,25
z,-22.34622987727106,65.65377012272894,25
n,-88.82242097671636,50.17757902328365,25
b,-6.866875388913702,74.1331246110863,25
w,-71.09464707865216,27.905352921347845,25
r,-24.886623877203352,85.11337612279665,25
r,-85.21185155520959,30.788148444790412,25
b,-34.25232124982716,41.74767875017284,25
x,-74.68045028945043,75.31954971054957,25
w,-41.26649437261173,0.733505627388272,25
q,-38.279273390729884,73.72072660927012,25
s,-25.964906656584603,94.0350933434154,25
w,-56.515206659286264,32.484793340713736,25
k,-85.11792513246887,74.88207486753113,25
d,-17.41941452962466,8.58058547037534,25
e,-7.2838958152748265,39.716104184725175,25
b,-91.97203827838699,61.027961721613,25
w,-33.922761254384895,37.077238745615105,25
i,-13.388316810760443,55.61168318923956,25
d,-4.0172793524377965,67.9827206475622,25
l,-72.77315531373935,44.22684468626064,25
i,-51.04145217351103,58.95854782648897,25
p,-76.14041605954243,59.85958394045757,25
h,-92.0371465845478,39.96285341545221,25
m,-26.718062642298314,91.28193735770168,25
w,-5.858317762314611,19.14168223768539,25
c,-15.699268796953445,33.30073120304655,25
e,-66.38505780409251,13.61494219590749,25
e,-92.62797076852414,88.37202923147586,25
k,-95.32554343821289,12.674456561787114,25
o,-29.30609002526174,56.69390997473826,25
d,-2.8288360460529915,83.17116395394702,25
o,-11.160482361837555,5.8395176381624445,25
q,-22.51900086461973,8.48099913538027,25
d,-87.83076664092047,45.16923335907953,25
d,-38.97736296725058,67.02263703274943,25
s,-40.757959764834816,15.242040235165183,25
s,-48.70990628881332,13.290093711186675,25
r,-10.061298098161641,68.93870190183836,25
v,-51.165027397551206,33.834972602448794,25
m,-45.947770271817106,30.052229728182898,25
q,-32.34029635233304,41.65970364766696,25
s,-6.049518733300349,9.95048126669965,25
e,-71.14366762058876,67.85633237941124,25
a,-29.442960234186994,17.557039765813006,25
u,-90.24063550558893,24.759364494411077,25
j,-30.007092362563935,81.99290763743606,25
c,-78.03346059511475,51.966539404885246,25
q,-67.45495590183201,93.54504409816799,25
g,-30.84036213784051,20.15963786215949,25
s,-91.45438980466739,54.545610195332614,25
f,-58.36403280009353,88.63596719990646,25
l,-95.65417893936903,8.345821060630964,25
n,-21.49458549488927,15.505414505110728,25
y,-4.984537204564252,41.015462795435745,25
l,-76.98410788851307,88.01589211148693,25
u,-19.151820450002262,83.84817954999774,25
o,-56.79812031203527,81.20187968796473,25
i,-14.169973096535537,28.830026903464464,25
i,-10.764007283563839,64.23599271643616,25
r,-85.222117135462,78.777882864538,25
p,-35.08923160166596,31.910768398334042,25
v,-6.638341851851336,79.36165814814866,25
y,-8.553416518684386,27.446583481315614,25
u,-95.95855479182823,89.04144520817177,25
t,-31.72893968753615,56.271060312463845,25
r,-49.589577203582316,83.41042279641768,25
z,-3.0696180928344887,91.93038190716551,25
a,-79.24925434427007,93.75074565572993,25
y,-71.96918335304264,46.03081664695736,25
d,-89.91254492123801,76.08745507876199,25
v,-13.613000456459392,63.38699954354061,25
i,-70.63970432889707,61.360295671102925,25
i,-0.3381209783343767,16.661879021665623,25
y,-60.137206390849826,39.862793609150174,25
e,-11.2563894808402,46.7436105191598,25
b,-23.399863298049137,97.60013670195086,25
k,-9.6784574364843,12.3215425635157,25
b,-40.036004489271434,30.96399551072857,25
y,-24.581371963366948,54.41862803663305,25
l,-41.38389193234005,56.61610806765995,25
s,-43.26343595769433,14.736564042305675,25
p,-46.397828547068414,58.602171452931586,25
x,-52.51480311819288,42.48519688180712,25
i,-82.93307083749161,62.06692916250838,25
v,-2.2116071925236263,21.788392807476374,25
z,-13.246791614757043,46.75320838524296,25
w,-78.75629471019582,44.24370528980418,25
t,-43.099895211290864,10.900104788709138,25
z,-27.45002792249143,71.54997207750857,25
k,-80.56868321395663,93.43131678604337,25
h,-22.91619566381943,85.08380433618056,25
a,-4.1590641859171855,54.84093581408281,25
i,-62.93040699096105,49.06959300903895,25
r,-56.513566736921995,65.486433263078,25
m,-97.90325786682949,0.09674213317050284,25
l,-66.12489277441493,65.87510722558507,25
a,-23.63779484047302,38.36220515952698,25
t,-1.7777222185469257,0.22227778145307442,25
k,-50.76374514488568,16.236254855114318,25
h,-18.16843963035971,97.83156036964029,25
u,-79.78861978213104,17.211380217868967,25
i,-53.055188749527524,69.94481125047247,25
x,-55.17488741071855,87.82511258928145,25
m,-78.25630193298888,45.743698067011124,25
t,-70.78042237756358,92.21957762243642,25
o,-61.67780016829033,76.32219983170967,25
w,-67.43795830879324,21.562041691206755,25
n,-53.70910692005812,12.290893079941885,25
n,-49.31325410767109,23.68674589232891,25
q,-90.08509728553337,84.91490271446663,25
t,-21.82081615977746,45.179183840222535,25
p,-2.4915876080653105,58.50841239193469,25
h,-95.30464248197947,42.69535751802053,25
d,-93.74769690984033,6.2523030901596695,25
w,-72.2403777210726,11.759622278927388,25
n,-46.44172403054724,5.558275969452757,25
h,-2.4024581748748908,89.5975418251251,25
k,-53.366135662358644,90.63386433764136,25
z,-95.62939343542773,46.37060656457226,25
m,-81.58920222944023,38.410797770559775,25
k,-86.71927081805774,61.28072918194226,25
p,-46.79557375157146,48.20442624842854,25
a,-75.5662717359589,75.4337282640411,25
c,-76.38502700124734,85.61497299875266,25
p,-4.8004822486662135,72.19951775133379,25
i,-65.37562833313505,96.62437166686495,25
f,-15.94201587119935,87.05798412880065,25
h,-64.8407566035534,40.15924339644659,25
i,-18.488957977278204,1.511042022721796,25
p,-83.49837568823092,72.50162431176908,25
e,-53.11373645609236,24.88626354390764,25
l,-13.348012970095398,34.6519870299046,25
h,-87.92200658065612,13.077993419343882,25
k,-9.54073202724597,52.459267972754034,25
q,-64.43481565691927,13.565184343080729,25
j,-16.33253816961284,66.66746183038715,25
j,-45.86441580495326,10.135584195046736,25
l,-74.86802985826493,48.131970141735074,25
q,-10.913059651653956,80.08694034834605,25
d,-53.59287767908498,61.40712232091502,25
o,-10.393731736576555,53.606268263423445,25
a,-84.23958494763836,45.76041505236164,25
k,-26.335739181391684,48.66426081860831,25
z,-41.80973726330172,76.19026273669829,25
z,-0.42689390069429856,21.5731060993057,25
l,-76.74853096603081,82.25146903396919,25
z,-18.52793788023029,1.4720621197697081,25
x,-70.27806719907615,89.72193280092385,25
d,-69.06030302625547,15.939696973744525,25
v,-73.67681661774857,13.32318338225143,25
b,-34.89322363582722,40.10677636417278,25
h,-97.30819969314666,69.69180030685334,25
x,-79.70408713028809,7.295912869711918,25
s,-3.3871487726747302,9.61285122732527,25
z,-25.448621928927434,97.55137807107256,25
n,-88.27180679876663,95.72819320123337,25
w,-46.56635297777957,72.43364702222043,25
y,-31.566839381597642,54.43316061840236,25
v,-27.360304641430325,1.6396953585696736,25
p,-50.22618097495581,9.773819025044192,25
j,-55.94673486860757,61.05326513139243,25
m,-0.8829862873326244,52.11701371266737,25
p,-52.867876317788856,30.132123682211144,25
a,-88.78778479156914,54.21221520843086,25
i,-95.68670428593946,42.313295714060544,25
m,-78.55294053417356,34.44705946582644,25
b,-90.40645934452628,47.59354065547371,25
l,-47.47436559469646,69.52563440530353,25
a,-65.05736465535017,81.94263534464983,25
o,-9.222445194704225,86.77755480529578,25
z,-77.03721147465531,46.96278852534469,25
p,-78.70564963971015,41.294350360289855,25
v,-55.28773780009157,9.712262199908428,25
j,-38.942237095714304,70.0577629042857,25
l,-89.90483378256694,89.09516621743306,25
k,-46.457464290856166,83.54253570914383,25
h,-61.98093553383069,89.01906446616931,25
j,-37.09456358891164,3.9054364110883615,25
c,-18.79557293042613,94.20442706957387,25
c,-65.58519962114897,83.41480037885103,25
c,-86.12042763110905,45.87957236889095,25
i,-49.92974406575043,46.07025593424957,25
z,-78.53080176860195,5.469198231398049,25
f,-27.751696892574024,42.248303107425976,25
t,-55.51129822972607,50.48870177027393,25
s,-72.18883912848658,48.811160871513415,25
x,-90.83532842938712,85.16467157061288,25
r,-31.847696147252222,94.15230385274778,25
u,-22.769050703749514,26.230949296250486,25
d,-44.1753472052945,1.8246527947055022,25
l,-22.291120614968552,45.708879385031445,25
j,-77.47967780530934,68.52032219469066,25
o,-59.098148282116675,79.90185171788333,25
d,-82.62715026052145,90.37284973947855,25
l,-0.6955284423013249,14.304471557698674,25
w,-27.170259207230494,87.8297407927695,25
c,-33.79326790324315,64.20673209675685,25
j,-32.68442382404856,13.315576175951444,25
g,-93.69322337848779,31.306776621512213,25
y,-30.93320023732279,32.06679976267721,25
a,-3.6177333524624364,49.38226664753756,25
c,-43.71333167199778,80.28666832800222,25
n,-69.51733348021634,66.48266651978366,25
m,-12.357788012911927,86.64221198708807,25
d,-5.209038817120213,21.790961182879787,25
i,-34.522639959644415,71.47736004035558,25
t,-20.02577009803115,87.97422990196885,25
k,-73.1965457679266,52.803454232073406,25
t,-92.43646844721216,28.563531552787836,25
p,-71.16881673810848,66.83118326189152,25
q,-89.68118008235261,56.31881991764739,25
y,-48.468097704318765,68.53190229568123,25
b,-28.807660667297096,65.1923393327029,25
t,-95.9757890578682,14.024210942131807,25
l,-85.81607141001786,10.183928589982145,25
f,-17.41666282339022,10.583337176609783,25
c,-34.22354538606796,41.77645461393204,25
l,-62.94412575396866,53.05587424603134,25
e,-94.23124898926264,2.768751010737364,25
a,-35.012076314900625,17.98792368509938,25
f,-76.10754023642755,10.89245976357245,25
m,-19.659679869413353,39.34032013058665,25
a,-95.89064641703075,18.10935358296925,25
s,-53.883051320034106,68.11694867996589,25
o,-34.5976852715143,12.402314728485695,25
v,-12.119276145521786,23.880723854478212,25
d,-16.587913814462546,83.41208618553745,25
o,-23.943471659850797,59.0565283401492,25
g,-31.38456362554835,44.615436374451654,25
w,-81.52545473098948,54.47454526901051,25
p,-42.72029811919176,1.279701880808238,25
p,-37.94126929505726,31.058730704942736,25
o,-10.403903691841766,66.59609630815824,25
s,-48.19144451712151,65.80855548287849,25
h,-70.92725639344964,58.072743606550354,25
u,-83.92609546866088,90.07390453133912,25
l,-41.84012624255804,60.15987375744196,25
g,-75.62108715378031,96.37891284621969,25
s,-8.86439336470376,35.13560663529624,25
g,-60.28524008368248,7.714759916317521,25
y,-97.54953090735728,37.45046909264272,25
x,-10.366567919363954,48.63343208063605,25
x,-60.9266853273476,59.0733146726524,25
v,-36.30667786987769,35.69332213012231,25
p,-65.67863811586777,55.32136188413222,25
i,-83.97487650678596,40.02512349321404,25
m,-48.754741623511535,38.245258376488465,25
p,-83.30747194502965,66.69252805497035,25
k,-11.709739290302435,45.29026070969756,25
m,-35.13312311655626,87.86687688344374,25
c,-16.536963635693176,5.463036364306825,25
x,-2.9719269145693734,77.02807308543062,25
g,-63.31044343992371,98.6895565600763,25
t,-57.9155992762484,70.0844007237516,25
d,-30.632938293235,5.367061706765001,25
c,-23.850943023872876,68.14905697612713,25
b,-95.88676380205568,95.11323619794432,25
b,-4.489241329285745,69.51075867071425,25
o,-3.716680331865355,25.283319668134645,25
a,-92.33260064161541,22.667399358384586,25
m,-17.927345631898056,40.072654368101944,25
u,-2.5422559818861745,74.45774401811383,25
n,-32.34041367028145,1.659586329718547,25
m,-12.880732001214524,1.119267998785476,25
s,-52.72619301493085,60.27380698506915,25
j,-64.0994384705233,65.9005615294767,25
a,-22.823767863569696,21.176232136430304,25
w,-46.641582889219194,92.3584171107808,25
f,-89.51333773713618,40.486662262863824,25
s,-48.26179251478992,95.73820748521008,25
x,-26.84473582260064,26.15526417739936,25
g,-93.53728963535602,26.462710364643986,25
k,-31.372885965025944,18.627114034974056,25
l,-37.635238414778264,64.36476158522173,25
q,-78.32722390264094,65.67277609735906,25
m,-9.867293960673631,40.132706039326365,25
n,-22.363776401293755,18.636223598706245,25
m,-96.65760940731788,12.342390592682122,25
m,-67.53076574943195,56.46923425056804,25
v,-12.137334010346063,30.862665989653937,25
v,-57.66309509764357,24.336904902356427,25
n,-56.22930961533727,9.770690384662728,25
h,-34.004111223267394,78.99588877673261,25
j,-95.75267829173787,35.24732170826213,25
t,-43.01870086422147,16.98129913577853,25
g,-13.94747431169328,43.052525688306716,25
v,-16.78062121541632,91.21937878458368,25
i,-1.6869043456479338,62.31309565435207,25
n,-34.68735364618474,47.31264635381526,25
q,-74.94785440180146,54.05214559819854,25
p,-37.748619960669714,44.251380039330286,25
v,-14.923782071794895,11.076217928205105,25
n,-72.75436121056894,52.245638789431055,25
i,-20.822634928541117,27.177365071458883,25
a,-77.34756747851563,66.65243252148437,25
q,-23.43491366165626,92.56508633834373,25
j,-72.20479487489324,39.795205125106754,25
v,-6.898767669531902,74.1012323304681,25
q,-15.118133849553423,56.88186615044658,25
w,-58.30303123657633,80.69696876342367,25
l,-7.811504347749774,60.188495652250225,25
g,-43.667318088660025,0.3326819113399725,25
f,-36.384459543830744,18.615540456169253,25
x,-79.15230621853678,77.84769378146322,25
a,-21.751150959727266,0.2488490402727338,25
x,-92.4787415583561,34.52125844164389,25
z,-74.00614057414423,22.993859425855767,25
z,-87.86248106210547,31.13751893789452,25
w,-32.98642001124853,31.01357998875147,25
w,-44.84461166823622,6.155388331763785,25
q,-87.43763433569934,50.56236566430065,25
p,-6.509795320922275,45.49020467907773,25
q,-52.31145275425412,69.68854724574588,25
p,-20.08259771750365,23.91740228249635,25
v,-60.055906322072005,10.944093677927992,25
h,-33.94930684245984,20.05069315754016,25
v,-40.13948890947356,32.86051109052644,25
z,-23.11956725254532,64.88043274745468,25
g,-14.377622381170719,75.62237761882928,25
e,-84.61354711381641,12.386452886183585,25
u,-1.343526872403597,23.656473127596403,25
p,-83.50082997895082,59.49917002104919,25
d,-96.03230526585423,49.96769473414576,25
n,-15.19455209447623,19.80544790552377,25
y,-83.58497617406614,5.415023825933858,25
x,-17.218641228794432,81.78135877120556,25
d,-69.90930740111865,4.09069259888134,25
x,-47.9237557250896,76.0762442749104,25
q,-45.45281094630179,73.5471890536982,25
z,-67.34190411044423,85.65809588955577,25
k,-41.993131833439016,59.006868166560984,25
p,-97.79427482545636,75.20572517454364,25
n,-26.210729449984125,92.78927055001587,25
c,-5.995418364412597,80.0045816355874,25
d,-25.572281682707697,13.427718317292301,25
c,-64.36444815266624,16.63555184733376,25
q,-54.066290373891704,82.9337096261083,25
i,-77.5053662453003,2.494633754699708,25
y,-97.58722473495752,32.412775265042484,25
e,-89.61335822955648,9.386641770443521,25
h,-42.90231510188932,20.09768489811068,25
s,-28.416061002239577,83.58393899776043,25
x,-34.30671704391507,32.69328295608493,25
s,-94.52975413969195,90.47024586030805,25
l,-33.930609922219084,86.06939007778091,25
f,-40.49594899681633,23.50405100318367,25
o,-91.18284232913237,10.817157670867628,25
s,-86.90057053517171,37.0994294648283,25
g,-97.92607762251629,59.073922377483704,25
j,-2.384195933928021,25.61580406607198,25
z,-72.04192366900948,3.9580763309905214,25
z,-24.14092053282347,45.85907946717653,25
w,-84.90409934423566,30.095900655764332,25
s,-67.90899081991365,48.091009180086346,25
s,-92.8622739424807,57.13772605751931,25
w,-44.3404677791395,59.6595322208605,25
t,-80.7431607564632,29.256839243536806,25
f,-5.1429007745445645,38.857099225455435,25
y,-13.330994445222451,79.66900555477756,25
l,-93.69460914106332,42.305390858936676,25
s,-58.380629397183235,29.61937060281677,25
l,-27.493482435857324,1.5065175641426762,25
i,-94.98468104561877,95.01531895438123,25
y,-0.8651912476904321,24.134808752309567,25
d,-89.56221666566451,23.4377833343355,25
e,-76.4582911338782,95.5417088661218,25
p,-25.53136853730411,84.46863146269588,25
t,-40.33906904976908,71.66093095023092,25
q,-56.3697476875856,77.6302523124144,25
j,-58.465719219462045,94.53428078053796,25
f,-82.31920762586343,53.68079237413657,25
w,-9.605020007176119,0.3949799928238815,25
m,-2.8280916865551684,38.17190831344483,25
v,0.367889231462979,9.367889231462978,25
y,-85.33687948421098,45.66312051578902,25
k,-60.80033608074908,14.199663919250925,25
i,-40.34477699067875,5.655223009321244,25
l,-8.390479191491304,57.6095208085087,25
a,-81.68234461130393,28.317655388696064,25
d,-48.80188385096762,45.19811614903238,25
p,-83.05018805989337,48.94981194010663,25
x,-51.68277123984995,87.31722876015006,25
y,-13.855281481804674,22.144718518195326,25
q,-4.338401765125024,49.66159823487498,25
h,-42.46368348820197,70.53631651179802,25
t,-27.213040662700127,40.78695933729987,25
j,-30.45830105494867,72.54169894505134,25
z,-65.39422921930091,42.605770780699096,25
j,-59.180104614059026,55.819895385940974,25
y,-33.6797912403756,75.32020875962439,25
e,-45.158930568087904,77.84106943191209,25
g,-95.79674824390764,93.20325175609236,25
y,-32.387362809999566,50.612637190000434,25
i,-79.47598675936356,94.52401324063644,25
q,-55.0195063659156,86.9804936340844,25
o,-69.63936480506645,51.36063519493354,25
e,-17.951768525877913,44.04823147412209,25
f,-55.5786856924228,38.4213143075772,25
k,-36.974238384881296,84.0257616151187,25
s,-46.78982468691091,28.210175313089085,25
r,-77.14768359143626,26.852316408563734,25
f,-46.3472406863107,32.6527593136893,25
k,-75.48761749850243,15.51238250149757,25
n,-44.093965979458616,53.906034020541384,25
h,-4.571846081070505,8.428153918929496,25
c,-23.336642891942716,16.663357108057284,25
e,-7.444848199412539,98.55515180058747,25
h,-24.399989885960995,83.60001011403901,25
l,-69.44707621144666,64.55292378855334,25
y,-33.62471322645869,56.37528677354131,25
n,-86.91962976297857,9.080370237021432,25
y,-55.961971359234234,44.038028640765766,25
o,-13.102523679331952,83.89747632066805,25
i,-26.288015241199822,69.71198475880017,25
t,-0.30640784142204747,73.69359215857796,25
f,-0.7909744561537947,61.2090255438462,25
g,-40.5330448668124,46.4669551331876,25
o,-7.800089508178529,70.19991049182147,25
j,-52.06327569437764,12.936724305622365,25
q,-6.517481569310198,13.482518430689801,25
x,-28.987476393903986,48.01252360609601,25
e,-86.01597632397126,24.984023676028745,25
q,-7.425086997251549,52.57491300274845,25
d,-35.65126818709034,6.348731812909664,25
i,-59.44175263562441,39.55824736437559,25
y,-85.77497577350536,64.22502422649464,25
r,-45.524916676803116,44.475083323196884,25
u,-4.145122400033581,65.85487759996641,25
s,-14.98583842190442,49.01416157809558,25
w,-55.98910011865102,39.01089988134898,25
n,-39.70301128225514,27.29698871774486,25
w,-78.10448360145742,63.89551639854258,25
c,-1.7711443809022338,15.228855619097766,25
j,-5.681483069343392,90.31851693065661,25
f,-50.550692757520615,55.449307242479385,25
b,-76.20986420470989,35.790135795290105,25
j,-7.93414613207414,67.06585386792587,25
g,-81.62492621153079,98.37507378846921,25
b,-76.25386320716717,42.74613679283283,25
k,-79.8528536322584,44.1471463677416,25
j,-19.60436221183656,9.395637788163443,25
p,-97.99530722861745,68.00469277138255,25
l,-15.272027364422192,35.72797263557781,25
s,-47.702591609707504,25.297408390292492,25
g,-38.27040691919827,71.72959308080172,25
g,-57.19957546269787,37.80042453730213,25
e,-87.15802323662444,59.841976763375555,25
r,-49.20369232658535,40.79630767341465,25
j,-91.91797470152765,54.082025298472345,25
p,-7.798713710313665,43.20128628968634,25
n,-51.391817639526,46.608182360474,25
w,-60.132645985941764,97.86735401405824,25
o,-41.48575611049904,78.51424388950096,25
h,0.11742775874216571,10.117427758742165,25
q,-86.16330509487962,16.83669490512039,25
u,-48.48286914536734,8.517130854632661,25
m,-91.95579330023797,40.04420669976203,25
k,-47.18925093976054,98.81074906023946,25
b,-40.030947811123404,64.96905218887659,25
z,-85.35935722041286,85.64064277958714,25
e,-42.884247079744625,84.11575292025537,25
s,-96.37512964180618,14.624870358193814,25
l,-6.265354754105477,80.73464524589453,25
f,-6.959751785764117,24.040248214235884,25
l,-11.175324144467545,42.824675855532455,25
i,-10.687951847347684,74.31204815265232,25
l,-69.29168810202506,75.70831189797494,25
m,-22.330125992344005,39.669874007656,25
m,-22.801079448322717,0.19892055167728195,25
c,-11.558292752696653,10.441707247303347,25
y,-95.0515642873495,41.9484357126505,25
l,-27.68789587134362,63.31210412865638,25
f,-31.97119156865619,84.0288084313438,25
k,-14.342043789308944,39.657956210691054,25
r,-17.84053201481173,51.15946798518827,25
j,-18.518879004555632,65.48112099544437,25
r,-20.070955135423347,90.92904486457665,25
g,-39.32583095614576,50.67416904385424,25
b,-91.61050444460146,74.38949555539854,25
w,-13.287785277483673,46.71221472251633,25
y,-39.581295934757314,59.418704065242686,25
w,-37.89200912597149,4.107990874028513,25
j,-43.716847384838964,57.283152615161036,25
n,-52.61175092212259,21.38824907787741,25
z,-5.820903495218753,11.179096504781247,25
z,-54.075239678845755,88.92476032115425,25
i,-63.547743815232806,37.452256184767194,25
s,-82.51714527554007,95.48285472445993,25
h,-11.061908100248354,27.938091899751647,25
r,-65.49199723841939,50.50800276158061,25
g,-72.17654614528455,35.82345385471546,25
f,-45.13081708538293,51.86918291461707,25
e,-52.27557812413776,82.72442187586225,25
k,-42.370719417028006,51.629280582971994,25
j,-97.84443529021537,23.15556470978463,25
s,-29.184487374263387,65.81551262573662,25
r,-46.7229803322503,78.2770196677497,25
d,-95.60681732977378,32.39318267022622,25
h,-68.42740796710737,24.57259203289263,25
c,-63.1449917339036,56.8550082660964,25
l,-53.64590084029402,3.3540991597059806,25
n,-84.1880817346061,8.811918265393894,25
w,-34.84863141599137,47.15136858400863,25
k,-7.008300621397841,15.99169937860216,25
d,-18.033489816171198,80.9665101838288,25
g,-12.771132480296586,69.22886751970341,25
m,-40.209913643564526,7.790086356435474,25
x,-25.40136755704325,78.59863244295674,25
a,-70.84824412203173,81.15175587796827,25
b,-77.74840079067128,39.25159920932871,25
t,-33.54311813028114,95.45688186971886,25
d,-8.367301477163322,58.63269852283668,25
d,-69.06334046088114,17.93665953911887,25
s,-88.34669722204366,57.65330277795635,25
a,-41.60200316923135,29.397996830768648,25
l,-24.40171054180926,67.59828945819075,25
m,-41.86118627252546,84.13881372747454,25
k,-27.25633317386714,88.74366682613287,25
n,-61.93215651884222,18.06784348115778,25
c,-71.13822159602579,92.86177840397421,25
m,-43.17800760178342,76.82199239821658,25
k,-85.85612227452835,98.14387772547165,25
y,-17.009805589818942,20.990194410181058,25
k,-80.07815163141743,59.92184836858258,25
i,-39.8796791643026,44.1203208356974,25
f,-73.56050062218195,11.43949937781805,25
c,-54.45648803128809,56.54351196871191,25
x,-74.21681919000162,83.78318080999838,25
n,-34.28552644258254,7.714473557417464,25
t,-63.97219440547372,30.02780559452628,25
l,-16.41097967518415,95.58902032481585,25
o,-13.415184271497104,33.584815728502896,25
a,-47.804347369371854,32.195652630628146,25
r,-30.185580691444915,92.81441930855509,25
l,-54.13324835816467,29.866751641835332,25
x,-51.9576427396106,87.04235726038941,25
f,-51.92719677790037,8.07280322209963,25
c,-73.14549674123364,86.85450325876636,25
o,-71.3537308931315,18.646269106868505,25
v,-81.77164751918102,9.228352480818986,25
j,-69.1784177165068,20.821582283493203,25
b,-0.3010499021741486,46.69895009782585,25
t,-67.42541041853946,11.57458958146055,25
h,-48.54544093164562,80.45455906835438,25
e,-25.552658793049414,75.44734120695058,25
y,-3.773984997157484,96.22601500284252,25
u,-35.62235222182078,95.37764777817921,25
j,-86.36786565988649,64.63213434011351,25
r,-4.910657316670752,86.08934268332925,25
o,-77.74108190452354,1.2589180954764538,25
o,-5.03628064658281,57.96371935341719,25
e,-56.51623116579954,66.48376883420046,25
t,-38.325645446051055,22.674354553948948,25
w,-94.63908088971674,48.36091911028326,25
h,-61.279662021976876,36.720337978023124,25
e,-53.6623982091061,59.3376017908939,25
r,-25.81537204050692,23.18462795949308,25
v,0.37564363871701134,10.375643638717012,25
r,-0.8764585589827532,96.12354144101725,25
v,-41.62914716757294,70.37085283242706,25
b,-37.51780822656298,25.48219177343702,25
n,-62.87606119142164,66.12393880857836,25
c,-78.75890024651666,25.241099753483347,25
y,-56.29203257830363,6.707967421696369,25
t,-28.99575052052334,76.00424947947666,25
q,-26.178655245836662,18.821344754163338,25
y,-73.13342354801384,51.866576451986155,25
q,-93.7718631501767,19.228136849823297,25
f,-77.63754822085363,66.36245177914637,25
w,-28.55650466645957,94.44349533354043,25
l,-96.99970121470619,71.00029878529381,25
y,-96.59159070391088,86.40840929608912,25
a,-22.477264914625902,2.522735085374099,25
j,-1.5420221713018334,47.45797782869817,25
a,-86.74186979170241,51.25813020829759,25
g,-32.267499496589295,43.732500503410705,25
q,-17.708870159887784,78.29112984011222,25
i,-91.96078670784577,73.03921329215423,25
m,-61.150324980120224,29.849675019879776,25
u,-4.626784986410413,46.373215013589586,25
v,-38.20581007471043,53.79418992528957,25
r,-80.25403711321567,6.745962886784333,25
a,-25.72570131801737,75.27429868198263,25
r,-29.42546633626278,76.57453366373723,25
y,-45.251133482880135,84.74886651711986,25
v,-53.161463937264145,48.838536062735855,25
x,-96.81267023079916,61.18732976920084,25
m,-42.03067049669166,57.96932950330834,25
u,-89.601025746415,34.398974253584996,25
j,-67.78008627351879,26.219913726481206,25
s,-58.228381689030996,89.771618310969,25
d,-14.213878929532973,2.7861210704670283,25
x,-57.709513526318574,27.29048647368143,25
p,-28.565467020762302,10.434532979237696,25
m,-28.7900649363121,74.2099350636879,25
d,-79.17044335571097,94.82955664428903,25
o,-11.217805558087004,47.78219444191299,25
z,-19.720674532680828,31.279325467319172,25
n,-68.64728651308255,17.352713486917448,25
l,-58.19375163627967,41.80624836372033,25
j,-19.949103363915413,84.05089663608459,25
y,-34.44062769447032,91.55937230552968,25
q,-69.05437051786426,39.94562948213574,25
i,-21.74623648957032,78.25376351042968,25
a,-91.63750262101772,79.36249737898228,25
b,-23.59981998211219,5.400180017887808,25
n,-51.35758296197534,74.64241703802466,25
f,-57.05900184929417,76.94099815070584,25
c,-84.6570675919232,74.3429324080768,25
s,-22.59651706271316,4.403482937286838,25
h,-10.75740832259956,64.24259167740044,25
n,-11.303226895053719,97.69677310494629,25
g,-95.91526978919548,93.08473021080452,25
g,-59.532580208095844,54.467419791904156,25
r,-57.18241892098311,90.81758107901689,25
m,-6.8467677677319525,96.15323223226805,25
g,-32.202961930544404,10.797038069455597,25
e,-40.43015099678755,38.56984900321245,25
s,-1.4480114689267143,46.551988531073285,25
u,-85.27126121394998,78.72873878605002,25
f,-69.14414937543785,90.85585062456215,25
c,-60.14790075379299,9.852099246207011,25
r,-39.21750526150427,85.78249473849573,25
v,-94.32774523740014,31.67225476259986,25
f,-38.34930061127889,11.65069938872111,25
s,-19.63321001763665,71.36678998236336,25
l,-97.83816241471176,27.16183758528824,25
d,-6.1992691500601955,61.800730849939804,25
s,-42.353176740646404,14.6468232593536,25
e,-51.39034049542713,67.60965950457287,25
b,-97.80496167321486,79.19503832678514,25
o,-96.11634766032046,52.883652339679536,25
k,-97.02229705876961,50.97770294123039,25
i,-83.94809192558839,22.05190807441161,25
e,-34.1753587824521,52.8246412175479,25
t,-32.62242098666025,30.377579013339744,25
d,-63.380644836608816,23.619355163391187,25
y,-79.08574833567604,6.914251664323958,25
m,-24.526779891699615,7.473220108300385,25
e,-36.70249907233081,96.29750092766919,25
u,-45.114466499531986,7.885533500468013,25
d,-16.94615411765239,8.053845882347607,25
e,-39.796524522847626,12.203475477152374,25
j,-25.02680539543371,37.973194604566295,25
s,-93.3364125701319,29.663587429868098,25
y,-15.805866490926858,78.19413350907314,25
a,-86.06164144656843,46.93835855343157,25
m,-76.61136276931204,75.38863723068796,25
f,-67.53306314670512,61.46693685329489,25
g,-28.884863996828017,73.11513600317198,25
l,-31.91903424547826,97.08096575452174,25
c,-7.402588286041863,86.59741171395814,25
v,-64.86339027542172,74.13660972457828,25
f,-29.885140829978674,0.11485917002132706,25
b,-27.275622685649235,42.72437731435077,25
m,-8.041658443009087,10.958341556990913,25
s,-39.90198630669876,14.09801369330124,25
b,-22.744880261058636,43.25511973894137,25
z,-52.437952068308526,36.562047931691474,25
r,-46.04874587642112,59.95125412357888,25
k,-44.86540734884755,43.13459265115245,25
w,-70.45629986964383,19.543700130356175,25
c,-29.609279428641837,56.39072057135816,25
z,-23.57745813812318,85.42254186187682,25
i,-59.34023300190126,16.65976699809874,25
x,-0.740993709310496,87.2590062906895,25
o,-3.3368506730367917,37.66314932696321,25
r,-45.409554019229674,14.590445980770326,25
z,-25.197984623684846,22.802015376315154,25
e,-90.65423786356615,75.34576213643385,25
f,-14.59192418113641,80.4080758188636,25
t,-17.74163544734715,53.25836455265285,25
b,-71.1591737499178,92.8408262500822,25
t,-44.12320263541734,19.876797364582654,25
e,-13.44196140993756,31.558038590062438,25
o,-77.49773414740656,34.50226585259344,25
f,-0.3999161016090006,33.600083898391,25
f,-95.66267604841657,23.33732395158343,25
x,-66.97303367566201,24.026966324337987,25
k,-94.48984316511257,62.51015683488742,25
t,-37.11531131565242,18.884688684347577,25
q,-9.135249362203968,19.864750637796032,25
f,-53.4057048898467,8.594295110153297,25
j,-63.119309755316166,59.880690244683834,25
d,-90.10201032741838,49.89798967258161,25
g,-51.53218380648493,80.46781619351506,25
u,-40.148952914697986,24.851047085302014,25
o,-21.39676451615413,57.60323548384587,25
b,-75.65523402744516,45.34476597255484,25
l,-36.30291856230259,55.69708143769741,25
c,-68.0889819759628,3.911018024037199,25
i,-76.80364693676101,24.19635306323898,25
l,-40.13505044069028,42.86494955930972,25
b,-26.166129383237017,66.83387061676298,25
e,-63.44740519063992,22.552594809360077,25
h,-14.238545366930875,93.76145463306912,25
g,-95.64739725732115,98.35260274267885,25
h,-24.4800133953448,42.5199866046552,25
p,-58.11405287022326,96.88594712977674,25
r,-97.14169989060628,26.858300109393728,25
a,-61.30370233276069,90.6962976672393,25
b,-45.28413153653774,5.715868463462258,25
e,-80.58825838132384,30.411741618676167,25
n,-65.47902481360289,10.520975186397115,25
x,-84.99296094457289,40.00703905542711,25
c,-86.06890086120134,28.93109913879866,25
f,-30.624941245211804,14.375058754788194,25
z,-58.17208989430402,73.82791010569598,25
h,-53.726293371316494,78.2737066286835,25
z,-50.02911702289312,94.97088297710688,25
r,-12.038342257587985,64.96165774241202,25
k,-73.0702337850072,39.929766214992796,25