a,-37.4115264258141,4.588473574185899,500
o,-8.018235517210092,79.98176448278991,500
m,-60.99100340843767,89.00899659156232,500
f,-63.16934796000425,22.830652039995748,500
q,-48.89500265383825,67.10499734616175,500
k,-19.903148764814578,69.09685123518543,500
y,-88.5564009914989,93.4435990085011,500
q,-37.35718606986373,6.6428139301362705,500
a,-7.333448231638987,28.666551768361014,500
n,-22.67032386683741,80.3296761331626,500
m,-34.03906789791273,14.960932102087268,500
t,-25.220161958040066,27.779838041959934,500
b,-16.446441018632306,12.553558981367694,500
u,-29.298449920203414,38.70155007979658,500
y,-8.794324968296241,77.20567503170376,500
c,-82.0588845931151,50.941115406884904,500
w,-42.44549083648041,72.5545091635196,500
a,-13.740540653949292,49.259459346050704,500
i,-19.886884033006996,87.113115966993,500
x,-20.340631484898676,12.659368515101324,500
j,-73.60870058149554,13.391299418504454,500
m,-24.46031036545215,1.539689634547853,500
p,-6.733451675361015,30.266548324638986,500
t,-49.42888486857683,33.57111513142317,500
l,-41.70567168081299,43.29432831918701,500
g,-37.399414924100384,51.600585075899616,500
t,-37.56770690793816,80.43229309206184,500
d,-32.42032983899755,28.579670161002447,500
u,-18.117950230327132,7.882049769672869,500
u,-61.85804035556204,92.14195964443796,500
s,-27.32811865949258,11.671881340507419,500
e,-61.06652534527572,63.93347465472428,500
b,-88.75048592372816,62.249514076271836,500
m,-82.41617753526141,64.58382246473859,500
b,-13.279534235482624,59.72046576451738,500
b,-49.92848009058007,68.07151990941993,500
s,-84.89882733197088,43.101172668029115,500
u,-90.30510507246802,26.694894927531976,500
b,-31.322403875145376,15.677596124854624,500
i,-27.631053358030513,41.36894664196949,500
o,-7.278853549488889,81.72114645051111,500
n,-9.517888339232382,24.482111660767618,500
l,-27.666565015127393,54.33343498487261,500
d,-37.12583185485087,19.874168145149124,500
o,-48.90469624764409,42.09530375235591,500
m,-30.56790780666973,61.43209219333027,500
o,-73.20196421803331,14.798035781966691,500
f,-62.271628766204685,70.72837123379531,500
l,-63.62493087962464,58.37506912037536,500
x,-64.56259309237757,6.437406907622429,500
d,-75.21466364226075,89.78533635773925,500
l,0.7810439093240906,71.7810439093241,500
c,-73.13538707305896,29.86461292694104,500
x,-53.63862588273231,59.36137411726769,500
k,-44.45483825602132,53.54516174397868,500
r,-54.81653396535074,46.18346603464926,500
b,-73.80637841297869,60.19362158702131,500
d,-60.727813411197424,80.27218658880258,500
p,-64.20581938632964,13.79418061367036,500
l,-46.58730276657618,57.41269723342382,500
i,-82.68441081146443,85.31558918853557,500
t,-16.274094881018968,1.7259051189810328,500
z,-24.60278959626106,45.39721040373894,500
s,-48.36363512990368,27.636364870096326,500
k,-26.04246829762511,58.95753170237489,500
j,-3.146551889018964,60.853448110981034,500
l,-56.23315997713996,54.76684002286004,500
r,-35.248306459956076,48.751693540043924,500
l,-76.79211689875068,96.20788310124932,500
r,-67.98505296953167,78.01494703046833,500
y,-35.82838724140456,80.17161275859544,500
e,-23.673600855256943,73.32639914474306,500
j,0.47309916346303393,28.473099163463033,500
j,-31.725722418614485,75.27427758138552,500
b,-18.824358091329024,56.175641908670976,500
k,-52.20501550474026,11.794984495259744,500
w,-72.90183787906076,5.098162120939229,500
q,-33.411161347344496,2.588838652655503,500
o,-84.7755845366309,7.224415463369093,500
x,-63.917437489215,78.082562510785,500
f,-6.737832051224749,87.26216794877526,500
a,-20.64188306189063,94.35811693810936,500
j,-28.848598083006777,80.15140191699322,500
o,-65.03343605579241,29.966563944207596,500
q,-52.98136102568927,2.018638974310729,500
x,-17.02820544332552,81.97179455667448,500
l,-79.94415821476562,19.055841785234374,500
b,-3.2568710139087993,35.7431289860912,500
l,-49.07589870234797,47.92410129765203,500
i,-91.7942851266031,48.20571487339691,500
v,-55.66511416598562,64.33488583401439,500
d,-48.835165945525006,2.164834054474997,500
k,-23.134315874692636,65.86568412530737,500
g,-24.166376765869582,18.833623234130418,500
n,-44.26296896134507,57.73703103865493,500
s,-22.014428918421686,66.98557108157831,500
a,-52.09720319315344,38.90279680684656,500
k,-36.89396503985045,68.10603496014956,500
a,-42.38264856395025,23.617351436049752,500
x,-70.33046229711499,9.669537702885009,500
x,-15.800333041352514,90.19966695864748,500
r,-59.79927578013351,60.20072421986649,500
i,-53.50536034371931,1.494639656280691,500
y,-64.28262201342346,75.71737798657654,500
l,-95.67555012707606,71.32444987292394,500
b,-42.58649988056742,76.41350011943257,500
c,-53.65163722064195,82.34836277935806,500
b,-75.36594370179569,21.634056298204317,500
d,-42.436831591245586,59.563168408754414,500
l,-52.31041980765876,77.68958019234124,500
q,-0.5429657510009206,65.45703424899908,500
i,-62.72225138827595,98.27774861172405,500
l,-30.34707347897698,78.65292652102302,500
a,-51.41449550421101,58.58550449578899,500
q,-73.04782400309207,15.95217599690792,500
i,-67.45299589456839,11.547004105431615,500
o,-32.1492159291174,48.8507840708826,500
w,-67.25999703868112,50.74000296131888,500
a,-36.5273855893419,21.472614410658103,500
y,-11.273989801682992,78.72601019831701,500
m,-54.820489546213864,81.17951045378614,500
p,-17.80788914081877,58.192110859181234,500
h,-85.69571031559924,52.30428968440076,500
o,-85.61112387825469,23.38887612174531,500
t,-93.82461829667952,13.175381703320477,500
q,-30.968189816310396,72.0318101836896,500
m,-85.11263839111818,74.88736160888182,500
x,-70.54143675231536,91.45856324768464,500
l,-5.870912838455553,43.12908716154445,500
x,-76.26010990879449,14.739890091205513,500
i,-33.08275161890404,21.917248381095956,500
o,-44.447323458386954,51.552676541613046,500
l,-51.28087469483731,95.71912530516269,500
f,-97.29728243108357,95.70271756891643,500
z,-17.5115243077751,6.488475692224899,500
e,-86.43147667327617,7.56852332672383,500
i,-77.22087697739111,46.779123022608886,500
t,-93.40636052380084,46.59363947619916,500
h,-56.096247109851774,45.903752890148226,500
x,-78.43912184096656,26.560878159033436,500
h,-9.3314880024907,55.6685119975093,500
b,-7.128082598210764,18.871917401789236,500
u,-65.78476863417876,18.215231365821243,500
w,-51.12657141171825,17.873428588281747,500
b,-0.9565822535706123,91.04341774642938,500
s,-50.77954779982192,89.22045220017809,500
q,-91.07460554768983,70.92539445231017,500
e,-35.81725157136367,95.18274842863633,500
g,-2.6546976541637983,96.3453023458362,500
j,-18.506666569718288,19.493333430281712,500
n,-69.97827428812337,46.021725711876634,500
q,-18.063224997707877,61.93677500229212,500
e,-58.51514614788189,9.484853852118109,500
x,-77.79124942498579,76.20875057501421,500
v,-91.08151822176471,45.91848177823529,500
f,-55.22827040272723,19.771729597272763,500
w,-22.903287670933224,50.096712329066776,500
h,-51.61139030025624,82.38860969974377,500
b,-97.33392137676137,50.66607862323864,500
j,-59.383812435028176,20.61618756497182,500
e,-7.894766935756066,95.10523306424393,500
h,-16.807696639857397,1.1923033601426019,500
x,-85.61623347253256,0.3837665274674369,500
n,-89.85554213542326,1.1444578645767294,500
q,-57.750088255389215,63.249911744610785,500
e,-18.28782206798022,57.712177932019785,500
g,-45.74453453216582,65.25546546783418,500
e,-93.73807643368202,26.26192356631798,500
o,-89.66063595638238,90.33936404361762,500
z,-39.38247040918962,74.61752959081038,500
o,-90.47296119231505,94.52703880768495,500
w,-95.07619193433503,32.92380806566497,500
z,-20.73271211746691,39.26728788253309,500
q,-47.10692289427937,10.893077105720632,500
w,-90.4417618193886,67.5582381806114,500
x,-30.32567020429474,50.67432979570526,500
q,-22.467966100346814,97.53203389965319,500
x,-26.95304563974038,88.04695436025962,500
b,-80.0740145879885,80.9259854120115,500
m,-44.79573287116998,78.20426712883003,500
x,-40.36632180716506,98.63367819283495,500
y,-11.531517318104306,72.4684826818957,500
a,-3.8949472741666926,91.1050527258333,500
n,-36.91723103550338,3.0827689644966263,500
g,-47.58439664354262,21.41560335645738,500
w,-90.9021300053814,51.097869994618605,500
b,-82.41682412149503,96.58317587850497,500
n,-14.465118531692704,8.534881468307296,500
w,-93.86466025115999,27.135339748840014,500
a,-33.569338432484315,60.430661567515685,500
g,-72.16026117572476,78.83973882427524,500
o,-82.51550383284071,1.4844961671592871,500
t,-61.844170735140956,65.15582926485905,500
w,-23.639845118047926,80.36015488195207,500
v,-58.76998040960244,45.23001959039756,500
q,-56.63469275828342,93.36530724171658,500
t,-1.8717404192659246,94.12825958073408,500
m,-71.7510957978699,29.24890420213011,500
a,-18.9254077002804,94.0745922997196,500
f,-49.82777445289739,95.17222554710261,500
v,-53.8214190886066,69.1785809113934,500
r,-39.209856275557044,63.790143724442956,500
k,-58.56149498895018,40.43850501104982,500
f,-58.51993128154815,72.48006871845185,500
m,-85.17774725750999,91.82225274249001,500
k,-4.204398231703182,88.79560176829682,500
f,-69.23430533268258,75.76569466731742,500
r,-77.77914685144701,75.22085314855299,500
r,-65.55666488339172,14.443335116608274,500
e,-75.8996270087372,35.1003729912628,500
h,-80.94317391120204,44.05682608879796,500
z,-43.06930692275277,65.93069307724723,500
q,-61.572247981743956,15.427752018256044,500
x,-81.49568920393148,94.50431079606852,500
d,-85.15022902143667,66.84977097856333,500
n,-71.38306274732982,55.616937252670176,500
v,-13.112344338212852,95.88765566178715,500
y,-89.84627318956021,57.1537268104398,500
n,-21.797445811231324,64.20255418876867,500
r,-81.68521036447676,48.31478963552325,500
x,-84.56383961083101,11.436160389168984,500
u,-36.69168937907146,22.30831062092854,500
k,-57.81377576553883,61.18622423446117,500
i,-81.89023192517972,45.10976807482029,500
w,-49.16611367187045,85.83388632812955,500
i,-97.27869969512865,36.72130030487135,500
b,-92.50770885062904,4.492291149370962,500
g,-79.29053783786682,27.709462162133185,500
w,-19.68608869056068,24.31391130943932,500
u,-52.016711575718915,29.983288424281085,500
a,-73.8761497744969,87.1238502255031,500
a,-56.54341318099194,84.45658681900807,500
g,-50.73032385389469,12.269676146105313,500
p,-50.32407571967789,37.67592428032211,500
g,-4.207378843581808,16.792621156418193,500
j,-4.70152967635665,63.29847032364335,500
c,-80.71479507279501,83.28520492720499,500
g,-10.139818725351725,37.860181274648276,500
d,-75.52101434150576,47.47898565849424,500
g,-80.53171225375723,38.468287746242765,500
m,-65.34632435750717,36.65367564249283,500
w,-50.17016283747812,12.829837162521883,500
a,-86.83362163729923,94.16637836270077,500
r,-14.07221282411933,77.92778717588067,500
b,-3.3553842810336785,68.64461571896632,500
j,-59.04593351941251,90.9540664805875,500
v,-40.543860079113216,27.45613992088678,500
a,-75.96337966406533,76.03662033593467,500
j,-16.26568568403535,94.73431431596465,500
o,-44.967315768925815,13.032684231074189,500
k,-21.073425320585,93.926574679415,500
m,-17.24002350848127,35.75997649151873,500
i,-79.51935455657619,47.4806454434238,500
t,-42.015602297521895,4.984397702478107,500
b,-91.57170148979708,77.42829851020292,500
w,-0.28931731864373067,72.71068268135627,500
c,-49.67624134222166,88.32375865777834,500
r,-32.57016449995737,69.42983550004263,500
p,-49.542352735316655,94.45764726468335,500
b,-39.27785310350113,54.72214689649887,500
f,-4.063903352135347,78.93609664786466,500
a,-90.44988058283772,63.55011941716227,500
i,-42.142112091510576,94.85788790848943,500
d,-76.30364052729448,62.69635947270552,500
l,-20.53430268371873,23.46569731628127,500
x,-60.23462579227735,6.76537420772265,500
u,-56.512124627857126,4.487875372142875,500
t,-1.910042277623333,66.08995772237667,500
w,-25.39180969684086,21.60819030315914,500
q,-71.10545028806375,98.89454971193625,500
u,-70.14206969490925,34.857930305090754,500
f,-42.14770976863641,81.8522902313636,500
b,-27.966032344783194,75.03396765521681,500
x,-61.55570575885406,71.44429424114594,500
x,-26.722573580086504,36.277426419913496,500
q,-69.69716782143252,32.302832178567485,500
o,-49.62679221680383,43.37320778319617,500
r,-73.53250765354336,72.46749234645664,500
m,-96.01046934867968,59.98953065132033,500
w,-59.29813954423366,7.701860455766334,500
w,-0.202097500364265,91.79790249963574,500
l,-13.142128007264139,80.85787199273587,500
f,-75.34436574319842,67.65563425680158,500
b,-74.90791782539608,29.092082174603913,500
l,-45.3153163417591,19.684683658240896,500
m,-2.8251354477940227,12.174864552205978,500
a,-46.23289622057004,28.767103779429956,500
c,-57.8854010687468,52.1145989312532,500
z,-39.43136664760236,31.56863335239764,500
k,-76.54799520057199,29.452004799428007,500
m,-3.4008548062917616,93.59914519370824,500
w,-24.589958408515216,35.410041591484784,500
e,-88.5346168793787,2.465383120621294,500
h,-12.442844235491453,88.55715576450855,500
l,-55.89125893756546,41.10874106243454,500
h,-88.4812905290542,93.5187094709458,500
i,-10.982365416499606,0.017634583500394596,500
e,-93.9513408225957,57.048659177404296,500
v,-38.74128182745993,97.25871817254007,500
g,-87.18358642236127,78.81641357763873,500
c,-11.333489215075948,74.66651078492406,500
y,-14.67057151541994,14.32942848458006,500
q,-73.49244877746109,3.507551222538905,500
t,-92.07587329254113,61.92412670745886,500
b,-67.26271507939772,12.737284920602272,500
m,-47.39452265900529,90.60547734099471,500
w,-37.14591061039176,85.85408938960825,500
a,-11.188728848628196,44.811271151371805,500
d,-45.98124522701502,41.01875477298498,500
n,-19.84936368738879,45.15063631261121,500
e,-92.02433225474057,92.97566774525943,500
v,-63.74988115549053,23.250118844509476,500
u,-0.13885653463426018,14.861143465365739,500
b,-86.26683063648989,60.73316936351012,500
n,-94.83654280409343,64.16345719590657,500
k,-89.11656331705072,63.88343668294928,500
h,-42.66759492091012,61.33240507908988,500
t,-15.752485464479102,6.247514535520898,500
x,-3.7684745202547343,42.231525479745265,500
x,-2.2668591695518248,72.73314083044818,500
l,-25.864129236384937,11.135870763615063,500
p,-41.85351048153382,12.14648951846618,500
s,-32.37845724224446,11.62154275775554,500
b,-32.93077099081768,31.069229009182322,500
o,-68.03015199284624,49.96984800715375,500
z,-3.4273065621165903,66.57269343788342,500
y,-85.57301442096912,63.42698557903088,500
f,-60.48535270484573,75.51464729515428,500
r,-4.746950604948762,81.25304939505124,500
l,-5.746209702289263,85.25379029771074,500
o,-95.77330890011396,14.226691099886043,500
u,-91.385751885509,69.614248114491,500
v,-82.00923518367388,76.99076481632612,500
x,-53.3016673801739,25.698332619826097,500
e,-84.16585699413382,10.834143005866174,500
i,-35.223253971535684,95.77674602846432,500
w,-62.846787284394026,22.153212715605974,500
i,-18.680620208335604,87.3193797916644,500
f,-84.69502155691518,95.30497844308482,500
c,-80.15855959483955,5.841440405160458,500
h,-65.18317002672266,65.81682997327734,500
z,-21.747882958984157,11.252117041015843,500
e,0.33108028320753036,88.33108028320753,500
y,-21.41048696072584,60.58951303927416,500
s,-40.73421282193446,86.26578717806554,500
f,-61.96146520051257,90.03853479948744,500
d,-3.911314550818042,55.08868544918196,500
v,-65.27425900448219,24.72574099551781,500
h,-50.822408477464975,87.17759152253502,500
r,-20.172289511001104,27.827710488998896,500
e,-30.262674335060044,20.737325664939956,500
c,0.6698293736424911,86.66982937364249,500
c,-42.39669058727478,27.603309412725213,500
v,-92.09862983730775,1.9013701626922386,500
c,-22.17429762842115,26.82570237157885,500
z,-54.11679078185819,24.883209218141808,500
u,-48.88917895516238,80.11082104483762,500
w,-22.20391493855179,65.79608506144821,500
l,-4.604431143792512,78.39556885620749,500
g,-49.31100914375821,44.68899085624179,500
d,-8.133259768489477,76.86674023151052,500
d,-40.845649289061015,98.15435071093899,500
x,-39.522129152131384,62.477870847868616,500
k,-36.924722019689696,76.0752779803103,500
w,-53.83914926156245,37.16085073843755,500
i,-34.07917479955711,31.920825200442895,500
w,-90.51025070022492,80.48974929977508,500
o,-20.03633734143897,18.96366265856103,500
v,-95.58965226630372,10.410347733696284,500
r,-45.89761707793623,6.10238292206377,500
t,-74.49761162933109,2.502388370668907,500
s,-43.89355352058531,35.10644647941469,500
m,-59.03649893647941,59.96350106352059,500
k,-9.835390689853702,2.1646093101462993,500
i,-16.35263851148419,79.64736148851581,500
i,-65.05813128906837,49.94186871093163,500
b,-51.10502112149232,14.89497887850768,500
p,-49.452138153955055,83.54786184604494,500
s,-96.99312877375756,32.006871226242446,500
o,-75.62281739806772,35.37718260193228,500
n,-53.67272811669743,10.327271883302569,500
u,-37.89965430266926,96.10034569733074,500
o,-14.75145625037966,20.24854374962034,500
p,-88.3920439962246,56.6079560037754,500
e,-92.47373573466778,71.52626426533222,500
m,-74.52775392039449,59.47224607960552,500
t,-13.115786596578957,60.88421340342104,500
r,-81.4269073015089,78.5730926984911,500
t,-61.43006344769222,59.56993655230778,500
m,-89.23301880954007,92.76698119045993,500
z,-84.958447503575,66.041552496425,500
f,-4.155703576592332,42.84429642340767,500
d,-89.65516863838393,15.34483136161607,500
o,-84.26854807000237,13.73145192999764,500
w,-64.35840784049611,91.64159215950389,500
f,-41.410428228267094,57.589571771732906,500
l,-47.41164092200363,79.58835907799637,500
l,-66.30715488751133,88.69284511248867,500
u,-73.11845137719638,21.881548622803617,500
u,-45.34471119150897,96.65528880849102,500
a,-24.82244376594397,38.177556234056034,500
u,-50.49273081099293,18.50726918900707,500
m,-74.57037257759488,82.42962742240512,500
x,-71.77122714529415,19.228772854705845,500
g,-72.42501567115842,79.57498432884158,500
r,-55.64394178088779,34.35605821911221,500
r,-11.053641181589397,1.946358818410604,500
f,-74.95474654831236,62.04525345168764,500
x,-65.06076943956917,0.939230560430831,500
v,-22.083511749120827,90.91648825087917,500
r,-9.804635146317812,78.1953648536822,500
i,-45.10644742984996,75.89355257015005,500
e,-30.152426514633127,77.84757348536688,500
l,-32.21580125833605,93.78419874166396,500
f,-1.3167024845029731,41.683297515497024,500
k,-43.05987013154138,82.94012986845861,500
k,-30.472682078951433,7.527317921048566,500
p,-43.75233277784291,80.24766722215709,500
x,-14.998205874554776,33.00179412544522,500
r,-18.47109214749182,66.52890785250818,500
n,-60.058765276253325,71.94123472374667,500
j,-2.263397703531105,26.736602296468895,500
e,-17.558397593159007,21.441602406840993,500
b,-27.507569813305953,79.49243018669405,500
p,-37.113111406716136,40.886888593283864,500
z,-47.087303417156036,30.912696582843964,500
y,-85.97289303326993,44.02710696673007,500
s,-95.31789947538935,93.68210052461065,500
i,-37.42102657611108,82.57897342388891,500
p,-75.62599568363238,84.37400431636762,500
i,-46.739762985832606,23.260237014167394,500
n,-19.895296403656825,97.10470359634317,500
z,-50.948021521230174,57.051978478769826,500
c,-30.311510895422543,3.6884891045774553,500
v,-60.304900053048165,5.6950999469518315,500
g,-20.98067723379447,34.01932276620553,500
l,-44.632426196820596,0.3675738031794046,500
z,-53.96350704533796,17.036492954662034,500
i,-40.34734918768805,13.652650812311945,500
t,-53.83811976279251,8.161880237207493,500
u,-68.72012309507832,54.279876904921686,500
f,-66.85597744840933,82.14402255159067,500
e,-59.56147280325024,77.43852719674976,500
i,-83.91460962656765,74.08539037343235,500
u,-79.36796803442203,91.63203196557797,500
s,-1.929627859845275,22.070372140154724,500
l,-69.35736373633318,10.642636263666818,500
t,-4.382076313129065,27.617923686870935,500
e,-38.38502902608556,86.61497097391444,500
p,-81.57085025610844,82.42914974389156,500
o,-49.043637638543586,36.956362361456414,500
b,-29.091298472935307,69.9087015270647,500
c,-80.76708215203683,60.232917847963165,500
f,-74.06028126480649,36.93971873519351,500
l,-8.522038999902392,77.47796100009761,500
d,-87.14248749280091,58.85751250719909,500
i,-71.85982816497716,26.140171835022834,500
a,-85.39655635342821,45.60344364657179,500
j,-62.634901673375545,18.365098326624455,500
z,-47.330351454985276,6.669648545014724,500
q,-25.64582972123714,48.35417027876286,500
a,-67.95240506085017,88.04759493914983,500
y,-3.3145426916009955,21.685457308399005,500
j,-24.42365672158255,14.57634327841745,500
g,-31.733361619394444,64.26663838060556,500
s,-14.684964410052777,75.31503558994723,500
z,-55.22773158888331,45.77226841111669,500
q,-77.96917123131982,9.030828768680184,500
z,-31.531930225423505,68.46806977457649,500
a,-38.5933980456942,5.406601954305802,500
d,-9.635655978932164,59.364344021067836,500
c,-34.83835422519351,58.16164577480649,500
o,-54.96047448075201,70.03952551924799,500
y,-81.46753792604771,74.53246207395229,500
s,-13.366094093091318,42.63390590690868,500
c,-1.8532910369522795,14.14670896304772,500
w,-70.77899753890163,70.22100246109837,500
j,-25.451211172313002,60.548788827687,500
h,-78.50646316487803,42.493536835121965,500
d,-36.82108426046745,9.17891573953255,500
s,-10.489037759811211,91.51096224018879,500
z,-12.711096876209206,83.28890312379079,500
s,-44.52918668745935,34.47081331254065,500
e,-84.08721413949118,97.91278586050882,500
o,-35.51499889975486,97.48500110024514,500
o,-4.578976392510124,2.421023607489876,500
v,-30.725493436119407,63.27450656388059,500
e,-88.39027575091944,27.60972424908056,500
f,-87.17950480415001,9.820495195849983,500
c,-85.02360667016859,15.976393329831414,500
h,-96.12361912325846,95.87638087674154,500
y,-62.90706833232119,81.09293166767881,500
g,-96.9540094192931,52.0459905807069,500
q,-28.54601527083849,49.453984729161505,500
k,-35.08651521848637,52.91348478151363,500
o,-38.958231503218805,55.041768496781195,500
a,-22.73370954856767,90.26629045143233,500
o,-95.79141304762382,60.20858695237618,500
e,-85.5623820560994,48.437617943900605,500
y,-95.70853346466806,17.29146653533193,500
t,-31.783242075590678,50.21675792440932,500
v,-59.847884482693715,24.15211551730628,500
j,-54.51477617209612,81.48522382790388,500
z,-39.82166954080295,43.17833045919705,500
r,-36.44257407815381,58.55742592184619,500
s,-78.75228173830774,0.24771826169225475,500
t,-70.8451946118518,8.154805388148212,500
g,-83.30962514588818,39.69037485411183,500
h,-19.30834237460546,96.69165762539454,500
z,-46.541186246715384,51.458813753284616,500
c,-40.08563119085582,49.91436880914418,500
w,-9.096609456621596,52.90339054337841,500
m,-20.8419339257422,46.1580660742578,500
e,-22.355250141893652,88.64474985810635,500
n,-40.18856604803261,70.81143395196739,500
n,-81.30228877388993,57.69771122611007,500
z,-12.54237456323212,80.45762543676788,500
j,-22.7202392748742,93.2797607251258,500
d,-47.19837705778118,85.80162294221881,500
h,-50.43868181828454,30.561318181715457,500
g,-22.568655047896858,34.43134495210314,500
x,-42.77604274615281,86.22395725384719,500
o,-39.60750531073368,98.39249468926633,500
f,-5.864576854472034,90.13542314552797,500
k,-78.03148639692148,3.9685136030785246,500
v,-27.95275910324338,58.04724089675662,500
w,-24.130310675016606,53.86968932498339,500
r,-95.67745572511852,84.32254427488148,500
r,-77.22338823260507,57.77661176739492,500
u,-22.2876322310335,54.7123677689665,500
l,-63.25736166551139,45.74263833448861,500
j,-48.18169485166253,24.818305148337473,500
q,-25.915297283311407,92.0847027166886,500
m,-82.16001050519515,85.83998949480485,500
o,-80.73261674595197,55.26738325404803,500
c,-72.11571888626464,50.88428111373536,500
p,-71.40249699080988,46.59750300919011,500
u,-88.93074670898035,66.06925329101965,500
j,-5.851014770915292,65.1489852290847,500
b,-16.816356452579956,6.183643547420043,500
s,-93.05371131062239,31.946288689377607,500
r,0.15084857656319572,55.1508485765632,500
o,-8.325957411694548,6.674042588305452,500
q,-72.52238950431834,92.47761049568166,500
e,0.19540706168884237,6.195407061688842,500
j,-0.18997595422473856,50.810024045775265,500
z,-44.364189723424396,84.6358102765756,500
l,-4.226335948939307,70.77366405106069,500
e,-49.143631771456356,11.856368228543644,500
y,-10.313134163175764,23.686865836824236,500
c,-27.144226882548192,84.8557731174518,500
l,-77.26204001306422,52.73795998693578,500
w,-15.808213216489927,6.191786783510073,500
z,-51.05629740327866,58.94370259672134,500
j,-46.10102161180835,56.89897838819165,500
l,-50.00936617732591,5.9906338226740905,500
h,-6.785213015905146,94.21478698409486,500
f,-52.682439786001865,92.31756021399814,500
s,0.32671125424709524,39.326711254247094,500
d,-83.83615278760234,9.16384721239766,500
h,-66.27632995291971,62.7236700470803,500
c,-4.485861007119838,59.51413899288016,500
s,-14.767773653153252,67.23222634684674,500
g,-73.85239181059043,10.147608189409565,500
x,-30.59791233363025,22.40208766636975,500
h,-18.02786913704409,92.97213086295591,500
w,-38.41987120719041,37.58012879280959,500
w,-83.6762576102918,93.3237423897082,500
d,-47.527637442100264,4.4723625578997375,500
m,-57.18224608247606,38.81775391752394,500
w,-55.656877029668586,83.34312297033142,500
j,-92.83589518826857,81.16410481173143,500
f,-94.40612756240353,48.59387243759647,500
c,-23.05451366168929,35.94548633831071,500
w,-24.786421780476186,53.21357821952381,500
l,-20.21537100837447,35.78462899162553,500
e,-4.269666209281765,32.730333790718234,500
t,-65.240968972315,52.759031027685005,500
r,-96.11021444845393,83.88978555154607,500
u,-47.30696599361681,42.69303400638319,500
r,-40.14884851361197,48.85115148638803,500
l,-89.20214699878245,77.79785300121755,500
c,-61.924611991754276,52.075388008245724,500
c,-52.635677380711314,30.364322619288686,500
y,-44.4479617776175,74.55203822238249,500
z,-91.85608893501518,0.1439110649848141,500
c,-87.15118227640536,19.848817723594635,500
z,-36.40720664723178,42.59279335276822,500
q,-69.10881291081597,80.89118708918403,500
r,-1.4918381038166508,74.50816189618335,500
t,-84.69528768698274,79.30471231301726,500
a,-21.59592121606332,60.40407878393668,500
o,-93.64805038905541,0.3519496109445822,500
b,-85.65718900730289,47.34281099269711,500
o,-88.40248377218477,70.59751622781523,500
o,-73.58892198603756,23.41107801396243,500
c,-45.82247446823604,26.177525531763962,500
d,-31.27845075119569,84.72154924880431,500
f,-66.84926049604836,7.150739503951643,500
g,-45.63526092082591,47.36473907917409,500
h,-71.79390035371655,28.206099646283448,500
g,-30.72240960380154,37.277590396198455,500
d,-44.2480768424533,87.7519231575467,500
x,-24.25891182847693,45.74108817152307,500
c,-20.88912800679208,43.110871993207915,500
q,-93.48791922871037,74.51208077128963,500
y,-11.679588818241742,70.32041118175826,500
k,-89.75607720123554,91.24392279876446,500
b,-82.61161872172235,78.38838127827765,500
h,-6.358164614795499,46.6418353852045,500
z,-88.70672675580883,5.293273244191164,500
k,-86.14955867731099,72.85044132268901,500
m,-30.993269104959793,8.006730895040205,500
j,-62.34342842521403,46.65657157478597,500
u,-89.19304445025045,18.806955549749553,500
b,-40.36304496900159,55.63695503099841,500
f,-65.25069168776983,58.74930831223018,500
o,-30.362532450767826,41.63746754923218,500
w,-37.696306853346904,65.3036931466531,500
b,-97.19309292984701,84.80690707015299,500
u,-49.36470399457755,52.63529600542245,500
u,0.6867448205952338,27.686744820595234,500
f,-57.78976224416679,90.21023775583322,500
f,-45.75158386075563,29.248416139244373,500
l,-88.51085786969094,17.489142130309062,500
w,-82.17777836806496,71.82222163193504,500
j,-33.193552866838274,35.806447133161726,500
c,-13.457433685918955,44.54256631408104,500
y,-51.713225016683865,61.286774983316135,500
f,-88.64492224370656,65.35507775629344,500
r,-73.7431393921784,18.2568606078216,500
s,-23.259868957233355,55.74013104276665,500
f,-39.52084320919994,46.47915679080006,500
a,-27.753584452745955,93.24641554725405,500
m,-38.073178450045674,8.926821549954326,500
u,-40.764740365671706,68.2352596343283,500
r,-17.256812314431816,81.74318768556819,500
x,-79.0878741299515,94.9121258700485,500
w,-54.88977479401927,61.11022520598073,500
n,-3.749131804298991,1.2508681957010088,500
r,-17.56495534717404,71.43504465282597,500
g,-5.8355381989741355,82.16446180102587,500
p,-14.428004816504673,76.57199518349533,500
f,-61.204126456748675,72.79587354325133,500
u,-21.128375392787916,29.871624607212084,500
g,-20.79629403215358,24.20370596784642,500
d,-30.783852020988597,68.2161479790114,500
w,-10.635971624989875,63.36402837501013,500
d,-84.74434831460904,81.25565168539096,500
u,-68.5912928074634,0.4087071925365986,500
k,-4.241934710154285,20.758065289845714,500
x,0.7427993244388792,86.74279932443888,500
i,-44.940749060840645,21.05925093915936,500
m,-39.153471530116896,29.846528469883108,500
z,-53.51538358536547,12.48461641463453,500
g,-43.07588979951466,59.92411020048534,500
t,-66.56003848433762,32.43996151566237,500
a,-59.45929267136792,33.54070732863208,500
p,-6.2360576484988295,84.76394235150117,500
l,-54.82124740464332,4.1787525953566735,500
p,-5.268518049527105,61.7314819504729,500
d,-17.803381474954246,88.19661852504575,500
o,-61.09636939629274,74.90363060370727,500
w,-97.2909892171141,12.709010782885898,500
p,-46.97446474941301,24.02553525058699,500
w,-56.459620607500064,32.540379392499936,500
n,-50.505154936876174,94.49484506312383,500
p,-46.58448924610324,80.41551075389677,500
d,-46.8937095464285,64.1062904535715,500
d,-41.983091439107774,12.016908560892226,500
a,-38.19581257978114,80.80418742021885,500
g,-54.58608819157571,15.413911808424286,500
d,-34.85166803506258,6.148331964937422,500
c,-52.125226925011766,54.874773074988234,500
b,-70.96533063208284,54.03466936791716,500
k,-79.52079918334611,14.479200816653885,500
o,-22.6969428781635,15.303057121836499,500
m,-42.77509363515393,94.22490636484606,500
s,-52.75064821394804,83.24935178605196,500
o,-12.683113138442476,30.316886861557524,500
e,-67.03348307336007,36.966516926639926,500
t,-88.80672355935435,13.193276440645644,500
r,-50.335158112753476,29.664841887246524,500
s,-78.729664541214,8.270335458785992,500
m,-71.37243792476265,19.627562075237357,500
p,-80.95775690022546,12.042243099774531,500
u,-5.743430000258535,80.25656999974147,500
z,-32.39078854486816,26.609211455131845,500
p,-77.18246236846382,93.81753763153618,500
g,-6.611918421301738,41.38808157869826,500
m,-38.92233990910648,24.077660090893517,500
t,-62.97038276696554,12.02961723303446,500
e,-63.899047735825725,84.10095226417428,500
u,-10.130974371996826,55.86902562800317,500
h,-73.53415961709487,0.4658403829051243,500
e,-21.93591138500211,50.064088614997885,500
a,-5.705845104817431,6.294154895182569,500
p,-17.151391783068643,44.84860821693136,500
q,-19.757393743853857,49.24260625614614,500
d,-80.34520402051709,40.65479597948292,500
k,-72.99182372060922,35.00817627939079,500
x,-29.963897107302795,66.0361028926972,500
m,-87.18981891332784,61.81018108667216,500
t,-6.587956769697515,87.41204323030249,500
c,-22.321860449814736,83.67813955018526,500
f,-63.346152604796764,54.653847395203236,500
l,-3.83658317601517,90.16341682398483,500
w,-23.422187386978383,92.57781261302162,500
s,-26.653275770979157,0.34672422902084465,500
k,-93.1100596543136,24.889940345686394,500
n,-67.49501101367098,59.50498898632903,500
n,-2.2536276063111513,14.746372393688848,500
k,-13.359147186561186,40.64085281343881,500
h,-36.65487713292199,44.34512286707801,500
l,-1.0543660377823063,78.9456339622177,500
k,-85.7706227244064,14.229377275593604,500
a,-42.022603077059564,54.977396922940436,500
e,-47.6252856482361,26.374714351763895,500
e,-68.51113032090451,22.488869679095487,500
h,-87.01800406352443,11.981995936475576,500
r,-94.95918877634982,90.04081122365018,500
p,-28.938836472985297,22.061163527014703,500
g,-29.442064984999075,43.55793501500093,500
n,-46.49108634672347,83.50891365327652,500
s,-53.65425737371907,3.3457426262809307,500
v,-70.60923962310842,3.390760376891582,500
q,-92.98324029886685,8.01675970113315,500
n,-56.39050402575497,11.609495974245029,500
l,-87.45240389747241,30.547596102527596,500
s,-37.826256644082314,88.1737433559177,500
a,-57.657987008459564,80.34201299154043,500
c,-88.94112816921314,97.05887183078686,500
a,-75.8682135875542,83.1317864124458,500
k,-20.58103775637564,16.41896224362436,500
t,-20.094731879621307,54.90526812037869,500
y,-58.68429579828743,5.315704201712571,500
c,-77.26287871830546,61.737121281694535,500
u,-23.846918406714412,38.15308159328559,500
c,-87.19142249108324,68.80857750891676,500
r,-78.23680545225334,80.76319454774666,500
y,-89.23947497972739,60.7605250202726,500
n,-63.369348835714284,13.630651164285712,500
q,-44.061530232767076,61.938469767232924,500
e,-14.820139307826395,17.179860692173605,500
z,-96.3745668050932,56.625433194906805,500
t,-67.45297910602675,28.547020893973254,500
q,-65.75098240153703,49.24901759846296,500
v,-11.064032273519704,1.9359677264802961,500
x,-58.913024723488206,8.086975276511794,500
t,-33.295383706232386,96.70461629376761,500
z,-43.11010927333872,54.88989072666128,500
m,-87.52156003304381,49.478439966956195,500
j,-76.98167209296098,0.018327907039020985,500
t,-67.90033182455187,77.09966817544813,500
g,-66.18091793361954,42.81908206638046,500
h,-90.22745085058463,70.77254914941537,500
x,-77.17485973682925,49.82514026317076,500
t,-11.09977594396065,85.90022405603935,500
k,-15.01494509143389,49.98505490856611,500
h,-14.714450460810058,49.285549539189944,500
i,-58.257707538499595,2.7422924615004067,500
g,-91.12809973836015,70.87190026163985,500
n,-26.569674585139502,46.4303254148605,500
r,-86.31389135343122,56.68610864656878,500
p,-81.65892616638267,8.341073833617324,500
e,-23.41951408049729,78.5804859195027,500
r,-52.95569493893931,31.04430506106069,500
e,-77.5204025372509,5.479597462749103,500
n,-57.75385734172384,30.24614265827616,500
p,-23.01713286917867,74.98286713082133,500
r,-36.92427420809838,19.07572579190162,500
k,-87.21753439551522,34.78246560448479,500
v,-9.733125398841793,94.26687460115821,500
h,-94.3400982341376,38.6599017658624,500
v,-33.74792187435778,75.25207812564221,500
a,-8.528786765889198,3.471213234110802,500
n,-15.659506009809373,36.34049399019063,500
b,-25.07570263019684,50.92429736980316,500
o,-45.98617218932071,73.01382781067929,500
v,-72.33807199592259,67.66192800407741,500
b,-82.29226720237426,44.70773279762574,500
f,-52.43613291870798,42.56386708129202,500
t,-70.81588224977186,12.184117750228134,500
v,-44.378311515973856,77.62168848402615,500
q,-34.4798993670843,8.520100632915696,500
q,-26.18334200663273,23.81665799336727,500
k,-52.113693691538344,79.88630630846166,500
n,-29.400131089426548,7.599868910573453,500
s,-25.277073528989973,39.72292647101003,500
i,-73.89925811380336,3.1007418861966456,500
b,-93.03379899541365,91.96620100458635,500
z,-49.39389955920715,46.60610044079285,500
c,-93.12423436782899,20.875765632171007,500
l,-59.67756275886089,97.32243724113911,500
m,-13.25579516641178,57.74420483358822,500
r,-70.39697323771738,6.603026762282628,500
e,-9.665085223889326,92.33491477611068,500
l,-34.31060264537798,25.689397354622013,500
r,-67.26386438255358,43.73613561744642,500
c,-82.75451276982444,87.24548723017556,500
q,-73.42124961068578,97.57875038931422,500
q,-88.29555816343228,58.704441836567725,500
v,-1.958503451416477,26.041496548583524,500
h,-57.18158356177156,19.818416438228436,500
f,-86.32173157025404,67.67826842974596,500
f,-3.7907940701994427,56.209205929800554,500
f,-84.61867202664585,5.381327973354145,500
z,-69.9844792134021,90.0155207865979,500
s,-47.30263552453291,63.69736447546709,500
q,0.42549779704125246,80.42549779704125,500
n,-4.830966289087798,33.1690337109122,500
h,-29.676715159868294,8.323284840131706,500
j,-76.93123826239676,72.06876173760324,500
z,-24.328031745239294,53.671968254760706,500
r,-17.689441682966248,35.31055831703375,500
j,-6.127733639624395,2.8722663603756047,500
v,-90.13022480828197,48.869775191718034,500
i,-4.446405470899236,96.55359452910076,500
u,-74.02476383854835,1.9752361614516434,500
r,-56.60820464561669,63.39179535438331,500
h,-60.15528346972979,9.844716530270215,500
w,-70.94738322264311,26.052616777356892,500
x,-12.572031336582773,43.427968663417225,500
v,-24.06114940754662,38.93885059245338,500
k,-2.04080116298609,47.95919883701391,500
q,-36.48147935353368,87.51852064646633,500
p,-5.008612148037775,36.99138785196222,500
v,-43.46037427746689,59.53962572253311,500
t,-82.9538424102946,42.0461575897054,500
m,-49.17903925174287,71.82096074825714,500
a,-79.89488890313427,7.105111096865723,500
q,-95.48812065904221,70.51187934095779,500
v,-65.4685830408124,23.5314169591876,500
l,-22.812365554915395,34.187634445084605,500
u,-35.67837298255355,36.32162701744645,500
q,-18.30681312948443,86.69318687051558,500
w,-8.565276009744673,70.43472399025532,500
g,-19.610127174214202,26.389872825785798,500
r,-30.846699976443368,11.153300023556632,500
k,-70.87699047949114,83.12300952050886,500
k,-41.32775453470176,26.672245465298243,500
r,-51.763039042586165,3.2369609574138325,500
a,-29.868678187520526,83.13132181247947,500
d,-80.75761949070711,68.24238050929289,500
n,-89.28198160852614,10.718018391473862,500
a,-25.391191573391055,56.608808426608945,500
y,-1.4517268608848162,15.548273139115183,500
c,-73.73665361947769,77.26334638052231,500
t,-70.97116708527899,77.02883291472101,500
z,-0.011104722499449715,41.98889527750055,500
y,-34.31773918061435,49.68226081938565,500
z,-29.27472530593288,39.72527469406712,500
g,-7.43703867255583,42.56296132744417,500
u,-40.38294238850604,40.61705761149396,500
v,-83.05743054721363,40.94256945278637,500
x,-42.084759799926516,72.91524020007348,500
y,-79.59333911442174,84.40666088557826,500
o,-84.98235761167837,83.01764238832163,500
t,-2.828136007659653,15.171863992340347,500
g,-8.895311367536468,38.104688632463535,500
z,-1.2708189672374035,31.729181032762597,500
x,-90.55383885470647,47.44616114529353,500
b,-95.91983515886962,27.080164841130387,500
n,-63.530291910709636,47.469708089290364,500
l,-27.14590571872522,22.85409428127478,500
e,-74.51890463989463,11.481095360105368,500
n,-62.36632455077332,20.63367544922668,500
q,-81.29697754504657,34.70302245495343,500
e,-46.16334213220852,77.83665786779147,500
l,-87.61235107850658,60.38764892149342,500
f,-30.32419606433151,98.6758039356685,500
t,-51.395176346265146,52.604823653734854,500
v,-77.87931834677569,74.12068165322431,500
d,-41.423797938494694,82.5762020615053,500
t,-12.289761018996856,72.71023898100314,500
z,-71.92880614470066,24.071193855299345,500
n,-7.062539321169563,67.93746067883043,500
v,-53.676052665096464,80.32394733490354,500
u,-68.1505564751606,91.8494435248394,500
m,-88.32140177126634,43.67859822873366,500
c,-42.22273480821822,83.77726519178178,500
a,-93.897249700773,93.102750299227,500
r,-63.19226123479837,23.807738765201627,500
z,-85.65229239715279,98.34770760284721,500
i,-88.15013872408304,11.849861275916961,500
x,-14.054856485689449,26.94514351431055,500
m,-43.174553497513635,9.825446502486368,500
w,-85.60064661549217,83.39935338450783,500
l,-62.06806727971564,10.93193272028436,500
e,-38.498065702839845,84.50193429716015,500
y,-7.335716567185189,33.66428343281481,500
p,-71.66608764929988,25.333912350700118,500
s,-70.71542755695808,87.28457244304192,500
w,-51.25749911837825,64.74250088162175,500
a,-85.35455542030378,75.64544457969622,500
k,-53.32053724640448,43.67946275359552,500
n,-8.976289456230061,44.02371054376994,500
c,-2.8493882626502205,64.15061173734978,500
a,-57.55721588962589,87.4427841103741,500
x,-95.1254733464521,20.874526653547896,500
p,-31.61891855295784,62.38108144704216,500
h,-40.46878957683514,80.53121042316486,500
r,-89.47219112092809,21.52780887907191,500
j,-76.44180288559404,21.55819711440596,500
z,-70.43414970366481,19.56585029633518,500
d,-10.153914011230665,98.84608598876933,500
q,-15.373646842788387,66.62635315721161,500
v,-77.52361072913426,52.47638927086574,500
k,-37.306049676886786,21.693950323113217,500
n,-87.91662157529301,87.08337842470699,500
q,-85.8278444966066,94.1721555033934,500
h,-69.70651200230176,70.29348799769824,500
m,-10.752821714489125,93.24717828551087,500
r,-29.28382395424646,26.71617604575354,500
m,-70.25540111673033,10.74459888326967,500
p,-91.51825839485261,5.4817416051473895,500
y,-89.81169013308794,63.188309866912064,500
v,-77.79240407348469,51.20759592651531,500
w,-68.841921553718,38.15807844628201,500
b,-92.75774204070397,2.2422579592960297,500
k,-85.6744753698609,5.325524630139097,500
i,-7.3088073345346,60.6911926654654,500
h,-80.02453404101391,13.97546595898609,500
i,-56.52773660869063,34.47226339130937,500
a,-1.7286792409355436,71.27132075906445,500
u,-7.734792450812856,59.265207549187146,500
e,-40.44740047714928,55.55259952285072,500
z,-61.56965728610572,45.43034271389428,500
s,-19.810717392700422,73.18928260729957,500
d,-70.69863003856214,48.30136996143785,500
u,-93.87109496787333,87.12890503212667,500
e,-4.3141254115900525,50.685874588409945,500
p,-8.136962461990956,24.863037538009046,500
g,-59.348680091601224,75.65131990839878,500
y,-67.92385822027393,55.07614177972608,500
y,-83.92179122920412,72.07820877079588,500
n,-21.86173608022648,38.13826391977352,500
f,0.04768774907822049,12.04768774907822,500
p,-48.044252902321645,82.95574709767835,500
e,-77.51962558617446,39.48037441382555,500
b,-20.48510681623602,61.51489318376398,500
k,-55.2427418125419,13.757258187458099,500
h,-67.45604758113865,88.54395241886135,500
l,-58.409632214708964,68.59036778529104,500
l,-87.32359620282129,77.67640379717871,500
g,-41.85541507595415,59.14458492404585,500
c,-96.59833169150451,79.40166830849549,500
i,-62.168355275143554,18.831644724856442,500
r,-25.94500096299131,29.05499903700869,500
o,-0.8063629692036866,80.19363703079631,500
t,-61.02641608745945,59.97358391254055,500
k,-94.47213616098432,23.527863839015687,500
a,-20.680061698589757,35.31993830141024,500
r,-52.631847031573564,10.368152968426434,500
u,-79.85957455782464,1.1404254421753537,500
r,-42.90663412633287,67.09336587366714,500
p,-37.17207010108476,18.827929898915237,500
h,-18.52956102394144,80.47043897605856,500
z,-47.98163857827483,14.018361421725169,500
p,-7.457244084850012,51.54275591514999,500
h,-32.746910125479545,46.253089874520455,500
g,-3.8707960027960384,1.1292039972039616,500
g,-37.9988434957236,50.0011565042764,500
t,-90.09310901647622,97.90689098352378,500
x,-5.559767961628452,53.44023203837155,500
o,-46.938627695861584,56.061372304138416,500
h,-40.9316514931514,24.068348506848604,500
q,-54.43529444305282,50.56470555694718,500
b,-46.04105131460997,9.958948685390027,500
t,-77.05969479860457,42.940305201395425,500
k,-92.22588405289736,15.774115947102642,500
o,-30.732839458580226,27.267160541419774,500
h,-11.254170508319952,46.74582949168005,500
e,-42.52979736227951,54.47020263772049,500
o,-78.17235864763775,7.827641352362244,500
a,-50.01351583393097,96.98648416606903,500
w,-19.75359761123415,3.2464023887658513,500
r,-64.45579716615916,34.54420283384084,500
m,-56.009868886859216,12.990131113140784,500
l,-62.42072431985703,3.5792756801429713,500
d,-4.970266417551051,38.02973358244895,500
k,-75.01199044843936,14.988009551560634,500
e,-48.007378085322564,24.992621914677432,500
w,-78.0723086258393,8.9276913741607,500
v,-2.535195998202768,44.46480400179723,500
g,-96.155688965734,11.844311034265994,500
p,-19.22971469429133,94.77028530570867,500
j,-92.65455847474469,31.345441525255307,500
a,-35.03597454595996,57.96402545404004,500
e,-36.365652646755514,21.63434735324449,500
m,-84.42021314871528,94.57978685128472,500
r,-28.71727084482598,94.28272915517402,500
g,-5.509499783068899,25.4905002169311,500
u,-17.32026527738273,22.67973472261727,500
o,-39.32133926519133,86.67866073480867,500
t,-45.569514469279234,68.43048553072077,500
y,-75.52901479142595,8.470985208574048,500
a,-7.5201002955411,12.4798997044589,500
q,-9.288100493521117,8.711899506478883,500
c,-76.30486305929135,42.69513694070864,500
e,-17.480453001204598,50.5195469987954,500